HTY134;AEI;JCU;AWH;Chubascos dispersos;13/04/18
HTY110;JCU;AEI;AWH;Lluvia;13/04/18
HTY112;AEI;JCU;AWH;Chubascos dispersos;13/04/18
HTY114;AEI;JCU;AWH;Chubascos dispersos;13/04/18
HTY138;AEI;JCU;AWH;Chubascos dispersos;13/04/18
HTY133;JCU;AEI;AWH;Lluvia;13/04/18
HTY109;JCU;AEI;AWH;Lluvia;13/04/18
HTY111;JCU;AEI;AWH;Lluvia;13/04/18
HTY113;JCU;AEI;AWH;Lluvia;13/04/18
HTY137;JCU;AEI;AWH;Lluvia;13/04/18
IBE0519;LCG;MAD;AIRBUS A319;Chubascos dispersos;13/04/18
TAP1085;LCG;LIS;ATR-42/72;Chubascos dispersos;13/04/18
AEA7234;LCG;MAD;EMBRAER ERJ-195;Chubascos dispersos;13/04/18
IBE0513;LCG;MAD;AIRBUS A320;Chubascos dispersos;13/04/18
VLG1274;LCG;VLC;32A;Chubascos dispersos;13/04/18
VLG1298;LCG;SVQ;AIRBUS A320;Chubascos dispersos;13/04/18
AEA7236;LCG;MAD;EMBRAER ERJ-195;Chubascos dispersos;13/04/18
IBE0523;LCG;MAD;AIRBUS A320;Chubascos dispersos;13/04/18
VLG1295;LCG;BCN;AIRBUS A320;Chubascos dispersos;13/04/18
VLG7104;LCG;LHR;AIRBUS A320;Chubascos dispersos;13/04/18
LZF440;BIO;LCG;ATR 42-300/320;Lluvia;13/04/18
AEA7238;LCG;MAD;EMBRAER ERJ-195;Chubascos dispersos;13/04/18
VLG1303;ALC;BCN;32A;Nubosidad variable;13/04/18
AEA4025;ALC;PMI;ATR-72;Nubosidad variable;13/04/18
RYR4019;ALC;CPH;BOEING 737-800 WINGLETS;Nubosidad variable;13/04/18
RYR8287;ALC;BRS;BOEING 737-800 WINGLETS;Nubosidad variable;13/04/18
BEL3772;ALC;BRU;AIRBUS A320;Nubosidad variable;13/04/18
JAF5358;ALC;BRU;7M8;Nubosidad variable;13/04/18
EWG9533;ALC;DUS;32A;Nubosidad variable;13/04/18
IBK5414;ALC;DUS;BOEING 737-800 WINGLETS;Nubosidad variable;13/04/18
ANE8391;ALC;MAD;BOMBARDIER CRJ-1000;Nubosidad variable;13/04/18
JAF5842;ALC;CRL;BOEING 737-700 WINGLETS;Nubosidad variable;13/04/18
EZY8660;ALC;LGW;AIRBUS A319;Nubosidad variable;13/04/18
ENT520;ALC;BUD;BOEING 737-800 WINGLETS;Nubosidad variable;13/04/18
TRA6144;ALC;AMS;BOEING 737-800 WINGLETS;Nubosidad variable;13/04/18
TRA6626;ALC;EIN;BOEING 737-800 WINGLETS;Nubosidad variable;13/04/18
TRA5052;ALC;RTM;BOEING 737-700 WINGLETS;Nubosidad variable;13/04/18
VLG1392;ALC;MXP;32A;Nubosidad variable;13/04/18
VLG1374;ALC;AMS;AIRBUS A320;Nubosidad variable;13/04/18
IBE8213;LEI;PMI;CANADAIR CRJ-200;Chubascos dispersos;13/04/18
EZY8164;LEI;LGW;AIRBUS A320;Chubascos dispersos;13/04/18
IBE8595;LEI;MAD;BOMBARDIER CRJ-1000;Chubascos dispersos;13/04/18
RYR8352;LEI;STN;BOEING 737-800 WINGLETS;Chubascos dispersos;13/04/18
VLG1252;LEI;BCN;AIRBUS A320;Chubascos dispersos;13/04/18
IBE8577;LEI;MAD;BOMBARDIER CRJ-1000;Chubascos dispersos;13/04/18
IBE8589;LEI;MAD;CANADAIR CRJ-200;Chubascos dispersos;13/04/18
IBE8601;LEI;MAD;BOMBARDIER CRJ-1000;Chubascos dispersos;13/04/18
GMI2381;LEI;DUS;BOEING 737-700 WINGLETS;Chubascos dispersos;13/04/18
RYR1259;LEI;CRL;BOEING 737-800 WINGLETS;Chubascos dispersos;13/04/18
IBE8932;LEI;SVQ;CANADAIR CRJ-200;Chubascos dispersos;13/04/18
IBE8603;LEI;MAD;BOMBARDIER CRJ-1000;Chubascos dispersos;14/04/18
LGL694;LEI;LUX;BOEING 737-800 WINGLETS;Chubascos dispersos;14/04/18
JAF6944;LEI;BRU;EMBRAER 190;Chubascos dispersos;14/04/18
IBE0514;MAD;LCG;AIRBUS A319;Chubascos dispersos;13/04/18
VLG1292;BCN;LCG;32A;Lluvia moderada;13/04/18
AEA7233;MAD;LCG;EMBRAER ERJ-195;Chubascos dispersos;13/04/18
IBE0512;MAD;LCG;AIRBUS A320;Chubascos dispersos;13/04/18
VLG1299;SVQ;LCG;AIRBUS A320;Lluvia;13/04/18
AEA7235;MAD;LCG;EMBRAER ERJ-195;Chubascos dispersos;13/04/18
IBE0524;MAD;LCG;AIRBUS A320;Chubascos dispersos;13/04/18
VLG1294;BCN;LCG;AIRBUS A320;Lluvia moderada;13/04/18
ANE8390;MAD;ALC;BOMBARDIER CRJ-1000;Despejado;17/04/18
VLG3935;PMI;ALC;AIRBUS A320;Lluvia;13/04/18
VLG1312;BCN;ALC;AIRBUS A320;Lluvia moderada;13/04/18
IBE8931;SVQ;LEI;CANADAIR CRJ-200;Lluvia;13/04/18
IBE8594;MAD;LEI;BOMBARDIER CRJ-1000;Chubascos dispersos;13/04/18
VLG1251;BCN;LEI;AIRBUS A320;Lluvia moderada;13/04/18
IBE8598;MAD;LEI;BOMBARDIER CRJ-1000;Chubascos dispersos;13/04/18
IBE8212;PMI;LEI;CANADAIR CRJ-200;Despejado;17/04/18
IBE8592;MAD;LEI;BOMBARDIER CRJ-1000;Chubascos dispersos;13/04/18
IBE8588;MAD;LEI;CANADAIR CRJ-200;Chubascos dispersos;13/04/18
IBE8600;MAD;LEI;BOMBARDIER CRJ-1000;Chubascos dispersos;13/04/18
IBE8594;MAD;LEI;CANADAIR CRJ-900;Chubascos dispersos;14/04/18
IBE8759;LEN;BCN;BOMBARDIER CRJ-1000;Lluvia;13/04/18
RYR4421;VIT;CGN;BOEING 737-800 WINGLETS;Lluvia débil;13/04/18
IBE8758;BCN;LEN;BOMBARDIER CRJ-1000;Despejado;17/04/18
IBE8221;RJL;MAD;CANADAIR CRJ-200;Lluvia;14/04/18
IBE8224;MAD;RJL;CANADAIR CRJ-200;Chubascos dispersos;13/04/18
RYR1074;REU;EMA;BOEING 737-800 WINGLETS;Lluvia;13/04/18
RYR1115;REU;DUB;BOEING 737-800 WINGLETS;Lluvia;13/04/18
RYR2212;REU;EIN;BOEING 737-800 WINGLETS;Lluvia;13/04/18
RYR2212;REU;EIN;BOEING 737-800 WINGLETS;Lluvia;14/04/18
IBE0519;LCG;MAD;AIRBUS A319;Chubascos dispersos;13/04/18
TAP1085;LCG;LIS;ATR-42/72;Chubascos dispersos;13/04/18
AEA7234;LCG;MAD;EMBRAER ERJ-195;Chubascos dispersos;13/04/18
IBE0513;LCG;MAD;AIRBUS A320;Chubascos dispersos;13/04/18
VLG1274;LCG;VLC;32A;Chubascos dispersos;13/04/18
VLG1298;LCG;SVQ;AIRBUS A320;Chubascos dispersos;13/04/18
AEA7236;LCG;MAD;EMBRAER ERJ-195;Chubascos dispersos;13/04/18
IBE0523;LCG;MAD;AIRBUS A320;Chubascos dispersos;13/04/18
VLG1295;LCG;BCN;AIRBUS A320;Chubascos dispersos;13/04/18
VLG7104;LCG;LHR;AIRBUS A320;Chubascos dispersos;13/04/18
AEA7238;LCG;MAD;EMBRAER ERJ-195;Chubascos dispersos;13/04/18
VLG1303;ALC;BCN;32A;Nubosidad variable;13/04/18
RYR8287;ALC;BRS;BOEING 737-800 WINGLETS;Nubosidad variable;13/04/18
BEL3772;ALC;BRU;AIRBUS A320;Nubosidad variable;13/04/18
JAF5358;ALC;BRU;7M8;Nubosidad variable;13/04/18
EWG9533;ALC;DUS;32A;Nubosidad variable;13/04/18
IBK5414;ALC;DUS;BOEING 737-800 WINGLETS;Nubosidad variable;13/04/18
ANE8391;ALC;MAD;BOMBARDIER CRJ-1000;Nubosidad variable;13/04/18
JAF5842;ALC;CRL;BOEING 737-700 WINGLETS;Nubosidad variable;13/04/18
EZY8660;ALC;LGW;AIRBUS A319;Nubosidad variable;13/04/18
ENT520;ALC;BUD;BOEING 737-800 WINGLETS;Nubosidad variable;13/04/18
TRA6144;ALC;AMS;BOEING 737-800 WINGLETS;Nubosidad variable;13/04/18
TRA5052;ALC;RTM;BOEING 737-700 WINGLETS;Nubosidad variable;13/04/18
TRA6626;ALC;EIN;BOEING 737-800 WINGLETS;Nubosidad variable;13/04/18
VLG1392;ALC;MXP;32A;Nubosidad variable;13/04/18
VLG1374;ALC;AMS;AIRBUS A320;Nubosidad variable;13/04/18
EZY2224;ALC;LTN;AIRBUS A319;Nubosidad variable;13/04/18
IBB604;SPC;TFN;ATR-42/72;Cubierto de nubes altas y medias;13/04/18
IBB606;SPC;TFN;ATR-72;Cubierto de nubes altas y medias;13/04/18
IBE2282;SPC;TFN;ATR-72;Cubierto de nubes altas y medias;13/04/18
IBB304;SPC;LPA;ATR-42/72;Cubierto de nubes altas y medias;13/04/18
CNF413;SPC;TFN;ATR-72;Cubierto de nubes altas y medias;13/04/18
IBB608;SPC;TFN;ATR-42/72;Cubierto de nubes altas y medias;13/04/18
AEA9462;SPC;TFN;ATR-72;Cubierto de nubes altas y medias;13/04/18
IBB612;SPC;TFN;ATR-42/72;Cubierto de nubes altas y medias;13/04/18
CNF419;SPC;TFN;ATR-72;Cubierto de nubes altas y medias;13/04/18
IBB614;SPC;TFN;ATR-72;Cubierto de nubes altas y medias;13/04/18
AEA9464;SPC;TFN;ATR-72;Cubierto de nubes altas y medias;13/04/18
IBB620;SPC;TFN;ATR-72;Cubierto de nubes altas y medias;13/04/18
IBB622;SPC;TFN;ATR-42/72;Cubierto de nubes altas y medias;13/04/18
IBS3843;SPC;MAD;AIRBUS A320;Cubierto de nubes altas y medias;13/04/18
IBB630;SPC;TFN;ATR-42/72;Cubierto de nubes altas y medias;13/04/18
CNF453;SPC;TFN;ATR-72;Cubierto de nubes altas y medias;13/04/18
IBB632;SPC;TFN;ATR-42/72;Cubierto de nubes altas y medias;13/04/18
AEA9466;SPC;TFN;ATR-72;Cubierto de nubes altas y medias;13/04/18
IBB634;SPC;TFN;ATR-42/72;Cubierto de nubes altas y medias;13/04/18
PRW254;SPC;JYV;BOEING 737-800;Cubierto de nubes altas y medias;13/04/18
IBB636;SPC;TFN;ATR-42/72;Cubierto de nubes altas y medias;13/04/18
IBB316;SPC;LPA;ATR-72;Cubierto de nubes altas y medias;13/04/18
AEA9480;SPC;TFN;ATR-72;Cubierto de nubes altas y medias;13/04/18
RYR6321;VLL;BCN;BOEING 737-800 WINGLETS;Chubascos dispersos;13/04/18
VLG1585;VLL;BCN;AIRBUS A320;Chubascos dispersos;13/04/18
IBE8313;BJZ;BCN;BOMBARDIER CRJ-1000;Chubascos dispersos;13/04/18
IBE8331;BJZ;MAD;CANADAIR CRJ-200;Chubascos dispersos;13/04/18
IBE8312;BCN;BJZ;BOMBARDIER CRJ-1000;Despejado;17/04/18
IBE8330;MAD;BJZ;CANADAIR CRJ-200;Chubascos dispersos;13/04/18
RYR1383;ZAZ;CRL;BOEING 737-800 WINGLETS;Lluvia;13/04/18
AEA2631;ZAZ;IBZ;BOEING 737-800 WINGLETS;Lluvia;13/04/18
RYR4634;ZAZ;BGY;BOEING 737-800 WINGLETS;Lluvia;13/04/18
VLG3979;ZAZ;PMI;AIRBUS A320;Lluvia;13/04/18
HTY133;JCU;AEI;AWH;Lluvia;13/04/18
HTY109;JCU;AEI;AWH;Lluvia;13/04/18
HTY111;JCU;AEI;AWH;Lluvia;13/04/18
HTY113;JCU;AEI;AWH;Lluvia;13/04/18
HTY257;JCU;AGP;AWH;Lluvia;13/04/18
HTY137;JCU;AEI;AWH;Lluvia;13/04/18
AEA7311;VGO;MAD;EMBRAER ERJ-195;Chubascos dispersos;13/04/18
IBE0531;VGO;MAD;AIRBUS A319;Chubascos dispersos;13/04/18
VLG1703;VGO;BCN;32A;Chubascos dispersos;13/04/18
AEA7315;VGO;MAD;EMBRAER ERJ-195;Chubascos dispersos;13/04/18
IBE0533;VGO;MAD;AIRBUS A319;Chubascos dispersos;13/04/18
IBS9527;VGO;PMI;AIRBUS A320;Chubascos dispersos;13/04/18
TAP1141;VGO;LIS;ATR-72;Chubascos dispersos;13/04/18
AEA7317;VGO;MAD;EMBRAER ERJ-195;Chubascos dispersos;13/04/18
AEA2632;IBZ;ZAZ;BOEING 737-800 WINGLETS;Lluvia débil;13/04/18
VLG3978;PMI;ZAZ;AIRBUS A320;Lluvia;13/04/18
AEA4004;VLC;PMI;EMBRAER ERJ-195;Nubosidad variable;13/04/18
JAF5316;VLC;BRU;EMBRAER 190;Nubosidad variable;13/04/18
VOE3583;VLC;OVD;BOEING 717;Nubosidad variable;13/04/18
IBE8993;VLC;MAD;BOMBARDIER CRJ-1000;Nubosidad variable;13/04/18
CPA1870;VLC;MAD;BOMBARDIER CRJ-1000;Nubosidad variable;13/04/18
SWR2131;VLC;GVA;CS1;Nubosidad variable;13/04/18
EZY8224;VLC;LGW;AIRBUS A319;Nubosidad variable;13/04/18
IBE8987;VLC;MAD;CANADAIR CRJ-900;Nubosidad variable;13/04/18
QTR6567;VLC;MAD;CANADAIR CRJ-900;Nubosidad variable;13/04/18
RYR2258;VLC;TRN;BOEING 737-800 WINGLETS;Nubosidad variable;13/04/18
TRA5106;VLC;EIN;BOEING 737-800 WINGLETS;Nubosidad variable;13/04/18
RYR9678;VLC;CIA;BOEING 737-800 WINGLETS;Nubosidad variable;13/04/18
RYR8322;VLC;STN;BOEING 737-800 WINGLETS;Nubosidad variable;13/04/18
RYR7216;VLC;IBZ;BOEING 737-800 WINGLETS;Nubosidad variable;13/04/18
RYR7619;VLC;GLA;BOEING 737-800 WINGLETS;Nubosidad variable;13/04/18
AEA1007;VLC;CDG;BOEING 737-800 WINGLETS;Nubosidad variable;13/04/18
TAP1097;VLC;LIS;ATR-42/72;Nubosidad variable;13/04/18
AEA4064;VLC;MAD;ATR-72;Nubosidad variable;13/04/18
IBB650;GMZ;TFN;ATR-72;Nubosidad variable;13/04/18
IBB652;GMZ;TFN;ATR-72;Nubosidad variable;13/04/18
IBB651;TFN;GMZ;ATR-42/72;Nubosidad variable;13/04/18
IBB653;TFN;GMZ;ATR-42/72;Nubosidad variable;13/04/18
IBE2244;TFN;GMZ;ATR-72;Despejado;17/04/18
VLG1292;BCN;LCG;32A;Lluvia moderada;13/04/18
AEA7233;MAD;LCG;EMBRAER ERJ-195;Chubascos dispersos;13/04/18
IBE0512;MAD;LCG;AIRBUS A320;Chubascos dispersos;13/04/18
VLG1299;SVQ;LCG;AIRBUS A320;Lluvia;13/04/18
AEA7235;MAD;LCG;EMBRAER ERJ-195;Chubascos dispersos;13/04/18
IBE0524;MAD;LCG;AIRBUS A320;Chubascos dispersos;13/04/18
VLG1294;BCN;LCG;AIRBUS A320;Lluvia moderada;13/04/18
VLG1275;VLC;LCG;32A;Nubosidad variable;13/04/18
IBE3162;MAD;LHR;32A;Chubascos dispersos;13/04/18
DLH1123;MAD;FRA;32A;Chubascos dispersos;13/04/18
IBS3942;MAD;TFN;AIRBUS A321;Chubascos dispersos;13/04/18
IBE8614;MAD;FRA;BOMBARDIER CRJ-1000;Chubascos dispersos;13/04/18
IBS3634;MAD;BHX;32A;Chubascos dispersos;13/04/18
IBE8986;MAD;VLC;CANADAIR CRJ-900;Chubascos dispersos;13/04/18
IBE3230;MAD;FCO;AIRBUS A321;Chubascos dispersos;13/04/18
AEA1301;MAD;TLV;BOEING 787-8;Chubascos dispersos;13/04/18
IBE0554;MAD;SDR;AIRBUS A319;Chubascos dispersos;13/04/18
IBE0556;MAD;SDR;AIRBUS A319;Chubascos dispersos;13/04/18
VLG1590;BCN;SDR;AIRBUS A320;Lluvia moderada;13/04/18
IBE0558;MAD;SDR;AIRBUS A319;Chubascos dispersos;13/04/18
IBE8878;MAD;SDR;BOMBARDIER CRJ-1000;Chubascos dispersos;13/04/18
RYR6320;BCN;VLL;BOEING 737-800 WINGLETS;Lluvia moderada;13/04/18
VLG1584;BCN;VLL;AIRBUS A320;Lluvia moderada;13/04/18
IBE8530;MAD;PNA;BOMBARDIER CRJ-1000;Chubascos dispersos;13/04/18
IBE8536;MAD;PNA;CANADAIR CRJ-200;Chubascos dispersos;13/04/18
IBE8524;MAD;PNA;BOMBARDIER CRJ-1000;Chubascos dispersos;13/04/18
IBE8532;MAD;PNA;BOMBARDIER CRJ-1000;Chubascos dispersos;13/04/18
IBE8526;MAD;PNA;BOMBARDIER CRJ-1000;Chubascos dispersos;13/04/18
TOM3513;TFS;LBA;BOEING 737-800 WINGLETS;Nubosidad variable;13/04/18
RYR2914;TFS;MAD;BOEING 737-800 WINGLETS;Nubosidad variable;13/04/18
IBK6514;TFS;DUS;BOEING 737-800 WINGLETS;Nubosidad variable;13/04/18
BEL1652;TFS;BRU;AIRBUS A320;Nubosidad variable;13/04/18
IBB152;TFS;LPA;ATR-72;Nubosidad variable;13/04/18
IBK6400;TFS;LGW;BOEING 737-800 WINGLETS;Nubosidad variable;13/04/18
JAF5940;TFS;CRL;BOEING 737-800 WINGLETS;Nubosidad variable;13/04/18
EXS756;TFS;MAN;BOEING 737-800 WINGLETS;Nubosidad variable;13/04/18
RYR8167;TFS;STN;BOEING 737-800 WINGLETS;Nubosidad variable;13/04/18
OLY547;TFS;CGN;AIRBUS A321;Nubosidad variable;13/04/18
RYR1122;TFS;BHX;BOEING 737-800 WINGLETS;Nubosidad variable;13/04/18
RYR4347;TFS;LPL;BOEING 737-800 WINGLETS;Nubosidad variable;13/04/18
TOM6545;TFS;BOH;BOEING 737-800 WINGLETS;Nubosidad variable;13/04/18
EZY1908;TFS;MAN;32A;Nubosidad variable;13/04/18
TUI2969;TFS;TXL;BOEING 737-700 WINGLETS;Nubosidad variable;13/04/18
EZY6950;TFS;EDI;32A;Nubosidad variable;13/04/18
VLG6598;TFS;ZRH;32A;Nubosidad variable;13/04/18
TCX1505;TFS;GLA;AIRBUS A321;Nubosidad variable;13/04/18
TOM6585;TFS;EXT;BOEING 737-800 WINGLETS;Nubosidad variable;13/04/18
EZY8704;TFS;LGW;32A;Nubosidad variable;13/04/18
TCX1067;TFS;STN;AIRBUS A321;Nubosidad variable;13/04/18
TCX1673;TFS;NCL;32B;Nubosidad variable;13/04/18
TCX1423;TFS;BRS;AIRBUS A321;Nubosidad variable;13/04/18
HTY134;AEI;JCU;AWH;Chubascos dispersos;13/04/18
HTY110;JCU;AEI;AWH;Lluvia;13/04/18
HTY112;AEI;JCU;AWH;Chubascos dispersos;13/04/18
HTY114;AEI;JCU;AWH;Chubascos dispersos;13/04/18
HTY138;AEI;JCU;AWH;Chubascos dispersos;13/04/18
RYR9241;GRO;PSA;BOEING 737-800 WINGLETS;Chubascos dispersos;13/04/18
RYR6391;GRO;NRN;BOEING 737-800 WINGLETS;Chubascos dispersos;13/04/18
RYR9335;GRO;BRS;BOEING 737-800 WINGLETS;Chubascos dispersos;13/04/18
RYR9107;GRO;BVA;BOEING 737-800 WINGLETS;Chubascos dispersos;13/04/18
RYR7018;GRO;SKG;BOEING 737-800 WINGLETS;Chubascos dispersos;13/04/18
RYR9803;GRO;STN;BOEING 737-800 WINGLETS;Chubascos dispersos;13/04/18
RYR9211;GRO;FKB;BOEING 737-800 WINGLETS;Chubascos dispersos;13/04/18
RYR9911;GRO;BOH;BOEING 737-800 WINGLETS;Chubascos dispersos;13/04/18
RYR3769;GRO;LTN;BOEING 737-800 WINGLETS;Chubascos dispersos;13/04/18
RYR8047;GRO;BHX;BOEING 737-800 WINGLETS;Chubascos dispersos;13/04/18
RYR7038;GRO;CAG;BOEING 737-800 WINGLETS;Chubascos dispersos;13/04/18
RYR6924;GRO;RBA;BOEING 737-800 WINGLETS;Chubascos dispersos;13/04/18
RYR4275;GRO;FRA;BOEING 737-800 WINGLETS;Chubascos dispersos;13/04/18
ANE2034;GRO;SVQ;BOMBARDIER CRJ-1000;Chubascos dispersos;14/04/18
RYR9123;GRO;EIN;BOEING 737-800 WINGLETS;Chubascos dispersos;14/04/18
RYR3213;GRO;MAN;BOEING 737-800 WINGLETS;Chubascos dispersos;14/04/18
RYR2344;GRO;NCL;BOEING 737-800 WINGLETS;Chubascos dispersos;14/04/18
RYR9803;GRO;STN;BOEING 737-800 WINGLETS;Chubascos dispersos;14/04/18
RYR4125;GRO;HHN;BOEING 737-800 WINGLETS;Chubascos dispersos;14/04/18
RYR6391;GRO;NRN;BOEING 737-800 WINGLETS;Chubascos dispersos;14/04/18
AEA5002;MLN;AGP;ATR-72;Chubascos dispersos;13/04/18
IBE8273;MLN;AGP;ATR-72;Chubascos dispersos;13/04/18
IBE8263;MLN;AGP;ATR-72;Chubascos dispersos;13/04/18
IBE8275;MLN;AGP;ATR-72;Chubascos dispersos;13/04/18
IBE8791;MLN;MAD;ATR-72;Chubascos dispersos;13/04/18
IBE8269;MLN;AGP;ATR-72;Chubascos dispersos;13/04/18
IBE8793;MLN;MAD;ATR-72;Chubascos dispersos;13/04/18
IBE8277;MLN;AGP;ATR-72;Chubascos dispersos;13/04/18
AEA5004;MLN;AGP;ATR-72;Chubascos dispersos;13/04/18
IBE8261;MLN;AGP;ATR-72;Chubascos dispersos;14/04/18
IBE8789;MLN;MAD;ATR-72;Chubascos dispersos;14/04/18
AEA5002;MLN;AGP;ATR-72;Chubascos dispersos;14/04/18
IBE8273;MLN;AGP;ATR-72;Chubascos dispersos;14/04/18
VLG1574;OVD;BCN;AIRBUS A320;Lluvia;13/04/18
IBE0479;OVD;MAD;AIRBUS A321;Lluvia;13/04/18
VLG8860;OVD;CDG;AIRBUS A320;Lluvia;13/04/18
IBE0475;OVD;MAD;AIRBUS A321;Lluvia;13/04/18
VLG1628;OVD;AGP;AIRBUS A320;Lluvia;13/04/18
VLG7314;OVD;LGW;AIRBUS A320;Lluvia;13/04/18
IBS3983;OVD;MAD;AIRBUS A320;Lluvia;13/04/18
VOE3925;OVD;AGP;BOEING 717;Lluvia;13/04/18
IBE0487;OVD;MAD;AIRBUS A319;Lluvia;13/04/18
EZY3084;OVD;STN;AIRBUS A319;Lluvia;13/04/18
VLG1578;OVD;BCN;AIRBUS A320;Lluvia;13/04/18
VOE3831;OVD;SVQ;BOEING 717;Lluvia;13/04/18
TAP1113;OVD;LIS;ATR-72;Lluvia;13/04/18
IBE0481;OVD;MAD;AIRBUS A321;Lluvia;13/04/18
VLG1572;OVD;BCN;AIRBUS A320;Lluvia;14/04/18
RYR6333;SCQ;BCN;BOEING 737-800 WINGLETS;Chubascos dispersos;13/04/18
IBS3877;SCQ;MAD;AIRBUS A320;Chubascos dispersos;13/04/18
VLG1671;SCQ;BCN;32A;Chubascos dispersos;13/04/18
EZS1180;SCQ;BSL;AIRBUS A319;Chubascos dispersos;13/04/18
VLG6481;SCQ;FCO;AIRBUS A320;Chubascos dispersos;13/04/18
RYR8379;SCQ;STN;BOEING 737-800 WINGLETS;Chubascos dispersos;13/04/18
EVE1120;SCQ;ALC;AIRBUS A320;Chubascos dispersos;13/04/18
RYR3042;SCQ;SVQ;BOEING 737-800 WINGLETS;Chubascos dispersos;13/04/18
AEA2828;SCQ;BCN;BOEING 737-800 WINGLETS;Chubascos dispersos;13/04/18
VLG1677;SCQ;BCN;AIRBUS A320;Chubascos dispersos;13/04/18
DLH1111;SCQ;FRA;AIRBUS A319;Chubascos dispersos;13/04/18
LAV5214;SCQ;TFN;BOEING 737-400;Chubascos dispersos;13/04/18
IBS3875;SCQ;MAD;AIRBUS A320;Chubascos dispersos;13/04/18
EZS1338;SCQ;GVA;AIRBUS A319;Chubascos dispersos;13/04/18
RYR8539;SCQ;ALC;BOEING 737-800 WINGLETS;Chubascos dispersos;13/04/18
RYR4579;SCQ;BGY;BOEING 737-800 WINGLETS;Chubascos dispersos;13/04/18
EVE1602;SCQ;SVQ;32A;Chubascos dispersos;13/04/18
IBS3879;SCQ;MAD;AIRBUS A321;Chubascos dispersos;13/04/18
VLG2487;EAS;BCN;AIRBUS A319;Lluvia;13/04/18
IBE8327;EAS;MAD;ATR-72;Lluvia;13/04/18
IBE8319;EAS;MAD;ATR-72;Lluvia;13/04/18
IBE8329;EAS;MAD;ATR-72;Lluvia;13/04/18
IBE8315;EAS;MAD;ATR-72;Lluvia;13/04/18
VLG2489;EAS;BCN;AIRBUS A319;Lluvia;13/04/18
IBE8323;EAS;MAD;ATR-72;Lluvia;13/04/18
IBE8317;EAS;MAD;ATR-72;Lluvia;14/04/18
IBB656;VDE;TFN;ATR-72;Chubascos dispersos;13/04/18
IBB662;VDE;TFN;ATR-42/72;Chubascos dispersos;13/04/18
IBB664;VDE;TFN;ATR-72;Chubascos dispersos;13/04/18
IBB366;VDE;LPA;ATR-72;Chubascos dispersos;13/04/18
CNF248;VDE;TFN;ATR-72;Chubascos dispersos;13/04/18
IBB674;VDE;TFN;ATR-72;Chubascos dispersos;13/04/18
IBB656;VDE;TFN;ATR-72;Chubascos dispersos;14/04/18
IBB655;TFN;VDE;ATR-72;Nubosidad variable;13/04/18
IBB659;TFN;VDE;ATR-42/72;Nubosidad variable;13/04/18
IBB663;TFN;VDE;ATR-72;Nubosidad variable;13/04/18
IBB365;LPA;VDE;ATR-72;Cubierto de nubes altas y medias;13/04/18
IBS2218;LPA;VDE;ATR-72;Despejado;17/04/18
CNF247;TFN;VDE;ATR-42/72;Nubosidad variable;13/04/18
IBB673;TFN;VDE;ATR-72;Nubosidad variable;13/04/18
IBB655;TFN;VDE;ATR-72;Nubosidad variable;14/04/18
RYR1915;AGP;CRL;BOEING 737-800 WINGLETS;Chubascos dispersos;13/04/18
AMC591;AGP;MLA;32A;Chubascos dispersos;13/04/18
EZS1432;AGP;GVA;AIRBUS A319;Chubascos dispersos;13/04/18
IBS3865;AGP;MAD;AIRBUS A320;Chubascos dispersos;13/04/18
HTY222;AGP;JCU;AWH;Chubascos dispersos;13/04/18
AEA1011;AGP;CDG;BOEING 737-800 WINGLETS;Chubascos dispersos;13/04/18
AEA5001;AGP;MLN;ATR-72;Chubascos dispersos;13/04/18
IBE8262;AGP;MLN;ATR-72;Chubascos dispersos;13/04/18
TVF3161;AGP;ORY;AIRBUS A320;Chubascos dispersos;13/04/18
EZS1066;AGP;BSL;AIRBUS A319;Chubascos dispersos;13/04/18
VLG2114;AGP;BCN;32B;Chubascos dispersos;13/04/18
JAF5832;AGP;OST;BOEING 737-800 WINGLETS;Chubascos dispersos;13/04/18
LGL666;AGP;LUX;BOEING 737-800 WINGLETS;Chubascos dispersos;13/04/18
IBK5831;AGP;LPA;BOEING 737-800 WINGLETS;Chubascos dispersos;13/04/18
EZY1718;AGP;TLS;AIRBUS A319;Chubascos dispersos;13/04/18
TFL1628;AGP;AMS;BOEING 737-800 WINGLETS;Chubascos dispersos;13/04/18
EZY2734;AGP;MXP;32A;Chubascos dispersos;13/04/18
ANE8390;MAD;ALC;BOMBARDIER CRJ-1000;Despejado;17/04/18
VLG3935;PMI;ALC;AIRBUS A320;Lluvia;13/04/18
VLG1312;BCN;ALC;AIRBUS A320;Lluvia moderada;13/04/18
HTY222;AGP;JCU;AWH;Chubascos dispersos;13/04/18
HTY134;AEI;JCU;AWH;Chubascos dispersos;13/04/18
HTY110;JCU;AEI;AWH;Lluvia;13/04/18
HTY112;AEI;JCU;AWH;Chubascos dispersos;13/04/18
HTY114;AEI;JCU;AWH;Chubascos dispersos;13/04/18
HTY258;AGP;JCU;AWH;Despejado;17/04/18
HTY138;AEI;JCU;AWH;Chubascos dispersos;13/04/18
IBS3947;SVQ;MAD;AIRBUS A320;Lluvia;13/04/18
VLG3943;SVQ;PMI;AIRBUS A320;Lluvia;13/04/18
TVF3101;SVQ;ORY;BOEING 737-800 WINGLETS;Lluvia;13/04/18
VLG2211;SVQ;BCN;AIRBUS A320;Lluvia;13/04/18
VLG2251;SVQ;BCN;32B;Lluvia;13/04/18
TRA6728;SVQ;AMS;BOEING 737-800 WINGLETS;Lluvia;13/04/18
VLG8830;SVQ;CDG;32A;Lluvia;13/04/18
TAP1107;SVQ;LIS;ATR-72;Lluvia;13/04/18
RYR1191;SVQ;HAM;BOEING 737-800 WINGLETS;Lluvia;13/04/18
EVE1601;SVQ;SCQ;32A;Lluvia;13/04/18
TRA5086;SVQ;EIN;BOEING 737-800 WINGLETS;Lluvia;13/04/18
VLG2509;SVQ;BIO;AIRBUS A320;Lluvia;13/04/18
RYR3041;SVQ;SCQ;BOEING 737-800 WINGLETS;Lluvia;13/04/18
AEA5106;SVQ;TFN;BOEING 737-800 WINGLETS;Lluvia;13/04/18
VLG3254;SVQ;TFN;AIRBUS A320;Lluvia;13/04/18
HTY133;JCU;AEI;AWH;Lluvia;13/04/18
HTY109;JCU;AEI;AWH;Lluvia;13/04/18
HTY111;JCU;AEI;AWH;Lluvia;13/04/18
HTY113;JCU;AEI;AWH;Lluvia;13/04/18
HTY137;JCU;AEI;AWH;Lluvia;13/04/18
IBE8213;LEI;PMI;CANADAIR CRJ-200;Chubascos dispersos;13/04/18
EZY8164;LEI;LGW;AIRBUS A320;Chubascos dispersos;13/04/18
IBE8595;LEI;MAD;BOMBARDIER CRJ-1000;Chubascos dispersos;13/04/18
RYR8352;LEI;STN;BOEING 737-800 WINGLETS;Chubascos dispersos;13/04/18
VLG1252;LEI;BCN;AIRBUS A320;Chubascos dispersos;13/04/18
IBE8577;LEI;MAD;BOMBARDIER CRJ-1000;Chubascos dispersos;13/04/18
IBE8589;LEI;MAD;CANADAIR CRJ-200;Chubascos dispersos;13/04/18
IBE8601;LEI;MAD;BOMBARDIER CRJ-1000;Chubascos dispersos;13/04/18
GMI2381;LEI;DUS;BOEING 737-700 WINGLETS;Chubascos dispersos;13/04/18
RYR1259;LEI;CRL;BOEING 737-800 WINGLETS;Chubascos dispersos;13/04/18
IBE8932;LEI;SVQ;CANADAIR CRJ-200;Chubascos dispersos;13/04/18
IBE8603;LEI;MAD;BOMBARDIER CRJ-1000;Chubascos dispersos;14/04/18
LGL694;LEI;LUX;BOEING 737-800 WINGLETS;Chubascos dispersos;14/04/18
JAF6944;LEI;BRU;EMBRAER 190;Chubascos dispersos;14/04/18
IBE8595;LEI;MAD;CANADAIR CRJ-900;Chubascos dispersos;14/04/18
EZY8164;LEI;LGW;AIRBUS A320;Chubascos dispersos;14/04/18
VLG7310;BCN;MAD;AIRBUS A320;Lluvia moderada;13/04/18
VLG3929;PMI;BCN;AIRBUS A320;Lluvia;13/04/18
EWG6800;PMI;LEJ;AIRBUS A320;Lluvia;13/04/18
VLG3903;PMI;BCN;32B;Lluvia;13/04/18
TUI2715;PMI;STR;BOEING 737-800 WINGLETS;Lluvia;13/04/18
DE1535;PMI;HAJ;AIRBUS A320;Lluvia;13/04/18
DE1527;PMI;LEJ;32B;Lluvia;13/04/18
GSW2549;PMI;ZRH;AIRBUS A319;Lluvia;13/04/18
LAV5281;PMI;LPA;BOEING 737-800 WINGLETS;Lluvia;13/04/18
TUI2313;PMI;DUS;BOEING 737-700;Lluvia;13/04/18
LDM313;PMI;STR;AIRBUS A320;Lluvia;13/04/18
GMI2075;PMI;ERF;BOEING 737-700;Lluvia;13/04/18
VLG3980;SCQ;PMI;AIRBUS A320;Chubascos dispersos;12/04/18
EWG9585;PMI;DUS;32A;Lluvia;13/04/18
IBS3913;PMI;MAD;32A;Lluvia;13/04/18
DE1515;PMI;DUS;BOEING 757-300 WINGLETS;Lluvia;13/04/18
IBE8511;XRY;MAD;CANADAIR CRJ-900;Lluvia;13/04/18
DE1557;XRY;DUS;AIRBUS A320;Lluvia;13/04/18
RYR8397;XRY;STN;BOEING 737-800 WINGLETS;Lluvia;13/04/18
DE1563;XRY;STR;AIRBUS A320;Lluvia;13/04/18
VLG3154;XRY;PMI;AIRBUS A320;Lluvia;13/04/18
TUI8967;XRY;MUC;7S8;Lluvia;13/04/18
RYR4624;XRY;HHN;BOEING 737-800 WINGLETS;Lluvia;13/04/18
IBE0411;XRY;MAD;AIRBUS A320;Lluvia;13/04/18
SXD4482;XRY;NUE;BOEING 737-800;Lluvia;13/04/18
LLX5281;XRY;NUE;AIRBUS A320;Lluvia;13/04/18
EWG9571;XRY;DUS;32A;Lluvia;13/04/18
VLG2287;XRY;BCN;32A;Lluvia;13/04/18
RYR1284;XRY;BCN;BOEING 737-800 WINGLETS;Lluvia;13/04/18
IBE0405;XRY;MAD;AIRBUS A319;Lluvia;13/04/18
IBE0407;XRY;MAD;AIRBUS A320;Lluvia;14/04/18
LGL688;XRY;LUX;BOEING 737-700 WINGLETS;Lluvia;14/04/18
DE1723;XRY;MUC;AIRBUS A320;Lluvia;14/04/18
DE1565;XRY;HAM;AIRBUS A320;Lluvia;14/04/18
IBE8314;MAD;EAS;ATR-72;Chubascos dispersos;13/04/18
IBE8316;MAD;EAS;ATR-72;Chubascos dispersos;13/04/18
IBE8322;MAD;EAS;ATR-72;Chubascos dispersos;13/04/18
IBE8318;MAD;EAS;ATR-72;Chubascos dispersos;13/04/18
VLG2488;BCN;EAS;AIRBUS A319;Lluvia moderada;13/04/18
IBE8326;MAD;EAS;ATR-72;Chubascos dispersos;13/04/18
IBE8324;MAD;EAS;ATR-72;Chubascos dispersos;13/04/18
VLG2486;BCN;EAS;AIRBUS A319;Lluvia moderada;14/04/18
VLG2011;GRX;BCN;32B;Lluvia;13/04/18
IBE8641;GRX;MAD;BOMBARDIER CRJ-1000;Lluvia;13/04/18
EZY1816;GRX;MAN;32A;Lluvia;13/04/18
VLG2021;GRX;BCN;AIRBUS A320;Lluvia;13/04/18
AEA5200;GRX;PMI;EMBRAER ERJ-195;Lluvia;13/04/18
VLG3932;GRX;PMI;32A;Lluvia;13/04/18
BAW3290;GRX;LCY;EMBRAER 190;Lluvia;13/04/18
IBE8645;GRX;MAD;CANADAIR CRJ-900;Lluvia;13/04/18
IBE8649;GRX;MAD;BOMBARDIER CRJ-1000;Lluvia;13/04/18
VLG2015;GRX;BCN;AIRBUS A320;Lluvia;13/04/18
IBE8643;GRX;MAD;BOMBARDIER CRJ-1000;Lluvia;13/04/18
VLG2619;GRX;BIO;AIRBUS A320;Lluvia;13/04/18
VLG2017;GRX;BCN;32B;Lluvia;13/04/18
IBE8639;GRX;MAD;CANADAIR CRJ-900;Lluvia;14/04/18
VLG2011;GRX;BCN;AIRBUS A320;Lluvia;14/04/18
VLG3541;IBZ;BCN;AIRBUS A320;Lluvia débil;13/04/18
IBE8105;IBZ;PMI;BOMBARDIER CRJ-1000;Lluvia débil;13/04/18
AEA1703;IBZ;PMI;ATR-72;Lluvia débil;13/04/18
RYR8333;IBZ;BGY;BOEING 737-800 WINGLETS;Lluvia débil;13/04/18
RYR8265;IBZ;BRS;BOEING 737-800 WINGLETS;Lluvia débil;13/04/18
BAW8462;IBZ;LCY;EMBRAER 190;Lluvia débil;13/04/18
VLG3515;IBZ;BCN;AIRBUS A320;Lluvia débil;13/04/18
BAW8464;IBZ;LCY;EMBRAER 190;Lluvia débil;13/04/18
IBE8111;IBZ;PMI;ATR-42/72;Lluvia débil;13/04/18
RYR7217;IBZ;VLC;BOEING 737-800 WINGLETS;Lluvia débil;13/04/18
RYR6720;IBZ;TRN;BOEING 737-800 WINGLETS;Lluvia débil;13/04/18
VLG3416;IBZ;MAD;AIRBUS A320;Lluvia débil;13/04/18
IBE8907;IBZ;ALC;CANADAIR CRJ-200;Lluvia débil;13/04/18
VLG3694;IBZ;VLC;AIRBUS A320;Lluvia débil;13/04/18
AEA2632;IBZ;ZAZ;BOEING 737-800 WINGLETS;Lluvia débil;13/04/18
RYR6703;IBZ;FCO;BOEING 737-800 WINGLETS;Lluvia débil;13/04/18
IBE8911;IBZ;MAD;BOMBARDIER CRJ-1000;Lluvia débil;13/04/18
VLG1702;BCN;VGO;32A;Lluvia moderada;13/04/18
AEA7302;MAD;VGO;EMBRAER ERJ-195;Chubascos dispersos;13/04/18
IBE0532;MAD;VGO;AIRBUS A319;Chubascos dispersos;13/04/18
IBS9524;PMI;VGO;AIRBUS A320;Lluvia;13/04/18
AEA7300;MAD;VGO;EMBRAER ERJ-195;Chubascos dispersos;13/04/18
IBE0534;MAD;VGO;AIRBUS A319;Chubascos dispersos;13/04/18
AEA2727;BCN;VGO;BOEING 737-800 WINGLETS;Lluvia moderada;13/04/18
RYR245;BCN;VGO;BOEING 737-800 WINGLETS;Lluvia moderada;13/04/18
AEA7306;MAD;VGO;EMBRAER ERJ-195;Chubascos dispersos;13/04/18
RYR5947;MJV;BOH;BOEING 737-800 WINGLETS;Nubosidad variable;13/04/18
EZY6014;MJV;BRS;32A;Nubosidad variable;13/04/18
RYR1925;MJV;EMA;BOEING 737-800 WINGLETS;Nubosidad variable;13/04/18
RYR8025;MJV;STN;BOEING 737-800 WINGLETS;Nubosidad variable;13/04/18
EXS208;MJV;LBA;BOEING 737-300;Nubosidad variable;13/04/18
EZY8552;MJV;LGW;AIRBUS A320;Nubosidad variable;13/04/18
RYR7843;MJV;PIK;BOEING 737-800 WINGLETS;Nubosidad variable;13/04/18
EXS524;MJV;NCL;BOEING 737-300 WINGLETS;Nubosidad variable;13/04/18
EXS822;MJV;EDI;BOEING 737-300 WINGLETS;Nubosidad variable;13/04/18
JAF5902;MJV;CRL;BOEING 737-800 WINGLETS;Nubosidad variable;13/04/18
EXS864;MJV;MAN;BOEING 737-800 WINGLETS;Nubosidad variable;13/04/18
RYR8027;MJV;STN;BOEING 737-800 WINGLETS;Nubosidad variable;13/04/18
RYR2323;MJV;LBA;BOEING 737-800 WINGLETS;Nubosidad variable;13/04/18
RYR4117;MJV;MAN;BOEING 737-800 WINGLETS;Nubosidad variable;13/04/18
RYR3453;MJV;LTN;BOEING 737-800 WINGLETS;Nubosidad variable;13/04/18
RYR7095;MJV;DUB;BOEING 737-800 WINGLETS;Nubosidad variable;13/04/18
EZY8554;MJV;LGW;AIRBUS A320;Nubosidad variable;13/04/18
JAF6902;MJV;ANR;EMBRAER 190;Nubosidad variable;14/04/18
RYR2155;MJV;BHX;BOEING 737-800 WINGLETS;Nubosidad variable;14/04/18
EZY8550;MJV;LGW;AIRBUS A319;Nubosidad variable;14/04/18
EZY6014;MJV;BRS;AIRBUS A319;Nubosidad variable;14/04/18
IBB605;TFN;SPC;ATR-72;Nubosidad variable;13/04/18
IBB309;LPA;SPC;ATR-72;Cubierto de nubes altas y medias;13/04/18
CNF412;TFN;SPC;ATR-72;Nubosidad variable;13/04/18
IBB607;TFN;SPC;ATR-42/72;Nubosidad variable;13/04/18
AEA9461;TFN;SPC;ATR-72;Nubosidad variable;13/04/18
IBB611;TFN;SPC;ATR-42/72;Nubosidad variable;13/04/18
CNF418;TFN;SPC;ATR-72;Nubosidad variable;13/04/18
IBB609;TFN;SPC;ATR-72;Nubosidad variable;13/04/18
AEA9463;TFN;SPC;ATR-72;Nubosidad variable;13/04/18
IBB619;TFN;SPC;ATR-72;Nubosidad variable;13/04/18
IBB621;TFN;SPC;ATR-42/72;Nubosidad variable;13/04/18
IBS3842;MAD;SPC;AIRBUS A320;Chubascos dispersos;13/04/18
IBB629;TFN;SPC;ATR-42/72;Nubosidad variable;13/04/18
CNF452;TFN;SPC;ATR-72;Nubosidad variable;13/04/18
IBB631;TFN;SPC;ATR-42/72;Nubosidad variable;13/04/18
IBE2228;TFN;SPC;ATR-42/72;Despejado;17/04/18
AEA9465;TFN;SPC;ATR-72;Nubosidad variable;13/04/18
IBB633;TFN;SPC;ATR-72;Nubosidad variable;13/04/18
IBB623;TFN;SPC;ATR-42/72;Nubosidad variable;13/04/18
AEA9479;TFN;SPC;ATR-72;Nubosidad variable;13/04/18
IBB315;LPA;SPC;ATR-72;Cubierto de nubes altas y medias;13/04/18
IBB637;TFN;SPC;ATR-42/72;Nubosidad variable;13/04/18
IBB414;TFN;FUE;ATR-42/72;Nubosidad variable;13/04/18
CNF803;LPA;FUE;ATR-72;Cubierto de nubes altas y medias;13/04/18
IBB236;LPA;FUE;ATR-72;Cubierto de nubes altas y medias;13/04/18
IBB208;LPA;FUE;ATR-72;Cubierto de nubes altas y medias;13/04/18
IBB210;LPA;FUE;ATR-72;Cubierto de nubes altas y medias;13/04/18
IBB422;TFN;FUE;ATR-42/72;Nubosidad variable;13/04/18
CNF809;LPA;FUE;ATR-72;Cubierto de nubes altas y medias;13/04/18
IBB206;LPA;FUE;ATR-72;Cubierto de nubes altas y medias;13/04/18
RYR5468;MAD;FUE;BOEING 737-800 WINGLETS;Chubascos dispersos;13/04/18
AEA9433;LPA;FUE;ATR-72;Cubierto de nubes altas y medias;13/04/18
CNF412;TFN;SPC;ATR-72;Nubosidad variable;13/04/18
IBB655;TFN;VDE;ATR-72;Nubosidad variable;13/04/18
IBB102;TFN;LPA;BOMBARDIER CRJ-1000;Nubosidad variable;13/04/18
AEA9404;TFN;LPA;ATR-72;Nubosidad variable;13/04/18
IBB607;TFN;SPC;ATR-42/72;Nubosidad variable;13/04/18
CNF612;TFN;LPA;ATR-42/72;Nubosidad variable;13/04/18
AEA9461;TFN;SPC;ATR-72;Nubosidad variable;13/04/18
AEA5103;TFN;SVQ;BOEING 737-800 WINGLETS;Nubosidad variable;13/04/18
IBB104;TFN;LPA;ATR-42/72;Nubosidad variable;13/04/18
VLG3257;TFN;SVQ;AIRBUS A320;Nubosidad variable;13/04/18
IBB611;TFN;SPC;ATR-42/72;Nubosidad variable;13/04/18
IBB108;TFN;LPA;ATR-42/72;Nubosidad variable;13/04/18
IBB114;TFN;LPA;ATR-42/72;Nubosidad variable;13/04/18
IBB651;TFN;GMZ;ATR-42/72;Nubosidad variable;13/04/18
LAV5213;TFN;SCQ;BOEING 737-400;Nubosidad variable;13/04/18
CNF418;TFN;SPC;ATR-72;Nubosidad variable;13/04/18
AEA9047;TFN;MAD;BOEING 737-800 WINGLETS;Nubosidad variable;13/04/18
IBK6307;TFN;MAD;BOEING 737-800 WINGLETS;Nubosidad variable;13/04/18
IBB609;TFN;SPC;ATR-72;Nubosidad variable;13/04/18
IBE0478;MAD;OVD;AIRBUS A321;Chubascos dispersos;13/04/18
VOE3583;VLC;OVD;BOEING 717;Nubosidad variable;13/04/18
IBE0488;MAD;OVD;AIRBUS A320;Chubascos dispersos;13/04/18
VLG1629;AGP;OVD;AIRBUS A320;Chubascos dispersos;13/04/18
VLG1579;BCN;OVD;AIRBUS A320;Lluvia moderada;13/04/18
IBS3980;MAD;OVD;AIRBUS A320;Chubascos dispersos;13/04/18
IBE0476;MAD;OVD;AIRBUS A319;Chubascos dispersos;13/04/18
VOE3924;AGP;OVD;BOEING 717;Chubascos dispersos;13/04/18
IBE0480;MAD;OVD;AIRBUS A321;Chubascos dispersos;13/04/18
IBE0482;MAD;OVD;AIRBUS A320;Chubascos dispersos;13/04/18
VOE3830;SVQ;OVD;BOEING 717;Lluvia;13/04/18
VLG1571;BCN;OVD;AIRBUS A320;Lluvia moderada;13/04/18
VLG1573;BCN;OVD;AIRBUS A320;Lluvia moderada;14/04/18
VLG3713;MAH;BCN;32A;Lluvia débil;13/04/18
VLG3803;MAH;BIO;32A;Lluvia débil;13/04/18
IBE8483;MAH;PMI;CANADAIR CRJ-900;Lluvia débil;13/04/18
EZY8302;MAH;LGW;AIRBUS A319;Lluvia débil;13/04/18
VLG3715;MAH;BCN;AIRBUS A320;Lluvia débil;13/04/18
IBE8666;MAH;ILD;CANADAIR CRJ-900;Lluvia débil;13/04/18
AEA4532;MAH;PMI;ATR-72;Lluvia débil;13/04/18
VLG3745;MAH;BCN;AIRBUS A320;Lluvia débil;13/04/18
IBE8957;MAH;MAD;BOMBARDIER CRJ-1000;Lluvia débil;13/04/18
IBE8491;MAH;PMI;CANADAIR CRJ-900;Lluvia débil;13/04/18
IBE8499;MAH;PMI;ATR-42/72;Lluvia débil;13/04/18
RYR7402;MAH;VLC;BOEING 737-800 WINGLETS;Lluvia débil;13/04/18
AEA4530;MAH;PMI;ATR-72;Lluvia débil;13/04/18
IBE8493;MAH;PMI;ATR-42/72;Lluvia débil;13/04/18
RYR6882;MAH;BCN;BOEING 737-800 WINGLETS;Lluvia débil;13/04/18
IBE8027;MAH;MAD;BOMBARDIER CRJ-1000;Lluvia débil;13/04/18
VLG3701;MAH;BCN;AIRBUS A320;Lluvia débil;13/04/18
AEA5001;AGP;MLN;ATR-72;Chubascos dispersos;13/04/18
IBE8262;AGP;MLN;ATR-72;Chubascos dispersos;13/04/18
IBE8792;MAD;MLN;ATR-72;Chubascos dispersos;13/04/18
IBE8268;AGP;MLN;ATR-72;Chubascos dispersos;13/04/18
IBE8264;AGP;MLN;ATR-72;Chubascos dispersos;13/04/18
IBE8790;MAD;MLN;ATR-72;Chubascos dispersos;13/04/18
IBE8276;AGP;MLN;ATR-72;Chubascos dispersos;13/04/18
AEA5005;AGP;MLN;ATR-72;Chubascos dispersos;13/04/18
IBE8270;AGP;MLN;ATR-72;Chubascos dispersos;13/04/18
IBE8798;MAD;MLN;ATR-72;Chubascos dispersos;13/04/18
IBE8272;AGP;MLN;ATR-72;Chubascos dispersos;13/04/18
AEA5001;AGP;MLN;ATR-72;Chubascos dispersos;14/04/18
IBE8262;AGP;MLN;ATR-72;Chubascos dispersos;14/04/18
RYR1129;LPA;BHX;BOEING 737-800 WINGLETS;Cubierto de nubes altas y medias;13/04/18
IBB107;LPA;TFN;BOMBARDIER CRJ-1000;Cubierto de nubes altas y medias;13/04/18
IBB236;LPA;FUE;ATR-72;Cubierto de nubes altas y medias;13/04/18
IBB115;LPA;TFN;ATR-72;Cubierto de nubes altas y medias;13/04/18
IBB504;LPA;ACE;ATR-72;Cubierto de nubes altas y medias;13/04/18
IBB105;LPA;TFN;ATR-72;Cubierto de nubes altas y medias;13/04/18
IBB119;LPA;TFN;BOMBARDIER CRJ-1000;Cubierto de nubes altas y medias;13/04/18
AEA9415;LPA;TFN;ATR-72;Cubierto de nubes altas y medias;13/04/18
IBB208;LPA;FUE;ATR-72;Cubierto de nubes altas y medias;13/04/18
AEA9447;LPA;ACE;ATR-72;Cubierto de nubes altas y medias;13/04/18
TVS4434;LPA;MUC;BOEING 737-800 WINGLETS;Cubierto de nubes altas y medias;13/04/18
IBB123;LPA;TFS;ATR-72;Cubierto de nubes altas y medias;13/04/18
IBB210;LPA;FUE;ATR-72;Cubierto de nubes altas y medias;13/04/18
AEA9161;LPA;MAD;AIRBUS A330-200;Cubierto de nubes altas y medias;13/04/18
IBK5892;LPA;TRF;BOEING 737-800 WINGLETS;Cubierto de nubes altas y medias;13/04/18
IBB109;LPA;TFN;BOMBARDIER CRJ-1000;Cubierto de nubes altas y medias;13/04/18
JAF5182;LPA;BRU;BOEING 737-800 WINGLETS;Cubierto de nubes altas y medias;13/04/18
CNF809;LPA;FUE;ATR-72;Cubierto de nubes altas y medias;13/04/18
CNF721;LPA;ACE;ATR-72;Cubierto de nubes altas y medias;13/04/18
WZZ3564;BCN;TSR;AIRBUS A320;Lluvia moderada;13/04/18
VLG3916;BCN;PMI;AIRBUS A320;Lluvia moderada;13/04/18
TRA5132;BCN;AMS;BOEING 737-800 WINGLETS;Lluvia moderada;13/04/18
VLG1432;BCN;BIO;32A;Lluvia moderada;13/04/18
VLG9010;BCN;MAD;AIRBUS A320;Lluvia moderada;13/04/18
EZY4416;BCN;LYS;AIRBUS A319;Lluvia moderada;13/04/18
VLG2224;BCN;SVQ;AIRBUS A320;Lluvia moderada;13/04/18
TVF3131;BCN;ORY;BOEING 737-800 WINGLETS;Lluvia moderada;13/04/18
EWG2529;BCN;STR;AIRBUS A320;Lluvia moderada;13/04/18
VLG2111;BCN;AGP;AIRBUS A320;Lluvia moderada;13/04/18
IBK5602;BCN;DUS;BOEING 737-800 WINGLETS;Lluvia moderada;13/04/18
DLH1809;BCN;MUC;AIRBUS A319;Lluvia moderada;13/04/18
EWG5921;BCN;VIE;32A;Lluvia moderada;13/04/18
AEA5035;MAD;AGP;ATR-72;Chubascos dispersos;13/04/18
VLG2115;BCN;AGP;32B;Lluvia moderada;13/04/18
IBK5830;LPA;AGP;BOEING 737-800 WINGLETS;Cubierto de nubes altas y medias;13/04/18
VLG3283;TFS;AGP;32A;Nubosidad variable;13/04/18
RYR2359;ACE;NOC;BOEING 737-800 WINGLETS;Nubosidad variable;13/04/18
IBB501;ACE;LPA;BOMBARDIER CRJ-1000;Nubosidad variable;13/04/18
IBB453;ACE;TFN;ATR-42/72;Nubosidad variable;13/04/18
CNF704;ACE;LPA;ATR-42/72;Nubosidad variable;13/04/18
IBB505;ACE;LPA;ATR-72;Nubosidad variable;13/04/18
AEA9448;ACE;LPA;ATR-72;Nubosidad variable;13/04/18
DE1421;ACE;DUS;BOEING 757-200  WINGLETS;Nubosidad variable;13/04/18
DE1409;ACE;FRA;BOEING 767-300 WINGLETS;Nubosidad variable;13/04/18
DE1401;ACE;MUC;AIRBUS A320;Nubosidad variable;13/04/18
RYR7125;ACE;DUB;BOEING 737-800 WINGLETS;Nubosidad variable;13/04/18
IBB469;ACE;TFN;ATR-42/72;Nubosidad variable;13/04/18
IBE2284;ACE;TFN;ATR-42/72;Nubosidad variable;13/04/18
RYR6627;ACE;EDI;BOEING 737-800 WINGLETS;Nubosidad variable;13/04/18
RYR2595;ACE;BFS;BOEING 737-800 WINGLETS;Nubosidad variable;13/04/18
RYR2132;ACE;MAN;BOEING 737-800 WINGLETS;Nubosidad variable;13/04/18
CNF722;ACE;LPA;ATR-72;Nubosidad variable;13/04/18
EZY8682;ACE;LGW;32A;Nubosidad variable;13/04/18
IBB513;ACE;LPA;ATR-42/72;Nubosidad variable;13/04/18
RYR8289;ACE;STN;BOEING 737-800 WINGLETS;Nubosidad variable;13/04/18
EZY2026;ACE;LTN;32A;Nubosidad variable;13/04/18
JTG632;ACE;BLL;BOEING 737-700 WINGLETS;Nubosidad variable;13/04/18
EIN777;ACE;DUB;AIRBUS A320;Nubosidad variable;13/04/18
IBB471;ACE;TFN;ATR-72;Nubosidad variable;13/04/18
RYR2913;MAD;TFS;BOEING 737-800 WINGLETS;Chubascos dispersos;13/04/18
IBB123;LPA;TFS;ATR-72;Cubierto de nubes altas y medias;13/04/18
VLG3282;AGP;TFS;32A;Chubascos dispersos;13/04/18
IBE8931;SVQ;LEI;CANADAIR CRJ-200;Lluvia;13/04/18
IBE8594;MAD;LEI;BOMBARDIER CRJ-1000;Chubascos dispersos;13/04/18
VLG1251;BCN;LEI;AIRBUS A320;Lluvia moderada;13/04/18
IBE8598;MAD;LEI;BOMBARDIER CRJ-1000;Chubascos dispersos;13/04/18
IBE8212;PMI;LEI;CANADAIR CRJ-200;Despejado;17/04/18
IBE8592;MAD;LEI;BOMBARDIER CRJ-1000;Chubascos dispersos;13/04/18
IBE8588;MAD;LEI;CANADAIR CRJ-200;Chubascos dispersos;13/04/18
IBE8600;MAD;LEI;BOMBARDIER CRJ-1000;Chubascos dispersos;13/04/18
IBE8594;MAD;LEI;CANADAIR CRJ-900;Chubascos dispersos;14/04/18
AEA2001;MAD;BCN;AIRBUS A330-200;Chubascos dispersos;13/04/18
VLG1572;OVD;BCN;AIRBUS A320;Lluvia;13/04/18
VLG7460;MAD;BCN;32A;Chubascos dispersos;13/04/18
VLG3929;PMI;BCN;AIRBUS A320;Lluvia;13/04/18
VLG1439;BIO;BCN;32A;Lluvia;13/04/18
IBE8986;MAD;VLC;CANADAIR CRJ-900;Chubascos dispersos;13/04/18
RYR7223;SCQ;VLC;BOEING 737-800 WINGLETS;Chubascos dispersos;13/04/18
IBE8935;BIO;VLC;CANADAIR CRJ-900;Lluvia;13/04/18
IBE8441;IBZ;VLC;CANADAIR CRJ-200;Lluvia débil;13/04/18
VLG3153;PMI;XRY;AIRBUS A320;Lluvia;13/04/18
IBE0410;MAD;XRY;AIRBUS A319;Chubascos dispersos;13/04/18
VLG2286;BCN;XRY;32A;Lluvia moderada;13/04/18
RYR1283;BCN;XRY;BOEING 737-800 WINGLETS;Lluvia moderada;13/04/18
IBE0404;MAD;XRY;AIRBUS A319;Chubascos dispersos;13/04/18
IBE0406;MAD;XRY;AIRBUS A320;Chubascos dispersos;13/04/18
IBE0410;MAD;XRY;AIRBUS A319;Chubascos dispersos;14/04/18
AEA1702;PMI;IBZ;ATR-72;Lluvia;13/04/18
IBE8112;PMI;IBZ;CANADAIR CRJ-200;Despejado;17/04/18
VLG3508;BCN;IBZ;AIRBUS A320;Lluvia moderada;13/04/18
IBE8106;PMI;IBZ;ATR-42/72;Despejado;17/04/18
RYR7216;VLC;IBZ;BOEING 737-800 WINGLETS;Nubosidad variable;13/04/18
VLG3419;MAD;IBZ;AIRBUS A320;Chubascos dispersos;13/04/18
IBE8904;ALC;IBZ;CANADAIR CRJ-200;Despejado;17/04/18
VLG3695;VLC;IBZ;AIRBUS A320;Nubosidad variable;13/04/18
AEA2687;BCN;IBZ;BOEING 737-800 WINGLETS;Lluvia moderada;13/04/18
IBE8910;MAD;IBZ;BOMBARDIER CRJ-1000;Chubascos dispersos;13/04/18
IBE8108;PMI;IBZ;BOMBARDIER CRJ-1000;Despejado;17/04/18
VLG3510;BCN;IBZ;AIRBUS A320;Lluvia moderada;13/04/18
AEA6025;MAD;IBZ;EMBRAER ERJ-195;Chubascos dispersos;13/04/18
RYR6362;BCN;PMI;BOEING 737-800 WINGLETS;Lluvia moderada;13/04/18
AEA6007;BCN;PMI;BOEING 737-800 WINGLETS;Lluvia moderada;13/04/18
VLG3916;BCN;PMI;AIRBUS A320;Lluvia moderada;13/04/18
AEA6031;MAD;PMI;EMBRAER ERJ-195;Chubascos dispersos;13/04/18
AEA4025;ALC;PMI;ATR-72;Nubosidad variable;13/04/18
AEA4004;VLC;PMI;EMBRAER ERJ-195;Nubosidad variable;13/04/18
VLG1421;BIO;BCN;32B;Lluvia;13/04/18
IBE8935;BIO;VLC;CANADAIR CRJ-900;Lluvia;13/04/18
IBE0423;BIO;MAD;AIRBUS A321;Lluvia;13/04/18
VLG1419;BIO;BCN;AIRBUS A320;Lluvia;13/04/18
AFR1477;BIO;CDG;EMBRAER 190;Lluvia;13/04/18
IBE8387;BIO;ALC;CANADAIR CRJ-200;Lluvia;13/04/18
IBS9525;BIO;PMI;AIRBUS A320;Lluvia;13/04/18
EZY3226;BIO;STN;AIRBUS A319;Lluvia;13/04/18
VLG3944;PMI;BIO;32A;Lluvia;12/04/18
IBK6361;BIO;TFS;BOEING 737-800 WINGLETS;Lluvia;13/04/18
VLG3968;BIO;VLC;32A;Lluvia;13/04/18
VLG3274;BIO;LPA;AIRBUS A320;Lluvia;13/04/18
DLH1825;BIO;MUC;AIRBUS A320;Lluvia;13/04/18
VLG3961;BIO;TXL;32A;Lluvia;13/04/18
KLM1686;BIO;AMS;EMBRAER 190;Lluvia;13/04/18
VLG1670;BCN;SCQ;32A;Lluvia moderada;13/04/18
RYR5315;MAD;SCQ;BOEING 737-800 WINGLETS;Chubascos dispersos;13/04/18
VLG3980;SCQ;PMI;AIRBUS A320;Chubascos dispersos;12/04/18
EVE1601;SVQ;SCQ;32A;Lluvia;13/04/18
AEA2827;BCN;SCQ;BOEING 737-800 WINGLETS;Lluvia moderada;13/04/18
RYR3041;SVQ;SCQ;BOEING 737-800 WINGLETS;Lluvia;13/04/18
LAV5213;TFN;SCQ;BOEING 737-400;Nubosidad variable;13/04/18
IBS3874;MAD;SCQ;AIRBUS A320;Chubascos dispersos;13/04/18
RYR8538;ALC;SCQ;BOEING 737-800 WINGLETS;Nubosidad variable;13/04/18
EVE1119;ALC;SCQ;32A;Nubosidad variable;13/04/18
IBS3878;MAD;SCQ;AIRBUS A321;Chubascos dispersos;13/04/18
VLG1676;BCN;SCQ;AIRBUS A320;Lluvia moderada;13/04/18
VLG1672;BCN;SCQ;AIRBUS A320;Lluvia moderada;13/04/18
CNF703;LPA;ACE;ATR-72;Cubierto de nubes altas y medias;13/04/18
IBB504;LPA;ACE;ATR-72;Cubierto de nubes altas y medias;13/04/18
AEA9447;LPA;ACE;ATR-72;Cubierto de nubes altas y medias;13/04/18
IBB468;TFN;ACE;ATR-42/72;Nubosidad variable;13/04/18
CNF721;LPA;ACE;ATR-72;Cubierto de nubes altas y medias;13/04/18
IBB510;LPA;ACE;ATR-72;Cubierto de nubes altas y medias;13/04/18
IBB470;TFN;ACE;ATR-72;Nubosidad variable;13/04/18
IBB508;LPA;ACE;ATR-72;Cubierto de nubes altas y medias;13/04/18
LLX5052;LPA;ACE;AIRBUS A321;Cubierto de nubes altas y medias;13/04/18
IBE8640;MAD;GRX;BOMBARDIER CRJ-1000;Chubascos dispersos;13/04/18
VLG2020;BCN;GRX;32A;Lluvia moderada;13/04/18
AEA5201;PMI;GRX;EMBRAER ERJ-195;Lluvia;13/04/18
VLG3933;PMI;GRX;32A;Lluvia;13/04/18
IBE8646;MAD;GRX;CANADAIR CRJ-900;Chubascos dispersos;13/04/18
IBE8642;MAD;GRX;BOMBARDIER CRJ-1000;Chubascos dispersos;13/04/18
VLG2014;BCN;GRX;AIRBUS A320;Lluvia moderada;13/04/18
IBE8644;MAD;GRX;BOMBARDIER CRJ-1000;Chubascos dispersos;13/04/18
VLG2618;BIO;GRX;AIRBUS A320;Lluvia;13/04/18
VLG2016;BCN;GRX;32B;Lluvia moderada;13/04/18
IBE8648;MAD;GRX;CANADAIR CRJ-900;Chubascos dispersos;13/04/18
VLG2010;BCN;GRX;AIRBUS A321;Lluvia moderada;14/04/18
IBE8640;MAD;GRX;BOMBARDIER CRJ-1000;Chubascos dispersos;14/04/18
VLG3256;SVQ;TFN;AIRBUS A320;Lluvia;13/04/18
IBB604;SPC;TFN;ATR-42/72;Cubierto de nubes altas y medias;13/04/18
IBB107;LPA;TFN;BOMBARDIER CRJ-1000;Cubierto de nubes altas y medias;13/04/18
IBB115;LPA;TFN;ATR-72;Cubierto de nubes altas y medias;13/04/18
AEA9059;MAD;TFN;BOEING 737-800 WINGLETS;Chubascos dispersos;13/04/18
IBB606;SPC;TFN;ATR-72;Cubierto de nubes altas y medias;13/04/18
IBB105;LPA;TFN;ATR-72;Cubierto de nubes altas y medias;13/04/18
RYR5278;MAD;TFN;BOEING 737-800 WINGLETS;Chubascos dispersos;13/04/18
IBB453;ACE;TFN;ATR-42/72;Nubosidad variable;13/04/18
IBK6306;MAD;TFN;BOEING 737-800 WINGLETS;Chubascos dispersos;13/04/18
IBB415;FUE;TFN;ATR-42/72;Nubosidad variable;13/04/18
CNF413;SPC;TFN;ATR-72;Cubierto de nubes altas y medias;13/04/18
IBB608;SPC;TFN;ATR-42/72;Cubierto de nubes altas y medias;13/04/18
IBB119;LPA;TFN;BOMBARDIER CRJ-1000;Cubierto de nubes altas y medias;13/04/18
IBB656;VDE;TFN;ATR-72;Chubascos dispersos;13/04/18
AEA9415;LPA;TFN;ATR-72;Cubierto de nubes altas y medias;13/04/18
VLG3260;BIO;TFN;AIRBUS A320;Lluvia;13/04/18
AEA9462;SPC;TFN;ATR-72;Cubierto de nubes altas y medias;13/04/18
IBB109;LPA;TFN;BOMBARDIER CRJ-1000;Cubierto de nubes altas y medias;13/04/18
IBB612;SPC;TFN;ATR-42/72;Cubierto de nubes altas y medias;13/04/18
IBS3942;MAD;TFN;AIRBUS A321;Chubascos dispersos;13/04/18
VLG2216;BCN;SVQ;32B;Lluvia moderada;13/04/18
RYR6396;BCN;SVQ;BOEING 737-800 WINGLETS;Lluvia moderada;13/04/18
VLG2224;BCN;SVQ;AIRBUS A320;Lluvia moderada;13/04/18
AEA5103;TFN;SVQ;BOEING 737-800 WINGLETS;Nubosidad variable;13/04/18
VLG2252;BCN;SVQ;AIRBUS A320;Lluvia moderada;13/04/18
VLG3257;TFN;SVQ;AIRBUS A320;Nubosidad variable;13/04/18
IBS3950;MAD;SVQ;AIRBUS A320;Abertura de claros;13/04/18
VLG2510;BIO;SVQ;AIRBUS A320;Lluvia;13/04/18
RYR3042;SCQ;SVQ;BOEING 737-800 WINGLETS;Chubascos dispersos;13/04/18
RYR5273;PMI;SVQ;BOEING 737-800 WINGLETS;Lluvia;13/04/18
VOE3528;BIO;SVQ;BOEING 717;Lluvia;13/04/18
RYR2207;VLC;SVQ;BOEING 737-800 WINGLETS;Nubosidad variable;13/04/18
VLG3965;VLC;SVQ;AIRBUS A320;Nubosidad variable;13/04/18
VLG3714;BCN;MAH;AIRBUS A320;Lluvia moderada;13/04/18
IBE8482;PMI;MAH;CANADAIR CRJ-900;Despejado;17/04/18
AEA4537;PMI;MAH;ATR-72;Lluvia;13/04/18
VLG3744;BCN;MAH;AIRBUS A320;Lluvia moderada;13/04/18
IBE8956;MAD;MAH;BOMBARDIER CRJ-1000;Chubascos dispersos;13/04/18
AAL8564;MAD;MAH;BOMBARDIER CRJ-1000;Chubascos dispersos;13/04/18
IBE8498;PMI;MAH;ATR-42/72;Despejado;17/04/18
RYR7401;VLC;MAH;BOEING 737-800 WINGLETS;Nubosidad variable;13/04/18
AEA4531;PMI;MAH;ATR-72;Lluvia;13/04/18
IBE8490;PMI;MAH;ATR-42/72;Despejado;17/04/18
RYR6881;BCN;MAH;BOEING 737-800 WINGLETS;Lluvia moderada;13/04/18
IBE8026;MAD;MAH;BOMBARDIER CRJ-1000;Chubascos dispersos;13/04/18
VLG3700;BCN;MAH;AIRBUS A320;Lluvia moderada;13/04/18
IBE8492;PMI;MAH;ATR-42/72;Despejado;17/04/18
IBE8496;PMI;MAH;CANADAIR CRJ-900;Despejado;17/04/18
VLG3718;BCN;MAH;AIRBUS A321;Lluvia moderada;13/04/18
IBS9522;PMI;BIO;AIRBUS A320;Lluvia;13/04/18
IBE8353;SCQ;BIO;CANADAIR CRJ-200;Chubascos dispersos;13/04/18
VLG1432;BCN;BIO;32A;Lluvia moderada;13/04/18
IBK6360;TFS;BIO;BOEING 737-800 WINGLETS;Nubosidad variable;13/04/18
VLG3275;LPA;BIO;AIRBUS A320;Cubierto de nubes altas y medias;13/04/18
VLG3803;MAH;BIO;32A;Lluvia débil;13/04/18
VLG1440;BCN;BIO;32A;Lluvia moderada;13/04/18
AEA7157;MAD;BIO;EMBRAER ERJ-195;Chubascos dispersos;13/04/18
IBB106;TFN;LPA;BOMBARDIER CRJ-1000;Nubosidad variable;13/04/18
CNF612;TFN;LPA;ATR-42/72;Nubosidad variable;13/04/18
AEA9404;TFN;LPA;ATR-72;Nubosidad variable;13/04/18
IBB102;TFN;LPA;BOMBARDIER CRJ-1000;Nubosidad variable;13/04/18
IBB203;FUE;LPA;ATR-72;Nubosidad variable;13/04/18
AEA9432;FUE;LPA;ATR-72;Nubosidad variable;13/04/18
AEA9156;MAD;LPA;AIRBUS A330-200;Chubascos dispersos;13/04/18
IBB501;ACE;LPA;BOMBARDIER CRJ-1000;Nubosidad variable;13/04/18
IBB104;TFN;LPA;ATR-42/72;Nubosidad variable;13/04/18
CNF704;ACE;LPA;ATR-42/72;Nubosidad variable;13/04/18
IBB108;TFN;LPA;ATR-42/72;Nubosidad variable;13/04/18
IBB304;SPC;LPA;ATR-42/72;Cubierto de nubes altas y medias;13/04/18
IBB114;TFN;LPA;ATR-42/72;Nubosidad variable;13/04/18
CNF804;FUE;LPA;ATR-72;Nubosidad variable;13/04/18
IBB237;FUE;LPA;ATR-42/72;Nubosidad variable;13/04/18
IBB505;ACE;LPA;ATR-72;Nubosidad variable;13/04/18
IBE8759;LEN;BCN;BOMBARDIER CRJ-1000;Lluvia;13/04/18
IBE8758;BCN;LEN;BOMBARDIER CRJ-1000;Despejado;17/04/18
IBE8313;BJZ;BCN;BOMBARDIER CRJ-1000;Chubascos dispersos;13/04/18
IBE8331;BJZ;MAD;CANADAIR CRJ-200;Chubascos dispersos;13/04/18
IBE8330;MAD;BJZ;CANADAIR CRJ-200;Chubascos dispersos;13/04/18
RYR1074;REU;EMA;BOEING 737-800 WINGLETS;Lluvia;13/04/18
RYR1115;REU;DUB;BOEING 737-800 WINGLETS;Lluvia;13/04/18
RYR2212;REU;EIN;BOEING 737-800 WINGLETS;Lluvia;13/04/18
RYR2212;REU;EIN;BOEING 737-800 WINGLETS;Lluvia;14/04/18
RYR1115;REU;DUB;BOEING 737-800 WINGLETS;Lluvia;14/04/18
IBB656;VDE;TFN;ATR-72;Chubascos dispersos;13/04/18
IBB662;VDE;TFN;ATR-42/72;Chubascos dispersos;13/04/18
IBB664;VDE;TFN;ATR-72;Chubascos dispersos;13/04/18
IBB366;VDE;LPA;ATR-72;Chubascos dispersos;13/04/18
CNF248;VDE;TFN;ATR-72;Chubascos dispersos;13/04/18
IBB674;VDE;TFN;ATR-72;Chubascos dispersos;13/04/18
IBB656;VDE;TFN;ATR-72;Chubascos dispersos;14/04/18
AEA2631;ZAZ;IBZ;BOEING 737-800 WINGLETS;Lluvia;13/04/18
RYR4634;ZAZ;BGY;BOEING 737-800 WINGLETS;Lluvia;13/04/18
VLG3979;ZAZ;PMI;AIRBUS A320;Lluvia;13/04/18
RYR6321;VLL;BCN;BOEING 737-800 WINGLETS;Abertura de claros;13/04/18
VLG1585;VLL;BCN;AIRBUS A320;Chubascos dispersos;13/04/18
RYR4421;VIT;CGN;BOEING 737-800 WINGLETS;Lluvia débil;13/04/18
IBE8221;RJL;MAD;CANADAIR CRJ-200;Lluvia;14/04/18
IBE3464;MAD;ZRH;AIRBUS A319;Chubascos dispersos;13/04/18
AVA027;MAD;BOG;BOEING 787-8;Chubascos dispersos;13/04/18
TVF3181;MAD;ORY;BOEING 737-800 WINGLETS;Chubascos dispersos;13/04/18
IBE0930;MAD;BCN;AIRBUS A320;Chubascos dispersos;13/04/18
IBE0930S;MAD;BCN;AIRBUS A320;Chubascos dispersos;13/04/18
AVA6078;MAD;BCN;AIRBUS A320;Chubascos dispersos;13/04/18
VLG9742;MAD;BCN;AIRBUS A320;Chubascos dispersos;13/04/18
AAL8733;MAD;BCN;AIRBUS A320;Chubascos dispersos;13/04/18
ACA837;MAD;YYZ;BOEING 787-9;Chubascos dispersos;13/04/18
IBE3480;MAD;GVA;AIRBUS A320;Chubascos dispersos;13/04/18
RYR1332;MAD;NAP;BOEING 737-800 WINGLETS;Chubascos dispersos;13/04/18
IBE8914;MAD;MRS;BOMBARDIER CRJ-1000;Chubascos dispersos;13/04/18
WZZ3402;MAD;CLJ;AIRBUS A320;Chubascos dispersos;13/04/18
IBE8784;MAD;BLQ;BOMBARDIER CRJ-1000;Chubascos dispersos;13/04/18
VLG9460;MAD;BCN;AIRBUS A320;Chubascos dispersos;13/04/18
RYR6991;MAD;BGY;BOEING 737-800 WINGLETS;Chubascos dispersos;13/04/18
DLH1119;PNA;FRA;AIRBUS A319;Lluvia moderada;13/04/18
IBE8539;PNA;MAD;CANADAIR CRJ-200;Lluvia moderada;13/04/18
KRP2860;PNA;LPA;FOKKER 100;Lluvia moderada;13/04/18
IBE8525;PNA;MAD;BOMBARDIER CRJ-1000;Lluvia moderada;13/04/18
IBE8531;PNA;MAD;BOMBARDIER CRJ-1000;Lluvia moderada;13/04/18
IBE8529;PNA;MAD;BOMBARDIER CRJ-1000;Lluvia moderada;14/04/18
IBE8224;MAD;RJL;CANADAIR CRJ-200;Chubascos dispersos;13/04/18
IBB650;GMZ;TFN;ATR-42/72;Nubosidad variable;13/04/18
IBB652;GMZ;TFN;ATR-72;Nubosidad variable;13/04/18
IBB650;GMZ;TFN;ATR-72;Nubosidad variable;14/04/18
VLG2011;GRX;BCN;32B;Lluvia;13/04/18
IBE8641;GRX;MAD;BOMBARDIER CRJ-1000;Lluvia;13/04/18
EZY1816;GRX;MAN;32A;Lluvia;13/04/18
VLG2021;GRX;BCN;32A;Lluvia;13/04/18
AEA5200;GRX;PMI;EMBRAER ERJ-195;Lluvia;13/04/18
VLG3932;GRX;PMI;32A;Lluvia;13/04/18
BAW3290;GRX;LCY;EMBRAER 190;Lluvia;13/04/18
IBE8645;GRX;MAD;CANADAIR CRJ-900;Lluvia;13/04/18
IBE8649;GRX;MAD;BOMBARDIER CRJ-1000;Lluvia;13/04/18
VLG2015;GRX;BCN;AIRBUS A320;Lluvia;13/04/18
IBE8643;GRX;MAD;BOMBARDIER CRJ-1000;Lluvia;13/04/18
VLG2619;GRX;BIO;AIRBUS A320;Lluvia;13/04/18
VLG2017;GRX;BCN;32B;Lluvia;13/04/18
IBE8639;GRX;MAD;CANADAIR CRJ-900;Lluvia;14/04/18
VLG2011;GRX;BCN;AIRBUS A320;Lluvia;14/04/18
RYR9335;GRO;BRS;BOEING 737-800 WINGLETS;Chubascos dispersos;13/04/18
RYR9107;GRO;BVA;BOEING 737-800 WINGLETS;Chubascos dispersos;13/04/18
RYR7018;GRO;SKG;BOEING 737-800 WINGLETS;Chubascos dispersos;13/04/18
RYR9803;GRO;STN;BOEING 737-800 WINGLETS;Chubascos dispersos;13/04/18
RYR9211;GRO;FKB;BOEING 737-800 WINGLETS;Chubascos dispersos;13/04/18
RYR9911;GRO;BOH;BOEING 737-800 WINGLETS;Chubascos dispersos;13/04/18
RYR3769;GRO;LTN;BOEING 737-800 WINGLETS;Chubascos dispersos;13/04/18
RYR8047;GRO;BHX;BOEING 737-800 WINGLETS;Chubascos dispersos;13/04/18
RYR7038;GRO;CAG;BOEING 737-800 WINGLETS;Chubascos dispersos;13/04/18
RYR6924;GRO;RBA;BOEING 737-800 WINGLETS;Chubascos dispersos;13/04/18
RYR4275;GRO;FRA;BOEING 737-800 WINGLETS;Chubascos dispersos;13/04/18
ANE2034;GRO;SVQ;BOMBARDIER CRJ-1000;Chubascos dispersos;14/04/18
RYR9123;GRO;EIN;BOEING 737-800 WINGLETS;Chubascos dispersos;14/04/18
RYR3213;GRO;MAN;BOEING 737-800 WINGLETS;Chubascos dispersos;14/04/18
RYR2344;GRO;NCL;BOEING 737-800 WINGLETS;Chubascos dispersos;14/04/18
RYR9803;GRO;STN;BOEING 737-800 WINGLETS;Chubascos dispersos;14/04/18
RYR4125;GRO;HHN;BOEING 737-800 WINGLETS;Chubascos dispersos;14/04/18
RYR6391;GRO;NRN;BOEING 737-800 WINGLETS;Chubascos dispersos;14/04/18
RYR9241;GRO;PSA;BOEING 737-800 WINGLETS;Chubascos dispersos;14/04/18
HTY134;AEI;JCU;AWH;Chubascos dispersos;13/04/18
HTY110;JCU;AEI;AWH;Lluvia;13/04/18
HTY112;AEI;JCU;AWH;Chubascos dispersos;13/04/18
HTY114;AEI;JCU;AWH;Chubascos dispersos;13/04/18
HTY138;AEI;JCU;AWH;Chubascos dispersos;13/04/18
HTY133;JCU;AEI;AWH;Lluvia;13/04/18
HTY109;JCU;AEI;AWH;Lluvia;13/04/18
HTY111;JCU;AEI;AWH;Lluvia;13/04/18
HTY113;JCU;AEI;AWH;Lluvia;13/04/18
HTY257;JCU;AGP;AWH;Lluvia;13/04/18
HTY137;JCU;AEI;AWH;Lluvia;13/04/18
IBE8327;EAS;MAD;ATR-72;Lluvia;13/04/18
IBE8319;EAS;MAD;ATR-72;Lluvia;13/04/18
IBE8329;EAS;MAD;ATR-72;Lluvia;13/04/18
IBE8315;EAS;MAD;ATR-72;Lluvia;13/04/18
VLG2489;EAS;BCN;AIRBUS A319;Lluvia;13/04/18
IBE8323;EAS;MAD;ATR-72;Lluvia;13/04/18
IBE8317;EAS;MAD;ATR-72;Lluvia;14/04/18
VLG2487;EAS;BCN;AIRBUS A319;Lluvia;14/04/18
IBB651;TFN;GMZ;ATR-42/72;Nubosidad variable;13/04/18
IBB653;TFN;GMZ;ATR-42/72;Nubosidad variable;13/04/18
IBE2244;TFN;GMZ;ATR-72;Despejado;17/04/18
IBB651;TFN;GMZ;ATR-72;Nubosidad variable;14/04/18
AEA7311;VGO;MAD;EMBRAER ERJ-195;Chubascos dispersos;13/04/18
VLG1703;VGO;BCN;32A;Chubascos dispersos;13/04/18
AEA7315;VGO;MAD;EMBRAER ERJ-195;Chubascos dispersos;13/04/18
IBE0533;VGO;MAD;AIRBUS A319;Chubascos dispersos;13/04/18
IBS9527;VGO;PMI;AIRBUS A320;Chubascos dispersos;13/04/18
TAP1141;VGO;LIS;ATR-72;Chubascos dispersos;13/04/18
AEA7317;VGO;MAD;EMBRAER ERJ-195;Chubascos dispersos;13/04/18
RYR1779;SDR;BUD;BOEING 737-800 WINGLETS;Chubascos dispersos;13/04/18
IBE0555;SDR;MAD;AIRBUS A319;Chubascos dispersos;13/04/18
RYR9156;SDR;CIA;BOEING 737-800 WINGLETS;Chubascos dispersos;13/04/18
IBE0557;SDR;MAD;AIRBUS A319;Chubascos dispersos;13/04/18
VLG1591;SDR;BCN;AIRBUS A320;Chubascos dispersos;13/04/18
RYR1353;SDR;RAK;BOEING 737-800 WINGLETS;Chubascos dispersos;13/04/18
RYR6058;SDR;CRL;BOEING 737-800 WINGLETS;Chubascos dispersos;13/04/18
IBE0559;SDR;MAD;AIRBUS A319;Chubascos dispersos;13/04/18
RYR2613;SDR;STN;BOEING 737-800 WINGLETS;Chubascos dispersos;13/04/18
IBE8861;SDR;MAD;BOMBARDIER CRJ-1000;Chubascos dispersos;14/04/18
HTY133;JCU;AEI;AWH;Lluvia;13/04/18
HTY109;JCU;AEI;AWH;Lluvia;13/04/18
HTY111;JCU;AEI;AWH;Lluvia;13/04/18
HTY113;JCU;AEI;AWH;Lluvia;13/04/18
HTY137;JCU;AEI;AWH;Lluvia;13/04/18
AEA2632;IBZ;ZAZ;BOEING 737-800 WINGLETS;Lluvia débil;13/04/18
VLG3978;PMI;ZAZ;AIRBUS A320;Lluvia;13/04/18
IBB655;TFN;VDE;ATR-72;Nubosidad variable;13/04/18
IBB659;TFN;VDE;ATR-42/72;Nubosidad variable;13/04/18
IBB663;TFN;VDE;ATR-72;Nubosidad variable;13/04/18
IBB365;LPA;VDE;ATR-72;Cubierto de nubes altas y medias;13/04/18
IBS2218;LPA;VDE;ATR-72;Despejado;17/04/18
CNF247;TFN;VDE;ATR-42/72;Nubosidad variable;13/04/18
IBB673;TFN;VDE;ATR-72;Nubosidad variable;13/04/18
IBB655;TFN;VDE;ATR-72;Nubosidad variable;14/04/18
RYR6320;BCN;VLL;BOEING 737-800 WINGLETS;Lluvia moderada;13/04/18
VLG1584;BCN;VLL;AIRBUS A320;Lluvia moderada;13/04/18
TAP1085;LCG;LIS;ATR-42/72;Chubascos dispersos;13/04/18
IBE0513;LCG;MAD;AIRBUS A320;Chubascos dispersos;13/04/18
VLG1274;LCG;VLC;32A;Chubascos dispersos;13/04/18
VLG1298;LCG;SVQ;AIRBUS A320;Chubascos dispersos;13/04/18
AEA7236;LCG;MAD;EMBRAER ERJ-195;Chubascos dispersos;13/04/18
IBE0523;LCG;MAD;AIRBUS A320;Chubascos dispersos;13/04/18
VLG1295;LCG;BCN;32A;Chubascos dispersos;13/04/18
VLG7104;LCG;LHR;AIRBUS A320;Chubascos dispersos;13/04/18
LZF440;BIO;LCG;ATR 42-300/320;Lluvia;13/04/18
AEA7238;LCG;MAD;EMBRAER ERJ-195;Chubascos dispersos;13/04/18
IBE8640;MAD;GRX;BOMBARDIER CRJ-1000;Chubascos dispersos;13/04/18
VLG2020;BCN;GRX;32A;Lluvia moderada;13/04/18
AEA5201;PMI;GRX;EMBRAER ERJ-195;Lluvia;13/04/18
VLG3933;PMI;GRX;32A;Lluvia;13/04/18
IBE8646;MAD;GRX;CANADAIR CRJ-900;Chubascos dispersos;13/04/18
IBE8642;MAD;GRX;BOMBARDIER CRJ-1000;Chubascos dispersos;13/04/18
VLG2014;BCN;GRX;AIRBUS A320;Lluvia moderada;13/04/18
IBE8644;MAD;GRX;BOMBARDIER CRJ-1000;Chubascos dispersos;13/04/18
VLG2618;BIO;GRX;AIRBUS A320;Lluvia;13/04/18
VLG2016;BCN;GRX;32B;Lluvia moderada;13/04/18
IBE8648;MAD;GRX;CANADAIR CRJ-900;Chubascos dispersos;13/04/18
VLG2010;BCN;GRX;AIRBUS A321;Lluvia moderada;14/04/18
IBE8640;MAD;GRX;BOMBARDIER CRJ-1000;Chubascos dispersos;14/04/18
IBE8993;VLC;MAD;BOMBARDIER CRJ-1000;Nubosidad variable;13/04/18
SWR2131;VLC;GVA;CS1;Nubosidad variable;13/04/18
EZY8224;VLC;LGW;AIRBUS A319;Nubosidad variable;13/04/18
IBE8987;VLC;MAD;CANADAIR CRJ-900;Nubosidad variable;13/04/18
RYR2258;VLC;TRN;BOEING 737-800 WINGLETS;Nubosidad variable;13/04/18
TRA5106;VLC;EIN;BOEING 737-800 WINGLETS;Nubosidad variable;13/04/18
RYR9678;VLC;CIA;BOEING 737-800 WINGLETS;Nubosidad variable;13/04/18
RYR8322;VLC;STN;BOEING 737-800 WINGLETS;Nubosidad variable;13/04/18
RYR7216;VLC;IBZ;BOEING 737-800 WINGLETS;Nubosidad variable;13/04/18
RYR7619;VLC;GLA;BOEING 737-800 WINGLETS;Nubosidad variable;13/04/18
AEA1007;VLC;CDG;BOEING 737-800 WINGLETS;Nubosidad variable;13/04/18
AEA4064;VLC;MAD;ATR-72;Nubosidad variable;13/04/18
VLG6244;VLC;FCO;AIRBUS A320;Nubosidad variable;13/04/18
VLG3695;VLC;IBZ;AIRBUS A320;Nubosidad variable;13/04/18
IBE8314;MAD;EAS;ATR-72;Chubascos dispersos;13/04/18
IBE8316;MAD;EAS;ATR-72;Chubascos dispersos;13/04/18
IBE8322;MAD;EAS;ATR-72;Chubascos dispersos;13/04/18
IBE8318;MAD;EAS;ATR-72;Chubascos dispersos;13/04/18
VLG2488;BCN;EAS;AIRBUS A319;Lluvia moderada;13/04/18
IBE8326;MAD;EAS;ATR-72;Chubascos dispersos;13/04/18
IBE8324;MAD;EAS;ATR-72;Chubascos dispersos;13/04/18
VLG2486;BCN;EAS;AIRBUS A319;Lluvia moderada;14/04/18
IBE0554;MAD;SDR;AIRBUS A319;Chubascos dispersos;13/04/18
IBE0556;MAD;SDR;AIRBUS A319;Chubascos dispersos;13/04/18
VLG1590;BCN;SDR;AIRBUS A320;Lluvia moderada;13/04/18
IBE0558;MAD;SDR;AIRBUS A319;Chubascos dispersos;13/04/18
IBE8878;MAD;SDR;BOMBARDIER CRJ-1000;Chubascos dispersos;13/04/18
AEA5002;MLN;AGP;ATR-72;Chubascos dispersos;13/04/18
IBE8273;MLN;AGP;ATR-72;Chubascos dispersos;13/04/18
IBE8263;MLN;AGP;ATR-72;Chubascos dispersos;13/04/18
IBE8275;MLN;AGP;ATR-72;Chubascos dispersos;13/04/18
IBE8791;MLN;MAD;ATR-72;Chubascos dispersos;13/04/18
IBE8269;MLN;AGP;ATR-72;Chubascos dispersos;13/04/18
IBE8793;MLN;MAD;ATR-72;Chubascos dispersos;13/04/18
IBE8277;MLN;AGP;ATR-72;Chubascos dispersos;13/04/18
AEA5004;MLN;AGP;ATR-72;Chubascos dispersos;13/04/18
IBE8261;MLN;AGP;ATR-72;Chubascos dispersos;14/04/18
IBE8789;MLN;MAD;ATR-72;Chubascos dispersos;14/04/18
AEA5002;MLN;AGP;ATR-72;Chubascos dispersos;14/04/18
IBE8273;MLN;AGP;ATR-72;Chubascos dispersos;14/04/18
GMI6453;PMI;DRS;BOEING 737-700 WINGLETS;Lluvia;13/04/18
RYR3531;PMI;EIN;BOEING 737-800 WINGLETS;Lluvia;13/04/18
TCX1163;PMI;EMA;32B;Lluvia;13/04/18
SAS2588;PMI;CPH;AIRBUS A321;Lluvia;13/04/18
EZY6040;PMI;BRS;32A;Lluvia;13/04/18
EZY4502;PMI;SXF;32A;Lluvia;13/04/18
EZY2272;PMI;LTN;AIRBUS A319;Lluvia;13/04/18
DE1525;PMI;STR;AIRBUS A320;Lluvia;13/04/18
SWR2153;PMI;ZRH;AIRBUS A320;Lluvia;13/04/18
JAF5422;PMI;BRU;BOEING 737-700 WINGLETS;Lluvia;13/04/18
VLG3153;PMI;XRY;AIRBUS A320;Lluvia;13/04/18
AEA6156;PMI;BCN;BOEING 737-800 WINGLETS;Lluvia;13/04/18
EZY7142;PMI;LPL;32A;Lluvia;13/04/18
RYR7888;PMI;ORK;BOEING 737-800 WINGLETS;Lluvia;13/04/18
TCX1203;PMI;LGW;32B;Lluvia;13/04/18
EZY6428;PMI;NCL;AIRBUS A319;Lluvia;13/04/18
AEA4024;PMI;ALC;ATR-72;Lluvia;13/04/18
AEA6030;PMI;MAD;EMBRAER ERJ-195;Lluvia;13/04/18
IBE8530;MAD;PNA;BOMBARDIER CRJ-1000;Chubascos dispersos;13/04/18
IBE8536;MAD;PNA;CANADAIR CRJ-200;Chubascos dispersos;13/04/18
IBE8524;MAD;PNA;BOMBARDIER CRJ-1000;Chubascos dispersos;13/04/18
IBE8532;MAD;PNA;BOMBARDIER CRJ-1000;Chubascos dispersos;13/04/18
IBE8526;MAD;PNA;BOMBARDIER CRJ-1000;Chubascos dispersos;13/04/18
VLG8860;OVD;CDG;AIRBUS A320;Lluvia;13/04/18
IBE0475;OVD;MAD;AIRBUS A321;Lluvia;13/04/18
VLG1628;OVD;AGP;AIRBUS A320;Lluvia;13/04/18
VLG7314;OVD;LGW;AIRBUS A320;Lluvia;13/04/18
IBS3983;OVD;MAD;AIRBUS A320;Lluvia;13/04/18
VOE3925;OVD;AGP;BOEING 717;Lluvia;13/04/18
IBE0487;OVD;MAD;AIRBUS A319;Lluvia;13/04/18
EZY3084;OVD;STN;AIRBUS A319;Lluvia;13/04/18
VLG1578;OVD;BCN;AIRBUS A320;Lluvia;13/04/18
VOE3831;OVD;SVQ;BOEING 717;Lluvia;13/04/18
TAP1113;OVD;LIS;ATR-72;Lluvia;13/04/18
IBE0481;OVD;MAD;AIRBUS A321;Lluvia;13/04/18
VLG1572;OVD;BCN;AIRBUS A320;Lluvia;14/04/18
VOE3590;OVD;PMI;BOEING 717;Lluvia;14/04/18
DE1557;XRY;DUS;AIRBUS A320;Lluvia;13/04/18
RYR8397;XRY;STN;BOEING 737-800 WINGLETS;Lluvia;13/04/18
DE1563;XRY;STR;AIRBUS A320;Lluvia;13/04/18
VLG3154;XRY;PMI;AIRBUS A320;Lluvia;13/04/18
TUI8967;XRY;MUC;BOEING 737-800 WINGLETS;Lluvia;13/04/18
RYR4624;XRY;HHN;BOEING 737-800 WINGLETS;Lluvia;13/04/18
IBE0411;XRY;MAD;AIRBUS A319;Lluvia;13/04/18
SXD4482;XRY;NUE;BOEING 737-800;Lluvia;13/04/18
LLX5281;XRY;NUE;AIRBUS A320;Lluvia;13/04/18
EWG9571;XRY;DUS;32A;Lluvia;13/04/18
VLG2287;XRY;BCN;32A;Lluvia;13/04/18
RYR1284;XRY;BCN;BOEING 737-800 WINGLETS;Lluvia;13/04/18
IBE0405;XRY;MAD;AIRBUS A319;Lluvia;13/04/18
IBE0407;XRY;MAD;AIRBUS A320;Lluvia;14/04/18
LGL688;XRY;LUX;BOEING 737-700 WINGLETS;Lluvia;14/04/18
DE1723;XRY;MUC;AIRBUS A320;Lluvia;14/04/18
DE1565;XRY;HAM;AIRBUS A320;Lluvia;14/04/18
IBE0411;XRY;MAD;32A;Lluvia;14/04/18
VLG1419;BIO;BCN;AIRBUS A320;Lluvia;13/04/18
AFR1477;BIO;CDG;EMBRAER 190;Lluvia;13/04/18
IBE8387;BIO;ALC;CANADAIR CRJ-200;Lluvia;13/04/18
IBS9525;BIO;PMI;AIRBUS A320;Lluvia;13/04/18
EZY3226;BIO;STN;AIRBUS A319;Lluvia;13/04/18
VLG3944;PMI;BIO;32A;Lluvia;12/04/18
IBK6361;BIO;TFS;BOEING 737-800 WINGLETS;Lluvia;13/04/18
VLG3968;BIO;VLC;32A;Lluvia;13/04/18
DLH1825;BIO;MUC;AIRBUS A320;Lluvia;13/04/18
VLG3274;BIO;LPA;AIRBUS A320;Lluvia;13/04/18
VLG3961;BIO;TXL;32A;Lluvia;13/04/18
KLM1686;BIO;AMS;EMBRAER 190;Lluvia;13/04/18
AEA7158;BIO;MAD;EMBRAER ERJ-195;Lluvia;13/04/18
VLG1671;SCQ;BCN;32A;Chubascos dispersos;13/04/18
EZS1180;SCQ;BSL;AIRBUS A319;Chubascos dispersos;13/04/18
VLG6481;SCQ;FCO;AIRBUS A320;Chubascos dispersos;13/04/18
RYR8379;SCQ;STN;BOEING 737-800 WINGLETS;Chubascos dispersos;13/04/18
EVE1120;SCQ;ALC;AIRBUS A320;Chubascos dispersos;13/04/18
AEA2828;SCQ;BCN;BOEING 737-800 WINGLETS;Chubascos dispersos;13/04/18
RYR3042;SCQ;SVQ;BOEING 737-800 WINGLETS;Chubascos dispersos;13/04/18
VLG1677;SCQ;BCN;AIRBUS A320;Chubascos dispersos;13/04/18
DLH1111;SCQ;FRA;AIRBUS A319;Chubascos dispersos;13/04/18
LAV5214;SCQ;TFN;BOEING 737-400;Chubascos dispersos;13/04/18
IBS3875;SCQ;MAD;AIRBUS A320;Chubascos dispersos;13/04/18
EZS1338;SCQ;GVA;AIRBUS A319;Chubascos dispersos;13/04/18
RYR8539;SCQ;ALC;BOEING 737-800 WINGLETS;Chubascos dispersos;13/04/18
RYR4579;SCQ;BGY;BOEING 737-800 WINGLETS;Chubascos dispersos;13/04/18
EVE1602;SCQ;SVQ;32A;Chubascos dispersos;13/04/18
IBS3879;SCQ;MAD;AIRBUS A321;Chubascos dispersos;13/04/18
VLG8222;SCQ;CDG;AIRBUS A320;Chubascos dispersos;13/04/18
VLG1673;SCQ;BCN;AIRBUS A320;Chubascos dispersos;13/04/18
AEA9461;TFN;SPC;ATR-72;Nubosidad variable;13/04/18
IBB611;TFN;SPC;ATR-42/72;Nubosidad variable;13/04/18
CNF418;TFN;SPC;ATR-72;Nubosidad variable;13/04/18
IBB609;TFN;SPC;ATR-72;Nubosidad variable;13/04/18
AEA9463;TFN;SPC;ATR-72;Nubosidad variable;13/04/18
IBB619;TFN;SPC;ATR-72;Nubosidad variable;13/04/18
IBB621;TFN;SPC;ATR-42/72;Nubosidad variable;13/04/18
IBS3842;MAD;SPC;AIRBUS A320;Chubascos dispersos;13/04/18
IBB629;TFN;SPC;ATR-42/72;Nubosidad variable;13/04/18
CNF452;TFN;SPC;ATR-72;Nubosidad variable;13/04/18
IBB631;TFN;SPC;ATR-42/72;Nubosidad variable;13/04/18
IBE2228;TFN;SPC;ATR-42/72;Despejado;17/04/18
AEA9465;TFN;SPC;ATR-72;Nubosidad variable;13/04/18
IBB633;TFN;SPC;ATR-42/72;Nubosidad variable;13/04/18
IBB623;TFN;SPC;ATR-42/72;Nubosidad variable;13/04/18
AEA9479;TFN;SPC;ATR-72;Nubosidad variable;13/04/18
IBB315;LPA;SPC;ATR-72;Cubierto de nubes altas y medias;13/04/18
IBB637;TFN;SPC;ATR-42/72;Nubosidad variable;13/04/18
IBB625;TFN;SPC;ATR-42/72;Nubosidad variable;13/04/18
IBB311;LPA;SPC;ATR-72;Cubierto de nubes altas y medias;13/04/18
IBB639;TFN;SPC;ATR-42/72;Nubosidad variable;13/04/18
AEA5001;AGP;MLN;ATR-72;Chubascos dispersos;13/04/18
IBE8262;AGP;MLN;ATR-72;Chubascos dispersos;13/04/18
IBE8792;MAD;MLN;ATR-72;Chubascos dispersos;13/04/18
IBE8268;AGP;MLN;ATR-72;Chubascos dispersos;13/04/18
IBE8264;AGP;MLN;ATR-72;Chubascos dispersos;13/04/18
IBE8790;MAD;MLN;ATR-72;Chubascos dispersos;13/04/18
IBE8276;AGP;MLN;ATR-72;Chubascos dispersos;13/04/18
AEA5005;AGP;MLN;ATR-72;Chubascos dispersos;13/04/18
IBE8270;AGP;MLN;ATR-72;Chubascos dispersos;13/04/18
IBE8798;MAD;MLN;ATR-72;Chubascos dispersos;13/04/18
IBE8272;AGP;MLN;ATR-72;Chubascos dispersos;13/04/18
AEA5001;AGP;MLN;ATR-72;Chubascos dispersos;14/04/18
IBE8262;AGP;MLN;ATR-72;Chubascos dispersos;14/04/18
IBE8792;MAD;MLN;ATR-72;Chubascos dispersos;14/04/18
RYR1129;LPA;BHX;BOEING 737-800 WINGLETS;Cubierto de nubes altas y medias;13/04/18
IBB107;LPA;TFN;BOMBARDIER CRJ-1000;Cubierto de nubes altas y medias;13/04/18
IBB119;LPA;TFN;BOMBARDIER CRJ-1000;Cubierto de nubes altas y medias;13/04/18
AEA9415;LPA;TFN;ATR-72;Cubierto de nubes altas y medias;13/04/18
IBB208;LPA;FUE;ATR-72;Cubierto de nubes altas y medias;13/04/18
AEA9447;LPA;ACE;ATR-72;Cubierto de nubes altas y medias;13/04/18
TVS4434;LPA;MUC;BOEING 737-800 WINGLETS;Cubierto de nubes altas y medias;13/04/18
IBB123;LPA;TFS;ATR-72;Cubierto de nubes altas y medias;13/04/18
IBB210;LPA;FUE;ATR-72;Cubierto de nubes altas y medias;13/04/18
AEA9161;LPA;MAD;AIRBUS A330-200;Cubierto de nubes altas y medias;13/04/18
IBK5892;LPA;TRF;BOEING 737-800 WINGLETS;Cubierto de nubes altas y medias;13/04/18
IBB109;LPA;TFN;BOMBARDIER CRJ-1000;Cubierto de nubes altas y medias;13/04/18
JAF5182;LPA;BRU;BOEING 737-800 WINGLETS;Cubierto de nubes altas y medias;13/04/18
CNF809;LPA;FUE;ATR-72;Cubierto de nubes altas y medias;13/04/18
CNF721;LPA;ACE;ATR-72;Cubierto de nubes altas y medias;13/04/18
TFL558;LPA;AMS;BOEING 737-800 WINGLETS;Cubierto de nubes altas y medias;13/04/18
EDW201;LPA;ZRH;AIRBUS A320;Cubierto de nubes altas y medias;13/04/18
TUI2115;LPA;DUS;7S8;Cubierto de nubes altas y medias;13/04/18
IBB510;LPA;ACE;ATR-72;Cubierto de nubes altas y medias;13/04/18
VLG1292;BCN;LCG;32A;Lluvia moderada;13/04/18
AEA7233;MAD;LCG;EMBRAER ERJ-195;Chubascos dispersos;13/04/18
IBE0512;MAD;LCG;AIRBUS A320;Chubascos dispersos;13/04/18
VLG1299;SVQ;LCG;AIRBUS A320;Lluvia;13/04/18
AEA7235;MAD;LCG;EMBRAER ERJ-195;Chubascos dispersos;13/04/18
IBE0524;MAD;LCG;AIRBUS A320;Chubascos dispersos;13/04/18
VLG1294;BCN;LCG;32A;Lluvia moderada;13/04/18
VLG1275;VLC;LCG;32A;Nubosidad variable;13/04/18
VLG3153;PMI;XRY;AIRBUS A320;Lluvia;13/04/18
IBE0410;MAD;XRY;AIRBUS A319;Chubascos dispersos;13/04/18
VLG2286;BCN;XRY;32A;Lluvia moderada;13/04/18
RYR1283;BCN;XRY;BOEING 737-800 WINGLETS;Lluvia moderada;13/04/18
IBE0404;MAD;XRY;AIRBUS A319;Chubascos dispersos;13/04/18
IBE0406;MAD;XRY;AIRBUS A320;Chubascos dispersos;13/04/18
IBE0410;MAD;XRY;AIRBUS A319;Chubascos dispersos;14/04/18
VLG3283;TFS;AGP;32A;Nubosidad variable;13/04/18
VLG2609;BIO;AGP;AIRBUS A320;Lluvia;13/04/18
VLG2111;BCN;AGP;AIRBUS A320;Lluvia moderada;13/04/18
EZY8302;MAH;LGW;AIRBUS A319;Lluvia débil;13/04/18
VLG3715;MAH;BCN;AIRBUS A320;Lluvia débil;13/04/18
IBE8666;MAH;ILD;CANADAIR CRJ-900;Lluvia débil;13/04/18
AEA4532;MAH;PMI;ATR-72;Lluvia débil;13/04/18
VLG3745;MAH;BCN;AIRBUS A320;Lluvia débil;13/04/18
IBE8957;MAH;MAD;BOMBARDIER CRJ-1000;Lluvia débil;13/04/18
QTR6563;MAH;MAD;BOMBARDIER CRJ-1000;Lluvia débil;13/04/18
IBE8491;MAH;PMI;CANADAIR CRJ-900;Lluvia débil;13/04/18
IBE8499;MAH;PMI;ATR-42/72;Lluvia débil;13/04/18
RYR7402;MAH;VLC;BOEING 737-800 WINGLETS;Lluvia débil;13/04/18
AEA4530;MAH;PMI;ATR-72;Lluvia débil;13/04/18
IBE8493;MAH;PMI;ATR-42/72;Lluvia débil;13/04/18
RYR6882;MAH;BCN;BOEING 737-800 WINGLETS;Lluvia débil;13/04/18
IBE8027;MAH;MAD;BOMBARDIER CRJ-1000;Lluvia débil;13/04/18
VLG3701;MAH;BCN;AIRBUS A320;Lluvia débil;13/04/18
IBE8487;MAH;PMI;ATR-42/72;Lluvia débil;13/04/18
RYR2076;MAH;EMA;BOEING 737-800 WINGLETS;Lluvia débil;13/04/18
VLG3719;MAH;BCN;AIRBUS A321;Lluvia débil;13/04/18
IBE8481;MAH;PMI;CANADAIR CRJ-900;Lluvia débil;14/04/18
VLG3916;BCN;PMI;AIRBUS A320;Lluvia moderada;13/04/18
IBE0931;BCN;MAD;AIRBUS A321;Lluvia moderada;13/04/18
CPA1834;BCN;MAD;AIRBUS A321;Lluvia moderada;13/04/18
VLG9743;BCN;MAD;AIRBUS A321;Lluvia moderada;13/04/18
IBE0931S;BCN;MAD;AIRBUS A321;Lluvia moderada;13/04/18
AAL8668;BCN;MAD;AIRBUS A321;Lluvia moderada;13/04/18
WZZ2376;BCN;BUD;32B;Lluvia moderada;13/04/18
RYR133;BCN;SXF;BOEING 737-800 WINGLETS;Lluvia moderada;13/04/18
EWG9441;BCN;DUS;AIRBUS A321;Lluvia moderada;13/04/18
VLG3714;BCN;MAH;AIRBUS A320;Lluvia moderada;13/04/18
VLG8008;BCN;ORY;32B;Lluvia moderada;13/04/18
VLG6108;BCN;FCO;AIRBUS A320;Lluvia moderada;13/04/18
VLG9450;BCN;MAD;AIRBUS A320;Lluvia moderada;13/04/18
SWR1953;BCN;ZRH;32B;Lluvia moderada;13/04/18
VLG1870;BCN;CPH;BOEING 737-800 WINGLETS;Lluvia moderada;13/04/18
AEA7156;BIO;MAD;EMBRAER ERJ-195;Lluvia;13/04/18
AEA7302;MAD;VGO;EMBRAER ERJ-195;Chubascos dispersos;13/04/18
IBE0532;MAD;VGO;AIRBUS A319;Chubascos dispersos;13/04/18
IBS9524;PMI;VGO;AIRBUS A320;Lluvia;13/04/18
AEA7300;MAD;VGO;EMBRAER ERJ-195;Chubascos dispersos;13/04/18
IBE0534;MAD;VGO;AIRBUS A320;Chubascos dispersos;13/04/18
AEA2727;BCN;VGO;BOEING 737-800 WINGLETS;Lluvia moderada;13/04/18
RYR245;BCN;VGO;BOEING 737-800 WINGLETS;Lluvia moderada;13/04/18
AEA7306;MAD;VGO;EMBRAER ERJ-195;Chubascos dispersos;13/04/18
VLG3929;PMI;BCN;AIRBUS A320;Lluvia;13/04/18
VLG3903;PMI;BCN;32B;Lluvia;13/04/18
VLG3541;IBZ;BCN;AIRBUS A320;Lluvia débil;13/04/18
VLG2487;EAS;BCN;AIRBUS A319;Lluvia;13/04/18
VLG3713;MAH;BCN;32A;Lluvia débil;13/04/18
VLG1303;ALC;BCN;32A;Nubosidad variable;13/04/18
VLG3257;TFN;SVQ;AIRBUS A320;Nubosidad variable;13/04/18
IBB108;TFN;LPA;ATR-42/72;Nubosidad variable;13/04/18
IBB611;TFN;SPC;ATR-42/72;Nubosidad variable;13/04/18
IBB114;TFN;LPA;ATR-42/72;Nubosidad variable;13/04/18
LAV5213;TFN;SCQ;BOEING 737-400;Nubosidad variable;13/04/18
IBB651;TFN;GMZ;ATR-42/72;Nubosidad variable;13/04/18
CNF418;TFN;SPC;ATR-72;Nubosidad variable;13/04/18
AEA9047;TFN;MAD;BOEING 737-800 WINGLETS;Nubosidad variable;13/04/18
IBK6307;TFN;MAD;BOEING 737-800 WINGLETS;Nubosidad variable;13/04/18
IBB120;TFN;LPA;BOMBARDIER CRJ-1000;Nubosidad variable;13/04/18
IBB422;TFN;FUE;ATR-42/72;Nubosidad variable;13/04/18
IBB609;TFN;SPC;ATR-72;Nubosidad variable;13/04/18
RYR5279;TFN;MAD;BOEING 737-800 WINGLETS;Nubosidad variable;13/04/18
IBB468;TFN;ACE;ATR-42/72;Nubosidad variable;13/04/18
IBB659;TFN;VDE;ATR-42/72;Nubosidad variable;13/04/18
AEA9416;TFN;LPA;ATR-72;Nubosidad variable;13/04/18
VLG3261;TFN;BIO;AIRBUS A320;Nubosidad variable;13/04/18
IBB146;TFN;LPA;ATR-42/72;Nubosidad variable;13/04/18
EZY8164;LEI;LGW;AIRBUS A320;Chubascos dispersos;13/04/18
IBE8213;LEI;PMI;CANADAIR CRJ-200;Chubascos dispersos;13/04/18
IBE8595;LEI;MAD;BOMBARDIER CRJ-1000;Chubascos dispersos;13/04/18
RYR8352;LEI;STN;BOEING 737-800 WINGLETS;Chubascos dispersos;13/04/18
VLG1252;LEI;BCN;AIRBUS A320;Chubascos dispersos;13/04/18
IBE8577;LEI;MAD;BOMBARDIER CRJ-1000;Chubascos dispersos;13/04/18
IBE8589;LEI;MAD;CANADAIR CRJ-200;Chubascos dispersos;13/04/18
IBE8601;LEI;MAD;BOMBARDIER CRJ-1000;Chubascos dispersos;13/04/18
GMI2381;LEI;DUS;BOEING 737-700 WINGLETS;Chubascos dispersos;13/04/18
RYR1259;LEI;CRL;BOEING 737-800 WINGLETS;Chubascos dispersos;13/04/18
IBE8932;LEI;SVQ;CANADAIR CRJ-200;Chubascos dispersos;13/04/18
IBE8603;LEI;MAD;BOMBARDIER CRJ-1000;Chubascos dispersos;14/04/18
LGL694;LEI;LUX;BOEING 737-800 WINGLETS;Chubascos dispersos;14/04/18
JAF6944;LEI;BRU;EMBRAER 190;Chubascos dispersos;14/04/18
IBE8595;LEI;MAD;CANADAIR CRJ-900;Chubascos dispersos;14/04/18
EZY8164;LEI;LGW;AIRBUS A320;Chubascos dispersos;14/04/18
AEA1703;IBZ;PMI;ATR-72;Lluvia débil;13/04/18
RYR8333;IBZ;BGY;BOEING 737-800 WINGLETS;Lluvia débil;13/04/18
RYR8265;IBZ;BRS;BOEING 737-800 WINGLETS;Lluvia débil;13/04/18
BAW8462;IBZ;LCY;EMBRAER 190;Lluvia débil;13/04/18
IBE8441;IBZ;VLC;CANADAIR CRJ-200;Lluvia débil;13/04/18
VLG3515;IBZ;BCN;AIRBUS A320;Lluvia débil;13/04/18
BAW8464;IBZ;LCY;EMBRAER 190;Lluvia débil;13/04/18
IBE8111;IBZ;PMI;ATR-42/72;Lluvia débil;13/04/18
RYR7217;IBZ;VLC;BOEING 737-800 WINGLETS;Lluvia débil;13/04/18
RYR6720;IBZ;TRN;BOEING 737-800 WINGLETS;Lluvia débil;13/04/18
VLG3416;IBZ;MAD;AIRBUS A320;Lluvia débil;13/04/18
IBE8907;IBZ;ALC;CANADAIR CRJ-200;Lluvia débil;13/04/18
VLG3694;IBZ;VLC;AIRBUS A320;Lluvia débil;13/04/18
AEA2632;IBZ;ZAZ;BOEING 737-800 WINGLETS;Lluvia débil;13/04/18
RYR6703;IBZ;FCO;BOEING 737-800 WINGLETS;Lluvia débil;13/04/18
IBE8911;IBZ;MAD;BOMBARDIER CRJ-1000;Lluvia débil;13/04/18
VLG3511;IBZ;BCN;32A;Lluvia débil;13/04/18
IBE8115;IBZ;PMI;BOMBARDIER CRJ-1000;Lluvia débil;13/04/18
RYR2067;IBZ;MAD;BOEING 737-800 WINGLETS;Lluvia débil;13/04/18
IBE8594;MAD;LEI;BOMBARDIER CRJ-1000;Chubascos dispersos;13/04/18
VLG1251;BCN;LEI;AIRBUS A320;Lluvia moderada;13/04/18
IBE8598;MAD;LEI;BOMBARDIER CRJ-1000;Chubascos dispersos;13/04/18
IBE8212;PMI;LEI;CANADAIR CRJ-200;Despejado;17/04/18
IBE8592;MAD;LEI;BOMBARDIER CRJ-1000;Chubascos dispersos;13/04/18
IBE8588;MAD;LEI;CANADAIR CRJ-200;Chubascos dispersos;13/04/18
IBE8600;MAD;LEI;BOMBARDIER CRJ-1000;Chubascos dispersos;13/04/18
IBE8594;MAD;LEI;CANADAIR CRJ-900;Chubascos dispersos;14/04/18
TOM3513;TFS;LBA;BOEING 737-800 WINGLETS;Nubosidad variable;13/04/18
RYR2914;TFS;MAD;BOEING 737-800 WINGLETS;Nubosidad variable;13/04/18
IBK6514;TFS;DUS;BOEING 737-800 WINGLETS;Nubosidad variable;13/04/18
BEL1652;TFS;BRU;AIRBUS A320;Nubosidad variable;13/04/18
IBB152;TFS;LPA;ATR-72;Nubosidad variable;13/04/18
IBK6400;TFS;LGW;BOEING 737-800 WINGLETS;Nubosidad variable;13/04/18
JAF5940;TFS;CRL;BOEING 737-800 WINGLETS;Nubosidad variable;13/04/18
EXS756;TFS;MAN;BOEING 737-800 WINGLETS;Nubosidad variable;13/04/18
RYR8167;TFS;STN;BOEING 737-800 WINGLETS;Nubosidad variable;13/04/18
OLY547;TFS;CGN;AIRBUS A321;Nubosidad variable;13/04/18
RYR1122;TFS;BHX;BOEING 737-800 WINGLETS;Nubosidad variable;13/04/18
RYR4347;TFS;LPL;BOEING 737-800 WINGLETS;Nubosidad variable;13/04/18
TOM6545;TFS;BOH;BOEING 737-800 WINGLETS;Nubosidad variable;13/04/18
EZY1908;TFS;MAN;32A;Nubosidad variable;13/04/18
TUI2969;TFS;TXL;BOEING 737-700 WINGLETS;Nubosidad variable;13/04/18
EZY6950;TFS;EDI;32A;Nubosidad variable;13/04/18
VLG6598;TFS;ZRH;32A;Nubosidad variable;13/04/18
TCX1505;TFS;GLA;AIRBUS A321;Nubosidad variable;13/04/18
TOM6585;TFS;EXT;BOEING 737-800 WINGLETS;Nubosidad variable;13/04/18
EZY8704;TFS;LGW;32A;Nubosidad variable;13/04/18
TCX1067;TFS;STN;AIRBUS A321;Nubosidad variable;13/04/18
TCX1673;TFS;NCL;32B;Nubosidad variable;13/04/18
TCX1423;TFS;BRS;AIRBUS A321;Nubosidad variable;13/04/18
ANE8391;ALC;MAD;BOMBARDIER CRJ-1000;Nubosidad variable;13/04/18
JAF5842;ALC;CRL;BOEING 737-700 WINGLETS;Nubosidad variable;13/04/18
EZY8660;ALC;LGW;AIRBUS A319;Nubosidad variable;13/04/18
ENT520;ALC;BUD;BOEING 737-800 WINGLETS;Nubosidad variable;13/04/18
TRA6144;ALC;AMS;BOEING 737-800 WINGLETS;Nubosidad variable;13/04/18
TRA5052;ALC;RTM;BOEING 737-700 WINGLETS;Nubosidad variable;13/04/18
TRA6626;ALC;EIN;BOEING 737-800 WINGLETS;Nubosidad variable;13/04/18
VLG1374;ALC;AMS;AIRBUS A320;Nubosidad variable;13/04/18
VLG1392;ALC;MXP;32A;Nubosidad variable;13/04/18
EZY2224;ALC;LTN;AIRBUS A319;Nubosidad variable;13/04/18
RYR1356;ALC;CGN;BOEING 737-800 WINGLETS;Nubosidad variable;13/04/18
SAS4676;ALC;OSL;BOEING 737-700 WINGLETS;Nubosidad variable;13/04/18
EZY6702;ALC;BFS;32A;Nubosidad variable;13/04/18
RYR9084;ALC;EMA;BOEING 737-800 WINGLETS;Nubosidad variable;13/04/18
EXS1528;ALC;STN;AIRBUS A321;Nubosidad variable;13/04/18
RYR8383;ALC;STN;BOEING 737-800 WINGLETS;Nubosidad variable;13/04/18
VLG1366;ALC;FCO;AIRBUS A320;Nubosidad variable;13/04/18
IBE8986;MAD;VLC;CANADAIR CRJ-900;Chubascos dispersos;13/04/18
RYR7223;SCQ;VLC;BOEING 737-800 WINGLETS;Chubascos dispersos;13/04/18
IBE8935;BIO;VLC;CANADAIR CRJ-900;Lluvia;13/04/18
IBE8441;IBZ;VLC;CANADAIR CRJ-200;Lluvia débil;13/04/18
VLG3968;BIO;VLC;32A;Lluvia;13/04/18
IBB505;ACE;LPA;ATR-72;Nubosidad variable;13/04/18
AEA9448;ACE;LPA;ATR-72;Nubosidad variable;13/04/18
DE1421;ACE;DUS;BOEING 757-200  WINGLETS;Nubosidad variable;13/04/18
DE1409;ACE;FRA;BOEING 767-300 WINGLETS;Nubosidad variable;13/04/18
DE1401;ACE;MUC;AIRBUS A320;Nubosidad variable;13/04/18
RYR7125;ACE;DUB;BOEING 737-800 WINGLETS;Nubosidad variable;13/04/18
IBB469;ACE;TFN;ATR-42/72;Nubosidad variable;13/04/18
RYR6627;ACE;EDI;BOEING 737-800 WINGLETS;Nubosidad variable;13/04/18
RYR2595;ACE;BFS;BOEING 737-800 WINGLETS;Nubosidad variable;13/04/18
RYR2132;ACE;MAN;BOEING 737-800 WINGLETS;Nubosidad variable;13/04/18
CNF722;ACE;LPA;ATR-72;Nubosidad variable;13/04/18
EZY8682;ACE;LGW;32A;Nubosidad variable;13/04/18
IBB513;ACE;LPA;ATR-42/72;Nubosidad variable;13/04/18
RYR8289;ACE;STN;BOEING 737-800 WINGLETS;Nubosidad variable;13/04/18
EZY2026;ACE;LTN;32A;Nubosidad variable;13/04/18
JTG632;ACE;BLL;BOEING 737-700 WINGLETS;Nubosidad variable;13/04/18
EIN777;ACE;DUB;AIRBUS A320;Nubosidad variable;13/04/18
IBB471;ACE;TFN;ATR-72;Nubosidad variable;13/04/18
TCX1723;ACE;MAN;32B;Nubosidad variable;13/04/18
NVR158;ACE;OSL;32B;Nubosidad variable;13/04/18
IBB507;ACE;LPA;ATR-72;Nubosidad variable;13/04/18
LLX5052;LPA;ACE;AIRBUS A321;Cubierto de nubes altas y medias;13/04/18
VOE3583;VLC;OVD;BOEING 717;Nubosidad variable;13/04/18
IBE0488;MAD;OVD;AIRBUS A321;Chubascos dispersos;13/04/18
VLG1629;AGP;OVD;AIRBUS A320;Chubascos dispersos;13/04/18
VLG1579;BCN;OVD;AIRBUS A320;Lluvia moderada;13/04/18
IBS3980;MAD;OVD;AIRBUS A320;Chubascos dispersos;13/04/18
IBE0476;MAD;OVD;AIRBUS A319;Chubascos dispersos;13/04/18
VOE3924;AGP;OVD;BOEING 717;Chubascos dispersos;13/04/18
IBE0480;MAD;OVD;AIRBUS A321;Chubascos dispersos;13/04/18
VOE3830;SVQ;OVD;BOEING 717;Lluvia;13/04/18
IBE0482;MAD;OVD;AIRBUS A320;Chubascos dispersos;13/04/18
VLG1571;BCN;OVD;AIRBUS A320;Lluvia moderada;13/04/18
VLG1573;BCN;OVD;AIRBUS A320;Lluvia moderada;14/04/18
VLG1312;BCN;ALC;AIRBUS A320;Lluvia moderada;13/04/18
ANE8387;BIO;ALC;CANADAIR CRJ-200;Despejado;17/04/18
AEA4024;PMI;ALC;ATR-72;Lluvia;13/04/18
VLG1670;BCN;SCQ;32A;Lluvia moderada;13/04/18
RYR5315;MAD;SCQ;BOEING 737-800 WINGLETS;Chubascos dispersos;13/04/18
VLG3980;SCQ;PMI;AIRBUS A320;Chubascos dispersos;12/04/18
EVE1601;SVQ;SCQ;32A;Lluvia;13/04/18
AEA2827;BCN;SCQ;BOEING 737-800 WINGLETS;Lluvia moderada;13/04/18
RYR3041;SVQ;SCQ;BOEING 737-800 WINGLETS;Lluvia;13/04/18
LAV5213;TFN;SCQ;BOEING 737-400;Nubosidad variable;13/04/18
IBS3874;MAD;SCQ;AIRBUS A320;Chubascos dispersos;13/04/18
RYR8538;ALC;SCQ;BOEING 737-800 WINGLETS;Nubosidad variable;13/04/18
EVE1119;ALC;SCQ;32A;Nubosidad variable;13/04/18
IBS3878;MAD;SCQ;AIRBUS A321;Chubascos dispersos;13/04/18
VLG1676;BCN;SCQ;AIRBUS A320;Lluvia moderada;13/04/18
VLG1672;BCN;SCQ;AIRBUS A320;Lluvia moderada;13/04/18
IBE8358;BIO;SCQ;CANADAIR CRJ-200;Lluvia;13/04/18
VLG2251;SVQ;BCN;32B;Lluvia;13/04/18
VLG8830;SVQ;CDG;32A;Lluvia;13/04/18
TRA6728;SVQ;AMS;BOEING 737-800 WINGLETS;Lluvia;13/04/18
TAP1107;SVQ;LIS;ATR-72;Lluvia;13/04/18
RYR1191;SVQ;HAM;BOEING 737-800 WINGLETS;Lluvia;13/04/18
EVE1601;SVQ;SCQ;32A;Lluvia;13/04/18
TRA5086;SVQ;EIN;BOEING 737-800 WINGLETS;Lluvia;13/04/18
VLG2509;SVQ;BIO;AIRBUS A320;Lluvia;13/04/18
RYR3041;SVQ;SCQ;BOEING 737-800 WINGLETS;Lluvia;13/04/18
AEA5106;SVQ;TFN;BOEING 737-800 WINGLETS;Lluvia;13/04/18
VLG3254;SVQ;TFN;AIRBUS A320;Lluvia;13/04/18
IBS3949;SVQ;MAD;AIRBUS A320;Lluvia;13/04/18
VLG1299;SVQ;LCG;AIRBUS A320;Lluvia;13/04/18
DLH1823;SVQ;MUC;AIRBUS A321;Lluvia;13/04/18
MYX8642;SVQ;CDG;AIRBUS A320;Lluvia;13/04/18
ANE2120;SVQ;LYS;BOMBARDIER CRJ-1000;Lluvia;13/04/18
IBB504;LPA;ACE;ATR-72;Cubierto de nubes altas y medias;13/04/18
AEA9447;LPA;ACE;ATR-72;Cubierto de nubes altas y medias;13/04/18
IBB468;TFN;ACE;ATR-42/72;Nubosidad variable;13/04/18
CNF721;LPA;ACE;ATR-72;Cubierto de nubes altas y medias;13/04/18
IBB510;LPA;ACE;ATR-72;Cubierto de nubes altas y medias;13/04/18
IBB470;TFN;ACE;ATR-72;Nubosidad variable;13/04/18
IBE2248;TFN;ACE;ATR-72;Despejado;17/04/18
LLX5052;LPA;ACE;AIRBUS A321;Cubierto de nubes altas y medias;13/04/18
IBB508;LPA;ACE;ATR-72;Cubierto de nubes altas y medias;13/04/18
IBS3856;MAD;ACE;AIRBUS A320;Chubascos dispersos;13/04/18
RYR5947;MJV;BOH;BOEING 737-800 WINGLETS;Nubosidad variable;13/04/18
EZY6014;MJV;BRS;32A;Nubosidad variable;13/04/18
RYR1925;MJV;EMA;BOEING 737-800 WINGLETS;Nubosidad variable;13/04/18
RYR8025;MJV;STN;BOEING 737-800 WINGLETS;Nubosidad variable;13/04/18
EXS208;MJV;LBA;BOEING 737-300;Nubosidad variable;13/04/18
EZY8552;MJV;LGW;AIRBUS A320;Nubosidad variable;13/04/18
RYR7843;MJV;PIK;BOEING 737-800 WINGLETS;Nubosidad variable;13/04/18
EXS524;MJV;NCL;BOEING 737-300 WINGLETS;Nubosidad variable;13/04/18
EXS822;MJV;EDI;BOEING 737-300 WINGLETS;Nubosidad variable;13/04/18
JAF5902;MJV;CRL;BOEING 737-800 WINGLETS;Nubosidad variable;13/04/18
EXS864;MJV;MAN;BOEING 737-800 WINGLETS;Nubosidad variable;13/04/18
RYR8027;MJV;STN;BOEING 737-800 WINGLETS;Nubosidad variable;13/04/18
RYR2323;MJV;LBA;BOEING 737-800 WINGLETS;Nubosidad variable;13/04/18
RYR4117;MJV;MAN;BOEING 737-800 WINGLETS;Nubosidad variable;13/04/18
RYR3453;MJV;LTN;BOEING 737-800 WINGLETS;Nubosidad variable;13/04/18
RYR7095;MJV;DUB;BOEING 737-800 WINGLETS;Nubosidad variable;13/04/18
EZY8554;MJV;LGW;AIRBUS A320;Nubosidad variable;13/04/18
JAF6902;MJV;ANR;EMBRAER 190;Nubosidad variable;14/04/18
RYR2155;MJV;BHX;BOEING 737-800 WINGLETS;Nubosidad variable;14/04/18
EZY8550;MJV;LGW;AIRBUS A319;Nubosidad variable;14/04/18
EZY6014;MJV;BRS;AIRBUS A319;Nubosidad variable;14/04/18
RYR1925;MJV;EMA;BOEING 737-800 WINGLETS;Nubosidad variable;14/04/18
IBB236;LPA;FUE;ATR-72;Cubierto de nubes altas y medias;13/04/18
IBB208;LPA;FUE;ATR-72;Cubierto de nubes altas y medias;13/04/18
IBB210;LPA;FUE;ATR-72;Cubierto de nubes altas y medias;13/04/18
IBB422;TFN;FUE;ATR-42/72;Nubosidad variable;13/04/18
CNF809;LPA;FUE;ATR-72;Cubierto de nubes altas y medias;13/04/18
IBB206;LPA;FUE;ATR-72;Cubierto de nubes altas y medias;13/04/18
RYR5468;MAD;FUE;BOEING 737-800 WINGLETS;Chubascos dispersos;13/04/18
AEA9433;LPA;FUE;ATR-72;Cubierto de nubes altas y medias;13/04/18
VLG3014;BCN;FUE;32A;Lluvia moderada;13/04/18
RYR6396;BCN;SVQ;BOEING 737-800 WINGLETS;Lluvia moderada;13/04/18
VLG2224;BCN;SVQ;AIRBUS A320;Lluvia moderada;13/04/18
AEA5103;TFN;SVQ;BOEING 737-800 WINGLETS;Nubosidad variable;13/04/18
VLG2252;BCN;SVQ;AIRBUS A320;Lluvia moderada;13/04/18
VLG3257;TFN;SVQ;AIRBUS A320;Nubosidad variable;13/04/18
IBS3950;MAD;SVQ;AIRBUS A320;Chubascos dispersos;13/04/18
VLG2510;BIO;SVQ;AIRBUS A320;Lluvia;13/04/18
RYR3042;SCQ;SVQ;BOEING 737-800 WINGLETS;Chubascos dispersos;13/04/18
RYR5273;PMI;SVQ;BOEING 737-800 WINGLETS;Lluvia;13/04/18
VOE3528;BIO;SVQ;BOEING 717;Lluvia;13/04/18
RYR2207;VLC;SVQ;BOEING 737-800 WINGLETS;Nubosidad variable;13/04/18
VLG3965;VLC;SVQ;AIRBUS A320;Nubosidad variable;13/04/18
IBE8846;VLC;SVQ;CANADAIR CRJ-900;Nubosidad variable;13/04/18
VLG1298;LCG;SVQ;AIRBUS A320;Chubascos dispersos;13/04/18
IBS3952;MAD;SVQ;32A;Chubascos dispersos;13/04/18
VLG3714;BCN;MAH;AIRBUS A320;Lluvia moderada;13/04/18
IBE8482;PMI;MAH;CANADAIR CRJ-900;Despejado;17/04/18
AEA4537;PMI;MAH;ATR-72;Lluvia;13/04/18
VLG3744;BCN;MAH;AIRBUS A320;Lluvia moderada;13/04/18
IBE8956;MAD;MAH;BOMBARDIER CRJ-1000;Chubascos dispersos;13/04/18
AAL8564;MAD;MAH;BOMBARDIER CRJ-1000;Chubascos dispersos;13/04/18
IBE8498;PMI;MAH;ATR-42/72;Despejado;17/04/18
RYR7401;VLC;MAH;BOEING 737-800 WINGLETS;Nubosidad variable;13/04/18
AEA4531;PMI;MAH;ATR-72;Lluvia;13/04/18
IBE8490;PMI;MAH;ATR-42/72;Despejado;17/04/18
IBE8026;MAD;MAH;BOMBARDIER CRJ-1000;Chubascos dispersos;13/04/18
RYR6881;BCN;MAH;BOEING 737-800 WINGLETS;Lluvia moderada;13/04/18
VLG3700;BCN;MAH;AIRBUS A320;Lluvia moderada;13/04/18
IBE8492;PMI;MAH;ATR-42/72;Despejado;17/04/18
IBE8496;PMI;MAH;CANADAIR CRJ-900;Despejado;17/04/18
VLG3718;BCN;MAH;AIRBUS A321;Lluvia moderada;13/04/18
VLG1432;BCN;BIO;32A;Lluvia moderada;13/04/18
IBK6360;TFS;BIO;BOEING 737-800 WINGLETS;Nubosidad variable;13/04/18
VLG3275;LPA;BIO;AIRBUS A320;Cubierto de nubes altas y medias;13/04/18
VLG3803;MAH;BIO;32A;Lluvia débil;13/04/18
VLG1440;BCN;BIO;32A;Lluvia moderada;13/04/18
AEA7157;MAD;BIO;EMBRAER ERJ-195;Chubascos dispersos;13/04/18
IBB107;LPA;TFN;BOMBARDIER CRJ-1000;Cubierto de nubes altas y medias;13/04/18
IBB115;LPA;TFN;ATR-72;Cubierto de nubes altas y medias;13/04/18
AEA9059;MAD;TFN;BOEING 737-800 WINGLETS;Chubascos dispersos;13/04/18
IBB606;SPC;TFN;ATR-72;Cubierto de nubes altas y medias;13/04/18
IBB105;LPA;TFN;ATR-72;Cubierto de nubes altas y medias;13/04/18
RYR5278;MAD;TFN;BOEING 737-800 WINGLETS;Chubascos dispersos;13/04/18
IBB453;ACE;TFN;ATR-42/72;Nubosidad variable;13/04/18
IBK6306;MAD;TFN;BOEING 737-800 WINGLETS;Chubascos dispersos;13/04/18
IBB415;FUE;TFN;ATR-42/72;Nubosidad variable;13/04/18
CNF413;SPC;TFN;ATR-72;Cubierto de nubes altas y medias;13/04/18
IBB608;SPC;TFN;ATR-42/72;Cubierto de nubes altas y medias;13/04/18
IBB119;LPA;TFN;BOMBARDIER CRJ-1000;Cubierto de nubes altas y medias;13/04/18
IBB656;VDE;TFN;ATR-72;Chubascos dispersos;13/04/18
AEA9415;LPA;TFN;ATR-72;Cubierto de nubes altas y medias;13/04/18
VLG3260;BIO;TFN;AIRBUS A320;Lluvia;13/04/18
AEA9462;SPC;TFN;ATR-72;Cubierto de nubes altas y medias;13/04/18
IBB109;LPA;TFN;BOMBARDIER CRJ-1000;Cubierto de nubes altas y medias;13/04/18
IBB612;SPC;TFN;ATR-42/72;Cubierto de nubes altas y medias;13/04/18
IBS3942;MAD;TFN;AIRBUS A321;Chubascos dispersos;13/04/18
RYR3063;BCN;TFN;BOEING 737-800 WINGLETS;Lluvia moderada;13/04/18
IBB650;GMZ;TFN;ATR-42/72;Nubosidad variable;13/04/18
CNF419;SPC;TFN;ATR-72;Cubierto de nubes altas y medias;13/04/18
CNF612;TFN;LPA;ATR-42/72;Nubosidad variable;13/04/18
AEA9404;TFN;LPA;ATR-72;Nubosidad variable;13/04/18
IBB102;TFN;LPA;BOMBARDIER CRJ-1000;Nubosidad variable;13/04/18
IBB203;FUE;LPA;ATR-72;Nubosidad variable;13/04/18
AEA9432;FUE;LPA;ATR-72;Nubosidad variable;13/04/18
AEA9156;MAD;LPA;AIRBUS A330-200;Chubascos dispersos;13/04/18
IBB501;ACE;LPA;BOMBARDIER CRJ-1000;Nubosidad variable;13/04/18
IBB104;TFN;LPA;ATR-42/72;Nubosidad variable;13/04/18
CNF704;ACE;LPA;ATR-42/72;Nubosidad variable;13/04/18
IBB108;TFN;LPA;ATR-42/72;Nubosidad variable;13/04/18
IBB304;SPC;LPA;ATR-42/72;Cubierto de nubes altas y medias;13/04/18
IBB114;TFN;LPA;ATR-42/72;Nubosidad variable;13/04/18
CNF804;FUE;LPA;ATR-72;Nubosidad variable;13/04/18
IBB237;FUE;LPA;ATR-42/72;Nubosidad variable;13/04/18
IBB505;ACE;LPA;ATR-72;Nubosidad variable;13/04/18
IBE8112;PMI;IBZ;CANADAIR CRJ-200;Despejado;17/04/18
VLG3508;BCN;IBZ;AIRBUS A320;Lluvia moderada;13/04/18
IBE8106;PMI;IBZ;ATR-42/72;Despejado;17/04/18
RYR7216;VLC;IBZ;BOEING 737-800 WINGLETS;Nubosidad variable;13/04/18
VLG3419;MAD;IBZ;AIRBUS A320;Chubascos dispersos;13/04/18
IBE8904;ALC;IBZ;CANADAIR CRJ-200;Despejado;17/04/18
VLG3695;VLC;IBZ;AIRBUS A320;Nubosidad variable;13/04/18
AEA2687;BCN;IBZ;BOEING 737-800 WINGLETS;Lluvia moderada;13/04/18
IBE8910;MAD;IBZ;BOMBARDIER CRJ-1000;Chubascos dispersos;13/04/18
IBE8108;PMI;IBZ;BOMBARDIER CRJ-1000;Despejado;17/04/18
VLG3510;BCN;IBZ;32A;Lluvia moderada;13/04/18
AEA6025;MAD;IBZ;EMBRAER ERJ-195;Chubascos dispersos;13/04/18
VLG3916;BCN;PMI;AIRBUS A320;Lluvia moderada;13/04/18
AEA6031;MAD;PMI;EMBRAER ERJ-195;Chubascos dispersos;13/04/18
AEA4004;VLC;PMI;EMBRAER ERJ-195;Nubosidad variable;13/04/18
ANE8483;MAH;PMI;CANADAIR CRJ-900;Despejado;17/04/18
RYR2051;MAD;PMI;BOEING 737-800 WINGLETS;Chubascos dispersos;13/04/18
ANE8105;IBZ;PMI;BOMBARDIER CRJ-1000;Despejado;17/04/18
VLG3924;BCN;PMI;32A;Lluvia moderada;13/04/18
RYR4421;VIT;CGN;BOEING 737-800 WINGLETS;Lluvia;13/04/18
IBE8221;RJL;MAD;CANADAIR CRJ-200;Lluvia;14/04/18
IBE8759;LEN;BCN;BOMBARDIER CRJ-1000;Lluvia;13/04/18
IBE8224;MAD;RJL;CANADAIR CRJ-200;Chubascos dispersos;13/04/18
IBE8758;BCN;LEN;BOMBARDIER CRJ-1000;Despejado;17/04/18
RYR6320;BCN;VLL;BOEING 737-800 WINGLETS;Lluvia;13/04/18
VLG1584;BCN;VLL;AIRBUS A320;Lluvia;13/04/18
IBE8313;BJZ;BCN;BOMBARDIER CRJ-1000;Chubascos dispersos;13/04/18
IBE8331;BJZ;MAD;CANADAIR CRJ-200;Chubascos dispersos;13/04/18
AEA2631;ZAZ;IBZ;BOEING 737-800 WINGLETS;Chubascos dispersos;13/04/18
RYR4634;ZAZ;BGY;BOEING 737-800 WINGLETS;Chubascos dispersos;13/04/18
VLG3979;ZAZ;PMI;AIRBUS A320;Chubascos dispersos;13/04/18
HTY109;JCU;AEI;AWH;Lluvia;13/04/18
HTY111;JCU;AEI;AWH;Lluvia;13/04/18
HTY113;JCU;AEI;AWH;Lluvia;13/04/18
HTY257;JCU;AGP;AWH;Lluvia;13/04/18
HTY137;JCU;AEI;AWH;Lluvia;13/04/18
IBB651;TFN;GMZ;ATR-42/72;Nubosidad variable;13/04/18
IBB653;TFN;GMZ;ATR-42/72;Nubosidad variable;13/04/18
IBE2244;TFN;GMZ;ATR-72;Despejado;17/04/18
IBB651;TFN;GMZ;ATR-72;Nubosidad variable;14/04/18
HTY110;JCU;AEI;AWH;Lluvia;13/04/18
HTY112;AEI;JCU;AWH;Tormentas localmente fuertes;13/04/18
HTY114;AEI;JCU;AWH;Tormentas localmente fuertes;13/04/18
HTY138;AEI;JCU;AWH;Tormentas localmente fuertes;13/04/18
RYR1074;REU;EMA;BOEING 737-800 WINGLETS;Lluvia;13/04/18
RYR1115;REU;DUB;BOEING 737-800 WINGLETS;Lluvia;13/04/18
RYR2212;REU;EIN;BOEING 737-800 WINGLETS;Lluvia;13/04/18
RYR2212;REU;EIN;BOEING 737-800 WINGLETS;Lluvia;14/04/18
RYR1115;REU;DUB;BOEING 737-800 WINGLETS;Lluvia;14/04/18
IBE8319;EAS;MAD;ATR-72;Lluvia;13/04/18
IBE8329;EAS;MAD;ATR-72;Lluvia;13/04/18
IBE8315;EAS;MAD;ATR-72;Lluvia;13/04/18
VLG2489;EAS;BCN;AIRBUS A319;Lluvia;13/04/18
IBE8323;EAS;MAD;ATR-72;Lluvia;13/04/18
VLG2487;EAS;BCN;AIRBUS A319;Lluvia;14/04/18
IBE8327;EAS;MAD;ATR-72;Lluvia;14/04/18
IBE8533;PNA;MAD;BOMBARDIER CRJ-1000;Lluvia;13/04/18
DLH1119;PNA;FRA;AIRBUS A319;Lluvia;13/04/18
IBE8539;PNA;MAD;CANADAIR CRJ-200;Lluvia;13/04/18
KRP2860;PNA;LPA;FOKKER 100;Lluvia;13/04/18
IBE8525;PNA;MAD;BOMBARDIER CRJ-1000;Lluvia;13/04/18
IBE8531;PNA;MAD;BOMBARDIER CRJ-1000;Lluvia;13/04/18
IBE8529;PNA;MAD;BOMBARDIER CRJ-1000;Lluvia;14/04/18
IBE0555;SDR;MAD;AIRBUS A319;Lluvia;13/04/18
RYR9156;SDR;CIA;BOEING 737-800 WINGLETS;Lluvia;13/04/18
IBE0557;SDR;MAD;AIRBUS A319;Lluvia;13/04/18
VLG1591;SDR;BCN;AIRBUS A320;Lluvia;13/04/18
RYR1353;SDR;RAK;BOEING 737-800 WINGLETS;Lluvia;13/04/18
RYR6058;SDR;CRL;BOEING 737-800 WINGLETS;Lluvia;13/04/18
IBE0559;SDR;MAD;AIRBUS A319;Lluvia;13/04/18
RYR2613;SDR;STN;BOEING 737-800 WINGLETS;Lluvia;13/04/18
IBE8861;SDR;MAD;BOMBARDIER CRJ-1000;Lluvia;14/04/18
HTY109;JCU;AEI;AWH;Lluvia;13/04/18
HTY111;JCU;AEI;AWH;Lluvia;13/04/18
HTY113;JCU;AEI;AWH;Lluvia;13/04/18
HTY137;JCU;AEI;AWH;Lluvia;13/04/18
AEA2632;IBZ;ZAZ;BOEING 737-800 WINGLETS;Nuboso a muy nuboso;13/04/18
VLG3978;PMI;ZAZ;AIRBUS A320;Lluvia;13/04/18
TAP1085;LCG;LIS;ATR-42/72;Chubascos dispersos;13/04/18
AEA7234;LCG;MAD;EMBRAER ERJ-195;Chubascos dispersos;13/04/18
IBE0513;LCG;MAD;AIRBUS A320;Chubascos dispersos;13/04/18
VLG1274;LCG;VLC;32A;Chubascos dispersos;13/04/18
VLG1298;LCG;SVQ;AIRBUS A320;Chubascos dispersos;13/04/18
AEA7236;LCG;MAD;EMBRAER ERJ-195;Chubascos dispersos;13/04/18
IBE0523;LCG;MAD;AIRBUS A320;Chubascos dispersos;13/04/18
VLG1295;LCG;BCN;32A;Chubascos dispersos;13/04/18
VLG7104;LCG;LHR;AIRBUS A320;Chubascos dispersos;13/04/18
LZF440;BIO;LCG;ATR 42-300/320;Lluvia moderada;13/04/18
AEA7238;LCG;MAD;EMBRAER ERJ-195;Chubascos dispersos;13/04/18
IBE8316;MAD;EAS;ATR-72;Chubascos dispersos;13/04/18
IBE8322;MAD;EAS;ATR-72;Chubascos dispersos;13/04/18
IBE8318;MAD;EAS;ATR-72;Chubascos dispersos;13/04/18
VLG2488;BCN;EAS;AIRBUS A319;Lluvia;13/04/18
IBE8326;MAD;EAS;ATR-72;Chubascos dispersos;13/04/18
IBE8324;MAD;EAS;ATR-72;Chubascos dispersos;13/04/18
VLG2486;BCN;EAS;AIRBUS A319;Lluvia;14/04/18
VLG1703;VGO;BCN;32A;Chubascos dispersos;13/04/18
AEA7315;VGO;MAD;EMBRAER ERJ-195;Chubascos dispersos;13/04/18
IBE0533;VGO;MAD;AIRBUS A319;Chubascos dispersos;13/04/18
IBS9527;VGO;PMI;AIRBUS A320;Chubascos dispersos;13/04/18
TAP1141;VGO;LIS;ATR-72;Chubascos dispersos;13/04/18
AEA7317;VGO;MAD;EMBRAER ERJ-195;Chubascos dispersos;13/04/18
IBE0535;VGO;MAD;AIRBUS A319;Chubascos dispersos;13/04/18
RYR246;VGO;BCN;BOEING 737-800 WINGLETS;Chubascos dispersos;13/04/18
AEA2728;VGO;BCN;BOEING 737-800 WINGLETS;Chubascos dispersos;13/04/18
AEA7319;VGO;MAD;EMBRAER ERJ-195;Chubascos dispersos;13/04/18
RYR244;VGO;BLQ;BOEING 737-800 WINGLETS;Chubascos dispersos;13/04/18
VLG1705;VGO;BCN;AIRBUS A320;Chubascos dispersos;13/04/18
VLG1590;BCN;SDR;AIRBUS A320;Lluvia;13/04/18
IBE0558;MAD;SDR;AIRBUS A319;Chubascos dispersos;13/04/18
IBE8878;MAD;SDR;BOMBARDIER CRJ-1000;Chubascos dispersos;13/04/18
IBE8536;MAD;PNA;CANADAIR CRJ-200;Chubascos dispersos;13/04/18
IBE8524;MAD;PNA;BOMBARDIER CRJ-1000;Chubascos dispersos;13/04/18
IBE8532;MAD;PNA;BOMBARDIER CRJ-1000;Chubascos dispersos;13/04/18
IBE8526;MAD;PNA;BOMBARDIER CRJ-1000;Chubascos dispersos;13/04/18
VLG3916;BCN;PMI;AIRBUS A320;Lluvia;13/04/18
RYR133;BCN;SXF;BOEING 737-800 WINGLETS;Lluvia;13/04/18
VLG9450;BCN;MAD;AIRBUS A320;Lluvia;13/04/18
TRA6064;BCN;RTM;BOEING 737-700 WINGLETS;Lluvia;13/04/18
VLG6332;BCN;MXP;AIRBUS A320;Lluvia;13/04/18
RYR5710;BCN;NAP;BOEING 737-800 WINGLETS;Lluvia;13/04/18
BAW473;BCN;LHR;AIRBUS A320;Lluvia;13/04/18
FIN1654;BCN;HEL;32B;Lluvia;13/04/18
EIN867;BCN;ORK;AIRBUS A320;Lluvia;13/04/18
VLG1251;BCN;LEI;AIRBUS A320;Lluvia;13/04/18
RYR6874;BCN;DUB;BOEING 737-800 WINGLETS;Lluvia;13/04/18
RYR7543;BCN;MAN;BOEING 737-800 WINGLETS;Lluvia;13/04/18
VLG1890;BCN;HAJ;AIRBUS A319;Lluvia;13/04/18
VLG8100;BCN;ATH;32B;Lluvia;13/04/18
IBB662;VDE;TFN;ATR-42/72;Chubascos dispersos;13/04/18
IBB664;VDE;TFN;ATR-72;Chubascos dispersos;13/04/18
IBS7266;VDE;TFN;ATR-72;Chubascos dispersos;13/04/18
IBB366;VDE;LPA;ATR-72;Chubascos dispersos;13/04/18
IBS2247;VDE;LPA;ATR-72;Chubascos dispersos;13/04/18
CNF248;VDE;TFN;ATR-72;Chubascos dispersos;13/04/18
IBB674;VDE;TFN;ATR-72;Chubascos dispersos;13/04/18
IBB656;VDE;TFN;ATR-72;Chubascos dispersos;14/04/18
IBE8987;VLC;MAD;CANADAIR CRJ-900;Nubosidad variable;13/04/18
TRA5106;VLC;EIN;BOEING 737-800 WINGLETS;Nubosidad variable;13/04/18
RYR9678;VLC;CIA;BOEING 737-800 WINGLETS;Nubosidad variable;13/04/18
RYR8322;VLC;STN;BOEING 737-800 WINGLETS;Nubosidad variable;13/04/18
RYR7216;VLC;IBZ;BOEING 737-800 WINGLETS;Nubosidad variable;13/04/18
RYR7619;VLC;GLA;BOEING 737-800 WINGLETS;Nubosidad variable;13/04/18
AEA1007;VLC;CDG;BOEING 737-800 WINGLETS;Nubosidad variable;13/04/18
TAP1097;VLC;LIS;ATR-42/72;Nubosidad variable;13/04/18
VLG3695;VLC;IBZ;AIRBUS A320;Nubosidad variable;13/04/18
VLG6244;VLC;FCO;AIRBUS A320;Nubosidad variable;13/04/18
AEA4064;VLC;MAD;ATR-72;Nubosidad variable;13/04/18
EWG2531;VLC;STR;AIRBUS A319;Nubosidad variable;13/04/18
DLH1161;VLC;FRA;AIRBUS A321;Nubosidad variable;13/04/18
EZY8222;VLC;LGW;AIRBUS A319;Nubosidad variable;13/04/18
VLG3969;VLC;BIO;32A;Nubosidad variable;13/04/18
HTY110;JCU;AEI;AWH;Lluvia;13/04/18
HTY112;AEI;JCU;AWH;Tormentas localmente fuertes;13/04/18
HTY114;AEI;JCU;AWH;Tormentas localmente fuertes;13/04/18
HTY258;AGP;JCU;AWH;Despejado;17/04/18
HTY138;AEI;JCU;AWH;Tormentas localmente fuertes;13/04/18
IBB651;TFN;GMZ;ATR-42/72;Nubosidad variable;13/04/18
LAV5213;TFN;SCQ;BOEING 737-400;Nubosidad variable;13/04/18
CNF418;TFN;SPC;ATR-72;Nubosidad variable;13/04/18
AEA9047;TFN;MAD;BOEING 737-800 WINGLETS;Nubosidad variable;13/04/18
IBK6307;TFN;MAD;BOEING 737-800 WINGLETS;Nubosidad variable;13/04/18
IBB422;TFN;FUE;ATR-42/72;Nubosidad variable;13/04/18
IBB120;TFN;LPA;BOMBARDIER CRJ-1000;Nubosidad variable;13/04/18
IBB609;TFN;SPC;ATR-72;Nubosidad variable;13/04/18
IBB468;TFN;ACE;ATR-42/72;Nubosidad variable;13/04/18
RYR5279;TFN;MAD;BOEING 737-800 WINGLETS;Nubosidad variable;13/04/18
IBB659;TFN;VDE;ATR-42/72;Nubosidad variable;13/04/18
AEA9416;TFN;LPA;ATR-72;Nubosidad variable;13/04/18
VLG3261;TFN;BIO;AIRBUS A320;Nubosidad variable;13/04/18
IBB146;TFN;LPA;ATR-42/72;Nubosidad variable;13/04/18
IBS3943;TFN;MAD;AIRBUS A321;Nubosidad variable;13/04/18
AEA9463;TFN;SPC;ATR-72;Nubosidad variable;13/04/18
IBB110;TFN;LPA;ATR-42/72;Nubosidad variable;13/04/18
IBB470;TFN;ACE;ATR-72;Nubosidad variable;13/04/18
AEA5002;MLN;AGP;ATR-72;Chubascos dispersos;13/04/18
IBE8273;MLN;AGP;ATR-72;Chubascos dispersos;13/04/18
IBE8263;MLN;AGP;ATR-72;Chubascos dispersos;13/04/18
IBE8275;MLN;AGP;ATR-72;Chubascos dispersos;13/04/18
IBE8791;MLN;MAD;ATR-72;Chubascos dispersos;13/04/18
IBE8269;MLN;AGP;ATR-72;Chubascos dispersos;13/04/18
IBE8793;MLN;MAD;ATR-72;Chubascos dispersos;13/04/18
IBE8277;MLN;AGP;ATR-72;Chubascos dispersos;13/04/18
AEA5004;MLN;AGP;ATR-72;Chubascos dispersos;13/04/18
IBE8261;MLN;AGP;ATR-72;Chubascos dispersos;14/04/18
IBE8789;MLN;MAD;ATR-72;Chubascos dispersos;14/04/18
AEA5002;MLN;AGP;ATR-72;Chubascos dispersos;14/04/18
IBE8273;MLN;AGP;ATR-72;Chubascos dispersos;14/04/18
SWR2153;PMI;ZRH;AIRBUS A320;Lluvia;13/04/18
AEA6156;PMI;BCN;BOEING 737-800 WINGLETS;Lluvia;13/04/18
VLG3153;PMI;XRY;AIRBUS A320;Lluvia;13/04/18
EZY7142;PMI;LPL;32A;Lluvia;13/04/18
RYR7888;PMI;ORK;BOEING 737-800 WINGLETS;Lluvia;13/04/18
AEA4024;PMI;ALC;ATR-72;Lluvia;13/04/18
TCX1203;PMI;LGW;32B;Lluvia;13/04/18
EZY6428;PMI;NCL;AIRBUS A319;Lluvia;13/04/18
AEA6030;PMI;MAD;EMBRAER ERJ-195;Lluvia;13/04/18
ANE8106;PMI;IBZ;ATR-42/72;Lluvia;13/04/18
TCX1249;PMI;BHX;32B;Lluvia;13/04/18
RYR3442;PMI;MAN;BOEING 737-800 WINGLETS;Lluvia;13/04/18
ANE8482;PMI;MAH;CANADAIR CRJ-900;Lluvia;13/04/18
AEA5201;PMI;GRX;EMBRAER ERJ-195;Lluvia;13/04/18
EZY2742;PMI;MXP;32A;Lluvia;13/04/18
SAS1806;PMI;ARN;32A;Lluvia;13/04/18
DE1503;PMI;FRA;BOEING 757-300 WINGLETS;Lluvia;13/04/18
RYR5054;MAD;LUX;BOEING 737-800 WINGLETS;Chubascos dispersos;13/04/18
EZY2202;MAD;LTN;AIRBUS A320;Chubascos dispersos;13/04/18
TAP1005;MAD;OPO;EMBRAER 190;Chubascos dispersos;13/04/18
FIN1662;MAD;HEL;32B;Chubascos dispersos;13/04/18
KLM1700;MAD;AMS;BOEING 737-800 WINGLETS;Chubascos dispersos;13/04/18
AEA1153;MAD;LIS;EMBRAER ERJ-195;Chubascos dispersos;13/04/18
IBE8190;MAD;CMN;BOMBARDIER CRJ-1000;Chubascos dispersos;13/04/18
RYR5468;MAD;FUE;BOEING 737-800 WINGLETS;Chubascos dispersos;13/04/18
IBE3150;MAD;ATH;AIRBUS A321;Chubascos dispersos;13/04/18
BMS4014;MAD;TRN;BOEING 737-500;Chubascos dispersos;13/04/18
RYR7257;MAD;DUB;BOEING 737-800 WINGLETS;Chubascos dispersos;13/04/18
EIN593;MAD;DUB;AIRBUS A320;Chubascos dispersos;13/04/18
RYR5991;MAD;STN;BOEING 737-800 WINGLETS;Chubascos dispersos;13/04/18
IBK6360;TFS;BIO;BOEING 737-800 WINGLETS;Nubosidad variable;13/04/18
VLG3275;LPA;BIO;AIRBUS A320;Nubosidad variable;13/04/18
VLG3803;MAH;BIO;32A;Lluvia débil;13/04/18
VLG1440;BCN;BIO;32A;Lluvia;13/04/18
AEA7157;MAD;BIO;EMBRAER ERJ-195;Chubascos dispersos;13/04/18
IBE0426;MAD;BIO;AIRBUS A320;Chubascos dispersos;13/04/18
VLG2509;SVQ;BIO;AIRBUS A320;Chubascos dispersos;13/04/18
VLG1428;BCN;BIO;AIRBUS A320;Lluvia;13/04/18
VLG1292;BCN;LCG;32A;Lluvia;13/04/18
AEA7233;MAD;LCG;EMBRAER ERJ-195;Chubascos dispersos;13/04/18
IBE0512;MAD;LCG;AIRBUS A320;Chubascos dispersos;13/04/18
VLG1299;SVQ;LCG;AIRBUS A320;Chubascos dispersos;13/04/18
AEA7235;MAD;LCG;EMBRAER ERJ-195;Chubascos dispersos;13/04/18
IBE0524;MAD;LCG;AIRBUS A320;Chubascos dispersos;13/04/18
VLG1294;BCN;LCG;32A;Lluvia;13/04/18
VLG1275;VLC;LCG;32A;Nubosidad variable;13/04/18
RYR8397;XRY;STN;BOEING 737-800 WINGLETS;Chubascos dispersos;13/04/18
DE1563;XRY;STR;AIRBUS A320;Chubascos dispersos;13/04/18
VLG3154;XRY;PMI;AIRBUS A320;Chubascos dispersos;13/04/18
TUI8967;XRY;MUC;BOEING 737-800 WINGLETS;Chubascos dispersos;13/04/18
RYR4624;XRY;HHN;BOEING 737-800 WINGLETS;Chubascos dispersos;13/04/18
IBE0411;XRY;MAD;AIRBUS A319;Chubascos dispersos;13/04/18
SXD4482;XRY;NUE;BOEING 737-800;Chubascos dispersos;13/04/18
LLX5281;XRY;NUE;AIRBUS A320;Chubascos dispersos;13/04/18
EWG9571;XRY;DUS;32A;Chubascos dispersos;13/04/18
VLG2287;XRY;BCN;32A;Chubascos dispersos;13/04/18
RYR1284;XRY;BCN;BOEING 737-800 WINGLETS;Chubascos dispersos;13/04/18
IBE0405;XRY;MAD;AIRBUS A319;Chubascos dispersos;13/04/18
IBE0407;XRY;MAD;AIRBUS A320;Chubascos dispersos;14/04/18
LGL688;XRY;LUX;BOEING 737-700 WINGLETS;Chubascos dispersos;14/04/18
DE1723;XRY;MUC;AIRBUS A320;Chubascos dispersos;14/04/18
DE1565;XRY;HAM;AIRBUS A320;Chubascos dispersos;14/04/18
IBE0411;XRY;MAD;32A;Chubascos dispersos;14/04/18
RYR5947;MJV;BOH;BOEING 737-800 WINGLETS;Nubosidad variable;13/04/18
EZY6014;MJV;BRS;32A;Nubosidad variable;13/04/18
RYR1925;MJV;EMA;BOEING 737-800 WINGLETS;Nubosidad variable;13/04/18
RYR8025;MJV;STN;BOEING 737-800 WINGLETS;Nubosidad variable;13/04/18
EXS208;MJV;LBA;BOEING 737-300;Nubosidad variable;13/04/18
EZY8552;MJV;LGW;AIRBUS A320;Nubosidad variable;13/04/18
RYR7843;MJV;PIK;BOEING 737-800 WINGLETS;Nubosidad variable;13/04/18
EXS524;MJV;NCL;BOEING 737-300 WINGLETS;Nubosidad variable;13/04/18
EXS822;MJV;EDI;BOEING 737-300 WINGLETS;Nubosidad variable;13/04/18
JAF5902;MJV;CRL;BOEING 737-800 WINGLETS;Nubosidad variable;13/04/18
EXS864;MJV;MAN;BOEING 737-800 WINGLETS;Nubosidad variable;13/04/18
RYR8027;MJV;STN;BOEING 737-800 WINGLETS;Nubosidad variable;13/04/18
RYR2323;MJV;LBA;BOEING 737-800 WINGLETS;Nubosidad variable;13/04/18
RYR4117;MJV;MAN;BOEING 737-800 WINGLETS;Nubosidad variable;13/04/18
RYR3453;MJV;LTN;BOEING 737-800 WINGLETS;Nubosidad variable;13/04/18
RYR7095;MJV;DUB;BOEING 737-800 WINGLETS;Nubosidad variable;13/04/18
EZY8554;MJV;LGW;AIRBUS A320;Nubosidad variable;13/04/18
JAF6902;MJV;ANR;EMBRAER 190;Nubosidad variable;14/04/18
RYR2155;MJV;BHX;BOEING 737-800 WINGLETS;Nubosidad variable;14/04/18
EZY8550;MJV;LGW;AIRBUS A319;Nubosidad variable;14/04/18
EZY6014;MJV;BRS;AIRBUS A319;Nubosidad variable;14/04/18
RYR1925;MJV;EMA;BOEING 737-800 WINGLETS;Nubosidad variable;14/04/18
IBE8641;GRX;MAD;BOMBARDIER CRJ-1000;Chubascos dispersos;13/04/18
EZY1816;GRX;MAN;32A;Chubascos dispersos;13/04/18
VLG2021;GRX;BCN;32A;Chubascos dispersos;13/04/18
AEA5200;GRX;PMI;EMBRAER ERJ-195;Chubascos dispersos;13/04/18
VLG3932;GRX;PMI;32A;Chubascos dispersos;13/04/18
BAW3290;GRX;LCY;EMBRAER 190;Chubascos dispersos;13/04/18
IBE8645;GRX;MAD;CANADAIR CRJ-900;Chubascos dispersos;13/04/18
IBE8649;GRX;MAD;BOMBARDIER CRJ-1000;Chubascos dispersos;13/04/18
VLG2015;GRX;BCN;AIRBUS A320;Chubascos dispersos;13/04/18
IBE8643;GRX;MAD;BOMBARDIER CRJ-1000;Chubascos dispersos;13/04/18
VLG2619;GRX;BIO;AIRBUS A320;Chubascos dispersos;13/04/18
VLG2017;GRX;BCN;32B;Chubascos dispersos;13/04/18
VLG2011;GRX;BCN;AIRBUS A320;Chubascos dispersos;14/04/18
IBE8641;GRX;MAD;BOMBARDIER CRJ-1000;Chubascos dispersos;14/04/18
RYR8333;IBZ;BGY;BOEING 737-800 WINGLETS;Nuboso a muy nuboso;13/04/18
RYR8265;IBZ;BRS;BOEING 737-800 WINGLETS;Nuboso a muy nuboso;13/04/18
BAW8462;IBZ;LCY;EMBRAER 190;Nuboso a muy nuboso;13/04/18
IBE8441;IBZ;VLC;CANADAIR CRJ-200;Nuboso a muy nuboso;13/04/18
VLG3515;IBZ;BCN;AIRBUS A320;Nuboso a muy nuboso;13/04/18
BAW8464;IBZ;LCY;EMBRAER 190;Nuboso a muy nuboso;13/04/18
IBE8111;IBZ;PMI;ATR-42/72;Nuboso a muy nuboso;13/04/18
RYR7217;IBZ;VLC;BOEING 737-800 WINGLETS;Nuboso a muy nuboso;13/04/18
RYR6720;IBZ;TRN;BOEING 737-800 WINGLETS;Nuboso a muy nuboso;13/04/18
VLG3416;IBZ;MAD;AIRBUS A320;Nuboso a muy nuboso;13/04/18
IBE8907;IBZ;ALC;CANADAIR CRJ-200;Nuboso a muy nuboso;13/04/18
VLG3694;IBZ;VLC;AIRBUS A320;Nuboso a muy nuboso;13/04/18
AEA2632;IBZ;ZAZ;BOEING 737-800 WINGLETS;Nuboso a muy nuboso;13/04/18
RYR6703;IBZ;FCO;BOEING 737-800 WINGLETS;Nuboso a muy nuboso;13/04/18
IBE8911;IBZ;MAD;BOMBARDIER CRJ-1000;Nuboso a muy nuboso;13/04/18
VLG3511;IBZ;BCN;32A;Nuboso a muy nuboso;13/04/18
IBE8115;IBZ;PMI;BOMBARDIER CRJ-1000;Nuboso a muy nuboso;13/04/18
RYR2067;IBZ;MAD;BOEING 737-800 WINGLETS;Nuboso a muy nuboso;13/04/18
AEA6024;IBZ;MAD;EMBRAER ERJ-195;Nuboso a muy nuboso;13/04/18
VLG1671;SCQ;BCN;32A;Chubascos dispersos;13/04/18
VLG6481;SCQ;FCO;AIRBUS A320;Chubascos dispersos;13/04/18
RYR8379;SCQ;STN;BOEING 737-800 WINGLETS;Chubascos dispersos;13/04/18
EVE1120;SCQ;ALC;32A;Chubascos dispersos;13/04/18
RYR3042;SCQ;SVQ;BOEING 737-800 WINGLETS;Chubascos dispersos;13/04/18
AEA2828;SCQ;BCN;BOEING 737-800 WINGLETS;Chubascos dispersos;13/04/18
VLG1677;SCQ;BCN;AIRBUS A320;Chubascos dispersos;13/04/18
DLH1111;SCQ;FRA;AIRBUS A319;Chubascos dispersos;13/04/18
LAV5214;SCQ;TFN;BOEING 737-400;Chubascos dispersos;13/04/18
IBS3875;SCQ;MAD;AIRBUS A320;Chubascos dispersos;13/04/18
EZS1338;SCQ;GVA;AIRBUS A319;Chubascos dispersos;13/04/18
RYR8539;SCQ;ALC;BOEING 737-800 WINGLETS;Chubascos dispersos;13/04/18
RYR4579;SCQ;BGY;BOEING 737-800 WINGLETS;Chubascos dispersos;13/04/18
EVE1602;SCQ;SVQ;32A;Chubascos dispersos;13/04/18
IBS3879;SCQ;MAD;AIRBUS A321;Chubascos dispersos;13/04/18
VLG8222;SCQ;CDG;AIRBUS A320;Chubascos dispersos;13/04/18
VLG1673;SCQ;BCN;AIRBUS A320;Chubascos dispersos;13/04/18
AEA7302;MAD;VGO;EMBRAER ERJ-195;Chubascos dispersos;13/04/18
IBE0532;MAD;VGO;AIRBUS A319;Chubascos dispersos;13/04/18
IBS9524;PMI;VGO;AIRBUS A320;Lluvia;13/04/18
AEA7300;MAD;VGO;EMBRAER ERJ-195;Chubascos dispersos;13/04/18
IBE0534;MAD;VGO;AIRBUS A320;Chubascos dispersos;13/04/18
RYR245;BCN;VGO;BOEING 737-800 WINGLETS;Lluvia;13/04/18
AEA2727;BCN;VGO;BOEING 737-800 WINGLETS;Lluvia;13/04/18
AEA7306;MAD;VGO;EMBRAER ERJ-195;Chubascos dispersos;13/04/18
VLG8860;OVD;CDG;AIRBUS A320;Lluvia;13/04/18
IBE0475;OVD;MAD;AIRBUS A321;Lluvia;13/04/18
VLG1628;OVD;AGP;AIRBUS A320;Lluvia;13/04/18
VLG7314;OVD;LGW;AIRBUS A320;Lluvia;13/04/18
IBS3983;OVD;MAD;AIRBUS A320;Lluvia;13/04/18
VOE3925;OVD;AGP;BOEING 717;Lluvia;13/04/18
IBE0487;OVD;MAD;AIRBUS A319;Lluvia;13/04/18
EZY3084;OVD;STN;AIRBUS A319;Lluvia;13/04/18
VLG1578;OVD;BCN;AIRBUS A320;Lluvia;13/04/18
VOE3831;OVD;SVQ;BOEING 717;Lluvia;13/04/18
TAP1113;OVD;LIS;ATR-72;Lluvia;13/04/18
IBE0481;OVD;MAD;AIRBUS A321;Lluvia;13/04/18
VLG1572;OVD;BCN;AIRBUS A320;Lluvia;14/04/18
VOE3590;OVD;PMI;BOEING 717;Lluvia;14/04/18
VLG1574;OVD;BCN;AIRBUS A320;Lluvia;14/04/18
JAF5832;AGP;OST;BOEING 737-800 WINGLETS;Tormentas localmente fuertes;13/04/18
EZY2734;AGP;MXP;32A;Tormentas localmente fuertes;13/04/18
TFL1628;AGP;AMS;BOEING 737-800 WINGLETS;Tormentas localmente fuertes;13/04/18
EZY3956;AGP;CDG;AIRBUS A320;Tormentas localmente fuertes;13/04/18
RYR4674;AGP;BGY;BOEING 737-800 WINGLETS;Tormentas localmente fuertes;13/04/18
EZY6052;AGP;BRS;AIRBUS A319;Tormentas localmente fuertes;13/04/18
IBK3671;AGP;CPH;BOEING 737-800 WINGLETS;Tormentas localmente fuertes;13/04/18
EZY8602;AGP;LGW;AIRBUS A319;Tormentas localmente fuertes;13/04/18
VLG3282;AGP;TFS;32A;Tormentas localmente fuertes;13/04/18
EZY7180;AGP;LPL;AIRBUS A319;Tormentas localmente fuertes;13/04/18
IBK515;AGP;HEL;BOEING 737-800 WINGLETS;Tormentas localmente fuertes;13/04/18
TRA6116;AGP;AMS;BOEING 737-800 WINGLETS;Tormentas localmente fuertes;13/04/18
EZY2406;AGP;LTN;32A;Tormentas localmente fuertes;13/04/18
EZY4522;AGP;SXF;AIRBUS A319;Tormentas localmente fuertes;13/04/18
TRA5024;AGP;RTM;BOEING 737-700 WINGLETS;Tormentas localmente fuertes;13/04/18
EZY1924;AGP;MAN;32A;Tormentas localmente fuertes;13/04/18
RYR4110;AGP;FRA;BOEING 737-800 WINGLETS;Tormentas localmente fuertes;13/04/18
BAW2713;AGP;LGW;AIRBUS A320;Tormentas localmente fuertes;13/04/18
TAP1133;AGP;LIS;ATR-42/72;Tormentas localmente fuertes;13/04/18
RYR7045;AGP;DUB;BOEING 737-800 WINGLETS;Tormentas localmente fuertes;13/04/18
SAS4684;AGP;OSL;BOEING 737-800;Tormentas localmente fuertes;13/04/18
VLG3068;AGP;LPA;AIRBUS A320;Tormentas localmente fuertes;13/04/18
IBB505;ACE;LPA;ATR-72;Nubosidad variable;13/04/18
AEA9448;ACE;LPA;ATR-72;Nubosidad variable;13/04/18
DE1421;ACE;DUS;BOEING 757-200  WINGLETS;Nubosidad variable;13/04/18
DE1409;ACE;FRA;BOEING 767-300 WINGLETS;Nubosidad variable;13/04/18
DE1401;ACE;MUC;AIRBUS A320;Nubosidad variable;13/04/18
RYR7125;ACE;DUB;BOEING 737-800 WINGLETS;Nubosidad variable;13/04/18
IBB469;ACE;TFN;ATR-42/72;Nubosidad variable;13/04/18
RYR6627;ACE;EDI;BOEING 737-800 WINGLETS;Nubosidad variable;13/04/18
RYR2132;ACE;MAN;BOEING 737-800 WINGLETS;Nubosidad variable;13/04/18
RYR2595;ACE;BFS;BOEING 737-800 WINGLETS;Nubosidad variable;13/04/18
CNF722;ACE;LPA;ATR-72;Nubosidad variable;13/04/18
EZY8682;ACE;LGW;32A;Nubosidad variable;13/04/18
IBB513;ACE;LPA;ATR-42/72;Nubosidad variable;13/04/18
RYR8289;ACE;STN;BOEING 737-800 WINGLETS;Nubosidad variable;13/04/18
EZY2026;ACE;LTN;32A;Nubosidad variable;13/04/18
JTG632;ACE;BLL;BOEING 737-700 WINGLETS;Nubosidad variable;13/04/18
EIN777;ACE;DUB;AIRBUS A320;Nubosidad variable;13/04/18
IBB471;ACE;TFN;ATR-72;Nubosidad variable;13/04/18
TCX1723;ACE;MAN;32B;Nubosidad variable;13/04/18
NVR158;ACE;OSL;32B;Nubosidad variable;13/04/18
IBB507;ACE;LPA;ATR-72;Nubosidad variable;13/04/18
LLX5052;LPA;ACE;AIRBUS A321;Nubosidad variable;13/04/18
RYR9335;GRO;BRS;BOEING 737-800 WINGLETS;Lluvia;13/04/18
RYR9107;GRO;BVA;BOEING 737-800 WINGLETS;Lluvia;13/04/18
RYR7018;GRO;SKG;BOEING 737-800 WINGLETS;Lluvia;13/04/18
RYR9803;GRO;STN;BOEING 737-800 WINGLETS;Lluvia;13/04/18
RYR9211;GRO;FKB;BOEING 737-800 WINGLETS;Lluvia;13/04/18
RYR9911;GRO;BOH;BOEING 737-800 WINGLETS;Lluvia;13/04/18
RYR3769;GRO;LTN;BOEING 737-800 WINGLETS;Lluvia;13/04/18
RYR8047;GRO;BHX;BOEING 737-800 WINGLETS;Lluvia;13/04/18
RYR7038;GRO;CAG;BOEING 737-800 WINGLETS;Lluvia;13/04/18
RYR6924;GRO;RBA;BOEING 737-800 WINGLETS;Lluvia;13/04/18
RYR4275;GRO;FRA;BOEING 737-800 WINGLETS;Lluvia;13/04/18
ANE2034;GRO;SVQ;BOMBARDIER CRJ-1000;Lluvia;14/04/18
RYR9123;GRO;EIN;BOEING 737-800 WINGLETS;Lluvia;14/04/18
RYR3213;GRO;MAN;BOEING 737-800 WINGLETS;Lluvia;14/04/18
RYR2344;GRO;NCL;BOEING 737-800 WINGLETS;Lluvia;14/04/18
RYR9803;GRO;STN;BOEING 737-800 WINGLETS;Lluvia;14/04/18
RYR4125;GRO;HHN;BOEING 737-800 WINGLETS;Lluvia;14/04/18
RYR6391;GRO;NRN;BOEING 737-800 WINGLETS;Lluvia;14/04/18
RYR9241;GRO;PSA;BOEING 737-800 WINGLETS;Lluvia;14/04/18
IBB659;TFN;VDE;ATR-42/72;Nubosidad variable;13/04/18
IBB663;TFN;VDE;ATR-72;Nubosidad variable;13/04/18
IBB365;LPA;VDE;ATR-72;Nubosidad variable;13/04/18
CNF247;TFN;VDE;ATR-42/72;Nubosidad variable;13/04/18
IBB673;TFN;VDE;ATR-72;Nubosidad variable;13/04/18
IBS2237;TFN;VDE;ATR-72;Despejado;17/04/18
IBB655;TFN;VDE;ATR-72;Nubosidad variable;14/04/18
AEA7311;VGO;MAD;EMBRAER ERJ-195;Chubascos dispersos;13/04/18
IBS3835;LPA;MAD;AIRBUS A321;Nubosidad variable;13/04/18
IBE8595;LEI;MAD;BOMBARDIER CRJ-1000;Chubascos dispersos;13/04/18
RYR8352;LEI;STN;BOEING 737-800 WINGLETS;Chubascos dispersos;13/04/18
VLG1252;LEI;BCN;AIRBUS A320;Chubascos dispersos;13/04/18
IBE8577;LEI;MAD;BOMBARDIER CRJ-1000;Chubascos dispersos;13/04/18
IBE8589;LEI;MAD;CANADAIR CRJ-200;Chubascos dispersos;13/04/18
IBE8601;LEI;MAD;BOMBARDIER CRJ-1000;Chubascos dispersos;13/04/18
GMI2381;LEI;DUS;BOEING 737-700 WINGLETS;Chubascos dispersos;13/04/18
RYR1259;LEI;CRL;BOEING 737-800 WINGLETS;Chubascos dispersos;13/04/18
IBE8932;LEI;SVQ;CANADAIR CRJ-200;Chubascos dispersos;13/04/18
IBE8603;LEI;MAD;BOMBARDIER CRJ-1000;Chubascos dispersos;14/04/18
LGL694;LEI;LUX;BOEING 737-800 WINGLETS;Chubascos dispersos;14/04/18
JAF6944;LEI;BRU;EMBRAER 190;Chubascos dispersos;14/04/18
IBE8595;LEI;MAD;CANADAIR CRJ-900;Chubascos dispersos;14/04/18
EZY8164;LEI;LGW;AIRBUS A320;Chubascos dispersos;14/04/18
TRA6728;SVQ;AMS;BOEING 737-800 WINGLETS;Chubascos dispersos;13/04/18
TAP1107;SVQ;LIS;ATR-72;Chubascos dispersos;13/04/18
RYR1191;SVQ;HAM;BOEING 737-800 WINGLETS;Chubascos dispersos;13/04/18
EVE1601;SVQ;SCQ;32A;Chubascos dispersos;13/04/18
TRA5086;SVQ;EIN;BOEING 737-800 WINGLETS;Chubascos dispersos;13/04/18
VLG2509;SVQ;BIO;AIRBUS A320;Chubascos dispersos;13/04/18
RYR3041;SVQ;SCQ;BOEING 737-800 WINGLETS;Chubascos dispersos;13/04/18
AEA5106;SVQ;TFN;BOEING 737-800 WINGLETS;Chubascos dispersos;13/04/18
VLG3254;SVQ;TFN;AIRBUS A320;Chubascos dispersos;13/04/18
IBS3949;SVQ;MAD;AIRBUS A320;Chubascos dispersos;13/04/18
VLG1299;SVQ;LCG;AIRBUS A320;Chubascos dispersos;13/04/18
DLH1823;SVQ;MUC;AIRBUS A321;Chubascos dispersos;13/04/18
MYX8642;SVQ;CDG;AIRBUS A320;Chubascos dispersos;13/04/18
ANE2120;SVQ;LYS;BOMBARDIER CRJ-1000;Chubascos dispersos;13/04/18
RYR5286;SVQ;MRS;BOEING 737-800 WINGLETS;Chubascos dispersos;13/04/18
TAP1105;SVQ;LIS;BOEING 737-400;Chubascos dispersos;13/04/18
RYR1188;SVQ;FMM;BOEING 737-800 WINGLETS;Chubascos dispersos;13/04/18
VLG2221;SVQ;BCN;AIRBUS A320;Chubascos dispersos;13/04/18
JAF5628;FUE;TLS;BOEING 737-800 WINGLETS;Nubosidad variable;13/04/18
CNF804;FUE;LPA;ATR-72;Nubosidad variable;13/04/18
IBB237;FUE;LPA;ATR-42/72;Nubosidad variable;13/04/18
OLY527;FUE;HAM;AIRBUS A321;Nubosidad variable;13/04/18
JAF5480;FUE;LIL;BOEING 737-800 WINGLETS;Nubosidad variable;13/04/18
IBB209;FUE;LPA;ATR-72;Nubosidad variable;13/04/18
SXD2878;FUE;CGN;BOEING 737-800 WINGLETS;Nubosidad variable;13/04/18
TUI2149;FUE;HAJ;BOEING 737-800 WINGLETS;Nubosidad variable;13/04/18
EZY8536;FUE;LGW;32A;Nubosidad variable;13/04/18
SXD2844;FUE;NUE;BOEING 737-800 WINGLETS;Nubosidad variable;13/04/18
SXD2812;FUE;HAJ;BOEING 737-800 WINGLETS;Nubosidad variable;13/04/18
SXD2808;FUE;LEJ;BOEING 737-800 WINGLETS;Nubosidad variable;13/04/18
IBB211;FUE;LPA;ATR-42/72;Nubosidad variable;13/04/18
EWG5901;FUE;VIE;AIRBUS A319;Nubosidad variable;13/04/18
IBB423;FUE;TFN;ATR-42/72;Nubosidad variable;13/04/18
RYR1585;FUE;LBA;BOEING 737-800 WINGLETS;Nubosidad variable;13/04/18
RYR3742;FUE;BHX;BOEING 737-800 WINGLETS;Nubosidad variable;13/04/18
CNF810;FUE;LPA;ATR-42/72;Nubosidad variable;13/04/18
SXD2826;FUE;FRA;BOEING 737-800 WINGLETS;Nubosidad variable;13/04/18
IBB207;FUE;LPA;ATR-42/72;Nubosidad variable;13/04/18
AEA9434;FUE;LPA;ATR-72;Nubosidad variable;13/04/18
RYR5469;FUE;MAD;BOEING 737-800 WINGLETS;Nubosidad variable;13/04/18
SXD2830;FUE;DUS;BOEING 737-800 WINGLETS;Nubosidad variable;13/04/18
VLG3015;FUE;BCN;32A;Nubosidad variable;13/04/18
EZY8302;MAH;LGW;AIRBUS A319;Lluvia débil;13/04/18
VLG3715;MAH;BCN;AIRBUS A320;Lluvia débil;13/04/18
IBE8666;MAH;ILD;CANADAIR CRJ-900;Lluvia débil;13/04/18
AEA4532;MAH;PMI;ATR-72;Lluvia débil;13/04/18
VLG3745;MAH;BCN;AIRBUS A320;Lluvia débil;13/04/18
IBE8957;MAH;MAD;BOMBARDIER CRJ-1000;Lluvia débil;13/04/18
QTR6563;MAH;MAD;BOMBARDIER CRJ-1000;Lluvia débil;13/04/18
IBE8491;MAH;PMI;CANADAIR CRJ-900;Lluvia débil;13/04/18
IBE8499;MAH;PMI;ATR-42/72;Lluvia débil;13/04/18
RYR7402;MAH;VLC;BOEING 737-800 WINGLETS;Lluvia débil;13/04/18
AEA4530;MAH;PMI;ATR-72;Lluvia débil;13/04/18
IBE8493;MAH;PMI;ATR-42/72;Lluvia débil;13/04/18
RYR6882;MAH;BCN;BOEING 737-800 WINGLETS;Lluvia débil;13/04/18
IBE8027;MAH;MAD;BOMBARDIER CRJ-1000;Lluvia débil;13/04/18
VLG3701;MAH;BCN;AIRBUS A320;Lluvia débil;13/04/18
IBE8487;MAH;PMI;ATR-42/72;Lluvia débil;13/04/18
RYR2076;MAH;EMA;BOEING 737-800 WINGLETS;Lluvia débil;13/04/18
VLG3719;MAH;BCN;AIRBUS A321;Lluvia débil;13/04/18
IBE8481;MAH;PMI;CANADAIR CRJ-900;Lluvia débil;14/04/18
AEA9415;LPA;TFN;ATR-72;Nubosidad variable;13/04/18
AEA9447;LPA;ACE;ATR-72;Nubosidad variable;13/04/18
IBB123;LPA;TFS;ATR-72;Nubosidad variable;13/04/18
TVS4434;LPA;MUC;BOEING 737-800 WINGLETS;Nubosidad variable;13/04/18
IBB210;LPA;FUE;ATR-72;Nubosidad variable;13/04/18
AEA9161;LPA;MAD;AIRBUS A330-200;Nubosidad variable;13/04/18
IBK5892;LPA;TRF;BOEING 737-800 WINGLETS;Nubosidad variable;13/04/18
IBB109;LPA;TFN;BOMBARDIER CRJ-1000;Nubosidad variable;13/04/18
JAF5182;LPA;BRU;BOEING 737-800 WINGLETS;Nubosidad variable;13/04/18
CNF809;LPA;FUE;ATR-72;Nubosidad variable;13/04/18
CNF721;LPA;ACE;ATR-72;Nubosidad variable;13/04/18
TFL558;LPA;AMS;BOEING 737-800 WINGLETS;Nubosidad variable;13/04/18
EDW201;LPA;ZRH;AIRBUS A320;Nubosidad variable;13/04/18
TUI2115;LPA;DUS;7S8;Nubosidad variable;13/04/18
IBB510;LPA;ACE;ATR-72;Nubosidad variable;13/04/18
RYR1569;LPA;FRA;BOEING 737-800 WINGLETS;Nubosidad variable;13/04/18
CTM1023;LPA;CAY;Sin especificar;Nubosidad variable;13/04/18
IBB159;LPA;TFN;ATR-72;Nubosidad variable;13/04/18
TUI2263;LPA;HAJ;7S8;Nubosidad variable;13/04/18
IBB612;SPC;TFN;ATR-42/72;Nubosidad variable;13/04/18
CNF419;SPC;TFN;ATR-72;Nubosidad variable;13/04/18
IBB614;SPC;TFN;ATR-72;Nubosidad variable;13/04/18
AEA9464;SPC;TFN;ATR-72;Nubosidad variable;13/04/18
IBB620;SPC;TFN;ATR-72;Nubosidad variable;13/04/18
IBB622;SPC;TFN;ATR-42/72;Nubosidad variable;13/04/18
IBS3843;SPC;MAD;AIRBUS A320;Nubosidad variable;13/04/18
IBB630;SPC;TFN;ATR-42/72;Nubosidad variable;13/04/18
CNF453;SPC;TFN;ATR-72;Nubosidad variable;13/04/18
IBB632;SPC;TFN;ATR-42/72;Nubosidad variable;13/04/18
IBE7265;SPC;TFN;ATR-42/72;Nubosidad variable;13/04/18
AEA9466;SPC;TFN;ATR-72;Nubosidad variable;13/04/18
IBB634;SPC;TFN;ATR-42/72;Nubosidad variable;13/04/18
PRW254;SPC;JYV;BOEING 737-800;Nubosidad variable;13/04/18
IBB636;SPC;TFN;ATR-42/72;Nubosidad variable;13/04/18
IBB316;SPC;LPA;ATR-72;Nubosidad variable;13/04/18
AEA9480;SPC;TFN;ATR-72;Nubosidad variable;13/04/18
TRA5642;SPC;AMS;BOEING 737-700 WINGLETS;Nubosidad variable;13/04/18
IBB638;SPC;TFN;ATR-42/72;Nubosidad variable;13/04/18
IBB626;SPC;TFN;ATR-42/72;Nubosidad variable;13/04/18
IBB312;SPC;LPA;ATR-72;Nubosidad variable;13/04/18
IBB640;SPC;TFN;ATR-42/72;Nubosidad variable;13/04/18
CNF468;SPC;TFN;ATR-72;Nubosidad variable;13/04/18
AEA9468;SPC;TFN;ATR-72;Nubosidad variable;13/04/18
TOM3513;TFS;LBA;BOEING 737-800 WINGLETS;Nubosidad variable;13/04/18
IBK6514;TFS;DUS;BOEING 737-800 WINGLETS;Nubosidad variable;13/04/18
BEL1652;TFS;BRU;AIRBUS A320;Nubosidad variable;13/04/18
IBB152;TFS;LPA;ATR-72;Nubosidad variable;13/04/18
IBE2233;TFS;LPA;ATR-72;Nubosidad variable;13/04/18
IBK6400;TFS;LGW;BOEING 737-800 WINGLETS;Nubosidad variable;13/04/18
JAF5940;TFS;CRL;BOEING 737-800 WINGLETS;Nubosidad variable;13/04/18
RYR8167;TFS;STN;BOEING 737-800 WINGLETS;Nubosidad variable;13/04/18
EXS756;TFS;MAN;BOEING 737-800 WINGLETS;Nubosidad variable;13/04/18
OLY547;TFS;CGN;AIRBUS A321;Nubosidad variable;13/04/18
RYR1122;TFS;BHX;BOEING 737-800 WINGLETS;Nubosidad variable;13/04/18
RYR4347;TFS;LPL;BOEING 737-800 WINGLETS;Nubosidad variable;13/04/18
TOM6545;TFS;BOH;BOEING 737-800 WINGLETS;Nubosidad variable;13/04/18
EZY1908;TFS;MAN;32A;Nubosidad variable;13/04/18
TUI2969;TFS;TXL;BOEING 737-700 WINGLETS;Nubosidad variable;13/04/18
EZY6950;TFS;EDI;32A;Nubosidad variable;13/04/18
VLG6598;TFS;ZRH;32A;Nubosidad variable;13/04/18
TOM6585;TFS;EXT;BOEING 737-800 WINGLETS;Nubosidad variable;13/04/18
TCX1505;TFS;GLA;AIRBUS A321;Nubosidad variable;13/04/18
EZY8704;TFS;LGW;32A;Nubosidad variable;13/04/18
TOM5553;TFS;STN;BOEING 737-800 WINGLETS;Nubosidad variable;13/04/18
TCX1067;TFS;STN;AIRBUS A321;Nubosidad variable;13/04/18
TCX1673;TFS;NCL;32B;Nubosidad variable;13/04/18
TCX1423;TFS;BRS;AIRBUS A321;Nubosidad variable;13/04/18
EZY8660;ALC;LGW;AIRBUS A319;Nubosidad variable;13/04/18
ENT520;ALC;BUD;BOEING 737-800 WINGLETS;Nubosidad variable;13/04/18
TRA6144;ALC;AMS;BOEING 737-800 WINGLETS;Nubosidad variable;13/04/18
TRA6626;ALC;EIN;BOEING 737-800 WINGLETS;Nubosidad variable;13/04/18
VLG1374;ALC;AMS;AIRBUS A320;Nubosidad variable;13/04/18
VLG1392;ALC;MXP;32A;Nubosidad variable;13/04/18
EZY2224;ALC;LTN;AIRBUS A319;Nubosidad variable;13/04/18
RYR1356;ALC;CGN;BOEING 737-800 WINGLETS;Nubosidad variable;13/04/18
SAS4676;ALC;OSL;BOEING 737-700 WINGLETS;Nubosidad variable;13/04/18
EZY6702;ALC;BFS;32A;Nubosidad variable;13/04/18
EXS1528;ALC;STN;AIRBUS A321;Nubosidad variable;13/04/18
RYR9084;ALC;EMA;BOEING 737-800 WINGLETS;Nubosidad variable;13/04/18
RYR8383;ALC;STN;BOEING 737-800 WINGLETS;Nubosidad variable;13/04/18
VLG1366;ALC;FCO;AIRBUS A320;Nubosidad variable;13/04/18
BEE4326;ALC;NWI;EMBRAER ERJ-195;Nubosidad variable;13/04/18
EZY6072;ALC;BRS;AIRBUS A320;Nubosidad variable;13/04/18
RYR4006;ALC;MAN;BOEING 737-800 WINGLETS;Nubosidad variable;13/04/18
RYR7423;ALC;NYO;BOEING 737-800 WINGLETS;Nubosidad variable;13/04/18
RYR9887;ALC;LPL;BOEING 737-800 WINGLETS;Nubosidad variable;13/04/18
SAS1854;ALC;ARN;32A;Nubosidad variable;13/04/18
EZY1918;ALC;MAN;AIRBUS A319;Nubosidad variable;13/04/18
VLG9000;MAD;BCN;32A;Chubascos dispersos;13/04/18
VLG1593;SDR;BCN;AIRBUS A320;Lluvia;13/04/18
VLG1574;OVD;BCN;AIRBUS A320;Lluvia;13/04/18
IBE8262;AGP;MLN;ATR-72;Tormentas localmente fuertes;13/04/18
IBE8268;AGP;MLN;ATR-72;Tormentas localmente fuertes;13/04/18
IBE8264;AGP;MLN;ATR-72;Tormentas localmente fuertes;13/04/18
IBE8790;MAD;MLN;ATR-72;Chubascos dispersos;13/04/18
IBE8276;AGP;MLN;ATR-72;Tormentas localmente fuertes;13/04/18
AEA5005;AGP;MLN;ATR-72;Tormentas localmente fuertes;13/04/18
IBE8270;AGP;MLN;ATR-72;Tormentas localmente fuertes;13/04/18
IBE8798;MAD;MLN;ATR-72;Chubascos dispersos;13/04/18
IBE8272;AGP;MLN;ATR-72;Tormentas localmente fuertes;13/04/18
AEA5001;AGP;MLN;ATR-72;Tormentas localmente fuertes;14/04/18
IBE8262;AGP;MLN;ATR-72;Tormentas localmente fuertes;14/04/18
IBE8792;MAD;MLN;ATR-72;Chubascos dispersos;14/04/18
VLG2020;BCN;GRX;32A;Lluvia;13/04/18
AEA5201;PMI;GRX;EMBRAER ERJ-195;Lluvia;13/04/18
VLG3933;PMI;GRX;32A;Lluvia;13/04/18
IBE8646;MAD;GRX;CANADAIR CRJ-900;Chubascos dispersos;13/04/18
IBE8642;MAD;GRX;BOMBARDIER CRJ-1000;Chubascos dispersos;13/04/18
VLG2014;BCN;GRX;AIRBUS A320;Lluvia;13/04/18
IBE8644;MAD;GRX;BOMBARDIER CRJ-1000;Chubascos dispersos;13/04/18
VLG2618;BIO;GRX;AIRBUS A320;Lluvia moderada;13/04/18
VLG2016;BCN;GRX;32B;Lluvia;13/04/18
IBE8648;MAD;GRX;CANADAIR CRJ-900;Chubascos dispersos;13/04/18
VLG2010;BCN;GRX;AIRBUS A321;Lluvia;14/04/18
IBE8640;MAD;GRX;BOMBARDIER CRJ-1000;Chubascos dispersos;14/04/18
VLG2020;BCN;GRX;AIRBUS A320;Lluvia;14/04/18
AEA5201;PMI;GRX;EMBRAER ERJ-195;Lluvia;14/04/18
IBE8598;MAD;LEI;BOMBARDIER CRJ-1000;Chubascos dispersos;13/04/18
IBE8212;PMI;LEI;CANADAIR CRJ-200;Despejado;17/04/18
IBE8592;MAD;LEI;BOMBARDIER CRJ-1000;Chubascos dispersos;13/04/18
IBE8588;MAD;LEI;CANADAIR CRJ-200;Chubascos dispersos;13/04/18
IBE8600;MAD;LEI;BOMBARDIER CRJ-1000;Chubascos dispersos;13/04/18
IBE8594;MAD;LEI;CANADAIR CRJ-900;Chubascos dispersos;14/04/18
VLG1251;BCN;LEI;AIRBUS A320;Lluvia;14/04/18
AEA9059;MAD;TFN;BOEING 737-800 WINGLETS;Chubascos dispersos;13/04/18
IBB119;LPA;TFN;BOMBARDIER CRJ-1000;Nubosidad variable;13/04/18
IBB608;SPC;TFN;ATR-42/72;Nubosidad variable;13/04/18
IBB656;VDE;TFN;ATR-72;Chubascos dispersos;13/04/18
VLG3260;BIO;TFN;AIRBUS A320;Lluvia moderada;13/04/18
AEA9462;SPC;TFN;ATR-72;Nubosidad variable;13/04/18
IBB109;LPA;TFN;BOMBARDIER CRJ-1000;Nubosidad variable;13/04/18
IBB612;SPC;TFN;ATR-42/72;Nubosidad variable;13/04/18
IBS3942;MAD;TFN;AIRBUS A321;Chubascos dispersos;13/04/18
RYR3063;BCN;TFN;BOEING 737-800 WINGLETS;Lluvia;13/04/18
IBB650;GMZ;TFN;ATR-42/72;Chubascos dispersos;13/04/18
CNF419;SPC;TFN;ATR-72;Nubosidad variable;13/04/18
IBB614;SPC;TFN;ATR-72;Nubosidad variable;13/04/18
IBB159;LPA;TFN;ATR-72;Nubosidad variable;13/04/18
AEA9401;LPA;TFN;ATR-72;Nubosidad variable;13/04/18
IBB127;LPA;TFN;ATR-72;Nubosidad variable;13/04/18
IBB423;FUE;TFN;ATR-42/72;Nubosidad variable;13/04/18
IBB469;ACE;TFN;ATR-42/72;Nubosidad variable;13/04/18
IBB662;VDE;TFN;ATR-42/72;Chubascos dispersos;13/04/18
IBB133;LPA;TFN;ATR-72;Nubosidad variable;13/04/18
AEA9464;SPC;TFN;ATR-72;Nubosidad variable;13/04/18
VOE3583;VLC;OVD;BOEING 717;Nubosidad variable;13/04/18
IBE0488;MAD;OVD;AIRBUS A321;Chubascos dispersos;13/04/18
VLG1629;AGP;OVD;AIRBUS A320;Tormentas localmente fuertes;13/04/18
VLG1579;BCN;OVD;AIRBUS A320;Lluvia;13/04/18
IBS3980;MAD;OVD;AIRBUS A320;Chubascos dispersos;13/04/18
IBE0476;MAD;OVD;AIRBUS A319;Chubascos dispersos;13/04/18
VOE3924;AGP;OVD;BOEING 717;Tormentas localmente fuertes;13/04/18
IBE0480;MAD;OVD;AIRBUS A321;Chubascos dispersos;13/04/18
IBE0482;MAD;OVD;AIRBUS A320;Chubascos dispersos;13/04/18
VOE3830;SVQ;OVD;BOEING 717;Chubascos dispersos;13/04/18
VLG1571;BCN;OVD;AIRBUS A320;Lluvia;13/04/18
VLG1573;BCN;OVD;AIRBUS A320;Lluvia;14/04/18
IBE8106;PMI;IBZ;ATR-42/72;Despejado;17/04/18
RYR7216;VLC;IBZ;BOEING 737-800 WINGLETS;Nubosidad variable;13/04/18
VLG3419;MAD;IBZ;AIRBUS A320;Chubascos dispersos;13/04/18
IBE8904;ALC;IBZ;CANADAIR CRJ-200;Despejado;17/04/18
VLG3695;VLC;IBZ;AIRBUS A320;Nubosidad variable;13/04/18
AEA2687;BCN;IBZ;BOEING 737-800 WINGLETS;Lluvia;13/04/18
IBE8910;MAD;IBZ;BOMBARDIER CRJ-1000;Chubascos dispersos;13/04/18
IBE8108;PMI;IBZ;BOMBARDIER CRJ-1000;Despejado;17/04/18
VLG3510;BCN;IBZ;32A;Lluvia;13/04/18
AEA6025;MAD;IBZ;EMBRAER ERJ-195;Chubascos dispersos;13/04/18
AEA1706;PMI;IBZ;ATR-72;Lluvia;13/04/18
IBE8441;IBZ;VLC;CANADAIR CRJ-200;Nuboso a muy nuboso;13/04/18
VLG3968;BIO;VLC;32A;Lluvia moderada;13/04/18
IBE8974;MAD;VLC;BOMBARDIER CRJ-1000;Chubascos dispersos;13/04/18
VLG2111;BCN;AGP;AIRBUS A320;Lluvia;13/04/18
AEA5002;MLN;AGP;ATR-72;Chubascos dispersos;13/04/18
IBE8273;MLN;AGP;ATR-72;Chubascos dispersos;13/04/18
IBE8263;MLN;AGP;ATR-72;Chubascos dispersos;13/04/18
IBB208;LPA;FUE;ATR-72;Nubosidad variable;13/04/18
IBB210;LPA;FUE;ATR-72;Nubosidad variable;13/04/18
IBB422;TFN;FUE;ATR-42/72;Nubosidad variable;13/04/18
CNF809;LPA;FUE;ATR-72;Nubosidad variable;13/04/18
IBB206;LPA;FUE;ATR-72;Nubosidad variable;13/04/18
RYR5468;MAD;FUE;BOEING 737-800 WINGLETS;Chubascos dispersos;13/04/18
AEA9433;LPA;FUE;ATR-72;Nubosidad variable;13/04/18
VLG3014;BCN;FUE;32A;Lluvia;13/04/18
IBB222;LPA;FUE;ATR-72;Nubosidad variable;13/04/18
IBS3906;MAD;FUE;AIRBUS A320;Chubascos dispersos;13/04/18
AEA9447;LPA;ACE;ATR-72;Nubosidad variable;13/04/18
IBB468;TFN;ACE;ATR-42/72;Nubosidad variable;13/04/18
CNF721;LPA;ACE;ATR-72;Nubosidad variable;13/04/18
IBB510;LPA;ACE;ATR-72;Nubosidad variable;13/04/18
IBB470;TFN;ACE;ATR-72;Nubosidad variable;13/04/18
LLX5052;LPA;ACE;AIRBUS A321;Nubosidad variable;13/04/18
IBS3856;MAD;ACE;AIRBUS A320;Chubascos dispersos;13/04/18
VLG3153;PMI;XRY;AIRBUS A320;Lluvia;13/04/18
IBE0410;MAD;XRY;AIRBUS A319;Chubascos dispersos;13/04/18
VLG2286;BCN;XRY;32A;Lluvia;13/04/18
RYR1283;BCN;XRY;BOEING 737-800 WINGLETS;Lluvia;13/04/18
IBE0404;MAD;XRY;AIRBUS A319;Chubascos dispersos;13/04/18
IBE0406;MAD;XRY;AIRBUS A320;Chubascos dispersos;13/04/18
IBE0410;MAD;XRY;AIRBUS A319;Chubascos dispersos;14/04/18
VLG3916;BCN;PMI;AIRBUS A320;Lluvia;13/04/18
ANE8105;IBZ;PMI;BOMBARDIER CRJ-1000;Despejado;17/04/18
VLG3924;BCN;PMI;32A;Lluvia;13/04/18
AEA1703;IBZ;PMI;ATR-72;Nuboso a muy nuboso;13/04/18
VLG3943;SVQ;PMI;AIRBUS A320;Chubascos dispersos;13/04/18
IBK6771;MAD;PMI;BOEING 737-800 WINGLETS;Chubascos dispersos;13/04/18
VLG3980;PMI;SCQ;AIRBUS A320;Lluvia;13/04/18
EVE1601;SVQ;SCQ;32A;Chubascos dispersos;13/04/18
AEA2827;BCN;SCQ;BOEING 737-800 WINGLETS;Lluvia;13/04/18
RYR3041;SVQ;SCQ;BOEING 737-800 WINGLETS;Chubascos dispersos;13/04/18
LAV5213;TFN;SCQ;BOEING 737-400;Nubosidad variable;13/04/18
IBS3874;MAD;SCQ;AIRBUS A320;Chubascos dispersos;13/04/18
RYR8538;ALC;SCQ;BOEING 737-800 WINGLETS;Nubosidad variable;13/04/18
EVE1119;ALC;SCQ;32A;Nubosidad variable;13/04/18
IBS3878;MAD;SCQ;AIRBUS A321;Chubascos dispersos;13/04/18
VLG1676;BCN;SCQ;AIRBUS A320;Lluvia;13/04/18
VLG1672;BCN;SCQ;AIRBUS A320;Lluvia;13/04/18
IBE8358;BIO;SCQ;CANADAIR CRJ-200;Lluvia moderada;13/04/18
VLG2655;AGP;SCQ;AIRBUS A320;Tormentas localmente fuertes;13/04/18
RYR5317;MAD;SCQ;BOEING 737-800 WINGLETS;Chubascos dispersos;13/04/18
RYR6381;BCN;SCQ;BOEING 737-800 WINGLETS;Lluvia;13/04/18
ANE8387;BIO;ALC;CANADAIR CRJ-200;Despejado;17/04/18
AEA4024;PMI;ALC;ATR-72;Lluvia;13/04/18
ANE8392;MAD;ALC;BOMBARDIER CRJ-1000;Despejado;17/04/18
IBB123;LPA;TFS;ATR-72;Nubosidad variable;13/04/18
IBE8482;PMI;MAH;CANADAIR CRJ-900;Despejado;17/04/18
AEA4537;PMI;MAH;ATR-72;Lluvia;13/04/18
VLG3744;BCN;MAH;AIRBUS A320;Lluvia;13/04/18
IBE8956;MAD;MAH;BOMBARDIER CRJ-1000;Chubascos dispersos;13/04/18
IBE8498;PMI;MAH;ATR-42/72;Despejado;17/04/18
RYR7401;VLC;MAH;BOEING 737-800 WINGLETS;Nubosidad variable;13/04/18
AEA4531;PMI;MAH;ATR-72;Lluvia;13/04/18
IBE8490;PMI;MAH;ATR-42/72;Despejado;17/04/18
RYR6881;BCN;MAH;BOEING 737-800 WINGLETS;Lluvia;13/04/18
IBE8026;MAD;MAH;BOMBARDIER CRJ-1000;Chubascos dispersos;13/04/18
VLG3700;BCN;MAH;AIRBUS A320;Lluvia;13/04/18
IBE8492;PMI;MAH;ATR-42/72;Despejado;17/04/18
IBE8496;PMI;MAH;CANADAIR CRJ-900;Despejado;17/04/18
VLG3718;BCN;MAH;AIRBUS A321;Lluvia;13/04/18
CNF704;ACE;LPA;ATR-42/72;Nubosidad variable;13/04/18
IBB108;TFN;LPA;ATR-42/72;Nubosidad variable;13/04/18
IBB304;SPC;LPA;ATR-42/72;Nubosidad variable;13/04/18
IBB114;TFN;LPA;ATR-42/72;Nubosidad variable;13/04/18
CNF804;FUE;LPA;ATR-72;Nubosidad variable;13/04/18
IBB237;FUE;LPA;ATR-42/72;Nubosidad variable;13/04/18
IBB505;ACE;LPA;ATR-72;Nubosidad variable;13/04/18
IBB120;TFN;LPA;BOMBARDIER CRJ-1000;Nubosidad variable;13/04/18
IBS3826;MAD;LPA;AIRBUS A321;Chubascos dispersos;13/04/18
AEA9416;TFN;LPA;ATR-72;Nubosidad variable;13/04/18
IBB209;FUE;LPA;ATR-72;Nubosidad variable;13/04/18
IBB611;TFN;SPC;ATR-42/72;Nubosidad variable;13/04/18
CNF418;TFN;SPC;ATR-72;Nubosidad variable;13/04/18
IBB609;TFN;SPC;ATR-72;Nubosidad variable;13/04/18
AEA9463;TFN;SPC;ATR-72;Nubosidad variable;13/04/18
IBB619;TFN;SPC;ATR-72;Nubosidad variable;13/04/18
IBB621;TFN;SPC;ATR-42/72;Nubosidad variable;13/04/18
IBS3842;MAD;SPC;AIRBUS A320;Chubascos dispersos;13/04/18
IBB629;TFN;SPC;ATR-42/72;Nubosidad variable;13/04/18
CNF452;TFN;SPC;ATR-72;Nubosidad variable;13/04/18
IBB631;TFN;SPC;ATR-42/72;Nubosidad variable;13/04/18
AEA9465;TFN;SPC;ATR-72;Nubosidad variable;13/04/18
IBB633;TFN;SPC;ATR-42/72;Nubosidad variable;13/04/18
IBB623;TFN;SPC;ATR-42/72;Nubosidad variable;13/04/18
AEA9479;TFN;SPC;ATR-72;Nubosidad variable;13/04/18
IBB315;LPA;SPC;ATR-72;Nubosidad variable;13/04/18
IBB637;TFN;SPC;ATR-42/72;Nubosidad variable;13/04/18
IBB625;TFN;SPC;ATR-42/72;Nubosidad variable;13/04/18
IBB311;LPA;SPC;ATR-72;Nubosidad variable;13/04/18
IBB639;TFN;SPC;ATR-42/72;Nubosidad variable;13/04/18
IBE2274;TFN;SPC;ATR-42/72;Despejado;17/04/18
CNF467;TFN;SPC;ATR-72;Nubosidad variable;13/04/18
RYR6396;BCN;SVQ;BOEING 737-800 WINGLETS;Lluvia;13/04/18
VLG2224;BCN;SVQ;AIRBUS A320;Lluvia;13/04/18
AEA5103;TFN;SVQ;BOEING 737-800 WINGLETS;Nubosidad variable;13/04/18
VLG2252;BCN;SVQ;AIRBUS A320;Lluvia;13/04/18
VLG3257;TFN;SVQ;AIRBUS A320;Nubosidad variable;13/04/18
IBS3950;MAD;SVQ;AIRBUS A320;Chubascos dispersos;13/04/18
VLG2510;BIO;SVQ;AIRBUS A320;Lluvia moderada;13/04/18
RYR3042;SCQ;SVQ;BOEING 737-800 WINGLETS;Chubascos dispersos;13/04/18
RYR5273;PMI;SVQ;BOEING 737-800 WINGLETS;Lluvia;13/04/18
VOE3528;BIO;SVQ;BOEING 717;Lluvia moderada;13/04/18
RYR2207;VLC;SVQ;BOEING 737-800 WINGLETS;Nubosidad variable;13/04/18
VLG3965;VLC;SVQ;AIRBUS A320;Nubosidad variable;13/04/18
IBE8846;VLC;SVQ;CANADAIR CRJ-900;Nubosidad variable;13/04/18
VLG1298;LCG;SVQ;AIRBUS A320;Chubascos dispersos;13/04/18
IBS3952;MAD;SVQ;32A;Chubascos dispersos;13/04/18
ANE2003;CDT;SVQ;BOMBARDIER CRJ-1000;Despejado;17/04/18
IBE8759;LEN;BCN;BOMBARDIER CRJ-1000;Lluvia;13/04/18
RYR4421;VIT;CGN;BOEING 737-800 WINGLETS;Lluvia;13/04/18
IBE8224;MAD;RJL;CANADAIR CRJ-200;Chubascos dispersos;13/04/18
AEA2631;ZAZ;IBZ;BOEING 737-800 WINGLETS;Chubascos dispersos;13/04/18
RYR4634;ZAZ;BGY;BOEING 737-800 WINGLETS;Chubascos dispersos;13/04/18
VLG3979;ZAZ;PMI;AIRBUS A320;Chubascos dispersos;13/04/18
RYR1074;REU;EMA;BOEING 737-800 WINGLETS;Lluvia;13/04/18
RYR1115;REU;DUB;BOEING 737-800 WINGLETS;Lluvia;13/04/18
RYR2212;REU;EIN;BOEING 737-800 WINGLETS;Lluvia;13/04/18
RYR2212;REU;EIN;BOEING 737-800 WINGLETS;Lluvia;14/04/18
RYR1115;REU;DUB;BOEING 737-800 WINGLETS;Lluvia;14/04/18
RYR6321;VLL;BCN;BOEING 737-800 WINGLETS;Chubascos dispersos;13/04/18
VLG1585;VLL;BCN;AIRBUS A320;Chubascos dispersos;13/04/18
IBE8758;BCN;LEN;BOMBARDIER CRJ-1000;Despejado;17/04/18
HTY110;JCU;AEI;AWH;Lluvia;13/04/18
HTY112;AEI;JCU;AWH;Tormentas localmente fuertes;13/04/18
HTY114;AEI;JCU;AWH;Tormentas localmente fuertes;13/04/18
HTY138;AEI;JCU;AWH;Tormentas localmente fuertes;13/04/18
IBE0555;SDR;MAD;AIRBUS A319;Lluvia;13/04/18
RYR9156;SDR;CIA;BOEING 737-800 WINGLETS;Lluvia;13/04/18
IBE0557;SDR;MAD;AIRBUS A319;Lluvia;13/04/18
VLG1591;SDR;BCN;AIRBUS A320;Lluvia;13/04/18
RYR1353;SDR;RAK;BOEING 737-800 WINGLETS;Lluvia;13/04/18
RYR6058;SDR;CRL;BOEING 737-800 WINGLETS;Lluvia;13/04/18
IBE0559;SDR;MAD;AIRBUS A319;Lluvia;13/04/18
RYR2613;SDR;STN;BOEING 737-800 WINGLETS;Lluvia;13/04/18
IBE8861;SDR;MAD;BOMBARDIER CRJ-1000;Lluvia;14/04/18
AEA2632;IBZ;ZAZ;BOEING 737-800 WINGLETS;Nuboso a muy nuboso;13/04/18
VLG3978;PMI;ZAZ;AIRBUS A320;Lluvia;13/04/18
IBB650;GMZ;TFN;ATR-42/72;Chubascos dispersos;13/04/18
IBB652;GMZ;TFN;ATR-72;Chubascos dispersos;13/04/18
IBB650;GMZ;TFN;ATR-72;Chubascos dispersos;14/04/18
HTY109;JCU;AEI;AWH;Lluvia;13/04/18
HTY111;JCU;AEI;AWH;Lluvia;13/04/18
HTY113;JCU;AEI;AWH;Lluvia;13/04/18
HTY257;JCU;AGP;AWH;Lluvia;13/04/18
HTY137;JCU;AEI;AWH;Lluvia;13/04/18
DLH1119;PNA;FRA;AIRBUS A319;Lluvia;13/04/18
IBE8539;PNA;MAD;CANADAIR CRJ-200;Lluvia;13/04/18
KRP2860;PNA;LPA;FOKKER 100;Lluvia;13/04/18
IBE8525;PNA;MAD;BOMBARDIER CRJ-1000;Lluvia;13/04/18
IBE8531;PNA;MAD;BOMBARDIER CRJ-1000;Lluvia;13/04/18
IBE8529;PNA;MAD;BOMBARDIER CRJ-1000;Lluvia;14/04/18
HTY109;JCU;AEI;AWH;Lluvia;13/04/18
HTY111;JCU;AEI;AWH;Lluvia;13/04/18
HTY113;JCU;AEI;AWH;Lluvia;13/04/18
HTY137;JCU;AEI;AWH;Lluvia;13/04/18
RYR2035;SVQ;VIT;BOEING 737-800 WINGLETS;Chubascos dispersos;14/04/18
AEA7315;VGO;MAD;EMBRAER ERJ-195;Chubascos dispersos;13/04/18
IBE0533;VGO;MAD;AIRBUS A319;Chubascos dispersos;13/04/18
IBS9527;VGO;PMI;AIRBUS A320;Chubascos dispersos;13/04/18
TAP1141;VGO;LIS;ATR-72;Chubascos dispersos;13/04/18
AEA7317;VGO;MAD;EMBRAER ERJ-195;Chubascos dispersos;13/04/18
IBE0535;VGO;MAD;AIRBUS A319;Chubascos dispersos;13/04/18
RYR246;VGO;BCN;BOEING 737-800 WINGLETS;Chubascos dispersos;13/04/18
AEA2728;VGO;BCN;BOEING 737-800 WINGLETS;Chubascos dispersos;13/04/18
AEA7319;VGO;MAD;EMBRAER ERJ-195;Chubascos dispersos;13/04/18
RYR244;VGO;BLQ;BOEING 737-800 WINGLETS;Chubascos dispersos;13/04/18
VLG1705;VGO;BCN;AIRBUS A320;Chubascos dispersos;13/04/18
IBE0537;VGO;MAD;AIRBUS A319;Chubascos dispersos;14/04/18
TAP1085;LCG;LIS;ATR-42/72;Chubascos dispersos;13/04/18
AEA7234;LCG;MAD;EMBRAER ERJ-195;Chubascos dispersos;13/04/18
IBE0513;LCG;MAD;AIRBUS A320;Chubascos dispersos;13/04/18
VLG1274;LCG;VLC;32A;Chubascos dispersos;13/04/18
VLG1298;LCG;SVQ;AIRBUS A320;Chubascos dispersos;13/04/18
AEA7236;LCG;MAD;EMBRAER ERJ-195;Chubascos dispersos;13/04/18
IBE0523;LCG;MAD;AIRBUS A320;Chubascos dispersos;13/04/18
VLG1295;LCG;BCN;32A;Chubascos dispersos;13/04/18
VLG7104;LCG;LHR;AIRBUS A320;Chubascos dispersos;13/04/18
LZF440;BIO;LCG;ATR 42-300/320;Lluvia moderada;13/04/18
AEA7238;LCG;MAD;EMBRAER ERJ-195;Chubascos dispersos;13/04/18
IBE8319;EAS;MAD;ATR-72;Lluvia;13/04/18
IBE8329;EAS;MAD;ATR-72;Lluvia;13/04/18
IBE8315;EAS;MAD;ATR-72;Lluvia;13/04/18
VLG2489;EAS;BCN;AIRBUS A319;Lluvia;13/04/18
IBE8323;EAS;MAD;ATR-72;Lluvia;13/04/18
IBE8317;EAS;MAD;ATR-72;Lluvia;14/04/18
VLG2487;EAS;BCN;AIRBUS A319;Lluvia;14/04/18
IBE8327;EAS;MAD;ATR-72;Lluvia;14/04/18
IBE8536;MAD;PNA;CANADAIR CRJ-200;Chubascos dispersos;13/04/18
IBE8524;MAD;PNA;BOMBARDIER CRJ-1000;Chubascos dispersos;13/04/18
IBE8532;MAD;PNA;BOMBARDIER CRJ-1000;Chubascos dispersos;13/04/18
IBE8526;MAD;PNA;BOMBARDIER CRJ-1000;Chubascos dispersos;13/04/18
IBB651;TFN;GMZ;ATR-42/72;Nubosidad variable;13/04/18
IBB653;TFN;GMZ;ATR-42/72;Nubosidad variable;13/04/18
IBE2244;TFN;GMZ;ATR-72;Despejado;17/04/18
IBB651;TFN;GMZ;ATR-72;Nubosidad variable;14/04/18
IBE3150;MAD;ATH;AIRBUS A321;Chubascos dispersos;13/04/18
RYR7257;MAD;DUB;BOEING 737-800 WINGLETS;Chubascos dispersos;13/04/18
EIN593;MAD;DUB;AIRBUS A320;Chubascos dispersos;13/04/18
AEA7302;MAD;VGO;EMBRAER ERJ-195;Chubascos dispersos;13/04/18
RYR3186;MAD;MAN;BOEING 737-800 WINGLETS;Chubascos dispersos;13/04/18
AEA7157;MAD;BIO;EMBRAER ERJ-195;Chubascos dispersos;13/04/18
MAC392;MAD;TNG;AIRBUS A320;Chubascos dispersos;13/04/18
VLG8202;MAD;CDG;AIRBUS A320;Chubascos dispersos;13/04/18
AAL095;MAD;JFK;BOEING 767-300 WINGLETS;Chubascos dispersos;13/04/18
BAW457;MAD;LHR;BOEING 767-300;Chubascos dispersos;13/04/18
IBE1100;MAD;BCN;AIRBUS A319;Chubascos dispersos;13/04/18
DAL109;MAD;ATL;BOEING 767-400;Chubascos dispersos;13/04/18
VLG3419;MAD;IBZ;AIRBUS A320;Chubascos dispersos;13/04/18
RYR6320;BCN;VLL;BOEING 737-800 WINGLETS;Lluvia;13/04/18
VLG1584;BCN;VLL;AIRBUS A320;Lluvia;13/04/18
VLG8860;OVD;CDG;AIRBUS A320;Lluvia;13/04/18
IBE0475;OVD;MAD;AIRBUS A321;Lluvia;13/04/18
VLG1628;OVD;AGP;AIRBUS A320;Lluvia;13/04/18
VLG7314;OVD;LGW;AIRBUS A320;Lluvia;13/04/18
IBS3983;OVD;MAD;AIRBUS A320;Lluvia;13/04/18
VOE3925;OVD;AGP;BOEING 717;Lluvia;13/04/18
IBE0487;OVD;MAD;AIRBUS A319;Lluvia;13/04/18
EZY3084;OVD;STN;AIRBUS A319;Lluvia;13/04/18
VLG1578;OVD;BCN;AIRBUS A320;Lluvia;13/04/18
VOE3831;OVD;SVQ;BOEING 717;Lluvia;13/04/18
TAP1113;OVD;LIS;ATR-72;Lluvia;13/04/18
IBE0481;OVD;MAD;AIRBUS A321;Lluvia;13/04/18
VLG1572;OVD;BCN;AIRBUS A320;Lluvia;14/04/18
VOE3590;OVD;PMI;BOEING 717;Lluvia;14/04/18
VLG1574;OVD;BCN;AIRBUS A320;Lluvia;14/04/18
IBB662;VDE;TFN;ATR-42/72;Chubascos dispersos;13/04/18
IBB664;VDE;TFN;ATR-72;Chubascos dispersos;13/04/18
IBS7266;VDE;TFN;ATR-72;Chubascos dispersos;13/04/18
IBB366;VDE;LPA;ATR-72;Chubascos dispersos;13/04/18
IBS2247;VDE;LPA;ATR-72;Chubascos dispersos;13/04/18
CNF248;VDE;TFN;ATR-72;Chubascos dispersos;13/04/18
IBB674;VDE;TFN;ATR-72;Chubascos dispersos;13/04/18
IBB656;VDE;TFN;ATR-72;Chubascos dispersos;14/04/18
IBB660;VDE;TFN;ATR-72;Chubascos dispersos;14/04/18
IBE8441;IBZ;VLC;CANADAIR CRJ-200;Nuboso a muy nuboso;13/04/18
VLG3515;IBZ;BCN;AIRBUS A320;Nuboso a muy nuboso;13/04/18
BAW8464;IBZ;LCY;EMBRAER 190;Nuboso a muy nuboso;13/04/18
IBE8111;IBZ;PMI;ATR-42/72;Nuboso a muy nuboso;13/04/18
RYR7217;IBZ;VLC;BOEING 737-800 WINGLETS;Nuboso a muy nuboso;13/04/18
RYR6720;IBZ;TRN;BOEING 737-800 WINGLETS;Nuboso a muy nuboso;13/04/18
VLG3416;IBZ;MAD;AIRBUS A320;Nuboso a muy nuboso;13/04/18
IBE8907;IBZ;ALC;CANADAIR CRJ-200;Nuboso a muy nuboso;13/04/18
VLG3694;IBZ;VLC;AIRBUS A320;Nuboso a muy nuboso;13/04/18
AEA2632;IBZ;ZAZ;BOEING 737-800 WINGLETS;Nuboso a muy nuboso;13/04/18
RYR6703;IBZ;FCO;BOEING 737-800 WINGLETS;Nuboso a muy nuboso;13/04/18
IBE8911;IBZ;MAD;BOMBARDIER CRJ-1000;Nuboso a muy nuboso;13/04/18
VLG3511;IBZ;BCN;32A;Nuboso a muy nuboso;13/04/18
IBE8115;IBZ;PMI;BOMBARDIER CRJ-1000;Nuboso a muy nuboso;13/04/18
RYR2067;IBZ;MAD;BOEING 737-800 WINGLETS;Nuboso a muy nuboso;13/04/18
AEA6024;IBZ;MAD;EMBRAER ERJ-195;Nuboso a muy nuboso;13/04/18
AEA7311;VGO;MAD;EMBRAER ERJ-195;Chubascos dispersos;13/04/18
IBS3865;AGP;MAD;AIRBUS A320;Tormentas localmente fuertes;13/04/18
IBS3945;TFN;MAD;AIRBUS A320;Nubosidad variable;13/04/18
IBE0519;LCG;MAD;AIRBUS A319;Chubascos dispersos;13/04/18
TRA6626;ALC;EIN;BOEING 737-800 WINGLETS;Nubosidad variable;13/04/18
RYR1356;ALC;CGN;BOEING 737-800 WINGLETS;Nubosidad variable;13/04/18
EZY6702;ALC;BFS;32A;Nubosidad variable;13/04/18
EXS1528;ALC;STN;AIRBUS A321;Nubosidad variable;13/04/18
RYR9084;ALC;EMA;BOEING 737-800 WINGLETS;Nubosidad variable;13/04/18
RYR8383;ALC;STN;BOEING 737-800 WINGLETS;Nubosidad variable;13/04/18
VLG1366;ALC;FCO;AIRBUS A320;Nubosidad variable;13/04/18
BEE4326;ALC;NWI;EMBRAER ERJ-195;Nubosidad variable;13/04/18
EZY6072;ALC;BRS;AIRBUS A320;Nubosidad variable;13/04/18
RYR7423;ALC;NYO;BOEING 737-800 WINGLETS;Nubosidad variable;13/04/18
RYR9887;ALC;LPL;BOEING 737-800 WINGLETS;Nubosidad variable;13/04/18
SAS1854;ALC;ARN;32A;Nubosidad variable;13/04/18
EZY1918;ALC;MAN;AIRBUS A319;Nubosidad variable;13/04/18
ANE8904;ALC;IBZ;CANADAIR CRJ-200;Nubosidad variable;13/04/18
EXS1216;ALC;BHX;BOEING 737-800 WINGLETS;Nubosidad variable;13/04/18
AEA4042;ALC;MAD;ATR-72;Nubosidad variable;13/04/18
VLG1307;ALC;BCN;32A;Nubosidad variable;13/04/18
BEE1716;ALC;SOU;EMBRAER 190;Nubosidad variable;13/04/18
TCX1431;ALC;GLA;32B;Nubosidad variable;13/04/18
EZS1426;ALC;GVA;AIRBUS A320;Nubosidad variable;13/04/18
IBE8273;MLN;AGP;ATR-72;Chubascos dispersos;13/04/18
IBE8263;MLN;AGP;ATR-72;Chubascos dispersos;13/04/18
IBE8275;MLN;AGP;ATR-72;Chubascos dispersos;13/04/18
IBE8791;MLN;MAD;ATR-72;Chubascos dispersos;13/04/18
IBE8269;MLN;AGP;ATR-72;Chubascos dispersos;13/04/18
IBE8793;MLN;MAD;ATR-72;Chubascos dispersos;13/04/18
IBE8277;MLN;AGP;ATR-72;Chubascos dispersos;13/04/18
AEA5004;MLN;AGP;ATR-72;Chubascos dispersos;13/04/18
IBE8261;MLN;AGP;ATR-72;Chubascos dispersos;14/04/18
IBE8789;MLN;MAD;ATR-72;Chubascos dispersos;14/04/18
AEA5002;MLN;AGP;ATR-72;Chubascos dispersos;14/04/18
IBE8273;MLN;AGP;ATR-72;Chubascos dispersos;14/04/18
IBE8263;MLN;AGP;ATR-72;Chubascos dispersos;14/04/18
VLG2021;GRX;BCN;32A;Chubascos dispersos;13/04/18
AEA5200;GRX;PMI;EMBRAER ERJ-195;Chubascos dispersos;13/04/18
VLG3932;GRX;PMI;32A;Chubascos dispersos;13/04/18
BAW3290;GRX;LCY;EMBRAER 190;Chubascos dispersos;13/04/18
IBE8645;GRX;MAD;CANADAIR CRJ-900;Chubascos dispersos;13/04/18
IBE8649;GRX;MAD;BOMBARDIER CRJ-1000;Chubascos dispersos;13/04/18
VLG2015;GRX;BCN;AIRBUS A320;Chubascos dispersos;13/04/18
IBE8643;GRX;MAD;BOMBARDIER CRJ-1000;Chubascos dispersos;13/04/18
VLG2619;GRX;BIO;AIRBUS A320;Chubascos dispersos;13/04/18
IBE8639;GRX;MAD;CANADAIR CRJ-900;Chubascos dispersos;14/04/18
VLG2011;GRX;BCN;AIRBUS A320;Chubascos dispersos;14/04/18
IBE8641;GRX;MAD;BOMBARDIER CRJ-1000;Chubascos dispersos;14/04/18
VLG2021;GRX;BCN;AIRBUS A320;Chubascos dispersos;14/04/18
AEA5200;GRX;PMI;EMBRAER ERJ-195;Chubascos dispersos;14/04/18
AEA7302;MAD;VGO;EMBRAER ERJ-195;Chubascos dispersos;13/04/18
IBE0532;MAD;VGO;AIRBUS A319;Chubascos dispersos;13/04/18
IBS9524;PMI;VGO;AIRBUS A320;Lluvia;13/04/18
AEA7300;MAD;VGO;EMBRAER ERJ-195;Chubascos dispersos;13/04/18
IBE0534;MAD;VGO;AIRBUS A319;Chubascos dispersos;13/04/18
RYR245;BCN;VGO;BOEING 737-800 WINGLETS;Lluvia;13/04/18
AEA2727;BCN;VGO;BOEING 737-800 WINGLETS;Lluvia;13/04/18
AEA7306;MAD;VGO;EMBRAER ERJ-195;Chubascos dispersos;13/04/18
HTY110;JCU;AEI;AWH;Lluvia;13/04/18
HTY112;AEI;JCU;AWH;Tormentas localmente fuertes;13/04/18
HTY114;AEI;JCU;AWH;Tormentas localmente fuertes;13/04/18
HTY258;AGP;JCU;AWH;Despejado;17/04/18
HTY138;AEI;JCU;AWH;Tormentas localmente fuertes;13/04/18
RYR8352;LEI;STN;BOEING 737-800 WINGLETS;Chubascos dispersos;13/04/18
VLG1252;LEI;BCN;AIRBUS A320;Chubascos dispersos;13/04/18
IBE8577;LEI;MAD;BOMBARDIER CRJ-1000;Chubascos dispersos;13/04/18
IBE8589;LEI;MAD;CANADAIR CRJ-200;Chubascos dispersos;13/04/18
IBE8601;LEI;MAD;BOMBARDIER CRJ-1000;Chubascos dispersos;13/04/18
GMI2381;LEI;DUS;BOEING 737-700 WINGLETS;Chubascos dispersos;13/04/18
RYR1259;LEI;CRL;BOEING 737-800 WINGLETS;Chubascos dispersos;13/04/18
IBE8932;LEI;SVQ;CANADAIR CRJ-200;Chubascos dispersos;13/04/18
IBE8603;LEI;MAD;BOMBARDIER CRJ-1000;Chubascos dispersos;14/04/18
LGL694;LEI;LUX;BOEING 737-800 WINGLETS;Chubascos dispersos;14/04/18
JAF6944;LEI;BRU;EMBRAER 190;Chubascos dispersos;14/04/18
IBE8595;LEI;MAD;CANADAIR CRJ-900;Chubascos dispersos;14/04/18
EZY8164;LEI;LGW;AIRBUS A320;Chubascos dispersos;14/04/18
VLG1252;LEI;BCN;AIRBUS A320;Chubascos dispersos;14/04/18
IBE8316;MAD;EAS;ATR-72;Chubascos dispersos;13/04/18
IBE8322;MAD;EAS;ATR-72;Chubascos dispersos;13/04/18
IBE8318;MAD;EAS;ATR-72;Chubascos dispersos;13/04/18
VLG2488;BCN;EAS;AIRBUS A319;Lluvia;13/04/18
IBE8326;MAD;EAS;ATR-72;Chubascos dispersos;13/04/18
IBE8324;MAD;EAS;ATR-72;Chubascos dispersos;13/04/18
VLG2486;BCN;EAS;AIRBUS A319;Lluvia;14/04/18
TRA5106;VLC;EIN;BOEING 737-800 WINGLETS;Nubosidad variable;13/04/18
RYR7216;VLC;IBZ;BOEING 737-800 WINGLETS;Nubosidad variable;13/04/18
RYR7619;VLC;GLA;BOEING 737-800 WINGLETS;Nubosidad variable;13/04/18
AEA1007;VLC;CDG;BOEING 737-800 WINGLETS;Nubosidad variable;13/04/18
TAP1097;VLC;LIS;ATR-42/72;Nubosidad variable;13/04/18
AEA4064;VLC;MAD;ATR-72;Nubosidad variable;13/04/18
VLG6244;VLC;FCO;AIRBUS A320;Nubosidad variable;13/04/18
VLG3695;VLC;IBZ;AIRBUS A320;Nubosidad variable;13/04/18
EWG2531;VLC;STR;AIRBUS A319;Nubosidad variable;13/04/18
DLH1161;VLC;FRA;AIRBUS A321;Nubosidad variable;13/04/18
EZY8222;VLC;LGW;AIRBUS A319;Nubosidad variable;13/04/18
VLG3969;VLC;BIO;32A;Nubosidad variable;13/04/18
AFL2503;VLC;SVO;32A;Nubosidad variable;13/04/18
IBE8981;VLC;MAD;CANADAIR CRJ-200;Nubosidad variable;13/04/18
EZY6014;MJV;BRS;32A;Nubosidad variable;13/04/18
RYR1925;MJV;EMA;BOEING 737-800 WINGLETS;Nubosidad variable;13/04/18
RYR8025;MJV;STN;BOEING 737-800 WINGLETS;Nubosidad variable;13/04/18
EXS208;MJV;LBA;BOEING 737-300;Nubosidad variable;13/04/18
EZY8552;MJV;LGW;AIRBUS A320;Nubosidad variable;13/04/18
RYR7843;MJV;PIK;BOEING 737-800 WINGLETS;Nubosidad variable;13/04/18
EXS524;MJV;NCL;BOEING 737-300 WINGLETS;Nubosidad variable;13/04/18
EXS822;MJV;EDI;BOEING 737-300 WINGLETS;Nubosidad variable;13/04/18
JAF5902;MJV;CRL;BOEING 737-800 WINGLETS;Nubosidad variable;13/04/18
EXS864;MJV;MAN;BOEING 737-800 WINGLETS;Nubosidad variable;13/04/18
RYR8027;MJV;STN;BOEING 737-800 WINGLETS;Nubosidad variable;13/04/18
RYR2323;MJV;LBA;BOEING 737-800 WINGLETS;Nubosidad variable;13/04/18
RYR4117;MJV;MAN;BOEING 737-800 WINGLETS;Nubosidad variable;13/04/18
RYR3453;MJV;LTN;BOEING 737-800 WINGLETS;Nubosidad variable;13/04/18
RYR7095;MJV;DUB;BOEING 737-800 WINGLETS;Nubosidad variable;13/04/18
EZY8554;MJV;LGW;AIRBUS A320;Nubosidad variable;13/04/18
JAF6902;MJV;ANR;EMBRAER 190;Nubosidad variable;14/04/18
RYR2155;MJV;BHX;BOEING 737-800 WINGLETS;Nubosidad variable;14/04/18
EZY8550;MJV;LGW;AIRBUS A319;Nubosidad variable;14/04/18
EZY6014;MJV;BRS;AIRBUS A319;Nubosidad variable;14/04/18
RYR1925;MJV;EMA;BOEING 737-800 WINGLETS;Nubosidad variable;14/04/18
VLG3153;PMI;XRY;AIRBUS A320;Lluvia;13/04/18
SAS1806;PMI;ARN;32A;Lluvia;13/04/18
DE1503;PMI;FRA;BOEING 757-300 WINGLETS;Lluvia;13/04/18
RYR7207;PMI;CGN;BOEING 737-800 WINGLETS;Lluvia;13/04/18
TOM2533;PMI;MAN;BOEING 737-800 WINGLETS;Lluvia;13/04/18
BAW8484;PMI;LCY;EMBRAER 190;Lluvia;13/04/18
NAX4212;PMI;ARN;BOEING 737-800 WINGLETS;Lluvia;13/04/18
TOM3561;PMI;DSA;BOEING 737-800 WINGLETS;Lluvia;13/04/18
RYR6032;PMI;EMA;BOEING 737-800 WINGLETS;Lluvia;13/04/18
VLG3933;PMI;GRX;32A;Lluvia;13/04/18
AEA4537;PMI;MAH;ATR-72;Lluvia;13/04/18
TOM4541;PMI;LGW;BOEING 737-800 WINGLETS;Lluvia;13/04/18
EXS832;PMI;MAN;BOEING 737-800 WINGLETS;Lluvia;13/04/18
VLG3149;PMI;AGP;AIRBUS A320;Lluvia;13/04/18
IBK523;PMI;HEL;BOEING 737-800 WINGLETS;Lluvia;13/04/18
RYR697;PMI;PIK;BOEING 737-800 WINGLETS;Lluvia;13/04/18
EWG5913;PMI;VIE;32A;Lluvia;13/04/18
RYR4150;PMI;FRA;BOEING 737-800 WINGLETS;Lluvia;13/04/18
IBK3669;PMI;CPH;BOEING 737-800 WINGLETS;Lluvia;13/04/18
EXS1276;PMI;BHX;BOEING 737-800 WINGLETS;Lluvia;13/04/18
RYR1203;PMI;STN;BOEING 737-800 WINGLETS;Lluvia;13/04/18
RYR8397;XRY;STN;BOEING 737-800 WINGLETS;Chubascos dispersos;13/04/18
DE1563;XRY;STR;AIRBUS A320;Chubascos dispersos;13/04/18
VLG3154;XRY;PMI;AIRBUS A320;Chubascos dispersos;13/04/18
TUI8967;XRY;MUC;BOEING 737-800 WINGLETS;Chubascos dispersos;13/04/18
RYR4624;XRY;HHN;BOEING 737-800 WINGLETS;Chubascos dispersos;13/04/18
IBE0411;XRY;MAD;AIRBUS A319;Chubascos dispersos;13/04/18
SXD4482;XRY;NUE;BOEING 737-800 WINGLETS;Chubascos dispersos;13/04/18
LLX5281;XRY;NUE;AIRBUS A320;Chubascos dispersos;13/04/18
EWG9571;XRY;DUS;32A;Chubascos dispersos;13/04/18
VLG2287;XRY;BCN;32A;Chubascos dispersos;13/04/18
RYR1284;XRY;BCN;BOEING 737-800 WINGLETS;Chubascos dispersos;13/04/18
IBE0405;XRY;MAD;AIRBUS A319;Chubascos dispersos;13/04/18
IBE0407;XRY;MAD;AIRBUS A320;Chubascos dispersos;14/04/18
LGL688;XRY;LUX;BOEING 737-700 WINGLETS;Chubascos dispersos;14/04/18
DE1723;XRY;MUC;AIRBUS A320;Chubascos dispersos;14/04/18
DE1565;XRY;HAM;AIRBUS A320;Chubascos dispersos;14/04/18
IBE0411;XRY;MAD;32A;Chubascos dispersos;14/04/18
IBB210;LPA;FUE;ATR-72;Nubosidad variable;13/04/18
AEA9161;LPA;MAD;AIRBUS A330-200;Nubosidad variable;13/04/18
IBK5892;LPA;TRF;BOEING 737-800 WINGLETS;Nubosidad variable;13/04/18
IBB109;LPA;TFN;BOMBARDIER CRJ-1000;Nubosidad variable;13/04/18
JAF5182;LPA;BRU;BOEING 737-800 WINGLETS;Nubosidad variable;13/04/18
CNF809;LPA;FUE;ATR-72;Nubosidad variable;13/04/18
CNF721;LPA;ACE;ATR-72;Nubosidad variable;13/04/18
TFL558;LPA;AMS;BOEING 737-800 WINGLETS;Nubosidad variable;13/04/18
EDW201;LPA;ZRH;AIRBUS A320;Nubosidad variable;13/04/18
TUI2115;LPA;DUS;7S8;Nubosidad variable;13/04/18
IBB510;LPA;ACE;ATR-72;Nubosidad variable;13/04/18
RYR1569;LPA;FRA;BOEING 737-800 WINGLETS;Nubosidad variable;13/04/18
IBB159;LPA;TFN;ATR-72;Nubosidad variable;13/04/18
TUI2263;LPA;HAJ;7S8;Nubosidad variable;13/04/18
RYR6093;LPA;BGY;BOEING 737-800 WINGLETS;Nubosidad variable;13/04/18
AEA9401;LPA;TFN;ATR-72;Nubosidad variable;13/04/18
IBS3827;LPA;MAD;AIRBUS A320;Nubosidad variable;13/04/18
FIN1722;LPA;HEL;32B;Nubosidad variable;13/04/18
VLG1292;BCN;LCG;32A;Lluvia;13/04/18
AEA7233;MAD;LCG;EMBRAER ERJ-195;Chubascos dispersos;13/04/18
IBE0512;MAD;LCG;AIRBUS A320;Chubascos dispersos;13/04/18
VLG1299;SVQ;LCG;AIRBUS A320;Chubascos dispersos;13/04/18
AEA7235;MAD;LCG;EMBRAER ERJ-195;Chubascos dispersos;13/04/18
IBE0524;MAD;LCG;AIRBUS A320;Chubascos dispersos;13/04/18
VLG1294;BCN;LCG;32A;Lluvia;13/04/18
VLG1275;VLC;LCG;32A;Nubosidad variable;13/04/18
AEA7237;MAD;LCG;EMBRAER ERJ-195;Chubascos dispersos;13/04/18
IBE0554;MAD;SDR;AIRBUS A319;Chubascos dispersos;13/04/18
IBE0556;MAD;SDR;AIRBUS A319;Chubascos dispersos;13/04/18
VLG1590;BCN;SDR;AIRBUS A320;Lluvia;13/04/18
IBE0558;MAD;SDR;AIRBUS A319;Chubascos dispersos;13/04/18
IBE8878;MAD;SDR;BOMBARDIER CRJ-1000;Chubascos dispersos;13/04/18
RYR6384;BCN;SDR;BOEING 737-800 WINGLETS;Lluvia;14/04/18
IBK6361;BIO;TFS;BOEING 737-800 WINGLETS;Lluvia moderada;13/04/18
VLG3968;BIO;VLC;32A;Lluvia moderada;13/04/18
VLG3274;BIO;LPA;AIRBUS A320;Lluvia moderada;13/04/18
DLH1825;BIO;MUC;AIRBUS A320;Lluvia moderada;13/04/18
KLM1686;BIO;AMS;EMBRAER 190;Lluvia moderada;13/04/18
BAW467;BIO;LHR;AIRBUS A320;Lluvia moderada;13/04/18
AEA7158;BIO;MAD;EMBRAER ERJ-195;Lluvia moderada;13/04/18
EWG2517;BIO;STR;AIRBUS A319;Lluvia moderada;13/04/18
THY1316;BIO;IST;AIRBUS A321;Lluvia moderada;13/04/18
IBE0447;BIO;MAD;AIRBUS A320;Lluvia moderada;13/04/18
VLG2510;BIO;SVQ;AIRBUS A320;Lluvia moderada;13/04/18
VLG1429;BIO;BCN;AIRBUS A320;Lluvia moderada;13/04/18
RYR1191;SVQ;HAM;BOEING 737-800 WINGLETS;Chubascos dispersos;13/04/18
TRA5086;SVQ;EIN;BOEING 737-800 WINGLETS;Chubascos dispersos;13/04/18
EVE1601;SVQ;SCQ;32A;Chubascos dispersos;13/04/18
VLG2509;SVQ;BIO;AIRBUS A320;Chubascos dispersos;13/04/18
RYR3041;SVQ;SCQ;BOEING 737-800 WINGLETS;Chubascos dispersos;13/04/18
AEA5106;SVQ;TFN;BOEING 737-800 WINGLETS;Chubascos dispersos;13/04/18
VLG3254;SVQ;TFN;AIRBUS A320;Chubascos dispersos;13/04/18
IBS3949;SVQ;MAD;AIRBUS A320;Chubascos dispersos;13/04/18
DLH1823;SVQ;MUC;AIRBUS A321;Chubascos dispersos;13/04/18
MYX8642;SVQ;CDG;AIRBUS A320;Chubascos dispersos;13/04/18
ANE2120;SVQ;LYS;BOMBARDIER CRJ-1000;Chubascos dispersos;13/04/18
RYR5286;SVQ;MRS;BOEING 737-800 WINGLETS;Chubascos dispersos;13/04/18
TAP1105;SVQ;LIS;BOEING 737-400;Chubascos dispersos;13/04/18
RYR1188;SVQ;FMM;BOEING 737-800 WINGLETS;Chubascos dispersos;13/04/18
VLG2221;SVQ;BCN;AIRBUS A320;Chubascos dispersos;13/04/18
VOE3529;SVQ;BIO;BOEING 717;Chubascos dispersos;13/04/18
RYR5272;SVQ;PMI;BOEING 737-800 WINGLETS;Chubascos dispersos;13/04/18
RYR2208;SVQ;VLC;BOEING 737-800 WINGLETS;Chubascos dispersos;13/04/18
IBE8106;PMI;IBZ;ATR-42/72;Despejado;17/04/18
RYR7216;VLC;IBZ;BOEING 737-800 WINGLETS;Nubosidad variable;13/04/18
VLG3419;MAD;IBZ;AIRBUS A320;Chubascos dispersos;13/04/18
IBE8904;ALC;IBZ;CANADAIR CRJ-200;Despejado;17/04/18
VLG3695;VLC;IBZ;AIRBUS A320;Nubosidad variable;13/04/18
AEA2687;BCN;IBZ;BOEING 737-800 WINGLETS;Lluvia;13/04/18
IBE8910;MAD;IBZ;BOMBARDIER CRJ-1000;Chubascos dispersos;13/04/18
IBE8108;PMI;IBZ;BOMBARDIER CRJ-1000;Despejado;17/04/18
VLG3510;BCN;IBZ;32A;Lluvia;13/04/18
AEA6025;MAD;IBZ;EMBRAER ERJ-195;Chubascos dispersos;13/04/18
AEA1706;PMI;IBZ;ATR-72;Lluvia;13/04/18
RYR2066;MAD;IBZ;BOEING 737-800 WINGLETS;Chubascos dispersos;13/04/18
IBB659;TFN;VDE;ATR-42/72;Nubosidad variable;13/04/18
IBB663;TFN;VDE;ATR-72;Nubosidad variable;13/04/18
IBB365;LPA;VDE;ATR-72;Nubosidad variable;13/04/18
CNF247;TFN;VDE;ATR-42/72;Nubosidad variable;13/04/18
IBB673;TFN;VDE;ATR-72;Nubosidad variable;13/04/18
IBS2237;TFN;VDE;ATR-72;Despejado;17/04/18
IBB655;TFN;VDE;ATR-72;Nubosidad variable;14/04/18
IBB659;TFN;VDE;ATR-72;Nubosidad variable;14/04/18
RYR9335;GRO;BRS;BOEING 737-800 WINGLETS;Lluvia;13/04/18
RYR9107;GRO;BVA;BOEING 737-800 WINGLETS;Lluvia;13/04/18
RYR7018;GRO;SKG;BOEING 737-800 WINGLETS;Lluvia;13/04/18
RYR9803;GRO;STN;BOEING 737-800 WINGLETS;Lluvia;13/04/18
RYR9211;GRO;FKB;BOEING 737-800 WINGLETS;Lluvia;13/04/18
RYR9911;GRO;BOH;BOEING 737-800 WINGLETS;Lluvia;13/04/18
RYR3769;GRO;LTN;BOEING 737-800 WINGLETS;Lluvia;13/04/18
RYR8047;GRO;BHX;BOEING 737-800 WINGLETS;Lluvia;13/04/18
RYR7038;GRO;CAG;BOEING 737-800 WINGLETS;Lluvia;13/04/18
RYR6924;GRO;RBA;BOEING 737-800 WINGLETS;Lluvia;13/04/18
RYR4275;GRO;FRA;BOEING 737-800 WINGLETS;Lluvia;13/04/18
ANE2034;GRO;SVQ;BOMBARDIER CRJ-1000;Lluvia;14/04/18
RYR9123;GRO;EIN;BOEING 737-800 WINGLETS;Lluvia;14/04/18
RYR3213;GRO;MAN;BOEING 737-800 WINGLETS;Lluvia;14/04/18
RYR2344;GRO;NCL;BOEING 737-800 WINGLETS;Lluvia;14/04/18
RYR9803;GRO;STN;BOEING 737-800 WINGLETS;Lluvia;14/04/18
RYR4125;GRO;HHN;BOEING 737-800 WINGLETS;Lluvia;14/04/18
RYR6391;GRO;NRN;BOEING 737-800 WINGLETS;Lluvia;14/04/18
RYR9241;GRO;PSA;BOEING 737-800 WINGLETS;Lluvia;14/04/18
RYR9107;GRO;BVA;BOEING 737-800 WINGLETS;Lluvia;14/04/18
RYR6901;GRO;CRL;BOEING 737-800 WINGLETS;Lluvia;14/04/18
JAF5628;FUE;TLS;BOEING 737-800 WINGLETS;Nubosidad variable;13/04/18
OLY527;FUE;HAM;AIRBUS A321;Nubosidad variable;13/04/18
IBB209;FUE;LPA;ATR-72;Nubosidad variable;13/04/18
TUI2149;FUE;HAJ;BOEING 737-800 WINGLETS;Nubosidad variable;13/04/18
SXD2878;FUE;CGN;BOEING 737-800 WINGLETS;Nubosidad variable;13/04/18
EZY8536;FUE;LGW;32A;Nubosidad variable;13/04/18
SXD2844;FUE;NUE;BOEING 737-800 WINGLETS;Nubosidad variable;13/04/18
SXD2812;FUE;HAJ;BOEING 737-800 WINGLETS;Nubosidad variable;13/04/18
SXD2808;FUE;LEJ;BOEING 737-800 WINGLETS;Nubosidad variable;13/04/18
IBB211;FUE;LPA;ATR-42/72;Nubosidad variable;13/04/18
EWG5901;FUE;VIE;AIRBUS A319;Nubosidad variable;13/04/18
IBB423;FUE;TFN;ATR-42/72;Nubosidad variable;13/04/18
RYR1585;FUE;LBA;BOEING 737-800 WINGLETS;Nubosidad variable;13/04/18
RYR3742;FUE;BHX;BOEING 737-800 WINGLETS;Nubosidad variable;13/04/18
CNF810;FUE;LPA;ATR-42/72;Nubosidad variable;13/04/18
SXD2826;FUE;FRA;BOEING 737-800 WINGLETS;Nubosidad variable;13/04/18
IBB207;FUE;LPA;ATR-42/72;Nubosidad variable;13/04/18
AEA9434;FUE;LPA;ATR-72;Nubosidad variable;13/04/18
RYR5469;FUE;MAD;BOEING 737-800 WINGLETS;Nubosidad variable;13/04/18
SXD2830;FUE;DUS;BOEING 737-800 WINGLETS;Nubosidad variable;13/04/18
VLG3015;FUE;BCN;32A;Nubosidad variable;13/04/18
IBB223;FUE;LPA;ATR-42/72;Nubosidad variable;13/04/18
AEA9448;ACE;LPA;ATR-72;Nubosidad variable;13/04/18
DE1409;ACE;FRA;BOEING 767-300 WINGLETS;Nubosidad variable;13/04/18
DE1421;ACE;DUS;BOEING 757-200  WINGLETS;Nubosidad variable;13/04/18
DE1401;ACE;MUC;AIRBUS A320;Nubosidad variable;13/04/18
RYR7125;ACE;DUB;BOEING 737-800 WINGLETS;Nubosidad variable;13/04/18
IBB469;ACE;TFN;ATR-42/72;Nubosidad variable;13/04/18
IBE2284;ACE;TFN;ATR-42/72;Nubosidad variable;13/04/18
RYR6627;ACE;EDI;BOEING 737-800 WINGLETS;Nubosidad variable;13/04/18
RYR2132;ACE;MAN;BOEING 737-800 WINGLETS;Nubosidad variable;13/04/18
RYR2595;ACE;BFS;BOEING 737-800 WINGLETS;Nubosidad variable;13/04/18
CNF722;ACE;LPA;ATR-72;Nubosidad variable;13/04/18
EZY8682;ACE;LGW;32A;Nubosidad variable;13/04/18
IBB513;ACE;LPA;ATR-42/72;Nubosidad variable;13/04/18
EZY2026;ACE;LTN;32A;Nubosidad variable;13/04/18
RYR8289;ACE;STN;BOEING 737-800 WINGLETS;Nubosidad variable;13/04/18
JTG632;ACE;BLL;BOEING 737-700 WINGLETS;Nubosidad variable;13/04/18
EIN777;ACE;DUB;AIRBUS A320;Nubosidad variable;13/04/18
IBB471;ACE;TFN;ATR-72;Nubosidad variable;13/04/18
IBE2297;ACE;TFN;ATR-72;Nubosidad variable;13/04/18
TCX1723;ACE;MAN;32B;Nubosidad variable;13/04/18
NVR158;ACE;OSL;32B;Nubosidad variable;13/04/18
IBB507;ACE;LPA;ATR-72;Nubosidad variable;13/04/18
LLX5052;LPA;ACE;AIRBUS A321;Nubosidad variable;13/04/18
IBS3857;ACE;MAD;AIRBUS A320;Nubosidad variable;13/04/18
TRA6064;BCN;RTM;BOEING 737-700 WINGLETS;Lluvia;13/04/18
VLG6332;BCN;MXP;AIRBUS A320;Lluvia;13/04/18
DLH1125;BCN;FRA;AIRBUS A321;Lluvia;13/04/18
VLG8319;BCN;AMS;AIRBUS A320;Lluvia;13/04/18
VLG2915;BCN;BOD;AIRBUS A320;Lluvia;13/04/18
EZY2264;BCN;LTN;AIRBUS A320;Lluvia;13/04/18
RYR9045;BCN;STN;BOEING 737-800 WINGLETS;Lluvia;13/04/18
EZY6026;BCN;BRS;32A;Lluvia;13/04/18
EZY1698;BCN;NCE;AIRBUS A320;Lluvia;13/04/18
EZY7204;BCN;LPL;AIRBUS A319;Lluvia;13/04/18
RYR6267;BCN;EDI;BOEING 737-800 WINGLETS;Lluvia;13/04/18
VLG8710;BCN;VIE;32B;Lluvia;13/04/18
VLG1220;BCN;LYS;AIRBUS A320;Lluvia;13/04/18
AEA2827;BCN;SCQ;BOEING 737-800 WINGLETS;Lluvia;13/04/18
EIN563;BCN;DUB;AIRBUS A320;Lluvia;13/04/18
KLM1666;BCN;AMS;BOEING 737-800 WINGLETS;Lluvia;13/04/18
VLG8016;BCN;ORY;32A;Lluvia;13/04/18
IBE8482;PMI;MAH;CANADAIR CRJ-900;Despejado;17/04/18
AEA4537;PMI;MAH;ATR-72;Lluvia;13/04/18
VLG3744;BCN;MAH;AIRBUS A320;Lluvia;13/04/18
IBE8956;MAD;MAH;BOMBARDIER CRJ-1000;Chubascos dispersos;13/04/18
AAL8564;MAD;MAH;BOMBARDIER CRJ-1000;Chubascos dispersos;13/04/18
IBE8498;PMI;MAH;ATR-42/72;Despejado;17/04/18
RYR7401;VLC;MAH;BOEING 737-800 WINGLETS;Nubosidad variable;13/04/18
AEA4531;PMI;MAH;ATR-72;Lluvia;13/04/18
IBE8490;PMI;MAH;ATR-42/72;Despejado;17/04/18
RYR6881;BCN;MAH;BOEING 737-800 WINGLETS;Lluvia;13/04/18
IBE8026;MAD;MAH;BOMBARDIER CRJ-1000;Chubascos dispersos;13/04/18
VLG3700;BCN;MAH;AIRBUS A320;Lluvia;13/04/18
IBE8492;PMI;MAH;ATR-42/72;Despejado;17/04/18
IBE8496;PMI;MAH;CANADAIR CRJ-900;Despejado;17/04/18
VLG3718;BCN;MAH;AIRBUS A321;Lluvia;13/04/18
IBE8954;MAD;MAH;BOMBARDIER CRJ-1000;Chubascos dispersos;13/04/18
QTR6553;MAH;MAD;BOMBARDIER CRJ-1000;Lluvia débil;13/04/18
IBE8494;PMI;MAH;ATR-72;Despejado;17/04/18
AEA9047;TFN;MAD;BOEING 737-800 WINGLETS;Nubosidad variable;13/04/18
IBB120;TFN;LPA;BOMBARDIER CRJ-1000;Nubosidad variable;13/04/18
IBB422;TFN;FUE;ATR-42/72;Nubosidad variable;13/04/18
IBB609;TFN;SPC;ATR-72;Nubosidad variable;13/04/18
IBB468;TFN;ACE;ATR-42/72;Nubosidad variable;13/04/18
RYR5279;TFN;MAD;BOEING 737-800 WINGLETS;Nubosidad variable;13/04/18
IBB659;TFN;VDE;ATR-42/72;Nubosidad variable;13/04/18
AEA9416;TFN;LPA;ATR-72;Nubosidad variable;13/04/18
VLG3261;TFN;BIO;AIRBUS A320;Nubosidad variable;13/04/18
IBB146;TFN;LPA;ATR-42/72;Nubosidad variable;13/04/18
IBS3943;TFN;MAD;AIRBUS A321;Nubosidad variable;13/04/18
AEA9463;TFN;SPC;ATR-72;Nubosidad variable;13/04/18
RYR3064;TFN;BCN;BOEING 737-800 WINGLETS;Nubosidad variable;13/04/18
IBB470;TFN;ACE;ATR-72;Nubosidad variable;13/04/18
IBB110;TFN;LPA;ATR-42/72;Nubosidad variable;13/04/18
IBB132;TFN;LPA;ATR-42/72;Nubosidad variable;13/04/18
IBB619;TFN;SPC;ATR-72;Nubosidad variable;13/04/18
AEA9402;TFN;LPA;ATR-72;Nubosidad variable;13/04/18
AEA2828;SCQ;BCN;BOEING 737-800 WINGLETS;Chubascos dispersos;13/04/18
RYR3042;SCQ;SVQ;BOEING 737-800 WINGLETS;Chubascos dispersos;13/04/18
VLG1677;SCQ;BCN;AIRBUS A320;Chubascos dispersos;13/04/18
DLH1111;SCQ;FRA;AIRBUS A319;Chubascos dispersos;13/04/18
LAV5214;SCQ;TFN;BOEING 737-400;Chubascos dispersos;13/04/18
IBS3875;SCQ;MAD;AIRBUS A320;Chubascos dispersos;13/04/18
EZS1338;SCQ;GVA;AIRBUS A319;Chubascos dispersos;13/04/18
RYR8539;SCQ;ALC;BOEING 737-800 WINGLETS;Chubascos dispersos;13/04/18
RYR4579;SCQ;BGY;BOEING 737-800 WINGLETS;Chubascos dispersos;13/04/18
EVE1602;SCQ;SVQ;32A;Chubascos dispersos;13/04/18
IBS3879;SCQ;MAD;AIRBUS A321;Chubascos dispersos;13/04/18
VLG8222;SCQ;CDG;AIRBUS A320;Chubascos dispersos;13/04/18
VLG1673;SCQ;BCN;AIRBUS A320;Chubascos dispersos;13/04/18
IBE8359;SCQ;BIO;CANADAIR CRJ-200;Chubascos dispersos;13/04/18
RYR5318;SCQ;MAD;BOEING 737-800 WINGLETS;Chubascos dispersos;13/04/18
VLG2654;SCQ;AGP;AIRBUS A320;Chubascos dispersos;13/04/18
RYR6380;SCQ;BCN;BOEING 737-800 WINGLETS;Chubascos dispersos;13/04/18
IBB612;SPC;TFN;ATR-42/72;Nubosidad variable;13/04/18
CNF419;SPC;TFN;ATR-72;Nubosidad variable;13/04/18
IBB614;SPC;TFN;ATR-72;Nubosidad variable;13/04/18
AEA9464;SPC;TFN;ATR-72;Nubosidad variable;13/04/18
IBB620;SPC;TFN;ATR-72;Nubosidad variable;13/04/18
IBB622;SPC;TFN;ATR-42/72;Nubosidad variable;13/04/18
IBS3843;SPC;MAD;AIRBUS A320;Nubosidad variable;13/04/18
IBB630;SPC;TFN;ATR-42/72;Nubosidad variable;13/04/18
CNF453;SPC;TFN;ATR-72;Nubosidad variable;13/04/18
IBB632;SPC;TFN;ATR-42/72;Nubosidad variable;13/04/18
IBE7265;SPC;TFN;ATR-42/72;Nubosidad variable;13/04/18
AEA9466;SPC;TFN;ATR-72;Nubosidad variable;13/04/18
IBB634;SPC;TFN;ATR-42/72;Nubosidad variable;13/04/18
PRW254;SPC;JYV;BOEING 737-800;Nubosidad variable;13/04/18
IBB636;SPC;TFN;ATR-42/72;Nubosidad variable;13/04/18
IBB316;SPC;LPA;ATR-72;Nubosidad variable;13/04/18
AEA9480;SPC;TFN;ATR-72;Nubosidad variable;13/04/18
TRA5642;SPC;AMS;BOEING 737-700 WINGLETS;Nubosidad variable;13/04/18
IBB638;SPC;TFN;ATR-42/72;Nubosidad variable;13/04/18
IBB626;SPC;TFN;ATR-42/72;Nubosidad variable;13/04/18
IBB312;SPC;LPA;ATR-72;Nubosidad variable;13/04/18
IBB640;SPC;TFN;ATR-42/72;Nubosidad variable;13/04/18
CNF468;SPC;TFN;ATR-72;Nubosidad variable;13/04/18
AEA9468;SPC;TFN;ATR-72;Nubosidad variable;13/04/18
IBE8792;MAD;MLN;ATR-72;Chubascos dispersos;13/04/18
IBE8268;AGP;MLN;ATR-72;Tormentas localmente fuertes;13/04/18
IBE8264;AGP;MLN;ATR-72;Tormentas localmente fuertes;13/04/18
IBE8790;MAD;MLN;ATR-72;Chubascos dispersos;13/04/18
IBE8276;AGP;MLN;ATR-72;Tormentas localmente fuertes;13/04/18
AEA5005;AGP;MLN;ATR-72;Tormentas localmente fuertes;13/04/18
IBE8270;AGP;MLN;ATR-72;Tormentas localmente fuertes;13/04/18
IBE8798;MAD;MLN;ATR-72;Chubascos dispersos;13/04/18
IBE8272;AGP;MLN;ATR-72;Tormentas localmente fuertes;13/04/18
AEA5001;AGP;MLN;ATR-72;Tormentas localmente fuertes;14/04/18
IBE8262;AGP;MLN;ATR-72;Tormentas localmente fuertes;14/04/18
IBE8792;MAD;MLN;ATR-72;Chubascos dispersos;14/04/18
IBK6514;TFS;DUS;BOEING 737-800 WINGLETS;Nubosidad variable;13/04/18
BEL1652;TFS;BRU;AIRBUS A320;Nubosidad variable;13/04/18
IBB152;TFS;LPA;ATR-72;Nubosidad variable;13/04/18
IBK6400;TFS;LGW;BOEING 737-800 WINGLETS;Nubosidad variable;13/04/18
JAF5940;TFS;CRL;BOEING 737-800 WINGLETS;Nubosidad variable;13/04/18
EXS756;TFS;MAN;BOEING 737-800 WINGLETS;Nubosidad variable;13/04/18
RYR8167;TFS;STN;BOEING 737-800 WINGLETS;Nubosidad variable;13/04/18
OLY547;TFS;CGN;AIRBUS A321;Nubosidad variable;13/04/18
RYR1122;TFS;BHX;BOEING 737-800 WINGLETS;Nubosidad variable;13/04/18
RYR4347;TFS;LPL;BOEING 737-800 WINGLETS;Nubosidad variable;13/04/18
TOM6545;TFS;BOH;BOEING 737-800 WINGLETS;Nubosidad variable;13/04/18
TUI2969;TFS;TXL;BOEING 737-700 WINGLETS;Nubosidad variable;13/04/18
EZY1908;TFS;MAN;32A;Nubosidad variable;13/04/18
EZY6950;TFS;EDI;32A;Nubosidad variable;13/04/18
VLG6598;TFS;ZRH;32A;Nubosidad variable;13/04/18
TCX1505;TFS;GLA;AIRBUS A321;Nubosidad variable;13/04/18
TOM6585;TFS;EXT;BOEING 737-800 WINGLETS;Nubosidad variable;13/04/18
EZY8704;TFS;LGW;32A;Nubosidad variable;13/04/18
TCX1673;TFS;NCL;32B;Nubosidad variable;13/04/18
TOM5553;TFS;STN;BOEING 737-800 WINGLETS;Nubosidad variable;13/04/18
TCX1067;TFS;STN;AIRBUS A321;Nubosidad variable;13/04/18
TCX1423;TFS;BRS;AIRBUS A321;Nubosidad variable;13/04/18
TOM5545;TFS;LTN;BOEING 737-800 WINGLETS;Nubosidad variable;13/04/18
IBE0488;MAD;OVD;AIRBUS A321;Chubascos dispersos;13/04/18
VLG1629;AGP;OVD;AIRBUS A320;Tormentas localmente fuertes;13/04/18
VLG1579;BCN;OVD;AIRBUS A320;Lluvia;13/04/18
IBS3980;MAD;OVD;AIRBUS A320;Chubascos dispersos;13/04/18
IBE0476;MAD;OVD;AIRBUS A319;Chubascos dispersos;13/04/18
VOE3924;AGP;OVD;BOEING 717;Tormentas localmente fuertes;13/04/18
IBE0480;MAD;OVD;AIRBUS A321;Chubascos dispersos;13/04/18
VOE3830;SVQ;OVD;BOEING 717;Chubascos dispersos;13/04/18
IBE0482;MAD;OVD;AIRBUS A320;Chubascos dispersos;13/04/18
VLG1571;BCN;OVD;AIRBUS A320;Lluvia;13/04/18
VLG1573;BCN;OVD;AIRBUS A320;Lluvia;14/04/18
EZY2734;AGP;MXP;32A;Tormentas localmente fuertes;13/04/18
IBK515;AGP;HEL;BOEING 737-800 WINGLETS;Tormentas localmente fuertes;13/04/18
EZY4522;AGP;SXF;AIRBUS A319;Tormentas localmente fuertes;13/04/18
EZY1924;AGP;MAN;32A;Tormentas localmente fuertes;13/04/18
RYR4110;AGP;FRA;BOEING 737-800 WINGLETS;Tormentas localmente fuertes;13/04/18
BAW2713;AGP;LGW;AIRBUS A320;Tormentas localmente fuertes;13/04/18
RYR7045;AGP;DUB;BOEING 737-800 WINGLETS;Tormentas localmente fuertes;13/04/18
TAP1133;AGP;LIS;ATR-42/72;Tormentas localmente fuertes;13/04/18
SAS4684;AGP;OSL;BOEING 737-800;Tormentas localmente fuertes;13/04/18
VLG3068;AGP;LPA;AIRBUS A320;Tormentas localmente fuertes;13/04/18
RYR9863;AGP;LPL;BOEING 737-800 WINGLETS;Tormentas localmente fuertes;13/04/18
EZY3112;AGP;STN;AIRBUS A319;Tormentas localmente fuertes;13/04/18
RYR8613;AGP;NRN;BOEING 737-800 WINGLETS;Tormentas localmente fuertes;13/04/18
EXS1204;AGP;BHX;BOEING 737-800 WINGLETS;Tormentas localmente fuertes;13/04/18
EZY7958;AGP;AMS;AIRBUS A319;Tormentas localmente fuertes;13/04/18
VLG1629;AGP;OVD;AIRBUS A320;Tormentas localmente fuertes;13/04/18
PRI496;AGP;CPH;BOEING 737-800 WINGLETS;Tormentas localmente fuertes;13/04/18
TRA6654;AGP;EIN;BOEING 737-800 WINGLETS;Tormentas localmente fuertes;13/04/18
EZY6756;AGP;BFS;AIRBUS A319;Tormentas localmente fuertes;13/04/18
RYR656;AGP;PIK;BOEING 737-800 WINGLETS;Tormentas localmente fuertes;13/04/18
EZY6408;AGP;NCL;AIRBUS A319;Tormentas localmente fuertes;13/04/18
RYR8163;AGP;STN;BOEING 737-800 WINGLETS;Tormentas localmente fuertes;13/04/18
AEA5036;AGP;MAD;ATR-72;Tormentas localmente fuertes;13/04/18
VLG1251;BCN;LEI;AIRBUS A320;Lluvia;13/04/18
IBE8598;MAD;LEI;BOMBARDIER CRJ-1000;Chubascos dispersos;13/04/18
IBE8212;PMI;LEI;CANADAIR CRJ-200;Despejado;17/04/18
IBE8592;MAD;LEI;BOMBARDIER CRJ-1000;Chubascos dispersos;13/04/18
IBE8588;MAD;LEI;CANADAIR CRJ-200;Chubascos dispersos;13/04/18
IBE8600;MAD;LEI;BOMBARDIER CRJ-1000;Chubascos dispersos;13/04/18
IBE8594;MAD;LEI;CANADAIR CRJ-900;Chubascos dispersos;14/04/18
VLG1251;BCN;LEI;AIRBUS A320;Lluvia;14/04/18
IBE8441;IBZ;VLC;CANADAIR CRJ-200;Nuboso a muy nuboso;13/04/18
VLG3968;BIO;VLC;32A;Lluvia moderada;13/04/18
IBE8974;MAD;VLC;BOMBARDIER CRJ-1000;Chubascos dispersos;13/04/18
AAL8576;MAD;VLC;BOMBARDIER CRJ-1000;Chubascos dispersos;13/04/18
VLG2020;BCN;GRX;32A;Lluvia;13/04/18
AEA5201;PMI;GRX;EMBRAER ERJ-195;Lluvia;13/04/18
VLG3933;PMI;GRX;32A;Lluvia;13/04/18
IBE8646;MAD;GRX;CANADAIR CRJ-900;Chubascos dispersos;13/04/18
IBE8642;MAD;GRX;BOMBARDIER CRJ-1000;Chubascos dispersos;13/04/18
VLG2014;BCN;GRX;AIRBUS A320;Lluvia;13/04/18
IBE8644;MAD;GRX;BOMBARDIER CRJ-1000;Chubascos dispersos;13/04/18
VLG2618;BIO;GRX;AIRBUS A320;Lluvia moderada;13/04/18
VLG2016;BCN;GRX;32B;Lluvia;13/04/18
IBE8648;MAD;GRX;CANADAIR CRJ-900;Chubascos dispersos;13/04/18
VLG2010;BCN;GRX;AIRBUS A321;Lluvia;14/04/18
IBE8640;MAD;GRX;BOMBARDIER CRJ-1000;Chubascos dispersos;14/04/18
VLG2020;BCN;GRX;AIRBUS A320;Lluvia;14/04/18
AEA5201;PMI;GRX;EMBRAER ERJ-195;Lluvia;14/04/18
VLG3275;LPA;BIO;AIRBUS A320;Nubosidad variable;13/04/18
VLG3803;MAH;BIO;32A;Lluvia débil;13/04/18
VLG1440;BCN;BIO;32A;Lluvia;13/04/18
AEA7157;MAD;BIO;EMBRAER ERJ-195;Chubascos dispersos;13/04/18
IBE0426;MAD;BIO;AIRBUS A320;Chubascos dispersos;13/04/18
VLG2509;SVQ;BIO;AIRBUS A320;Chubascos dispersos;13/04/18
VLG1428;BCN;BIO;AIRBUS A320;Lluvia;13/04/18
VLG3916;BCN;PMI;AIRBUS A320;Lluvia;13/04/18
IBK6771;MAD;PMI;BOEING 737-800 WINGLETS;Chubascos dispersos;13/04/18
ANE8213;LEI;PMI;CANADAIR CRJ-200;Despejado;17/04/18
IBS9525;BIO;PMI;AIRBUS A320;Lluvia moderada;13/04/18
AEA6013;MAD;PMI;BOEING 737-800 WINGLETS;Chubascos dispersos;13/04/18
VLG3944;BIO;PMI;32A;Lluvia moderada;13/04/18
RYR6333;SCQ;BCN;BOEING 737-800 WINGLETS;Chubascos dispersos;13/04/18
IBE0930;MAD;BCN;AIRBUS A320;Chubascos dispersos;13/04/18
VLG9742;MAD;BCN;AIRBUS A320;Chubascos dispersos;13/04/18
AAL8733;MAD;BCN;AIRBUS A320;Chubascos dispersos;13/04/18
IBE0930S;MAD;BCN;AIRBUS A320;Chubascos dispersos;13/04/18
AVA6078;MAD;BCN;AIRBUS A320;Chubascos dispersos;13/04/18
VLG2211;SVQ;BCN;AIRBUS A320;Chubascos dispersos;13/04/18
VLG2011;GRX;BCN;32B;Chubascos dispersos;13/04/18
CNF804;FUE;LPA;ATR-72;Nubosidad variable;13/04/18
IBB237;FUE;LPA;ATR-42/72;Nubosidad variable;13/04/18
IBB505;ACE;LPA;ATR-72;Nubosidad variable;13/04/18
IBB120;TFN;LPA;BOMBARDIER CRJ-1000;Nubosidad variable;13/04/18
IBS3826;MAD;LPA;AIRBUS A321;Chubascos dispersos;13/04/18
AEA9416;TFN;LPA;ATR-72;Nubosidad variable;13/04/18
IBB209;FUE;LPA;ATR-72;Nubosidad variable;13/04/18
IBB152;TFS;LPA;ATR-72;Nubosidad variable;13/04/18
IBK5831;AGP;LPA;BOEING 737-800 WINGLETS;Tormentas localmente fuertes;13/04/18
AEA9448;ACE;LPA;ATR-72;Nubosidad variable;13/04/18
IBB146;TFN;LPA;ATR-42/72;Nubosidad variable;13/04/18
VLG3153;PMI;XRY;AIRBUS A320;Lluvia;13/04/18
IBE0410;MAD;XRY;AIRBUS A319;Chubascos dispersos;13/04/18
VLG2286;BCN;XRY;32A;Lluvia;13/04/18
RYR1283;BCN;XRY;BOEING 737-800 WINGLETS;Lluvia;13/04/18
IBE0404;MAD;XRY;AIRBUS A319;Chubascos dispersos;13/04/18
IBE0406;MAD;XRY;AIRBUS A320;Chubascos dispersos;13/04/18
IBE0410;MAD;XRY;AIRBUS A319;Chubascos dispersos;14/04/18
VLG2614;BIO;XRY;AIRBUS A320;Lluvia moderada;14/04/18
ANE8387;BIO;ALC;CANADAIR CRJ-200;Despejado;17/04/18
AEA4024;PMI;ALC;ATR-72;Lluvia;13/04/18
ANE8392;MAD;ALC;BOMBARDIER CRJ-1000;Despejado;17/04/18
AAL8542;MAD;ALC;BOMBARDIER CRJ-1000;Chubascos dispersos;13/04/18
VLG3980;PMI;SCQ;AIRBUS A320;Lluvia;13/04/18
EVE1601;SVQ;SCQ;32A;Chubascos dispersos;13/04/18
AEA2827;BCN;SCQ;BOEING 737-800 WINGLETS;Lluvia;13/04/18
RYR3041;SVQ;SCQ;BOEING 737-800 WINGLETS;Chubascos dispersos;13/04/18
LAV5213;TFN;SCQ;BOEING 737-400;Nubosidad variable;13/04/18
IBS3874;MAD;SCQ;AIRBUS A320;Chubascos dispersos;13/04/18
RYR8538;ALC;SCQ;BOEING 737-800 WINGLETS;Nubosidad variable;13/04/18
EVE1119;ALC;SCQ;32A;Nubosidad variable;13/04/18
IBS3878;MAD;SCQ;AIRBUS A321;Chubascos dispersos;13/04/18
VLG1676;BCN;SCQ;AIRBUS A320;Lluvia;13/04/18
VLG1672;BCN;SCQ;AIRBUS A320;Lluvia;13/04/18
IBE8358;BIO;SCQ;CANADAIR CRJ-200;Lluvia moderada;13/04/18
VLG2655;AGP;SCQ;AIRBUS A320;Tormentas localmente fuertes;13/04/18
RYR5317;MAD;SCQ;BOEING 737-800 WINGLETS;Chubascos dispersos;13/04/18
RYR6381;BCN;SCQ;BOEING 737-800 WINGLETS;Lluvia;13/04/18
IBB123;LPA;TFS;ATR-72;Nubosidad variable;13/04/18
VLG3282;AGP;TFS;32A;Tormentas localmente fuertes;13/04/18
AEA9462;SPC;TFN;ATR-72;Nubosidad variable;13/04/18
IBB612;SPC;TFN;ATR-42/72;Nubosidad variable;13/04/18
IBB109;LPA;TFN;BOMBARDIER CRJ-1000;Nubosidad variable;13/04/18
IBS3942;MAD;TFN;AIRBUS A321;Chubascos dispersos;13/04/18
RYR3063;BCN;TFN;BOEING 737-800 WINGLETS;Lluvia;13/04/18
IBB650;GMZ;TFN;ATR-42/72;Chubascos dispersos;13/04/18
CNF419;SPC;TFN;ATR-72;Nubosidad variable;13/04/18
IBB614;SPC;TFN;ATR-72;Nubosidad variable;13/04/18
IBB159;LPA;TFN;ATR-72;Nubosidad variable;13/04/18
AEA9401;LPA;TFN;ATR-72;Nubosidad variable;13/04/18
IBB127;LPA;TFN;ATR-72;Nubosidad variable;13/04/18
IBB423;FUE;TFN;ATR-42/72;Nubosidad variable;13/04/18
IBB469;ACE;TFN;ATR-42/72;Nubosidad variable;13/04/18
IBB662;VDE;TFN;ATR-42/72;Chubascos dispersos;13/04/18
IBB133;LPA;TFN;ATR-72;Nubosidad variable;13/04/18
AEA9464;SPC;TFN;ATR-72;Nubosidad variable;13/04/18
IBS3946;MAD;TFN;AIRBUS A320;Chubascos dispersos;13/04/18
AEA5106;SVQ;TFN;BOEING 737-800 WINGLETS;Chubascos dispersos;13/04/18
IBB145;LPA;TFN;ATR-72;Nubosidad variable;13/04/18
IBB620;SPC;TFN;ATR-72;Nubosidad variable;13/04/18
IBB471;ACE;TFN;ATR-72;Nubosidad variable;13/04/18
VLG3254;SVQ;TFN;AIRBUS A320;Chubascos dispersos;13/04/18
AEA5002;MLN;AGP;ATR-72;Chubascos dispersos;13/04/18
IBE8273;MLN;AGP;ATR-72;Chubascos dispersos;13/04/18
IBE8263;MLN;AGP;ATR-72;Chubascos dispersos;13/04/18
AEA9447;LPA;ACE;ATR-72;Nubosidad variable;13/04/18
IBB468;TFN;ACE;ATR-42/72;Nubosidad variable;13/04/18
CNF721;LPA;ACE;ATR-72;Nubosidad variable;13/04/18
IBB510;LPA;ACE;ATR-72;Nubosidad variable;13/04/18
IBB470;TFN;ACE;ATR-72;Nubosidad variable;13/04/18
IBE2248;TFN;ACE;ATR-72;Despejado;17/04/18
IBB508;LPA;ACE;ATR-72;Nubosidad variable;13/04/18
LLX5052;LPA;ACE;AIRBUS A321;Nubosidad variable;13/04/18
IBS3856;MAD;ACE;AIRBUS A320;Chubascos dispersos;13/04/18
AEA5103;TFN;SVQ;BOEING 737-800 WINGLETS;Nubosidad variable;13/04/18
VLG2252;BCN;SVQ;AIRBUS A320;Lluvia;13/04/18
VLG3257;TFN;SVQ;AIRBUS A320;Nubosidad variable;13/04/18
IBS3950;MAD;SVQ;AIRBUS A320;Chubascos dispersos;13/04/18
VLG2510;BIO;SVQ;AIRBUS A320;Lluvia moderada;13/04/18
RYR3042;SCQ;SVQ;BOEING 737-800 WINGLETS;Chubascos dispersos;13/04/18
RYR5273;PMI;SVQ;BOEING 737-800 WINGLETS;Lluvia;13/04/18
RYR2207;VLC;SVQ;BOEING 737-800 WINGLETS;Nubosidad variable;13/04/18
VLG3965;VLC;SVQ;AIRBUS A320;Nubosidad variable;13/04/18
IBE8846;VLC;SVQ;CANADAIR CRJ-900;Nubosidad variable;13/04/18
VLG1298;LCG;SVQ;AIRBUS A320;Chubascos dispersos;13/04/18
IBS3952;MAD;SVQ;32A;Chubascos dispersos;13/04/18
ANE2003;CDT;SVQ;BOMBARDIER CRJ-1000;Despejado;17/04/18
VLG3255;TFN;SVQ;AIRBUS A320;Nubosidad variable;13/04/18
IBB208;LPA;FUE;ATR-72;Nubosidad variable;13/04/18
IBB210;LPA;FUE;ATR-72;Nubosidad variable;13/04/18
IBB422;TFN;FUE;ATR-42/72;Nubosidad variable;13/04/18
CNF809;LPA;FUE;ATR-72;Nubosidad variable;13/04/18
IBB206;LPA;FUE;ATR-72;Nubosidad variable;13/04/18
RYR5468;MAD;FUE;BOEING 737-800 WINGLETS;Chubascos dispersos;13/04/18
AEA9433;LPA;FUE;ATR-72;Nubosidad variable;13/04/18
VLG3014;BCN;FUE;32A;Lluvia;13/04/18
IBB222;LPA;FUE;ATR-72;Nubosidad variable;13/04/18
IBS3906;MAD;FUE;AIRBUS A320;Chubascos dispersos;13/04/18
IBB416;TFN;FUE;ATR-42/72;Nubosidad variable;13/04/18
CNF418;TFN;SPC;ATR-72;Nubosidad variable;13/04/18
IBB609;TFN;SPC;ATR-72;Nubosidad variable;13/04/18
AEA9463;TFN;SPC;ATR-72;Nubosidad variable;13/04/18
IBB619;TFN;SPC;ATR-72;Nubosidad variable;13/04/18
IBB621;TFN;SPC;ATR-42/72;Nubosidad variable;13/04/18
IBS3842;MAD;SPC;AIRBUS A320;Chubascos dispersos;13/04/18
IBB629;TFN;SPC;ATR-42/72;Nubosidad variable;13/04/18
CNF452;TFN;SPC;ATR-72;Nubosidad variable;13/04/18
IBB631;TFN;SPC;ATR-42/72;Nubosidad variable;13/04/18
IBE2228;TFN;SPC;ATR-42/72;Despejado;17/04/18
AEA9465;TFN;SPC;ATR-72;Nubosidad variable;13/04/18
IBB633;TFN;SPC;ATR-42/72;Nubosidad variable;13/04/18
IBB623;TFN;SPC;ATR-42/72;Nubosidad variable;13/04/18
AEA9479;TFN;SPC;ATR-72;Nubosidad variable;13/04/18
IBB315;LPA;SPC;ATR-72;Nubosidad variable;13/04/18
IBB637;TFN;SPC;ATR-42/72;Nubosidad variable;13/04/18
IBB625;TFN;SPC;ATR-42/72;Nubosidad variable;13/04/18
IBB311;LPA;SPC;ATR-72;Nubosidad variable;13/04/18
IBB639;TFN;SPC;ATR-42/72;Nubosidad variable;13/04/18
CNF467;TFN;SPC;ATR-72;Nubosidad variable;13/04/18
AEA9467;TFN;SPC;ATR-72;Nubosidad variable;13/04/18
IBE8759;LEN;BCN;BOMBARDIER CRJ-1000;Lluvia;13/04/18
IBE8221;RJL;MAD;CANADAIR CRJ-200;Lluvia;14/04/18
IBE8758;BCN;LEN;BOMBARDIER CRJ-1000;Despejado;17/04/18
RYR6321;VLL;BCN;BOEING 737-800 WINGLETS;Chubascos dispersos;13/04/18
VLG1585;VLL;BCN;AIRBUS A320;Chubascos dispersos;13/04/18
IBB650;GMZ;TFN;ATR-42/72;Chubascos dispersos;13/04/18
IBB652;GMZ;TFN;ATR-72;Chubascos dispersos;13/04/18
IBB650;GMZ;TFN;ATR-72;Chubascos dispersos;14/04/18
HTY110;JCU;AEI;AWH;Lluvia;13/04/18
HTY112;AEI;JCU;AWH;Tormentas localmente fuertes;13/04/18
HTY114;AEI;JCU;AWH;Tormentas localmente fuertes;13/04/18
HTY138;AEI;JCU;AWH;Tormentas localmente fuertes;13/04/18
AEA2631;ZAZ;IBZ;BOEING 737-800 WINGLETS;Chubascos dispersos;13/04/18
RYR4634;ZAZ;BGY;BOEING 737-800 WINGLETS;Chubascos dispersos;13/04/18
VLG3979;ZAZ;PMI;AIRBUS A320;Chubascos dispersos;13/04/18
RYR7235;ZAZ;BVA;BOEING 737-800 WINGLETS;Chubascos dispersos;14/04/18
IBE8224;MAD;RJL;CANADAIR CRJ-200;Chubascos dispersos;13/04/18
RYR1074;REU;EMA;BOEING 737-800 WINGLETS;Lluvia;13/04/18
RYR1115;REU;DUB;BOEING 737-800 WINGLETS;Lluvia;13/04/18
RYR2212;REU;EIN;BOEING 737-800 WINGLETS;Lluvia;13/04/18
RYR2212;REU;EIN;BOEING 737-800 WINGLETS;Lluvia;14/04/18
RYR1115;REU;DUB;BOEING 737-800 WINGLETS;Lluvia;14/04/18
AEA2632;IBZ;ZAZ;BOEING 737-800 WINGLETS;Nuboso a muy nuboso;13/04/18
VLG3978;PMI;ZAZ;AIRBUS A320;Lluvia;13/04/18
AEA7234;LCG;MAD;EMBRAER ERJ-195;Chubascos dispersos;13/04/18
IBE0513;LCG;MAD;AIRBUS A320;Chubascos dispersos;13/04/18
VLG1274;LCG;VLC;32A;Chubascos dispersos;13/04/18
VLG1298;LCG;SVQ;AIRBUS A320;Chubascos dispersos;13/04/18
AEA7236;LCG;MAD;EMBRAER ERJ-195;Chubascos dispersos;13/04/18
IBE0523;LCG;MAD;AIRBUS A320;Chubascos dispersos;13/04/18
VLG1295;LCG;BCN;32A;Chubascos dispersos;13/04/18
VLG7104;LCG;LHR;AIRBUS A320;Chubascos dispersos;13/04/18
LZF440;BIO;LCG;ATR 42-300/320;Lluvia moderada;13/04/18
AEA7238;LCG;MAD;EMBRAER ERJ-195;Chubascos dispersos;13/04/18
IBE0521;LCG;MAD;AIRBUS A320;Chubascos dispersos;13/04/18
AEA7157;MAD;BIO;EMBRAER ERJ-195;Chubascos dispersos;13/04/18
IBE0426;MAD;BIO;AIRBUS A320;Chubascos dispersos;13/04/18
VLG2509;SVQ;BIO;AIRBUS A320;Chubascos dispersos;13/04/18
VLG1428;BCN;BIO;AIRBUS A320;Lluvia;13/04/18
VLG3945;PMI;BIO;32A;Lluvia;13/04/18
IBE0446;MAD;BIO;32A;Chubascos dispersos;13/04/18
VLG3969;VLC;BIO;32A;Nubosidad variable;13/04/18
TRA5106;VLC;EIN;BOEING 737-800 WINGLETS;Nubosidad variable;13/04/18
RYR8322;VLC;STN;BOEING 737-800 WINGLETS;Nubosidad variable;13/04/18
RYR7216;VLC;IBZ;BOEING 737-800 WINGLETS;Nubosidad variable;13/04/18
RYR7619;VLC;GLA;BOEING 737-800 WINGLETS;Nubosidad variable;13/04/18
AEA1007;VLC;CDG;BOEING 737-800 WINGLETS;Nubosidad variable;13/04/18
TAP1097;VLC;LIS;ATR-42/72;Nubosidad variable;13/04/18
AEA4064;VLC;MAD;ATR-72;Nubosidad variable;13/04/18
VLG3695;VLC;IBZ;AIRBUS A320;Nubosidad variable;13/04/18
VLG6244;VLC;FCO;AIRBUS A320;Nubosidad variable;13/04/18
EWG2531;VLC;STR;AIRBUS A319;Nubosidad variable;13/04/18
DLH1161;VLC;FRA;AIRBUS A321;Nubosidad variable;13/04/18
EZY8222;VLC;LGW;AIRBUS A319;Nubosidad variable;13/04/18
VLG3969;VLC;BIO;32A;Nubosidad variable;13/04/18
AFL2503;VLC;SVO;32A;Nubosidad variable;13/04/18
IBE8981;VLC;MAD;CANADAIR CRJ-200;Nubosidad variable;13/04/18
RYR2036;VIT;SVQ;BOEING 737-800 WINGLETS;Lluvia;14/04/18
RYR2035;SVQ;VIT;BOEING 737-800 WINGLETS;Chubascos dispersos;14/04/18
IBE0512;MAD;LCG;AIRBUS A320;Chubascos dispersos;13/04/18
VLG1299;SVQ;LCG;AIRBUS A320;Chubascos dispersos;13/04/18
AEA7235;MAD;LCG;EMBRAER ERJ-195;Chubascos dispersos;13/04/18
IBE0524;MAD;LCG;AIRBUS A320;Chubascos dispersos;13/04/18
VLG1294;BCN;LCG;32A;Lluvia;13/04/18
VLG1275;VLC;LCG;32A;Nubosidad variable;13/04/18
AEA7237;MAD;LCG;EMBRAER ERJ-195;Chubascos dispersos;13/04/18
IBE0522;MAD;LCG;AIRBUS A320;Chubascos dispersos;13/04/18
VLG1290;BCN;LCG;AIRBUS A320;Lluvia;13/04/18
DLH1119;PNA;FRA;AIRBUS A319;Lluvia;13/04/18
IBE8539;PNA;MAD;CANADAIR CRJ-200;Lluvia;13/04/18
KRP2860;PNA;LPA;FOKKER 100;Lluvia;13/04/18
IBE8525;PNA;MAD;BOMBARDIER CRJ-1000;Lluvia;13/04/18
IBE8531;PNA;MAD;BOMBARDIER CRJ-1000;Lluvia;13/04/18
IBE8529;PNA;MAD;BOMBARDIER CRJ-1000;Lluvia;14/04/18
IBB653;TFN;GMZ;ATR-42/72;Nubosidad variable;13/04/18
IBB651;TFN;GMZ;ATR-72;Nubosidad variable;14/04/18
RYR6320;BCN;VLL;BOEING 737-800 WINGLETS;Lluvia;13/04/18
VLG1584;BCN;VLL;AIRBUS A320;Lluvia;13/04/18
HTY109;JCU;AEI;AWH;Lluvia;13/04/18
HTY111;JCU;AEI;AWH;Lluvia;13/04/18
HTY113;JCU;AEI;AWH;Lluvia;13/04/18
HTY137;JCU;AEI;AWH;Lluvia;13/04/18
HTY109;JCU;AEI;AWH;Lluvia;13/04/18
HTY111;JCU;AEI;AWH;Lluvia;13/04/18
HTY113;JCU;AEI;AWH;Lluvia;13/04/18
HTY257;JCU;AGP;AWH;Lluvia;13/04/18
HTY137;JCU;AEI;AWH;Lluvia;13/04/18
AEA7302;MAD;VGO;EMBRAER ERJ-195;Chubascos dispersos;13/04/18
AEA7157;MAD;BIO;EMBRAER ERJ-195;Chubascos dispersos;13/04/18
IBE3262;MAD;VCE;AIRBUS A319;Chubascos dispersos;13/04/18
ELY396;MAD;TLV;BOEING 737-900 WINGLETS;Chubascos dispersos;13/04/18
IBS3946;MAD;TFN;AIRBUS A320;Chubascos dispersos;13/04/18
IBS3950;MAD;SVQ;AIRBUS A320;Chubascos dispersos;13/04/18
IBS3856;MAD;ACE;AIRBUS A320;Chubascos dispersos;13/04/18
IBS3822;MAD;LPA;AIRBUS A320;Chubascos dispersos;13/04/18
IBS3914;MAD;PMI;AIRBUS A320;Chubascos dispersos;13/04/18
IBE3340;MAD;RAK;AIRBUS A321;Chubascos dispersos;13/04/18
IBS3906;MAD;FUE;AIRBUS A320;Chubascos dispersos;13/04/18
VLG3153;PMI;XRY;AIRBUS A320;Lluvia;13/04/18
SAS1806;PMI;ARN;32A;Lluvia;13/04/18
RYR6032;PMI;EMA;BOEING 737-800 WINGLETS;Lluvia;13/04/18
IBK523;PMI;HEL;BOEING 737-800 WINGLETS;Lluvia;13/04/18
RYR697;PMI;PIK;BOEING 737-800 WINGLETS;Lluvia;13/04/18
EWG5913;PMI;VIE;32A;Lluvia;13/04/18
RYR4150;PMI;FRA;BOEING 737-800 WINGLETS;Lluvia;13/04/18
EXS1276;PMI;BHX;BOEING 737-800 WINGLETS;Lluvia;13/04/18
IBK3669;PMI;CPH;BOEING 737-800 WINGLETS;Lluvia;13/04/18
RYR1203;PMI;STN;BOEING 737-800 WINGLETS;Lluvia;13/04/18
ANE8608;PMI;ILD;CANADAIR CRJ-200;Lluvia;13/04/18
EXS190;PMI;GLA;BOEING 737-800 WINGLETS;Lluvia;13/04/18
EWG9575;PMI;DUS;AIRBUS A340-300;Lluvia;13/04/18
EZY8620;PMI;LGW;32A;Lluvia;13/04/18
RYR6657;PMI;EDI;BOEING 737-800 WINGLETS;Lluvia;13/04/18
IBK6772;PMI;MAD;BOEING 737-800 WINGLETS;Lluvia;13/04/18
IBS9524;PMI;VGO;AIRBUS A320;Lluvia;13/04/18
AEA6048;PMI;MAD;BOEING 737-800 WINGLETS;Lluvia;13/04/18
IBE0555;SDR;MAD;AIRBUS A319;Lluvia;13/04/18
RYR9156;SDR;CIA;BOEING 737-800 WINGLETS;Lluvia;13/04/18
IBE0557;SDR;MAD;AIRBUS A319;Lluvia;13/04/18
VLG1591;SDR;BCN;AIRBUS A320;Lluvia;13/04/18
RYR1353;SDR;RAK;BOEING 737-800 WINGLETS;Lluvia;13/04/18
RYR6058;SDR;CRL;BOEING 737-800 WINGLETS;Lluvia;13/04/18
IBE0559;SDR;MAD;AIRBUS A319;Lluvia;13/04/18
RYR2613;SDR;STN;BOEING 737-800 WINGLETS;Lluvia;13/04/18
IBE8861;SDR;MAD;BOMBARDIER CRJ-1000;Lluvia;14/04/18
RYR6385;SDR;BCN;BOEING 737-800 WINGLETS;Lluvia;14/04/18
IBB662;VDE;TFN;ATR-42/72;Chubascos dispersos;13/04/18
IBB664;VDE;TFN;ATR-72;Chubascos dispersos;13/04/18
IBS7266;VDE;TFN;ATR-72;Chubascos dispersos;13/04/18
IBB366;VDE;LPA;ATR-72;Chubascos dispersos;13/04/18
IBS2247;VDE;LPA;ATR-72;Chubascos dispersos;13/04/18
CNF248;VDE;TFN;ATR-72;Chubascos dispersos;13/04/18
IBB674;VDE;TFN;ATR-72;Chubascos dispersos;13/04/18
IBB656;VDE;TFN;ATR-72;Chubascos dispersos;14/04/18
IBB660;VDE;TFN;ATR-72;Chubascos dispersos;14/04/18
IBE8263;MLN;AGP;ATR-72;Chubascos dispersos;13/04/18
IBE8275;MLN;AGP;ATR-72;Chubascos dispersos;13/04/18
IBE8791;MLN;MAD;ATR-72;Chubascos dispersos;13/04/18
IBE8269;MLN;AGP;ATR-72;Chubascos dispersos;13/04/18
IBE8793;MLN;MAD;ATR-72;Chubascos dispersos;13/04/18
IBE8277;MLN;AGP;ATR-72;Chubascos dispersos;13/04/18
AEA5004;MLN;AGP;ATR-72;Chubascos dispersos;13/04/18
IBE8261;MLN;AGP;ATR-72;Chubascos dispersos;14/04/18
IBE8789;MLN;MAD;ATR-72;Chubascos dispersos;14/04/18
AEA5002;MLN;AGP;ATR-72;Chubascos dispersos;14/04/18
IBE8273;MLN;AGP;ATR-72;Chubascos dispersos;14/04/18
IBE8263;MLN;AGP;ATR-72;Chubascos dispersos;14/04/18
AEA9448;ACE;LPA;ATR-72;Nubosidad variable;13/04/18
DE1421;ACE;DUS;BOEING 757-200  WINGLETS;Nubosidad variable;13/04/18
DE1409;ACE;FRA;BOEING 767-300 WINGLETS;Nubosidad variable;13/04/18
DE1401;ACE;MUC;AIRBUS A320;Nubosidad variable;13/04/18
RYR7125;ACE;DUB;BOEING 737-800 WINGLETS;Nubosidad variable;13/04/18
IBB469;ACE;TFN;ATR-42/72;Nubosidad variable;13/04/18
IBE2284;ACE;TFN;ATR-42/72;Nubosidad variable;13/04/18
RYR6627;ACE;EDI;BOEING 737-800 WINGLETS;Nubosidad variable;13/04/18
RYR2595;ACE;BFS;BOEING 737-800 WINGLETS;Nubosidad variable;13/04/18
RYR2132;ACE;MAN;BOEING 737-800 WINGLETS;Nubosidad variable;13/04/18
CNF722;ACE;LPA;ATR-72;Nubosidad variable;13/04/18
EZY8682;ACE;LGW;32A;Nubosidad variable;13/04/18
IBB513;ACE;LPA;ATR-42/72;Nubosidad variable;13/04/18
RYR8289;ACE;STN;BOEING 737-800 WINGLETS;Nubosidad variable;13/04/18
EZY2026;ACE;LTN;32A;Nubosidad variable;13/04/18
JTG632;ACE;BLL;BOEING 737-700 WINGLETS;Nubosidad variable;13/04/18
EIN777;ACE;DUB;AIRBUS A320;Nubosidad variable;13/04/18
IBB471;ACE;TFN;ATR-72;Nubosidad variable;13/04/18
IBE2297;ACE;TFN;ATR-72;Nubosidad variable;13/04/18
TCX1723;ACE;MAN;32B;Nubosidad variable;13/04/18
NVR158;ACE;OSL;32B;Nubosidad variable;13/04/18
IBB507;ACE;LPA;ATR-72;Nubosidad variable;13/04/18
LLX5052;LPA;ACE;AIRBUS A321;Nubosidad variable;13/04/18
IBS3857;ACE;MAD;AIRBUS A320;Nubosidad variable;13/04/18
IBE8536;MAD;PNA;CANADAIR CRJ-200;Chubascos dispersos;13/04/18
IBE8524;MAD;PNA;BOMBARDIER CRJ-1000;Chubascos dispersos;13/04/18
IBE8532;MAD;PNA;BOMBARDIER CRJ-1000;Chubascos dispersos;13/04/18
IBE8526;MAD;PNA;BOMBARDIER CRJ-1000;Chubascos dispersos;13/04/18
JAF5628;FUE;TLS;BOEING 737-800 WINGLETS;Nubosidad variable;13/04/18
SXD2878;FUE;CGN;BOEING 737-800 WINGLETS;Nubosidad variable;13/04/18
TUI2149;FUE;HAJ;BOEING 737-800 WINGLETS;Nubosidad variable;13/04/18
EZY8536;FUE;LGW;32A;Nubosidad variable;13/04/18
SXD2844;FUE;NUE;BOEING 737-800 WINGLETS;Nubosidad variable;13/04/18
SXD2812;FUE;HAJ;BOEING 737-800 WINGLETS;Nubosidad variable;13/04/18
SXD2808;FUE;LEJ;BOEING 737-800 WINGLETS;Nubosidad variable;13/04/18
EWG5901;FUE;VIE;AIRBUS A319;Nubosidad variable;13/04/18
IBB211;FUE;LPA;ATR-42/72;Nubosidad variable;13/04/18
IBB423;FUE;TFN;ATR-42/72;Nubosidad variable;13/04/18
RYR1585;FUE;LBA;BOEING 737-800 WINGLETS;Nubosidad variable;13/04/18
RYR3742;FUE;BHX;BOEING 737-800 WINGLETS;Nubosidad variable;13/04/18
CNF810;FUE;LPA;ATR-42/72;Nubosidad variable;13/04/18
SXD2826;FUE;FRA;BOEING 737-800 WINGLETS;Nubosidad variable;13/04/18
IBB207;FUE;LPA;ATR-42/72;Nubosidad variable;13/04/18
RYR5469;FUE;MAD;BOEING 737-800 WINGLETS;Nubosidad variable;13/04/18
AEA9434;FUE;LPA;ATR-72;Nubosidad variable;13/04/18
SXD2830;FUE;DUS;BOEING 737-800 WINGLETS;Nubosidad variable;13/04/18
VLG3015;FUE;BCN;32A;Nubosidad variable;13/04/18
IBB223;FUE;LPA;ATR-42/72;Nubosidad variable;13/04/18
LLX5852;FUE;PAD;AIRBUS A320;Nubosidad variable;13/04/18
IBS3907;FUE;MAD;AIRBUS A320;Nubosidad variable;13/04/18
AEA7315;VGO;MAD;EMBRAER ERJ-195;Chubascos dispersos;13/04/18
IBE0533;VGO;MAD;AIRBUS A319;Chubascos dispersos;13/04/18
IBS9527;VGO;PMI;AIRBUS A320;Chubascos dispersos;13/04/18
TAP1141;VGO;LIS;ATR-72;Chubascos dispersos;13/04/18
AEA7317;VGO;MAD;EMBRAER ERJ-195;Chubascos dispersos;13/04/18
IBE0535;VGO;MAD;AIRBUS A319;Chubascos dispersos;13/04/18
RYR246;VGO;BCN;BOEING 737-800 WINGLETS;Chubascos dispersos;13/04/18
AEA2728;VGO;BCN;BOEING 737-800 WINGLETS;Chubascos dispersos;13/04/18
AEA7319;VGO;MAD;EMBRAER ERJ-195;Chubascos dispersos;13/04/18
RYR244;VGO;BLQ;BOEING 737-800 WINGLETS;Chubascos dispersos;13/04/18
VLG1705;VGO;BCN;AIRBUS A320;Chubascos dispersos;13/04/18
IBE0537;VGO;MAD;AIRBUS A319;Chubascos dispersos;14/04/18
RYR8352;LEI;STN;BOEING 737-800 WINGLETS;Chubascos dispersos;13/04/18
VLG1252;LEI;BCN;AIRBUS A320;Chubascos dispersos;13/04/18
IBE8577;LEI;MAD;BOMBARDIER CRJ-1000;Chubascos dispersos;13/04/18
IBE8589;LEI;MAD;CANADAIR CRJ-200;Chubascos dispersos;13/04/18
IBE8601;LEI;MAD;BOMBARDIER CRJ-1000;Chubascos dispersos;13/04/18
GMI2381;LEI;DUS;BOEING 737-700 WINGLETS;Chubascos dispersos;13/04/18
RYR1259;LEI;CRL;BOEING 737-800 WINGLETS;Chubascos dispersos;13/04/18
IBE8932;LEI;SVQ;CANADAIR CRJ-200;Chubascos dispersos;13/04/18
IBE8603;LEI;MAD;BOMBARDIER CRJ-1000;Chubascos dispersos;14/04/18
LGL694;LEI;LUX;BOEING 737-800 WINGLETS;Chubascos dispersos;14/04/18
JAF6944;LEI;BRU;EMBRAER 190;Chubascos dispersos;14/04/18
IBE8595;LEI;MAD;CANADAIR CRJ-900;Chubascos dispersos;14/04/18
EZY8164;LEI;LGW;AIRBUS A320;Chubascos dispersos;14/04/18
VLG1252;LEI;BCN;AIRBUS A320;Chubascos dispersos;14/04/18
TRA6064;BCN;RTM;BOEING 737-700 WINGLETS;Lluvia;13/04/18
VLG8319;BCN;AMS;AIRBUS A320;Lluvia;13/04/18
VLG2915;BCN;BOD;AIRBUS A320;Lluvia;13/04/18
RYR6267;BCN;EDI;BOEING 737-800 WINGLETS;Lluvia;13/04/18
VLG3744;BCN;MAH;AIRBUS A320;Lluvia;13/04/18
EZY8572;BCN;LGW;AIRBUS A320;Lluvia;13/04/18
VLG6164;BCN;CAG;AIRBUS A320;Lluvia;13/04/18
VLG1820;BCN;HAM;32A;Lluvia;13/04/18
RYR9111;BCN;TRN;BOEING 737-800 WINGLETS;Lluvia;13/04/18
VLG8752;BCN;BHX;AIRBUS A320;Lluvia;13/04/18
RYR6386;BCN;AGP;BOEING 737-800 WINGLETS;Lluvia;13/04/18
VLG6001;BCN;FLR;AIRBUS A319;Lluvia;13/04/18
VLG6240;BCN;BSL;AIRBUS A319;Lluvia;13/04/18
ROT422;BCN;OTP;BOEING 737-700 WINGLETS;Lluvia;13/04/18
VLG8860;OVD;CDG;AIRBUS A320;Lluvia;13/04/18
IBE0475;OVD;MAD;AIRBUS A321;Lluvia;13/04/18
VLG1628;OVD;AGP;AIRBUS A320;Lluvia;13/04/18
IBS3983;OVD;MAD;AIRBUS A320;Lluvia;13/04/18
VOE3925;OVD;AGP;BOEING 717;Lluvia;13/04/18
IBE0487;OVD;MAD;AIRBUS A319;Lluvia;13/04/18
EZY3084;OVD;STN;AIRBUS A319;Lluvia;13/04/18
VLG1578;OVD;BCN;AIRBUS A320;Lluvia;13/04/18
VOE3831;OVD;SVQ;BOEING 717;Lluvia;13/04/18
TAP1113;OVD;LIS;ATR-72;Lluvia;13/04/18
IBE0481;OVD;MAD;AIRBUS A321;Lluvia;13/04/18
VLG1572;OVD;BCN;AIRBUS A320;Lluvia;14/04/18
VOE3590;OVD;PMI;BOEING 717;Lluvia;14/04/18
VLG1574;OVD;BCN;AIRBUS A320;Lluvia;14/04/18
RYR8397;XRY;STN;BOEING 737-800 WINGLETS;Chubascos dispersos;13/04/18
DE1563;XRY;STR;AIRBUS A320;Chubascos dispersos;13/04/18
VLG3154;XRY;PMI;AIRBUS A320;Chubascos dispersos;13/04/18
TUI8967;XRY;MUC;BOEING 737-800 WINGLETS;Chubascos dispersos;13/04/18
RYR4624;XRY;HHN;BOEING 737-800 WINGLETS;Chubascos dispersos;13/04/18
IBE0411;XRY;MAD;AIRBUS A319;Chubascos dispersos;13/04/18
SXD4482;XRY;NUE;BOEING 737-800 WINGLETS;Chubascos dispersos;13/04/18
LLX5281;XRY;NUE;AIRBUS A320;Chubascos dispersos;13/04/18
EWG9571;XRY;DUS;32A;Chubascos dispersos;13/04/18
VLG2287;XRY;BCN;32A;Chubascos dispersos;13/04/18
RYR1284;XRY;BCN;BOEING 737-800 WINGLETS;Chubascos dispersos;13/04/18
IBE0405;XRY;MAD;AIRBUS A319;Chubascos dispersos;13/04/18
IBE0407;XRY;MAD;AIRBUS A320;Chubascos dispersos;14/04/18
LGL688;XRY;LUX;BOEING 737-700 WINGLETS;Chubascos dispersos;14/04/18
DE1723;XRY;MUC;AIRBUS A320;Chubascos dispersos;14/04/18
DE1565;XRY;HAM;AIRBUS A320;Chubascos dispersos;14/04/18
IBE0411;XRY;MAD;32A;Chubascos dispersos;14/04/18
VLG2615;XRY;BIO;AIRBUS A320;Chubascos dispersos;14/04/18
EVE1120;SCQ;ALC;32A;Chubascos dispersos;13/04/18
AEA2828;SCQ;BCN;BOEING 737-800 WINGLETS;Chubascos dispersos;13/04/18
RYR3042;SCQ;SVQ;BOEING 737-800 WINGLETS;Chubascos dispersos;13/04/18
VLG1677;SCQ;BCN;AIRBUS A320;Chubascos dispersos;13/04/18
DLH1111;SCQ;FRA;AIRBUS A319;Chubascos dispersos;13/04/18
LAV5214;SCQ;TFN;BOEING 737-400;Chubascos dispersos;13/04/18
IBS3875;SCQ;MAD;AIRBUS A320;Chubascos dispersos;13/04/18
EZS1338;SCQ;GVA;AIRBUS A319;Chubascos dispersos;13/04/18
RYR8539;SCQ;ALC;BOEING 737-800 WINGLETS;Chubascos dispersos;13/04/18
RYR4579;SCQ;BGY;BOEING 737-800 WINGLETS;Chubascos dispersos;13/04/18
EVE1602;SCQ;SVQ;32A;Chubascos dispersos;13/04/18
IBS3879;SCQ;MAD;AIRBUS A321;Chubascos dispersos;13/04/18
VLG8222;SCQ;CDG;AIRBUS A320;Chubascos dispersos;13/04/18
VLG1673;SCQ;BCN;AIRBUS A320;Chubascos dispersos;13/04/18
IBE8359;SCQ;BIO;CANADAIR CRJ-200;Chubascos dispersos;13/04/18
RYR5318;SCQ;MAD;BOEING 737-800 WINGLETS;Chubascos dispersos;13/04/18
VLG2654;SCQ;AGP;AIRBUS A320;Chubascos dispersos;13/04/18
RYR6380;SCQ;BCN;BOEING 737-800 WINGLETS;Chubascos dispersos;13/04/18
IBE8641;GRX;MAD;BOMBARDIER CRJ-1000;Chubascos dispersos;13/04/18
IBE8327;EAS;MAD;ATR-72;Lluvia;13/04/18
VLG9450;BCN;MAD;AIRBUS A320;Lluvia;13/04/18
IBE8987;VLC;MAD;CANADAIR CRJ-900;Nubosidad variable;13/04/18
IBE8533;PNA;MAD;BOMBARDIER CRJ-1000;Lluvia;13/04/18
RYR8025;MJV;STN;BOEING 737-800 WINGLETS;Nubosidad variable;13/04/18
EXS208;MJV;LBA;BOEING 737-300;Nubosidad variable;13/04/18
EZY8552;MJV;LGW;AIRBUS A320;Nubosidad variable;13/04/18
RYR7843;MJV;PIK;BOEING 737-800 WINGLETS;Nubosidad variable;13/04/18
EXS524;MJV;NCL;BOEING 737-300 WINGLETS;Nubosidad variable;13/04/18
EXS822;MJV;EDI;BOEING 737-300 WINGLETS;Nubosidad variable;13/04/18
JAF5902;MJV;CRL;BOEING 737-800 WINGLETS;Nubosidad variable;13/04/18
EXS864;MJV;MAN;BOEING 737-800 WINGLETS;Nubosidad variable;13/04/18
RYR8027;MJV;STN;BOEING 737-800 WINGLETS;Nubosidad variable;13/04/18
RYR2323;MJV;LBA;BOEING 737-800 WINGLETS;Nubosidad variable;13/04/18
RYR4117;MJV;MAN;BOEING 737-800 WINGLETS;Nubosidad variable;13/04/18
RYR3453;MJV;LTN;BOEING 737-800 WINGLETS;Nubosidad variable;13/04/18
RYR7095;MJV;DUB;BOEING 737-800 WINGLETS;Nubosidad variable;13/04/18
EZY8554;MJV;LGW;AIRBUS A320;Nubosidad variable;13/04/18
JAF6902;MJV;ANR;EMBRAER 190;Nubosidad variable;14/04/18
RYR2155;MJV;BHX;BOEING 737-800 WINGLETS;Nubosidad variable;14/04/18
EZY8550;MJV;LGW;AIRBUS A319;Nubosidad variable;14/04/18
EZY6014;MJV;BRS;AIRBUS A319;Nubosidad variable;14/04/18
RYR1925;MJV;EMA;BOEING 737-800 WINGLETS;Nubosidad variable;14/04/18
RYR1191;SVQ;HAM;BOEING 737-800 WINGLETS;Chubascos dispersos;13/04/18
TRA5086;SVQ;EIN;BOEING 737-800 WINGLETS;Chubascos dispersos;13/04/18
VLG2509;SVQ;BIO;AIRBUS A320;Chubascos dispersos;13/04/18
RYR3041;SVQ;SCQ;BOEING 737-800 WINGLETS;Chubascos dispersos;13/04/18
AEA5106;SVQ;TFN;BOEING 737-800 WINGLETS;Chubascos dispersos;13/04/18
VLG3254;SVQ;TFN;AIRBUS A320;Chubascos dispersos;13/04/18
IBS3949;SVQ;MAD;AIRBUS A320;Chubascos dispersos;13/04/18
VLG1299;SVQ;LCG;AIRBUS A320;Chubascos dispersos;13/04/18
DLH1823;SVQ;MUC;AIRBUS A321;Chubascos dispersos;13/04/18
MYX8642;SVQ;CDG;AIRBUS A320;Chubascos dispersos;13/04/18
ANE2120;SVQ;LYS;BOMBARDIER CRJ-1000;Chubascos dispersos;13/04/18
RYR5286;SVQ;MRS;BOEING 737-800 WINGLETS;Chubascos dispersos;13/04/18
TAP1105;SVQ;LIS;BOEING 737-400;Chubascos dispersos;13/04/18
RYR1188;SVQ;FMM;BOEING 737-800 WINGLETS;Chubascos dispersos;13/04/18
VLG2221;SVQ;BCN;AIRBUS A320;Chubascos dispersos;13/04/18
VOE3529;SVQ;BIO;BOEING 717;Chubascos dispersos;13/04/18
RYR5272;SVQ;PMI;BOEING 737-800 WINGLETS;Chubascos dispersos;13/04/18
RYR2208;SVQ;VLC;BOEING 737-800 WINGLETS;Chubascos dispersos;13/04/18
EZY8176;SVQ;LGW;AIRBUS A319;Chubascos dispersos;13/04/18
EZY7958;AGP;AMS;AIRBUS A319;Tormentas localmente fuertes;13/04/18
VLG1629;AGP;OVD;AIRBUS A320;Tormentas localmente fuertes;13/04/18
PRI496;AGP;CPH;BOEING 737-800 WINGLETS;Tormentas localmente fuertes;13/04/18
TRA6654;AGP;EIN;BOEING 737-800 WINGLETS;Tormentas localmente fuertes;13/04/18
EZY6756;AGP;BFS;AIRBUS A319;Tormentas localmente fuertes;13/04/18
RYR656;AGP;PIK;BOEING 737-800 WINGLETS;Tormentas localmente fuertes;13/04/18
EZY6408;AGP;NCL;AIRBUS A319;Tormentas localmente fuertes;13/04/18
RYR8163;AGP;STN;BOEING 737-800 WINGLETS;Tormentas localmente fuertes;13/04/18
AEA5036;AGP;MAD;ATR-72;Tormentas localmente fuertes;13/04/18
IBE8268;AGP;MLN;ATR-72;Tormentas localmente fuertes;13/04/18
EXS558;AGP;NCL;BOEING 737-300 WINGLETS;Tormentas localmente fuertes;13/04/18
EIN583;AGP;DUB;AIRBUS A330-300;Tormentas localmente fuertes;13/04/18
PRI2872;AGP;STN;BOEING 737-800 WINGLETS;Tormentas localmente fuertes;13/04/18
VLG2170;AGP;ZRH;32A;Tormentas localmente fuertes;13/04/18
EZY8604;AGP;LGW;32A;Tormentas localmente fuertes;13/04/18
IBE8264;AGP;MLN;ATR-72;Tormentas localmente fuertes;13/04/18
NAX8593;AGP;TRD;BOEING 737-800 WINGLETS;Tormentas localmente fuertes;13/04/18
SWR2111;AGP;ZRH;AIRBUS A321;Tormentas localmente fuertes;13/04/18
THY1306;AGP;IST;AIRBUS A321;Tormentas localmente fuertes;13/04/18
BAW8488;AGP;LCY;EMBRAER 190;Tormentas localmente fuertes;13/04/18
EXS1406;AGP;STN;BOEING 737-800 WINGLETS;Tormentas localmente fuertes;13/04/18
RAM985;AGP;CMN;ATR-72;Tormentas localmente fuertes;13/04/18
JAF5182;LPA;BRU;BOEING 737-800 WINGLETS;Nubosidad variable;13/04/18
CNF809;LPA;FUE;ATR-72;Nubosidad variable;13/04/18
CNF721;LPA;ACE;ATR-72;Nubosidad variable;13/04/18
EDW201;LPA;ZRH;AIRBUS A320;Nubosidad variable;13/04/18
IBB510;LPA;ACE;ATR-72;Nubosidad variable;13/04/18
TUI2115;LPA;DUS;7S8;Nubosidad variable;13/04/18
RYR1569;LPA;FRA;BOEING 737-800 WINGLETS;Nubosidad variable;13/04/18
IBB159;LPA;TFN;ATR-72;Nubosidad variable;13/04/18
TUI2263;LPA;HAJ;7S8;Nubosidad variable;13/04/18
AEA9401;LPA;TFN;ATR-72;Nubosidad variable;13/04/18
RYR6093;LPA;BGY;BOEING 737-800 WINGLETS;Nubosidad variable;13/04/18
IBS3827;LPA;MAD;AIRBUS A320;Nubosidad variable;13/04/18
IBK5872;LPA;OSL;BOEING 737-800 WINGLETS;Nubosidad variable;13/04/18
RYR4758;LPA;BRS;BOEING 737-800 WINGLETS;Nubosidad variable;13/04/18
FIN1722;LPA;HEL;32B;Nubosidad variable;13/04/18
TUI2965;LPA;FRA;7S8;Nubosidad variable;13/04/18
IBB127;LPA;TFN;ATR-72;Nubosidad variable;13/04/18
IBB206;LPA;FUE;ATR-72;Nubosidad variable;13/04/18
RYR3516;LPA;LTN;BOEING 737-800 WINGLETS;Nubosidad variable;13/04/18
IBB6800;LPA;SID;BOMBARDIER CRJ-1000;Nubosidad variable;13/04/18
IBB6306;LPA;AGA;ATR-72;Nubosidad variable;13/04/18
LLX5052;LPA;ACE;AIRBUS A321;Nubosidad variable;13/04/18
IBB659;TFN;VDE;ATR-42/72;Nubosidad variable;13/04/18
IBB663;TFN;VDE;ATR-72;Nubosidad variable;13/04/18
IBB365;LPA;VDE;ATR-72;Nubosidad variable;13/04/18
CNF247;TFN;VDE;ATR-42/72;Nubosidad variable;13/04/18
IBB673;TFN;VDE;ATR-72;Nubosidad variable;13/04/18
IBS2237;TFN;VDE;ATR-72;Despejado;17/04/18
IBB655;TFN;VDE;ATR-72;Nubosidad variable;14/04/18
IBB659;TFN;VDE;ATR-72;Nubosidad variable;14/04/18
IBE8268;AGP;MLN;ATR-72;Tormentas localmente fuertes;13/04/18
IBE8264;AGP;MLN;ATR-72;Tormentas localmente fuertes;13/04/18
IBE8790;MAD;MLN;ATR-72;Chubascos dispersos;13/04/18
IBE8276;AGP;MLN;ATR-72;Tormentas localmente fuertes;13/04/18
AEA5005;AGP;MLN;ATR-72;Tormentas localmente fuertes;13/04/18
IBE8270;AGP;MLN;ATR-72;Tormentas localmente fuertes;13/04/18
IBE8798;MAD;MLN;ATR-72;Chubascos dispersos;13/04/18
IBE8272;AGP;MLN;ATR-72;Tormentas localmente fuertes;13/04/18
AEA5001;AGP;MLN;ATR-72;Tormentas localmente fuertes;14/04/18
IBE8262;AGP;MLN;ATR-72;Tormentas localmente fuertes;14/04/18
IBE8792;MAD;MLN;ATR-72;Chubascos dispersos;14/04/18
IBE8268;AGP;MLN;ATR-72;Tormentas localmente fuertes;14/04/18
RYR9335;GRO;BRS;BOEING 737-800 WINGLETS;Lluvia;13/04/18
RYR9107;GRO;BVA;BOEING 737-800 WINGLETS;Lluvia;13/04/18
RYR7018;GRO;SKG;BOEING 737-800 WINGLETS;Lluvia;13/04/18
RYR9803;GRO;STN;BOEING 737-800 WINGLETS;Lluvia;13/04/18
RYR9211;GRO;FKB;BOEING 737-800 WINGLETS;Lluvia;13/04/18
RYR9911;GRO;BOH;BOEING 737-800 WINGLETS;Lluvia;13/04/18
RYR3769;GRO;LTN;BOEING 737-800 WINGLETS;Lluvia;13/04/18
RYR8047;GRO;BHX;BOEING 737-800 WINGLETS;Lluvia;13/04/18
RYR7038;GRO;CAG;BOEING 737-800 WINGLETS;Lluvia;13/04/18
RYR6924;GRO;RBA;BOEING 737-800 WINGLETS;Lluvia;13/04/18
RYR4275;GRO;FRA;BOEING 737-800 WINGLETS;Lluvia;13/04/18
ANE2034;GRO;SVQ;BOMBARDIER CRJ-1000;Lluvia;14/04/18
RYR9123;GRO;EIN;BOEING 737-800 WINGLETS;Lluvia;14/04/18
RYR3213;GRO;MAN;BOEING 737-800 WINGLETS;Lluvia;14/04/18
RYR2344;GRO;NCL;BOEING 737-800 WINGLETS;Lluvia;14/04/18
RYR9803;GRO;STN;BOEING 737-800 WINGLETS;Lluvia;14/04/18
RYR4125;GRO;HHN;BOEING 737-800 WINGLETS;Lluvia;14/04/18
RYR6391;GRO;NRN;BOEING 737-800 WINGLETS;Lluvia;14/04/18
RYR9241;GRO;PSA;BOEING 737-800 WINGLETS;Lluvia;14/04/18
RYR9107;GRO;BVA;BOEING 737-800 WINGLETS;Lluvia;14/04/18
RYR6901;GRO;CRL;BOEING 737-800 WINGLETS;Lluvia;14/04/18
RYR9012;GRO;MLA;BOEING 737-800 WINGLETS;Lluvia;14/04/18
RYR6911;GRO;MST;BOEING 737-800 WINGLETS;Lluvia;14/04/18
HTY110;JCU;AEI;AWH;Lluvia;13/04/18
HTY112;AEI;JCU;AWH;Tormentas localmente fuertes;13/04/18
HTY258;AGP;JCU;AWH;Despejado;17/04/18
HTY138;AEI;JCU;AWH;Tormentas localmente fuertes;13/04/18
IBE8316;MAD;EAS;ATR-72;Chubascos dispersos;13/04/18
IBE8322;MAD;EAS;ATR-72;Chubascos dispersos;13/04/18
IBE8318;MAD;EAS;ATR-72;Chubascos dispersos;13/04/18
IBE8326;MAD;EAS;ATR-72;Chubascos dispersos;13/04/18
IBE8324;MAD;EAS;ATR-72;Chubascos dispersos;13/04/18
VLG2486;BCN;EAS;AIRBUS A319;Lluvia;14/04/18
IBE0554;MAD;SDR;AIRBUS A319;Chubascos dispersos;13/04/18
IBE0556;MAD;SDR;AIRBUS A319;Chubascos dispersos;13/04/18
VLG1590;BCN;SDR;AIRBUS A320;Lluvia;13/04/18
IBE0558;MAD;SDR;AIRBUS A319;Chubascos dispersos;13/04/18
IBE8878;MAD;SDR;BOMBARDIER CRJ-1000;Chubascos dispersos;13/04/18
RYR6384;BCN;SDR;BOEING 737-800 WINGLETS;Lluvia;14/04/18
IBE0554;MAD;SDR;AIRBUS A319;Chubascos dispersos;14/04/18
VLG2021;GRX;BCN;32A;Chubascos dispersos;13/04/18
AEA5200;GRX;PMI;EMBRAER ERJ-195;Chubascos dispersos;13/04/18
VLG3932;GRX;PMI;32A;Chubascos dispersos;13/04/18
BAW3290;GRX;LCY;EMBRAER 190;Chubascos dispersos;13/04/18
IBE8645;GRX;MAD;CANADAIR CRJ-900;Chubascos dispersos;13/04/18
IBE8649;GRX;MAD;BOMBARDIER CRJ-1000;Chubascos dispersos;13/04/18
VLG2015;GRX;BCN;AIRBUS A320;Chubascos dispersos;13/04/18
IBE8643;GRX;MAD;BOMBARDIER CRJ-1000;Chubascos dispersos;13/04/18
VLG2619;GRX;BIO;AIRBUS A320;Chubascos dispersos;13/04/18
VLG2017;GRX;BCN;32B;Chubascos dispersos;13/04/18
IBE8639;GRX;MAD;CANADAIR CRJ-900;Chubascos dispersos;14/04/18
VLG2011;GRX;BCN;AIRBUS A320;Chubascos dispersos;14/04/18
IBE8641;GRX;MAD;BOMBARDIER CRJ-1000;Chubascos dispersos;14/04/18
VLG2021;GRX;BCN;AIRBUS A320;Chubascos dispersos;14/04/18
AEA5200;GRX;PMI;EMBRAER ERJ-195;Chubascos dispersos;14/04/18
VLG1251;BCN;LEI;AIRBUS A320;Lluvia;13/04/18
IBE8598;MAD;LEI;BOMBARDIER CRJ-1000;Chubascos dispersos;13/04/18
IBE8212;PMI;LEI;CANADAIR CRJ-200;Despejado;17/04/18
IBE8592;MAD;LEI;BOMBARDIER CRJ-1000;Chubascos dispersos;13/04/18
IBE8588;MAD;LEI;CANADAIR CRJ-200;Chubascos dispersos;13/04/18
IBE8600;MAD;LEI;BOMBARDIER CRJ-1000;Chubascos dispersos;13/04/18
IBE8594;MAD;LEI;CANADAIR CRJ-900;Chubascos dispersos;14/04/18
VLG1251;BCN;LEI;AIRBUS A320;Lluvia;14/04/18
IBE8598;MAD;LEI;CANADAIR CRJ-200;Chubascos dispersos;14/04/18
IBE0488;MAD;OVD;AIRBUS A321;Chubascos dispersos;13/04/18
VLG1629;AGP;OVD;AIRBUS A320;Tormentas localmente fuertes;13/04/18
VLG1579;BCN;OVD;AIRBUS A320;Lluvia;13/04/18
IBS3980;MAD;OVD;AIRBUS A320;Chubascos dispersos;13/04/18
IBE0476;MAD;OVD;AIRBUS A319;Chubascos dispersos;13/04/18
VOE3924;AGP;OVD;BOEING 717;Tormentas localmente fuertes;13/04/18
IBE0480;MAD;OVD;AIRBUS A321;Chubascos dispersos;13/04/18
IBE0482;MAD;OVD;AIRBUS A320;Chubascos dispersos;13/04/18
VOE3830;SVQ;OVD;BOEING 717;Chubascos dispersos;13/04/18
VLG1571;BCN;OVD;AIRBUS A320;Lluvia;13/04/18
VLG1573;BCN;OVD;AIRBUS A320;Lluvia;14/04/18
IBE0488;MAD;OVD;AIRBUS A320;Chubascos dispersos;14/04/18
VLG3515;IBZ;BCN;AIRBUS A320;Nuboso a muy nuboso;13/04/18
BAW8464;IBZ;LCY;EMBRAER 190;Nuboso a muy nuboso;13/04/18
IBE8111;IBZ;PMI;ATR-42/72;Nuboso a muy nuboso;13/04/18
RYR7217;IBZ;VLC;BOEING 737-800 WINGLETS;Nuboso a muy nuboso;13/04/18
RYR6720;IBZ;TRN;BOEING 737-800 WINGLETS;Nuboso a muy nuboso;13/04/18
VLG3416;IBZ;MAD;AIRBUS A320;Nuboso a muy nuboso;13/04/18
IBE8907;IBZ;ALC;CANADAIR CRJ-200;Nuboso a muy nuboso;13/04/18
VLG3694;IBZ;VLC;AIRBUS A320;Nuboso a muy nuboso;13/04/18
AEA2632;IBZ;ZAZ;BOEING 737-800 WINGLETS;Nuboso a muy nuboso;13/04/18
RYR6703;IBZ;FCO;BOEING 737-800 WINGLETS;Nuboso a muy nuboso;13/04/18
IBE8911;IBZ;MAD;BOMBARDIER CRJ-1000;Nuboso a muy nuboso;13/04/18
VLG3511;IBZ;BCN;32A;Nuboso a muy nuboso;13/04/18
RYR2067;IBZ;MAD;BOEING 737-800 WINGLETS;Nuboso a muy nuboso;13/04/18
AEA6024;IBZ;MAD;EMBRAER ERJ-195;Nuboso a muy nuboso;13/04/18
EZY8302;MAH;LGW;AIRBUS A319;Lluvia débil;13/04/18
VLG3715;MAH;BCN;AIRBUS A320;Lluvia débil;13/04/18
IBE8666;MAH;ILD;CANADAIR CRJ-900;Lluvia débil;13/04/18
AEA4532;MAH;PMI;ATR-72;Lluvia débil;13/04/18
VLG3745;MAH;BCN;AIRBUS A320;Lluvia débil;13/04/18
IBE8957;MAH;MAD;BOMBARDIER CRJ-1000;Lluvia débil;13/04/18
QTR6563;MAH;MAD;BOMBARDIER CRJ-1000;Lluvia débil;13/04/18
IBE8491;MAH;PMI;CANADAIR CRJ-900;Lluvia débil;13/04/18
IBE8499;MAH;PMI;ATR-42/72;Lluvia débil;13/04/18
RYR7402;MAH;VLC;BOEING 737-800 WINGLETS;Lluvia débil;13/04/18
AEA4530;MAH;PMI;ATR-72;Lluvia débil;13/04/18
IBE8493;MAH;PMI;ATR-42/72;Lluvia débil;13/04/18
RYR6882;MAH;BCN;BOEING 737-800 WINGLETS;Lluvia débil;13/04/18
IBE8027;MAH;MAD;BOMBARDIER CRJ-1000;Lluvia débil;13/04/18
VLG3701;MAH;BCN;AIRBUS A320;Lluvia débil;13/04/18
IBE8487;MAH;PMI;ATR-42/72;Lluvia débil;13/04/18
RYR2076;MAH;EMA;BOEING 737-800 WINGLETS;Lluvia débil;13/04/18
VLG3719;MAH;BCN;AIRBUS A321;Lluvia débil;13/04/18
IBE8481;MAH;PMI;CANADAIR CRJ-900;Lluvia débil;14/04/18
VLG3215;TFN;BCN;32B;Nubosidad variable;13/04/18
VLG3001;LPA;BCN;AIRBUS A321;Nubosidad variable;13/04/18
IBK6374;TFN;BCN;BOEING 737-800 WINGLETS;Nubosidad variable;13/04/18
TRA6626;ALC;EIN;BOEING 737-800 WINGLETS;Nubosidad variable;13/04/18
RYR8383;ALC;STN;BOEING 737-800 WINGLETS;Nubosidad variable;13/04/18
RYR7423;ALC;NYO;BOEING 737-800 WINGLETS;Nubosidad variable;13/04/18
RYR9887;ALC;LPL;BOEING 737-800 WINGLETS;Nubosidad variable;13/04/18
SAS1854;ALC;ARN;32A;Nubosidad variable;13/04/18
EZY1918;ALC;MAN;AIRBUS A319;Nubosidad variable;13/04/18
ANE8904;ALC;IBZ;CANADAIR CRJ-200;Nubosidad variable;13/04/18
EXS1216;ALC;BHX;BOEING 737-800 WINGLETS;Nubosidad variable;13/04/18
VLG1307;ALC;BCN;32A;Nubosidad variable;13/04/18
AEA4042;ALC;MAD;ATR-72;Nubosidad variable;13/04/18
TCX1431;ALC;GLA;32B;Nubosidad variable;13/04/18
BEE1716;ALC;SOU;EMBRAER 190;Nubosidad variable;13/04/18
EZS1426;ALC;GVA;AIRBUS A320;Nubosidad variable;13/04/18
RYR4029;ALC;FCO;BOEING 737-800 WINGLETS;Nubosidad variable;13/04/18
ANE8393;ALC;MAD;BOMBARDIER CRJ-1000;Nubosidad variable;13/04/18
DAH2021;ALC;ORN;BOEING 737-800 WINGLETS;Nubosidad variable;13/04/18
RYR8538;ALC;SCQ;BOEING 737-800 WINGLETS;Nubosidad variable;13/04/18
EXS272;ALC;LBA;BOEING 757-200  WINGLETS;Nubosidad variable;13/04/18
EXS776;ALC;EDI;BOEING 737-800 WINGLETS;Nubosidad variable;13/04/18
AEA6013;MAD;PMI;BOEING 737-800 WINGLETS;Chubascos dispersos;13/04/18
VLG3944;BIO;PMI;32A;Lluvia moderada;13/04/18
IBB152;TFS;LPA;ATR-72;Nubosidad variable;13/04/18
IBK6400;TFS;LGW;BOEING 737-800 WINGLETS;Nubosidad variable;13/04/18
JAF5940;TFS;CRL;BOEING 737-800 WINGLETS;Nubosidad variable;13/04/18
EXS756;TFS;MAN;BOEING 737-800 WINGLETS;Nubosidad variable;13/04/18
OLY547;TFS;CGN;AIRBUS A321;Nubosidad variable;13/04/18
RYR1122;TFS;BHX;BOEING 737-800 WINGLETS;Nubosidad variable;13/04/18
RYR4347;TFS;LPL;BOEING 737-800 WINGLETS;Nubosidad variable;13/04/18
TOM6545;TFS;BOH;BOEING 737-800 WINGLETS;Nubosidad variable;13/04/18
EZY1908;TFS;MAN;32A;Nubosidad variable;13/04/18
TUI2969;TFS;TXL;BOEING 737-700 WINGLETS;Nubosidad variable;13/04/18
EZY6950;TFS;EDI;32A;Nubosidad variable;13/04/18
VLG6598;TFS;ZRH;32A;Nubosidad variable;13/04/18
TCX1505;TFS;GLA;AIRBUS A321;Nubosidad variable;13/04/18
TOM6585;TFS;EXT;BOEING 737-800 WINGLETS;Nubosidad variable;13/04/18
EZY8704;TFS;LGW;32A;Nubosidad variable;13/04/18
TCX1067;TFS;STN;AIRBUS A321;Nubosidad variable;13/04/18
TCX1673;TFS;NCL;32B;Nubosidad variable;13/04/18
TCX1423;TFS;BRS;AIRBUS A321;Nubosidad variable;13/04/18
TOM5553;TFS;STN;BOEING 737-800 WINGLETS;Nubosidad variable;13/04/18
TCX1447;TFS;EMA;AIRBUS A321;Nubosidad variable;13/04/18
TOM5545;TFS;LTN;BOEING 737-800 WINGLETS;Nubosidad variable;13/04/18
GMI1145;TFS;JER;AIRBUS A319;Nubosidad variable;13/04/18
EVE1601;SVQ;SCQ;32A;Chubascos dispersos;13/04/18
AEA2827;BCN;SCQ;BOEING 737-800 WINGLETS;Lluvia;13/04/18
RYR3041;SVQ;SCQ;BOEING 737-800 WINGLETS;Chubascos dispersos;13/04/18
LAV5213;TFN;SCQ;BOEING 737-400;Nubosidad variable;13/04/18
IBS3874;MAD;SCQ;AIRBUS A320;Chubascos dispersos;13/04/18
RYR8538;ALC;SCQ;BOEING 737-800 WINGLETS;Nubosidad variable;13/04/18
EVE1119;ALC;SCQ;32A;Nubosidad variable;13/04/18
IBS3878;MAD;SCQ;AIRBUS A321;Chubascos dispersos;13/04/18
VLG1676;BCN;SCQ;AIRBUS A320;Lluvia;13/04/18
VLG1672;BCN;SCQ;AIRBUS A320;Lluvia;13/04/18
IBE8358;BIO;SCQ;CANADAIR CRJ-200;Lluvia moderada;13/04/18
VLG2655;AGP;SCQ;AIRBUS A320;Tormentas localmente fuertes;13/04/18
RYR6381;BCN;SCQ;BOEING 737-800 WINGLETS;Lluvia;13/04/18
RYR5317;MAD;SCQ;BOEING 737-800 WINGLETS;Chubascos dispersos;13/04/18
VLG1457;ALC;SCQ;32A;Nubosidad variable;13/04/18
VLG3261;TFN;BIO;AIRBUS A320;Nubosidad variable;13/04/18
IBB146;TFN;LPA;ATR-42/72;Nubosidad variable;13/04/18
IBS3943;TFN;MAD;AIRBUS A321;Nubosidad variable;13/04/18
AEA9463;TFN;SPC;ATR-72;Nubosidad variable;13/04/18
RYR3064;TFN;BCN;BOEING 737-800 WINGLETS;Nubosidad variable;13/04/18
IBB110;TFN;LPA;ATR-42/72;Nubosidad variable;13/04/18
IBB470;TFN;ACE;ATR-72;Nubosidad variable;13/04/18
IBB132;TFN;LPA;ATR-42/72;Nubosidad variable;13/04/18
IBB619;TFN;SPC;ATR-72;Nubosidad variable;13/04/18
IBB416;TFN;FUE;ATR-42/72;Nubosidad variable;13/04/18
IBB454;TFN;ACE;ATR-42/72;Nubosidad variable;13/04/18
IBB134;TFN;LPA;ATR-42/72;Nubosidad variable;13/04/18
IBB621;TFN;SPC;ATR-42/72;Nubosidad variable;13/04/18
IBB116;TFN;LPA;ATR-72;Nubosidad variable;13/04/18
IBS3937;TFN;MAD;AIRBUS A320;Nubosidad variable;13/04/18
IBB158;TFN;LPA;ATR-42/72;Nubosidad variable;13/04/18
IBB629;TFN;SPC;ATR-42/72;Nubosidad variable;13/04/18
IBB663;TFN;VDE;ATR-72;Nubosidad variable;13/04/18
AEA2682;TFN;BCN;BOEING 737-800 WINGLETS;Nubosidad variable;13/04/18
VLG3255;TFN;SVQ;AIRBUS A320;Nubosidad variable;13/04/18
IBE8441;IBZ;VLC;CANADAIR CRJ-200;Nuboso a muy nuboso;13/04/18
VLG3968;BIO;VLC;32A;Lluvia moderada;13/04/18
IBE8974;MAD;VLC;BOMBARDIER CRJ-1000;Chubascos dispersos;13/04/18
RYR7217;IBZ;VLC;BOEING 737-800 WINGLETS;Nuboso a muy nuboso;13/04/18
VLG3694;IBZ;VLC;AIRBUS A320;Nuboso a muy nuboso;13/04/18
CNF419;SPC;TFN;ATR-72;Nubosidad variable;13/04/18
IBB614;SPC;TFN;ATR-72;Nubosidad variable;13/04/18
AEA9464;SPC;TFN;ATR-72;Nubosidad variable;13/04/18
IBB620;SPC;TFN;ATR-72;Nubosidad variable;13/04/18
IBB622;SPC;TFN;ATR-42/72;Nubosidad variable;13/04/18
IBS3843;SPC;MAD;AIRBUS A320;Nubosidad variable;13/04/18
IBB630;SPC;TFN;ATR-42/72;Nubosidad variable;13/04/18
CNF453;SPC;TFN;ATR-72;Nubosidad variable;13/04/18
IBB632;SPC;TFN;ATR-42/72;Nubosidad variable;13/04/18
AEA9466;SPC;TFN;ATR-72;Nubosidad variable;13/04/18
IBB634;SPC;TFN;ATR-42/72;Nubosidad variable;13/04/18
PRW254;SPC;JYV;BOEING 737-800;Nubosidad variable;13/04/18
IBB636;SPC;TFN;ATR-42/72;Nubosidad variable;13/04/18
IBB316;SPC;LPA;ATR-72;Nubosidad variable;13/04/18
AEA9480;SPC;TFN;ATR-72;Nubosidad variable;13/04/18
TRA5642;SPC;AMS;BOEING 737-700 WINGLETS;Nubosidad variable;13/04/18
IBB638;SPC;TFN;ATR-42/72;Nubosidad variable;13/04/18
IBB626;SPC;TFN;ATR-42/72;Nubosidad variable;13/04/18
IBB312;SPC;LPA;ATR-72;Nubosidad variable;13/04/18
IBB640;SPC;TFN;ATR-42/72;Nubosidad variable;13/04/18
CNF468;SPC;TFN;ATR-72;Nubosidad variable;13/04/18
AEA9468;SPC;TFN;ATR-72;Nubosidad variable;13/04/18
IBB642;SPC;TFN;ATR-72;Nubosidad variable;13/04/18
IBB468;TFN;ACE;ATR-42/72;Nubosidad variable;13/04/18
CNF721;LPA;ACE;ATR-72;Nubosidad variable;13/04/18
IBB510;LPA;ACE;ATR-72;Nubosidad variable;13/04/18
IBB470;TFN;ACE;ATR-72;Nubosidad variable;13/04/18
IBE2248;TFN;ACE;ATR-72;Despejado;17/04/18
IBB508;LPA;ACE;ATR-72;Nubosidad variable;13/04/18
LLX5052;LPA;ACE;AIRBUS A321;Nubosidad variable;13/04/18
IBS3856;MAD;ACE;AIRBUS A320;Chubascos dispersos;13/04/18
AEA4537;PMI;MAH;ATR-72;Lluvia;13/04/18
VLG3744;BCN;MAH;AIRBUS A320;Lluvia;13/04/18
IBE8956;MAD;MAH;BOMBARDIER CRJ-1000;Chubascos dispersos;13/04/18
IBE8498;PMI;MAH;ATR-42/72;Despejado;17/04/18
RYR7401;VLC;MAH;BOEING 737-800 WINGLETS;Nubosidad variable;13/04/18
AEA4531;PMI;MAH;ATR-72;Lluvia;13/04/18
IBE8490;PMI;MAH;ATR-42/72;Despejado;17/04/18
RYR6881;BCN;MAH;BOEING 737-800 WINGLETS;Lluvia;13/04/18
IBE8026;MAD;MAH;BOMBARDIER CRJ-1000;Chubascos dispersos;13/04/18
VLG3700;BCN;MAH;AIRBUS A320;Lluvia;13/04/18
IBE8492;PMI;MAH;ATR-42/72;Despejado;17/04/18
IBE8496;PMI;MAH;CANADAIR CRJ-900;Despejado;17/04/18
VLG3718;BCN;MAH;AIRBUS A321;Lluvia;13/04/18
IBE8954;MAD;MAH;BOMBARDIER CRJ-1000;Chubascos dispersos;13/04/18
IBE8494;PMI;MAH;ATR-72;Despejado;17/04/18
VLG3712;BCN;MAH;AIRBUS A320;Lluvia;14/04/18
VLG2252;BCN;SVQ;AIRBUS A320;Lluvia;13/04/18
VLG3257;TFN;SVQ;AIRBUS A320;Nubosidad variable;13/04/18
IBS3950;MAD;SVQ;AIRBUS A320;Chubascos dispersos;13/04/18
VLG2510;BIO;SVQ;AIRBUS A320;Lluvia moderada;13/04/18
RYR3042;SCQ;SVQ;BOEING 737-800 WINGLETS;Chubascos dispersos;13/04/18
RYR5273;PMI;SVQ;BOEING 737-800 WINGLETS;Lluvia;13/04/18
VOE3528;BIO;SVQ;BOEING 717;Lluvia moderada;13/04/18
RYR2207;VLC;SVQ;BOEING 737-800 WINGLETS;Nubosidad variable;13/04/18
VLG3965;VLC;SVQ;AIRBUS A320;Nubosidad variable;13/04/18
IBE8846;VLC;SVQ;CANADAIR CRJ-900;Nubosidad variable;13/04/18
VLG1298;LCG;SVQ;AIRBUS A320;Chubascos dispersos;13/04/18
IBS3952;MAD;SVQ;32A;Chubascos dispersos;13/04/18
ANE2003;CDT;SVQ;BOMBARDIER CRJ-1000;Despejado;17/04/18
VLG3255;TFN;SVQ;AIRBUS A320;Nubosidad variable;13/04/18
VLG2214;BCN;SVQ;AIRBUS A320;Lluvia;13/04/18
VLG2020;BCN;GRX;32A;Lluvia;13/04/18
AEA5201;PMI;GRX;EMBRAER ERJ-195;Lluvia;13/04/18
VLG3933;PMI;GRX;32A;Lluvia;13/04/18
IBE8646;MAD;GRX;CANADAIR CRJ-900;Chubascos dispersos;13/04/18
IBE8642;MAD;GRX;BOMBARDIER CRJ-1000;Chubascos dispersos;13/04/18
VLG2014;BCN;GRX;AIRBUS A320;Lluvia;13/04/18
IBE8644;MAD;GRX;BOMBARDIER CRJ-1000;Chubascos dispersos;13/04/18
VLG2618;BIO;GRX;AIRBUS A320;Lluvia moderada;13/04/18
VLG2016;BCN;GRX;32B;Lluvia;13/04/18
IBE8648;MAD;GRX;CANADAIR CRJ-900;Chubascos dispersos;13/04/18
VLG2010;BCN;GRX;AIRBUS A321;Lluvia;14/04/18
IBE8640;MAD;GRX;BOMBARDIER CRJ-1000;Chubascos dispersos;14/04/18
VLG2020;BCN;GRX;AIRBUS A320;Lluvia;14/04/18
AEA5201;PMI;GRX;EMBRAER ERJ-195;Lluvia;14/04/18
RYR7216;VLC;IBZ;BOEING 737-800 WINGLETS;Nubosidad variable;13/04/18
VLG3419;MAD;IBZ;AIRBUS A320;Chubascos dispersos;13/04/18
IBE8904;ALC;IBZ;CANADAIR CRJ-200;Despejado;17/04/18
VLG3695;VLC;IBZ;AIRBUS A320;Nubosidad variable;13/04/18
AEA2687;BCN;IBZ;BOEING 737-800 WINGLETS;Lluvia;13/04/18
IBE8910;MAD;IBZ;BOMBARDIER CRJ-1000;Chubascos dispersos;13/04/18
IBE8108;PMI;IBZ;BOMBARDIER CRJ-1000;Despejado;17/04/18
VLG3510;BCN;IBZ;32A;Lluvia;13/04/18
AEA6025;MAD;IBZ;EMBRAER ERJ-195;Chubascos dispersos;13/04/18
AEA1706;PMI;IBZ;ATR-72;Lluvia;13/04/18
RYR2066;MAD;IBZ;BOEING 737-800 WINGLETS;Chubascos dispersos;13/04/18
IBB120;TFN;LPA;BOMBARDIER CRJ-1000;Nubosidad variable;13/04/18
IBS3826;MAD;LPA;AIRBUS A321;Chubascos dispersos;13/04/18
AEA9416;TFN;LPA;ATR-72;Nubosidad variable;13/04/18
IBB209;FUE;LPA;ATR-72;Nubosidad variable;13/04/18
IBB152;TFS;LPA;ATR-72;Nubosidad variable;13/04/18
IBE2233;TFS;LPA;ATR-72;Nubosidad variable;13/04/18
IBK5831;AGP;LPA;BOEING 737-800 WINGLETS;Tormentas localmente fuertes;13/04/18
AEA9448;ACE;LPA;ATR-72;Nubosidad variable;13/04/18
IBB146;TFN;LPA;ATR-42/72;Nubosidad variable;13/04/18
LAV5281;PMI;LPA;BOEING 737-800 WINGLETS;Lluvia;13/04/18
IBB211;FUE;LPA;ATR-42/72;Nubosidad variable;13/04/18
IBB110;TFN;LPA;ATR-42/72;Nubosidad variable;13/04/18
IBE2234;TFN;LPA;ATR-72;Despejado;17/04/18
IBB609;TFN;SPC;ATR-72;Nubosidad variable;13/04/18
AEA9463;TFN;SPC;ATR-72;Nubosidad variable;13/04/18
IBB619;TFN;SPC;ATR-72;Nubosidad variable;13/04/18
IBB621;TFN;SPC;ATR-42/72;Nubosidad variable;13/04/18
IBS3842;MAD;SPC;AIRBUS A320;Chubascos dispersos;13/04/18
IBB629;TFN;SPC;ATR-42/72;Nubosidad variable;13/04/18
CNF452;TFN;SPC;ATR-72;Nubosidad variable;13/04/18
IBB631;TFN;SPC;ATR-42/72;Nubosidad variable;13/04/18
AEA9465;TFN;SPC;ATR-72;Nubosidad variable;13/04/18
IBB633;TFN;SPC;ATR-42/72;Nubosidad variable;13/04/18
IBB623;TFN;SPC;ATR-42/72;Nubosidad variable;13/04/18
AEA9479;TFN;SPC;ATR-72;Nubosidad variable;13/04/18
IBB637;TFN;SPC;ATR-42/72;Nubosidad variable;13/04/18
IBB625;TFN;SPC;ATR-42/72;Nubosidad variable;13/04/18
IBB311;LPA;SPC;ATR-72;Nubosidad variable;13/04/18
IBB639;TFN;SPC;ATR-42/72;Nubosidad variable;13/04/18
IBE2274;TFN;SPC;ATR-42/72;Despejado;17/04/18
CNF467;TFN;SPC;ATR-72;Nubosidad variable;13/04/18
AEA9467;TFN;SPC;ATR-72;Nubosidad variable;13/04/18
IBB627;TFN;SPC;ATR-42/72;Nubosidad variable;13/04/18
VLG3153;PMI;XRY;AIRBUS A320;Lluvia;13/04/18
IBE0410;MAD;XRY;AIRBUS A319;Chubascos dispersos;13/04/18
VLG2286;BCN;XRY;32A;Lluvia;13/04/18
RYR1283;BCN;XRY;BOEING 737-800 WINGLETS;Lluvia;13/04/18
IBE0404;MAD;XRY;AIRBUS A319;Chubascos dispersos;13/04/18
IBE0406;MAD;XRY;AIRBUS A320;Chubascos dispersos;13/04/18
IBE0410;MAD;XRY;AIRBUS A319;Chubascos dispersos;14/04/18
AEA4024;PMI;ALC;ATR-72;Lluvia;13/04/18
ANE8392;MAD;ALC;BOMBARDIER CRJ-1000;Despejado;17/04/18
AEA5002;MLN;AGP;ATR-72;Chubascos dispersos;13/04/18
IBE8273;MLN;AGP;ATR-72;Chubascos dispersos;13/04/18
IBE8263;MLN;AGP;ATR-72;Chubascos dispersos;13/04/18
IBE8812;MAD;AGP;BOMBARDIER CRJ-1000;Chubascos dispersos;13/04/18
VLG3149;PMI;AGP;AIRBUS A320;Lluvia;13/04/18
VLG3282;AGP;TFS;32A;Tormentas localmente fuertes;13/04/18
IBS3910;MAD;TFS;AIRBUS A320;Chubascos dispersos;13/04/18
IBB109;LPA;TFN;BOMBARDIER CRJ-1000;Nubosidad variable;13/04/18
IBB612;SPC;TFN;ATR-42/72;Nubosidad variable;13/04/18
IBS3942;MAD;TFN;AIRBUS A321;Chubascos dispersos;13/04/18
RYR3063;BCN;TFN;BOEING 737-800 WINGLETS;Lluvia;13/04/18
IBB650;GMZ;TFN;ATR-42/72;Despejado;17/04/18
CNF419;SPC;TFN;ATR-72;Nubosidad variable;13/04/18
IBB159;LPA;TFN;ATR-72;Nubosidad variable;13/04/18
IBB614;SPC;TFN;ATR-72;Nubosidad variable;13/04/18
AEA9401;LPA;TFN;ATR-72;Nubosidad variable;13/04/18
IBB127;LPA;TFN;ATR-72;Nubosidad variable;13/04/18
IBB423;FUE;TFN;ATR-42/72;Nubosidad variable;13/04/18
IBB469;ACE;TFN;ATR-42/72;Nubosidad variable;13/04/18
IBB133;LPA;TFN;ATR-72;Nubosidad variable;13/04/18
IBB662;VDE;TFN;ATR-42/72;Chubascos dispersos;13/04/18
AEA9464;SPC;TFN;ATR-72;Nubosidad variable;13/04/18
IBS3946;MAD;TFN;AIRBUS A320;Chubascos dispersos;13/04/18
IBB145;LPA;TFN;ATR-72;Nubosidad variable;13/04/18
IBB620;SPC;TFN;ATR-72;Nubosidad variable;13/04/18
AEA5106;SVQ;TFN;BOEING 737-800 WINGLETS;Chubascos dispersos;13/04/18
IBB471;ACE;TFN;ATR-72;Nubosidad variable;13/04/18
VLG3254;SVQ;TFN;AIRBUS A320;Chubascos dispersos;13/04/18
AEA9118;MAD;TFN;BOEING 737-800 WINGLETS;Chubascos dispersos;13/04/18
IBE8759;LEN;BCN;BOMBARDIER CRJ-1000;Lluvia;13/04/18
IBE8758;BCN;LEN;BOMBARDIER CRJ-1000;Despejado;17/04/18
RYR6321;VLL;BCN;BOEING 737-800 WINGLETS;Chubascos dispersos;13/04/18
VLG1585;VLL;BCN;AIRBUS A320;Chubascos dispersos;13/04/18
RYR6320;BCN;VLL;BOEING 737-800 WINGLETS;Lluvia;13/04/18
VLG1584;BCN;VLL;32A;Lluvia;13/04/18
IBE8316;MAD;EAS;ATR-72;Chubascos dispersos;13/04/18
IBE8322;MAD;EAS;ATR-72;Chubascos dispersos;13/04/18
IBE8318;MAD;EAS;ATR-72;Chubascos dispersos;13/04/18
VLG2488;BCN;EAS;AIRBUS A319;Lluvia;13/04/18
IBE8326;MAD;EAS;ATR-72;Chubascos dispersos;13/04/18
IBE8324;MAD;EAS;ATR-72;Chubascos dispersos;13/04/18
VLG2486;BCN;EAS;AIRBUS A319;Lluvia;14/04/18
HTY109;JCU;AEI;AWH;Lluvia;13/04/18
HTY111;JCU;AEI;AWH;Lluvia;13/04/18
HTY113;JCU;AEI;AWH;Lluvia;13/04/18
HTY257;JCU;AGP;AWH;Lluvia;13/04/18
HTY137;JCU;AEI;AWH;Lluvia;13/04/18
IBE0554;MAD;SDR;AIRBUS A319;Chubascos dispersos;13/04/18
IBE0556;MAD;SDR;AIRBUS A319;Chubascos dispersos;13/04/18
VLG1590;BCN;SDR;AIRBUS A320;Lluvia;13/04/18
IBE0558;MAD;SDR;AIRBUS A319;Chubascos dispersos;13/04/18
IBE8878;MAD;SDR;BOMBARDIER CRJ-1000;Chubascos dispersos;13/04/18
RYR6384;BCN;SDR;BOEING 737-800 WINGLETS;Lluvia;14/04/18
IBE0554;MAD;SDR;AIRBUS A319;Chubascos dispersos;14/04/18
AEA7302;MAD;VGO;EMBRAER ERJ-195;Chubascos dispersos;13/04/18
IBS3946;MAD;TFN;AIRBUS A320;Chubascos dispersos;13/04/18
IBE0410;MAD;XRY;AIRBUS A319;Chubascos dispersos;13/04/18
IBS3842;MAD;SPC;AIRBUS A320;Chubascos dispersos;13/04/18
IBE3092;MAD;OPO;AIRBUS A319;Chubascos dispersos;13/04/18
DLH1801;MAD;MUC;AIRBUS A321;Chubascos dispersos;13/04/18
IBE8392;MAD;ALC;BOMBARDIER CRJ-1000;Chubascos dispersos;13/04/18
IBE8316;MAD;EAS;ATR-72;Chubascos dispersos;13/04/18
HTY110;JCU;AEI;AWH;Lluvia;13/04/18
HTY112;AEI;JCU;AWH;Tormentas localmente fuertes;13/04/18
HTY114;AEI;JCU;AWH;Tormentas localmente fuertes;13/04/18
HTY258;AGP;JCU;AWH;Despejado;17/04/18
HTY138;AEI;JCU;AWH;Tormentas localmente fuertes;13/04/18
RYR9335;GRO;BRS;BOEING 737-800 WINGLETS;Lluvia;13/04/18
RYR9107;GRO;BVA;BOEING 737-800 WINGLETS;Lluvia;13/04/18
RYR7018;GRO;SKG;BOEING 737-800 WINGLETS;Lluvia;13/04/18
RYR9803;GRO;STN;BOEING 737-800 WINGLETS;Lluvia;13/04/18
RYR9211;GRO;FKB;BOEING 737-800 WINGLETS;Lluvia;13/04/18
RYR9911;GRO;BOH;BOEING 737-800 WINGLETS;Lluvia;13/04/18
RYR3769;GRO;LTN;BOEING 737-800 WINGLETS;Lluvia;13/04/18
RYR8047;GRO;BHX;BOEING 737-800 WINGLETS;Lluvia;13/04/18
RYR7038;GRO;CAG;BOEING 737-800 WINGLETS;Lluvia;13/04/18
RYR6924;GRO;RBA;BOEING 737-800 WINGLETS;Lluvia;13/04/18
RYR4275;GRO;FRA;BOEING 737-800 WINGLETS;Lluvia;13/04/18
ANE2034;GRO;SVQ;BOMBARDIER CRJ-1000;Lluvia;14/04/18
RYR9123;GRO;EIN;BOEING 737-800 WINGLETS;Lluvia;14/04/18
RYR3213;GRO;MAN;BOEING 737-800 WINGLETS;Lluvia;14/04/18
RYR2344;GRO;NCL;BOEING 737-800 WINGLETS;Lluvia;14/04/18
RYR9803;GRO;STN;BOEING 737-800 WINGLETS;Lluvia;14/04/18
RYR4125;GRO;HHN;BOEING 737-800 WINGLETS;Lluvia;14/04/18
RYR6391;GRO;NRN;BOEING 737-800 WINGLETS;Lluvia;14/04/18
RYR9241;GRO;PSA;BOEING 737-800 WINGLETS;Lluvia;14/04/18
RYR9107;GRO;BVA;BOEING 737-800 WINGLETS;Lluvia;14/04/18
RYR6901;GRO;CRL;BOEING 737-800 WINGLETS;Lluvia;14/04/18
RYR9012;GRO;MLA;BOEING 737-800 WINGLETS;Lluvia;14/04/18
RYR6911;GRO;MST;BOEING 737-800 WINGLETS;Lluvia;14/04/18
IBB652;GMZ;TFN;ATR-72;Chubascos dispersos;13/04/18
IBB650;GMZ;TFN;ATR-72;Chubascos dispersos;14/04/18
IBE8221;RJL;MAD;CANADAIR CRJ-200;Lluvia;14/04/18
IBE8224;MAD;RJL;CANADAIR CRJ-200;Chubascos dispersos;13/04/18
IBB653;TFN;GMZ;ATR-42/72;Nubosidad variable;13/04/18
IBB651;TFN;GMZ;ATR-72;Nubosidad variable;14/04/18
EXS208;MJV;LBA;BOEING 737-300;Nubosidad variable;13/04/18
RYR7843;MJV;PIK;BOEING 737-800 WINGLETS;Nubosidad variable;13/04/18
EXS524;MJV;NCL;BOEING 737-300 WINGLETS;Nubosidad variable;13/04/18
EXS822;MJV;EDI;BOEING 737-300 WINGLETS;Nubosidad variable;13/04/18
JAF5902;MJV;CRL;BOEING 737-800 WINGLETS;Nubosidad variable;13/04/18
EXS864;MJV;MAN;BOEING 737-800 WINGLETS;Nubosidad variable;13/04/18
RYR8027;MJV;STN;BOEING 737-800 WINGLETS;Nubosidad variable;13/04/18
RYR2323;MJV;LBA;BOEING 737-800 WINGLETS;Nubosidad variable;13/04/18
RYR4117;MJV;MAN;BOEING 737-800 WINGLETS;Nubosidad variable;13/04/18
RYR3453;MJV;LTN;BOEING 737-800 WINGLETS;Nubosidad variable;13/04/18
RYR7095;MJV;DUB;BOEING 737-800 WINGLETS;Nubosidad variable;13/04/18
EZY8554;MJV;LGW;AIRBUS A320;Nubosidad variable;13/04/18
JAF6902;MJV;ANR;EMBRAER 190;Nubosidad variable;14/04/18
RYR2155;MJV;BHX;BOEING 737-800 WINGLETS;Nubosidad variable;14/04/18
EZY8550;MJV;LGW;AIRBUS A319;Nubosidad variable;14/04/18
EZY6014;MJV;BRS;AIRBUS A319;Nubosidad variable;14/04/18
RYR1925;MJV;EMA;BOEING 737-800 WINGLETS;Nubosidad variable;14/04/18
RYR4421;VIT;CGN;BOEING 737-800 WINGLETS;Lluvia;13/04/18
RYR2036;VIT;SVQ;BOEING 737-800 WINGLETS;Lluvia;14/04/18
IBE8661;VIT;MAH;BOMBARDIER CRJ-1000;Lluvia;14/04/18
AEA1007;VLC;CDG;BOEING 737-800 WINGLETS;Nubosidad variable;13/04/18
TAP1097;VLC;LIS;ATR-42/72;Nubosidad variable;13/04/18
VLG6244;VLC;FCO;AIRBUS A320;Nubosidad variable;13/04/18
VLG3695;VLC;IBZ;AIRBUS A320;Nubosidad variable;13/04/18
EWG2531;VLC;STR;AIRBUS A319;Nubosidad variable;13/04/18
DLH1161;VLC;FRA;AIRBUS A321;Nubosidad variable;13/04/18
EZY8222;VLC;LGW;AIRBUS A319;Nubosidad variable;13/04/18
VLG3969;VLC;BIO;32A;Nubosidad variable;13/04/18
AFL2503;VLC;SVO;32A;Nubosidad variable;13/04/18
IBE8981;VLC;MAD;CANADAIR CRJ-200;Nubosidad variable;13/04/18
RYR7677;VLC;CIA;BOEING 737-800 WINGLETS;Nubosidad variable;13/04/18
IBE8634;VLC;PMI;BOMBARDIER CRJ-1000;Nubosidad variable;13/04/18
RYR1445;VLC;MXP;BOEING 737-800 WINGLETS;Nubosidad variable;13/04/18
RYR2207;VLC;SVQ;BOEING 737-800 WINGLETS;Nubosidad variable;13/04/18
HTY110;JCU;AEI;AWH;Lluvia;13/04/18
HTY112;AEI;JCU;AWH;Tormentas localmente fuertes;13/04/18
HTY114;AEI;JCU;AWH;Tormentas localmente fuertes;13/04/18
HTY138;AEI;JCU;AWH;Tormentas localmente fuertes;13/04/18
IBE0512;MAD;LCG;AIRBUS A320;Chubascos dispersos;13/04/18
VLG1299;SVQ;LCG;AIRBUS A320;Chubascos dispersos;13/04/18
AEA7235;MAD;LCG;EMBRAER ERJ-195;Chubascos dispersos;13/04/18
IBE0524;MAD;LCG;AIRBUS A320;Chubascos dispersos;13/04/18
VLG1294;BCN;LCG;32A;Lluvia;13/04/18
VLG1275;VLC;LCG;32A;Nubosidad variable;13/04/18
AEA7237;MAD;LCG;EMBRAER ERJ-195;Chubascos dispersos;13/04/18
IBE0522;MAD;LCG;AIRBUS A320;Chubascos dispersos;13/04/18
VLG1290;BCN;LCG;AIRBUS A320;Lluvia;13/04/18
HTY109;JCU;AEI;AWH;Lluvia;13/04/18
HTY111;JCU;AEI;AWH;Lluvia;13/04/18
HTY113;JCU;AEI;AWH;Lluvia;13/04/18
HTY137;JCU;AEI;AWH;Lluvia;13/04/18
IBE8275;MLN;AGP;ATR-72;Chubascos dispersos;13/04/18
IBE8791;MLN;MAD;ATR-72;Chubascos dispersos;13/04/18
IBE8269;MLN;AGP;ATR-72;Chubascos dispersos;13/04/18
IBE8793;MLN;MAD;ATR-72;Chubascos dispersos;13/04/18
IBE8277;MLN;AGP;ATR-72;Chubascos dispersos;13/04/18
AEA5004;MLN;AGP;ATR-72;Chubascos dispersos;13/04/18
IBE8261;MLN;AGP;ATR-72;Chubascos dispersos;14/04/18
IBE8789;MLN;MAD;ATR-72;Chubascos dispersos;14/04/18
AEA5002;MLN;AGP;ATR-72;Chubascos dispersos;14/04/18
IBE8273;MLN;AGP;ATR-72;Chubascos dispersos;14/04/18
IBE8263;MLN;AGP;ATR-72;Chubascos dispersos;14/04/18
AEA7315;VGO;MAD;EMBRAER ERJ-195;Chubascos dispersos;13/04/18
IBE0533;VGO;MAD;AIRBUS A319;Chubascos dispersos;13/04/18
IBS9527;VGO;PMI;AIRBUS A320;Chubascos dispersos;13/04/18
TAP1141;VGO;LIS;ATR-72;Chubascos dispersos;13/04/18
AEA7317;VGO;MAD;EMBRAER ERJ-195;Chubascos dispersos;13/04/18
IBE0535;VGO;MAD;AIRBUS A319;Chubascos dispersos;13/04/18
RYR246;VGO;BCN;BOEING 737-800 WINGLETS;Chubascos dispersos;13/04/18
AEA2728;VGO;BCN;BOEING 737-800 WINGLETS;Chubascos dispersos;13/04/18
AEA7319;VGO;MAD;EMBRAER ERJ-195;Chubascos dispersos;13/04/18
RYR244;VGO;BLQ;BOEING 737-800 WINGLETS;Chubascos dispersos;13/04/18
VLG1705;VGO;BCN;AIRBUS A320;Chubascos dispersos;13/04/18
IBE0537;VGO;MAD;AIRBUS A319;Chubascos dispersos;14/04/18
AEA6030;PMI;MAD;EMBRAER ERJ-195;Lluvia;13/04/18
RYR1191;SVQ;HAM;BOEING 737-800 WINGLETS;Chubascos dispersos;13/04/18
TRA5086;SVQ;EIN;BOEING 737-800 WINGLETS;Chubascos dispersos;13/04/18
AEA5106;SVQ;TFN;BOEING 737-800 WINGLETS;Chubascos dispersos;13/04/18
VLG3254;SVQ;TFN;AIRBUS A320;Chubascos dispersos;13/04/18
VLG1299;SVQ;LCG;AIRBUS A320;Chubascos dispersos;13/04/18
IBS3949;SVQ;MAD;AIRBUS A320;Chubascos dispersos;13/04/18
DLH1823;SVQ;MUC;AIRBUS A321;Chubascos dispersos;13/04/18
MYX8642;SVQ;CDG;AIRBUS A320;Chubascos dispersos;13/04/18
ANE2120;SVQ;LYS;BOMBARDIER CRJ-1000;Chubascos dispersos;13/04/18
RYR5286;SVQ;MRS;BOEING 737-800 WINGLETS;Chubascos dispersos;13/04/18
TAP1105;SVQ;LIS;BOEING 737-400;Chubascos dispersos;13/04/18
RYR1188;SVQ;FMM;BOEING 737-800 WINGLETS;Chubascos dispersos;13/04/18
VLG2221;SVQ;BCN;AIRBUS A320;Chubascos dispersos;13/04/18
VOE3529;SVQ;BIO;BOEING 717;Chubascos dispersos;13/04/18
RYR5272;SVQ;PMI;BOEING 737-800 WINGLETS;Chubascos dispersos;13/04/18
RYR2208;SVQ;VLC;BOEING 737-800 WINGLETS;Chubascos dispersos;13/04/18
EZY8176;SVQ;LGW;AIRBUS A319;Chubascos dispersos;13/04/18
VLG3964;SVQ;VLC;AIRBUS A320;Chubascos dispersos;13/04/18
RYR4371;SVQ;MAN;BOEING 737-800 WINGLETS;Chubascos dispersos;13/04/18
RYR1074;REU;EMA;BOEING 737-800 WINGLETS;Lluvia;13/04/18
RYR1115;REU;DUB;BOEING 737-800 WINGLETS;Lluvia;13/04/18
RYR2212;REU;EIN;BOEING 737-800 WINGLETS;Lluvia;13/04/18
RYR2212;REU;EIN;BOEING 737-800 WINGLETS;Lluvia;14/04/18
RYR1115;REU;DUB;BOEING 737-800 WINGLETS;Lluvia;14/04/18
VLG2021;GRX;BCN;32A;Chubascos dispersos;13/04/18
AEA5200;GRX;PMI;EMBRAER ERJ-195;Chubascos dispersos;13/04/18
VLG3932;GRX;PMI;32A;Chubascos dispersos;13/04/18
BAW3290;GRX;LCY;EMBRAER 190;Chubascos dispersos;13/04/18
IBE8645;GRX;MAD;CANADAIR CRJ-900;Chubascos dispersos;13/04/18
IBE8649;GRX;MAD;BOMBARDIER CRJ-1000;Chubascos dispersos;13/04/18
VLG2015;GRX;BCN;AIRBUS A320;Chubascos dispersos;13/04/18
IBE8643;GRX;MAD;BOMBARDIER CRJ-1000;Chubascos dispersos;13/04/18
VLG2017;GRX;BCN;32B;Chubascos dispersos;13/04/18
IBE8639;GRX;MAD;CANADAIR CRJ-900;Chubascos dispersos;14/04/18
VLG2011;GRX;BCN;AIRBUS A320;Chubascos dispersos;14/04/18
IBE8641;GRX;MAD;BOMBARDIER CRJ-1000;Chubascos dispersos;14/04/18
VLG2021;GRX;BCN;AIRBUS A320;Chubascos dispersos;14/04/18
AEA5200;GRX;PMI;EMBRAER ERJ-195;Chubascos dispersos;14/04/18
DLH1119;PNA;FRA;AIRBUS A319;Lluvia;13/04/18
IBE8539;PNA;MAD;CANADAIR CRJ-200;Lluvia;13/04/18
KRP2860;PNA;LPA;FOKKER 100;Lluvia;13/04/18
IBE8525;PNA;MAD;BOMBARDIER CRJ-1000;Lluvia;13/04/18
IBE8531;PNA;MAD;BOMBARDIER CRJ-1000;Lluvia;13/04/18
IBE8529;PNA;MAD;BOMBARDIER CRJ-1000;Lluvia;14/04/18
AEA2631;ZAZ;IBZ;BOEING 737-800 WINGLETS;Chubascos dispersos;13/04/18
RYR4634;ZAZ;BGY;BOEING 737-800 WINGLETS;Chubascos dispersos;13/04/18
VLG3979;ZAZ;PMI;AIRBUS A320;Chubascos dispersos;13/04/18
RYR7235;ZAZ;BVA;BOEING 737-800 WINGLETS;Chubascos dispersos;14/04/18
RYR2035;SVQ;VIT;BOEING 737-800 WINGLETS;Chubascos dispersos;14/04/18
IBE8660;MAH;VIT;BOMBARDIER CRJ-1000;Lluvia débil;14/04/18
AEA2632;IBZ;ZAZ;BOEING 737-800 WINGLETS;Nuboso a muy nuboso;13/04/18
VLG3978;PMI;ZAZ;AIRBUS A320;Lluvia;13/04/18
VLG1252;LEI;BCN;AIRBUS A320;Chubascos dispersos;13/04/18
IBE8577;LEI;MAD;BOMBARDIER CRJ-1000;Chubascos dispersos;13/04/18
IBE8589;LEI;MAD;CANADAIR CRJ-200;Chubascos dispersos;13/04/18
IBE8601;LEI;MAD;BOMBARDIER CRJ-1000;Chubascos dispersos;13/04/18
GMI2381;LEI;DUS;BOEING 737-700 WINGLETS;Chubascos dispersos;13/04/18
RYR1259;LEI;CRL;BOEING 737-800 WINGLETS;Chubascos dispersos;13/04/18
IBE8932;LEI;SVQ;CANADAIR CRJ-200;Chubascos dispersos;13/04/18
IBE8603;LEI;MAD;BOMBARDIER CRJ-1000;Chubascos dispersos;14/04/18
LGL694;LEI;LUX;BOEING 737-800 WINGLETS;Chubascos dispersos;14/04/18
JAF6944;LEI;BRU;EMBRAER 190;Chubascos dispersos;14/04/18
IBE8595;LEI;MAD;CANADAIR CRJ-900;Chubascos dispersos;14/04/18
EZY8164;LEI;LGW;AIRBUS A320;Chubascos dispersos;14/04/18
VLG1252;LEI;BCN;AIRBUS A320;Chubascos dispersos;14/04/18
IBE8536;MAD;PNA;CANADAIR CRJ-200;Chubascos dispersos;13/04/18
IBE8524;MAD;PNA;BOMBARDIER CRJ-1000;Chubascos dispersos;13/04/18
IBE8532;MAD;PNA;BOMBARDIER CRJ-1000;Chubascos dispersos;13/04/18
IBE8526;MAD;PNA;BOMBARDIER CRJ-1000;Chubascos dispersos;13/04/18
IBB662;VDE;TFN;ATR-42/72;Chubascos dispersos;13/04/18
IBB664;VDE;TFN;ATR-72;Chubascos dispersos;13/04/18
IBS7266;VDE;TFN;ATR-72;Chubascos dispersos;13/04/18
IBB366;VDE;LPA;ATR-72;Chubascos dispersos;13/04/18
IBS2247;VDE;LPA;ATR-72;Chubascos dispersos;13/04/18
CNF248;VDE;TFN;ATR-72;Chubascos dispersos;13/04/18
IBB674;VDE;TFN;ATR-72;Chubascos dispersos;13/04/18
IBB656;VDE;TFN;ATR-72;Chubascos dispersos;14/04/18
IBB660;VDE;TFN;ATR-72;Chubascos dispersos;14/04/18
JAF5628;FUE;TLS;BOEING 737-800 WINGLETS;Nubosidad variable;13/04/18
SXD2844;FUE;NUE;BOEING 737-800 WINGLETS;Nubosidad variable;13/04/18
SXD2812;FUE;HAJ;BOEING 737-800 WINGLETS;Nubosidad variable;13/04/18
SXD2808;FUE;LEJ;BOEING 737-800 WINGLETS;Nubosidad variable;13/04/18
IBB211;FUE;LPA;ATR-42/72;Nubosidad variable;13/04/18
EWG5901;FUE;VIE;AIRBUS A319;Nubosidad variable;13/04/18
IBB423;FUE;TFN;ATR-42/72;Nubosidad variable;13/04/18
RYR3742;FUE;BHX;BOEING 737-800 WINGLETS;Nubosidad variable;13/04/18
CNF810;FUE;LPA;ATR-42/72;Nubosidad variable;13/04/18
SXD2826;FUE;FRA;BOEING 737-800 WINGLETS;Nubosidad variable;13/04/18
IBB207;FUE;LPA;ATR-42/72;Nubosidad variable;13/04/18
RYR5469;FUE;MAD;BOEING 737-800 WINGLETS;Nubosidad variable;13/04/18
AEA9434;FUE;LPA;ATR-72;Nubosidad variable;13/04/18
SXD2830;FUE;DUS;BOEING 737-800 WINGLETS;Nubosidad variable;13/04/18
ARZ8514;FUE;DUS;BOEING 757;Nubosidad variable;13/04/18
VLG3015;FUE;BCN;32A;Nubosidad variable;13/04/18
IBB223;FUE;LPA;ATR-42/72;Nubosidad variable;13/04/18
LLX5852;FUE;PAD;AIRBUS A320;Nubosidad variable;13/04/18
IBS3907;FUE;MAD;AIRBUS A320;Nubosidad variable;13/04/18
IBB417;FUE;TFN;ATR-42/72;Nubosidad variable;13/04/18
RYR7217;IBZ;VLC;BOEING 737-800 WINGLETS;Nuboso a muy nuboso;13/04/18
RYR6720;IBZ;TRN;BOEING 737-800 WINGLETS;Nuboso a muy nuboso;13/04/18
VLG3416;IBZ;MAD;AIRBUS A320;Nuboso a muy nuboso;13/04/18
IBE8907;IBZ;ALC;CANADAIR CRJ-200;Nuboso a muy nuboso;13/04/18
VLG3694;IBZ;VLC;AIRBUS A320;Nuboso a muy nuboso;13/04/18
AEA2632;IBZ;ZAZ;BOEING 737-800 WINGLETS;Nuboso a muy nuboso;13/04/18
RYR6703;IBZ;FCO;BOEING 737-800 WINGLETS;Nuboso a muy nuboso;13/04/18
IBE8911;IBZ;MAD;BOMBARDIER CRJ-1000;Nuboso a muy nuboso;13/04/18
VLG3511;IBZ;BCN;32A;Nuboso a muy nuboso;13/04/18
IBE8115;IBZ;PMI;BOMBARDIER CRJ-1000;Nuboso a muy nuboso;13/04/18
RYR2067;IBZ;MAD;BOEING 737-800 WINGLETS;Nuboso a muy nuboso;13/04/18
AEA6024;IBZ;MAD;EMBRAER ERJ-195;Nuboso a muy nuboso;13/04/18
VLG8181;IBZ;ORY;32B;Nuboso a muy nuboso;13/04/18
AEA1707;IBZ;PMI;ATR-72;Nuboso a muy nuboso;13/04/18
VLG3154;XRY;PMI;AIRBUS A320;Chubascos dispersos;13/04/18
TUI8967;XRY;MUC;BOEING 737-800 WINGLETS;Chubascos dispersos;13/04/18
RYR4624;XRY;HHN;BOEING 737-800 WINGLETS;Chubascos dispersos;13/04/18
IBE0411;XRY;MAD;AIRBUS A319;Chubascos dispersos;13/04/18
SXD4482;XRY;NUE;BOEING 737-800 WINGLETS;Chubascos dispersos;13/04/18
LLX5281;XRY;NUE;AIRBUS A320;Chubascos dispersos;13/04/18
EWG9571;XRY;DUS;32A;Chubascos dispersos;13/04/18
VLG2287;XRY;BCN;32A;Chubascos dispersos;13/04/18
RYR1284;XRY;BCN;BOEING 737-800 WINGLETS;Chubascos dispersos;13/04/18
IBE0405;XRY;MAD;AIRBUS A319;Chubascos dispersos;13/04/18
IBE0407;XRY;MAD;AIRBUS A320;Chubascos dispersos;14/04/18
DE1723;XRY;MUC;AIRBUS A320;Chubascos dispersos;14/04/18
DE1565;XRY;HAM;AIRBUS A320;Chubascos dispersos;14/04/18
IBE0411;XRY;MAD;32A;Chubascos dispersos;14/04/18
VLG2615;XRY;BIO;AIRBUS A320;Chubascos dispersos;14/04/18
EVE1120;SCQ;ALC;32A;Chubascos dispersos;13/04/18
RYR3042;SCQ;SVQ;BOEING 737-800 WINGLETS;Chubascos dispersos;13/04/18
AEA2828;SCQ;BCN;BOEING 737-800 WINGLETS;Chubascos dispersos;13/04/18
VLG1677;SCQ;BCN;AIRBUS A320;Chubascos dispersos;13/04/18
DLH1111;SCQ;FRA;AIRBUS A319;Chubascos dispersos;13/04/18
LAV5214;SCQ;TFN;BOEING 737-400;Chubascos dispersos;13/04/18
IBS3875;SCQ;MAD;AIRBUS A320;Chubascos dispersos;13/04/18
EZS1338;SCQ;GVA;AIRBUS A319;Chubascos dispersos;13/04/18
RYR8539;SCQ;ALC;BOEING 737-800 WINGLETS;Chubascos dispersos;13/04/18
RYR4579;SCQ;BGY;BOEING 737-800 WINGLETS;Chubascos dispersos;13/04/18
EVE1602;SCQ;SVQ;32A;Chubascos dispersos;13/04/18
IBS3879;SCQ;MAD;AIRBUS A321;Chubascos dispersos;13/04/18
VLG8222;SCQ;CDG;AIRBUS A320;Chubascos dispersos;13/04/18
VLG1673;SCQ;BCN;AIRBUS A320;Chubascos dispersos;13/04/18
IBE8359;SCQ;BIO;CANADAIR CRJ-200;Chubascos dispersos;13/04/18
RYR5318;SCQ;MAD;BOEING 737-800 WINGLETS;Chubascos dispersos;13/04/18
VLG2654;SCQ;AGP;AIRBUS A320;Chubascos dispersos;13/04/18
RYR6380;SCQ;BCN;BOEING 737-800 WINGLETS;Chubascos dispersos;13/04/18
IBE8263;MLN;AGP;ATR-72;Chubascos dispersos;13/04/18
IBE8812;MAD;AGP;BOMBARDIER CRJ-1000;Chubascos dispersos;13/04/18
VLG3149;PMI;AGP;AIRBUS A320;Lluvia;13/04/18
RYR6386;BCN;AGP;BOEING 737-800 WINGLETS;Lluvia;13/04/18
IBE0475;OVD;MAD;AIRBUS A321;Lluvia;13/04/18
VLG1628;OVD;AGP;AIRBUS A320;Lluvia;13/04/18
VLG7314;OVD;LGW;AIRBUS A320;Lluvia;13/04/18
IBS3983;OVD;MAD;AIRBUS A320;Lluvia;13/04/18
VOE3925;OVD;AGP;BOEING 717;Lluvia;13/04/18
IBE0487;OVD;MAD;AIRBUS A319;Lluvia;13/04/18
EZY3084;OVD;STN;AIRBUS A319;Lluvia;13/04/18
VLG1578;OVD;BCN;AIRBUS A320;Lluvia;13/04/18
VOE3831;OVD;SVQ;BOEING 717;Lluvia;13/04/18
TAP1113;OVD;LIS;ATR-72;Lluvia;13/04/18
IBE0481;OVD;MAD;AIRBUS A321;Lluvia;13/04/18
VLG1572;OVD;BCN;AIRBUS A320;Lluvia;14/04/18
VOE3590;OVD;PMI;BOEING 717;Lluvia;14/04/18
VLG1574;OVD;BCN;AIRBUS A320;Lluvia;14/04/18
IBE0475;OVD;MAD;AIRBUS A320;Lluvia;14/04/18
VLG2020;BCN;GRX;32A;Lluvia;13/04/18
AEA5201;PMI;GRX;EMBRAER ERJ-195;Lluvia;13/04/18
VLG3933;PMI;GRX;32A;Lluvia;13/04/18
IBE8646;MAD;GRX;CANADAIR CRJ-900;Chubascos dispersos;13/04/18
VLG2014;BCN;GRX;AIRBUS A320;Lluvia;13/04/18
IBE8644;MAD;GRX;BOMBARDIER CRJ-1000;Chubascos dispersos;13/04/18
VLG2618;BIO;GRX;AIRBUS A320;Lluvia moderada;13/04/18
VLG2016;BCN;GRX;32B;Lluvia;13/04/18
IBE8648;MAD;GRX;CANADAIR CRJ-900;Chubascos dispersos;13/04/18
VLG2010;BCN;GRX;AIRBUS A321;Lluvia;14/04/18
IBE8640;MAD;GRX;BOMBARDIER CRJ-1000;Chubascos dispersos;14/04/18
VLG2020;BCN;GRX;AIRBUS A320;Lluvia;14/04/18
AEA5201;PMI;GRX;EMBRAER ERJ-195;Lluvia;14/04/18
TRA6064;BCN;RTM;BOEING 737-700 WINGLETS;Lluvia;13/04/18
VLG2915;BCN;BOD;AIRBUS A320;Lluvia;13/04/18
RYR6267;BCN;EDI;BOEING 737-800 WINGLETS;Lluvia;13/04/18
RYR2896;BCN;PMI;BOEING 737-800 WINGLETS;Lluvia;13/04/18
BAW479;BCN;LHR;AIRBUS A320;Lluvia;13/04/18
ACA1913;BCN;YUL;BOEING 767-300 WINGLETS;Lluvia;13/04/18
UAL8602;BCN;YUL;BOEING 767-300 WINGLETS;Lluvia;13/04/18
AEA6037;BCN;PMI;BOEING 737-800 WINGLETS;Lluvia;13/04/18
DLH1811;BCN;MUC;32A;Lluvia;13/04/18
VLG6104;BCN;FCO;AIRBUS A320;Lluvia;13/04/18
VLG1265;BCN;ARN;32A;Lluvia;13/04/18
IBE1201;BCN;MAD;AIRBUS A320;Lluvia;13/04/18
AEA2057;BCN;MAD;AIRBUS A330-200;Lluvia;13/04/18
VLG3904;BCN;PMI;32A;Lluvia;13/04/18
VLG3153;PMI;XRY;AIRBUS A320;Lluvia;13/04/18
RYR4150;PMI;FRA;BOEING 737-800 WINGLETS;Lluvia;13/04/18
RYR1203;PMI;STN;BOEING 737-800 WINGLETS;Lluvia;13/04/18
EWG9575;PMI;DUS;AIRBUS A340-300;Lluvia;13/04/18
EZY8620;PMI;LGW;32A;Lluvia;13/04/18
RYR6657;PMI;EDI;BOEING 737-800 WINGLETS;Lluvia;13/04/18
IBS9524;PMI;VGO;AIRBUS A320;Lluvia;13/04/18
IBK6772;PMI;MAD;BOEING 737-800 WINGLETS;Lluvia;13/04/18
DK9077;PMI;ARN;32B;Lluvia;13/04/18
EXS532;PMI;NCL;BOEING 737-800 WINGLETS;Lluvia;13/04/18
VLG3945;PMI;BIO;32A;Lluvia;13/04/18
IBK2423;PMI;LGW;BOEING 737-800 WINGLETS;Lluvia;13/04/18
GMI2099;PMI;FDH;AIRBUS A319;Lluvia;13/04/18
EWG2597;PMI;STR;BOEING 737-800 WINGLETS;Lluvia;13/04/18
EWG9589;PMI;DUS;32A;Lluvia;13/04/18
EWG4099;PMI;DTM;AIRBUS A319;Lluvia;13/04/18
EWG583;PMI;CGN;BOEING 737-800 WINGLETS;Lluvia;13/04/18
IBE8268;AGP;MLN;ATR-72;Tormentas localmente fuertes;13/04/18
IBE8264;AGP;MLN;ATR-72;Tormentas localmente fuertes;13/04/18
IBE8790;MAD;MLN;ATR-72;Chubascos dispersos;13/04/18
IBE8276;AGP;MLN;ATR-72;Tormentas localmente fuertes;13/04/18
AEA5005;AGP;MLN;ATR-72;Tormentas localmente fuertes;13/04/18
IBE8270;AGP;MLN;ATR-72;Tormentas localmente fuertes;13/04/18
IBE8798;MAD;MLN;ATR-72;Chubascos dispersos;13/04/18
IBE8272;AGP;MLN;ATR-72;Tormentas localmente fuertes;13/04/18
AEA5001;AGP;MLN;ATR-72;Tormentas localmente fuertes;14/04/18
IBE8262;AGP;MLN;ATR-72;Tormentas localmente fuertes;14/04/18
IBE8792;MAD;MLN;ATR-72;Chubascos dispersos;14/04/18
IBE8268;AGP;MLN;ATR-72;Tormentas localmente fuertes;14/04/18
IBK6400;TFS;LGW;BOEING 737-800 WINGLETS;Nubosidad variable;13/04/18
EXS756;TFS;MAN;BOEING 737-800 WINGLETS;Nubosidad variable;13/04/18
RYR8167;TFS;STN;BOEING 737-800 WINGLETS;Nubosidad variable;13/04/18
OLY547;TFS;CGN;AIRBUS A321;Nubosidad variable;13/04/18
RYR1122;TFS;BHX;BOEING 737-800 WINGLETS;Nubosidad variable;13/04/18
RYR4347;TFS;LPL;BOEING 737-800 WINGLETS;Nubosidad variable;13/04/18
TOM6545;TFS;BOH;BOEING 737-800 WINGLETS;Nubosidad variable;13/04/18
EZY1908;TFS;MAN;32A;Nubosidad variable;13/04/18
TUI2969;TFS;TXL;BOEING 737-700 WINGLETS;Nubosidad variable;13/04/18
EZY6950;TFS;EDI;32A;Nubosidad variable;13/04/18
VLG6598;TFS;ZRH;32A;Nubosidad variable;13/04/18
TCX1505;TFS;GLA;AIRBUS A321;Nubosidad variable;13/04/18
TOM6585;TFS;EXT;BOEING 737-800 WINGLETS;Nubosidad variable;13/04/18
EZY8704;TFS;LGW;32A;Nubosidad variable;13/04/18
TCX1067;TFS;STN;AIRBUS A321;Nubosidad variable;13/04/18
TOM5553;TFS;STN;BOEING 737-800 WINGLETS;Nubosidad variable;13/04/18
TCX1673;TFS;NCL;32B;Nubosidad variable;13/04/18
TCX1423;TFS;BRS;AIRBUS A321;Nubosidad variable;13/04/18
TCX1447;TFS;EMA;AIRBUS A321;Nubosidad variable;13/04/18
TOM5545;TFS;LTN;BOEING 737-800 WINGLETS;Nubosidad variable;13/04/18
GMI1145;TFS;JER;AIRBUS A319;Nubosidad variable;13/04/18
TOM7549;TFS;BHX;BOEING 757-200  WINGLETS;Nubosidad variable;13/04/18
TOM2571;TFS;MAN;BOEING 757-200  WINGLETS;Nubosidad variable;13/04/18
TOM1581;TFS;DUB;BOEING 737-800 WINGLETS;Nubosidad variable;13/04/18
IBB663;TFN;VDE;ATR-72;Nubosidad variable;13/04/18
IBB365;LPA;VDE;ATR-72;Nubosidad variable;13/04/18
IBS2218;LPA;VDE;ATR-72;Despejado;17/04/18
CNF247;TFN;VDE;ATR-42/72;Nubosidad variable;13/04/18
IBB673;TFN;VDE;ATR-72;Nubosidad variable;13/04/18
IBB655;TFN;VDE;ATR-72;Nubosidad variable;14/04/18
IBB659;TFN;VDE;ATR-72;Nubosidad variable;14/04/18
DE1409;ACE;FRA;BOEING 767-300 WINGLETS;Nubosidad variable;13/04/18
IBB469;ACE;TFN;ATR-42/72;Nubosidad variable;13/04/18
IBE2284;ACE;TFN;ATR-42/72;Nubosidad variable;13/04/18
RYR6627;ACE;EDI;BOEING 737-800 WINGLETS;Nubosidad variable;13/04/18
RYR2132;ACE;MAN;BOEING 737-800 WINGLETS;Nubosidad variable;13/04/18
RYR2595;ACE;BFS;BOEING 737-800 WINGLETS;Nubosidad variable;13/04/18
CNF722;ACE;LPA;ATR-72;Nubosidad variable;13/04/18
EZY8682;ACE;LGW;32A;Nubosidad variable;13/04/18
IBB513;ACE;LPA;ATR-42/72;Nubosidad variable;13/04/18
EZY2026;ACE;LTN;32A;Nubosidad variable;13/04/18
RYR8289;ACE;STN;BOEING 737-800 WINGLETS;Nubosidad variable;13/04/18
JTG632;ACE;BLL;BOEING 737-700 WINGLETS;Nubosidad variable;13/04/18
EIN777;ACE;DUB;AIRBUS A320;Nubosidad variable;13/04/18
IBB471;ACE;TFN;ATR-72;Nubosidad variable;13/04/18
IBE2297;ACE;TFN;ATR-72;Nubosidad variable;13/04/18
TCX1723;ACE;MAN;32B;Nubosidad variable;13/04/18
NVR158;ACE;OSL;32B;Nubosidad variable;13/04/18
IBB507;ACE;LPA;ATR-72;Nubosidad variable;13/04/18
LLX5052;LPA;ACE;AIRBUS A321;Nubosidad variable;13/04/18
IBS3857;ACE;MAD;AIRBUS A320;Nubosidad variable;13/04/18
EZY8302;MAH;LGW;AIRBUS A319;Lluvia débil;13/04/18
AEA4532;MAH;PMI;ATR-72;Lluvia débil;13/04/18
VLG3745;MAH;BCN;AIRBUS A320;Lluvia débil;13/04/18
IBE8957;MAH;MAD;BOMBARDIER CRJ-1000;Lluvia débil;13/04/18
QTR6563;MAH;MAD;BOMBARDIER CRJ-1000;Lluvia débil;13/04/18
IBE8491;MAH;PMI;CANADAIR CRJ-900;Lluvia débil;13/04/18
IBE8499;MAH;PMI;ATR-42/72;Lluvia débil;13/04/18
RYR7402;MAH;VLC;BOEING 737-800 WINGLETS;Lluvia débil;13/04/18
AEA4530;MAH;PMI;ATR-72;Lluvia débil;13/04/18
IBE8493;MAH;PMI;ATR-42/72;Lluvia débil;13/04/18
RYR6882;MAH;BCN;BOEING 737-800 WINGLETS;Lluvia débil;13/04/18
IBE8027;MAH;MAD;BOMBARDIER CRJ-1000;Lluvia débil;13/04/18
VLG3701;MAH;BCN;AIRBUS A320;Lluvia débil;13/04/18
IBE8487;MAH;PMI;ATR-42/72;Lluvia débil;13/04/18
RYR2076;MAH;EMA;BOEING 737-800 WINGLETS;Lluvia débil;13/04/18
VLG3719;MAH;BCN;AIRBUS A321;Lluvia débil;13/04/18
IBE8481;MAH;PMI;CANADAIR CRJ-900;Lluvia débil;14/04/18
AAL8615;MAH;MAD;BOMBARDIER CRJ-1000;Lluvia débil;14/04/18
IBE8495;MAH;PMI;ATR-72;Lluvia débil;14/04/18
ANE8904;ALC;IBZ;CANADAIR CRJ-200;Nubosidad variable;13/04/18
EXS1216;ALC;BHX;BOEING 737-800 WINGLETS;Nubosidad variable;13/04/18
AEA4042;ALC;MAD;ATR-72;Nubosidad variable;13/04/18
VLG1307;ALC;BCN;32A;Nubosidad variable;13/04/18
TCX1431;ALC;GLA;32B;Nubosidad variable;13/04/18
BEE1716;ALC;SOU;EMBRAER 190;Nubosidad variable;13/04/18
EZS1426;ALC;GVA;AIRBUS A320;Nubosidad variable;13/04/18
RYR4029;ALC;FCO;BOEING 737-800 WINGLETS;Nubosidad variable;13/04/18
ANE8393;ALC;MAD;BOMBARDIER CRJ-1000;Nubosidad variable;13/04/18
RYR8538;ALC;SCQ;BOEING 737-800 WINGLETS;Nubosidad variable;13/04/18
DAH2021;ALC;ORN;BOEING 737-800 WINGLETS;Nubosidad variable;13/04/18
EXS776;ALC;EDI;BOEING 737-800 WINGLETS;Nubosidad variable;13/04/18
EXS272;ALC;LBA;BOEING 757-200  WINGLETS;Nubosidad variable;13/04/18
RYR9871;ALC;KRK;BOEING 737-800 WINGLETS;Nubosidad variable;13/04/18
EXS880;ALC;MAN;BOEING 757-200;Nubosidad variable;13/04/18
RYR9078;ALC;LBA;BOEING 737-800 WINGLETS;Nubosidad variable;13/04/18
RYR7427;ALC;VST;BOEING 737-800 WINGLETS;Nubosidad variable;13/04/18
DAH2005;ALC;ALG;BOEING 737-600;Nubosidad variable;13/04/18
VLG3274;BIO;LPA;AIRBUS A320;Lluvia moderada;13/04/18
KLM1686;BIO;AMS;EMBRAER 190;Lluvia moderada;13/04/18
BAW467;BIO;LHR;AIRBUS A320;Lluvia moderada;13/04/18
AEA7158;BIO;MAD;EMBRAER ERJ-195;Lluvia moderada;13/04/18
EWG2517;BIO;STR;AIRBUS A319;Lluvia moderada;13/04/18
THY1316;BIO;IST;AIRBUS A321;Lluvia moderada;13/04/18
IBE0447;BIO;MAD;AIRBUS A320;Lluvia moderada;13/04/18
VLG2510;BIO;SVQ;AIRBUS A320;Lluvia moderada;13/04/18
VLG1429;BIO;BCN;AIRBUS A320;Lluvia moderada;13/04/18
VOE3528;BIO;SVQ;BOEING 717;Lluvia moderada;13/04/18
BEL3714;BIO;BRU;AIRBUS A319;Lluvia moderada;13/04/18
DLH1143;BIO;FRA;AIRBUS A319;Lluvia moderada;13/04/18
VLG2700;BIO;LIS;32A;Lluvia moderada;13/04/18
VLG1251;BCN;LEI;AIRBUS A320;Lluvia;13/04/18
IBE8598;MAD;LEI;BOMBARDIER CRJ-1000;Chubascos dispersos;13/04/18
IBE8212;PMI;LEI;CANADAIR CRJ-200;Despejado;17/04/18
IBE8592;MAD;LEI;BOMBARDIER CRJ-1000;Chubascos dispersos;13/04/18
IBE8588;MAD;LEI;CANADAIR CRJ-200;Chubascos dispersos;13/04/18
IBE8600;MAD;LEI;BOMBARDIER CRJ-1000;Chubascos dispersos;13/04/18
IBE8594;MAD;LEI;CANADAIR CRJ-900;Chubascos dispersos;14/04/18
IBE8598;MAD;LEI;CANADAIR CRJ-200;Chubascos dispersos;14/04/18
IBB650;GMZ;TFN;ATR-42/72;Chubascos dispersos;13/04/18
CNF419;SPC;TFN;ATR-72;Nubosidad variable;13/04/18
IBB614;SPC;TFN;ATR-72;Nubosidad variable;13/04/18
IBB159;LPA;TFN;ATR-72;Nubosidad variable;13/04/18
AEA9401;LPA;TFN;ATR-72;Nubosidad variable;13/04/18
IBB127;LPA;TFN;ATR-72;Nubosidad variable;13/04/18
IBB423;FUE;TFN;ATR-42/72;Nubosidad variable;13/04/18
IBB469;ACE;TFN;ATR-42/72;Nubosidad variable;13/04/18
IBB662;VDE;TFN;ATR-42/72;Chubascos dispersos;13/04/18
IBB133;LPA;TFN;ATR-72;Nubosidad variable;13/04/18
AEA9464;SPC;TFN;ATR-72;Nubosidad variable;13/04/18
IBS3946;MAD;TFN;AIRBUS A320;Chubascos dispersos;13/04/18
AEA5106;SVQ;TFN;BOEING 737-800 WINGLETS;Chubascos dispersos;13/04/18
IBB620;SPC;TFN;ATR-72;Nubosidad variable;13/04/18
IBB145;LPA;TFN;ATR-72;Nubosidad variable;13/04/18
IBB471;ACE;TFN;ATR-72;Nubosidad variable;13/04/18
VLG3254;SVQ;TFN;AIRBUS A320;Chubascos dispersos;13/04/18
AEA9118;MAD;TFN;BOEING 737-800 WINGLETS;Chubascos dispersos;13/04/18
VLG3968;BIO;VLC;32A;Lluvia moderada;13/04/18
IBE8974;MAD;VLC;BOMBARDIER CRJ-1000;Chubascos dispersos;13/04/18
RYR7217;IBZ;VLC;BOEING 737-800 WINGLETS;Nuboso a muy nuboso;13/04/18
VLG3694;IBZ;VLC;AIRBUS A320;Nuboso a muy nuboso;13/04/18
RYR7216;VLC;IBZ;BOEING 737-800 WINGLETS;Nubosidad variable;13/04/18
VLG3419;MAD;IBZ;AIRBUS A320;Chubascos dispersos;13/04/18
IBE8904;ALC;IBZ;CANADAIR CRJ-200;Despejado;17/04/18
VLG3695;VLC;IBZ;AIRBUS A320;Nubosidad variable;13/04/18
AEA2687;BCN;IBZ;BOEING 737-800 WINGLETS;Lluvia;13/04/18
IBE8910;MAD;IBZ;BOMBARDIER CRJ-1000;Chubascos dispersos;13/04/18
IBE8108;PMI;IBZ;BOMBARDIER CRJ-1000;Despejado;17/04/18
VLG3510;BCN;IBZ;32A;Lluvia;13/04/18
AEA6025;MAD;IBZ;EMBRAER ERJ-195;Chubascos dispersos;13/04/18
AEA1706;PMI;IBZ;ATR-72;Lluvia;13/04/18
RYR2066;MAD;IBZ;BOEING 737-800 WINGLETS;Chubascos dispersos;13/04/18
EVE1601;SVQ;SCQ;32A;Chubascos dispersos;13/04/18
AEA2827;BCN;SCQ;BOEING 737-800 WINGLETS;Lluvia;13/04/18
RYR3041;SVQ;SCQ;BOEING 737-800 WINGLETS;Chubascos dispersos;13/04/18
LAV5213;TFN;SCQ;BOEING 737-400;Nubosidad variable;13/04/18
IBS3874;MAD;SCQ;AIRBUS A320;Chubascos dispersos;13/04/18
RYR8538;ALC;SCQ;BOEING 737-800 WINGLETS;Nubosidad variable;13/04/18
EVE1119;ALC;SCQ;32A;Nubosidad variable;13/04/18
IBS3878;MAD;SCQ;AIRBUS A321;Chubascos dispersos;13/04/18
VLG1676;BCN;SCQ;AIRBUS A320;Lluvia;13/04/18
VLG1672;BCN;SCQ;AIRBUS A320;Lluvia;13/04/18
RYR5317;MAD;SCQ;BOEING 737-800 WINGLETS;Chubascos dispersos;13/04/18
VLG1457;ALC;SCQ;32A;Nubosidad variable;13/04/18
IBE8956;MAD;MAH;BOMBARDIER CRJ-1000;Chubascos dispersos;13/04/18
AAL8564;MAD;MAH;BOMBARDIER CRJ-1000;Chubascos dispersos;13/04/18
IBE8498;PMI;MAH;ATR-42/72;Despejado;17/04/18
RYR7401;VLC;MAH;BOEING 737-800 WINGLETS;Nubosidad variable;13/04/18
AEA4531;PMI;MAH;ATR-72;Lluvia;13/04/18
IBE8490;PMI;MAH;ATR-42/72;Despejado;17/04/18
RYR6881;BCN;MAH;BOEING 737-800 WINGLETS;Lluvia;13/04/18
IBE8026;MAD;MAH;BOMBARDIER CRJ-1000;Chubascos dispersos;13/04/18
VLG3700;BCN;MAH;AIRBUS A320;Lluvia;13/04/18
IBE8492;PMI;MAH;ATR-42/72;Despejado;17/04/18
IBE8496;PMI;MAH;CANADAIR CRJ-900;Despejado;17/04/18
VLG3718;BCN;MAH;AIRBUS A321;Lluvia;13/04/18
IBE8954;MAD;MAH;BOMBARDIER CRJ-1000;Chubascos dispersos;13/04/18
IBE8494;PMI;MAH;ATR-72;Despejado;17/04/18
VLG3712;BCN;MAH;AIRBUS A320;Lluvia;14/04/18
IBE0488;MAD;OVD;AIRBUS A321;Chubascos dispersos;13/04/18
VLG1629;AGP;OVD;AIRBUS A320;Tormentas localmente fuertes;13/04/18
VLG1579;BCN;OVD;AIRBUS A320;Lluvia;13/04/18
IBS3980;MAD;OVD;AIRBUS A320;Chubascos dispersos;13/04/18
IBE0476;MAD;OVD;AIRBUS A319;Chubascos dispersos;13/04/18
VOE3924;AGP;OVD;BOEING 717;Tormentas localmente fuertes;13/04/18
IBE0482;MAD;OVD;AIRBUS A320;Chubascos dispersos;13/04/18
VLG1571;BCN;OVD;AIRBUS A320;Lluvia;13/04/18
VLG1573;BCN;OVD;AIRBUS A320;Lluvia;14/04/18
IBB614;SPC;TFN;ATR-72;Nubosidad variable;13/04/18
AEA9464;SPC;TFN;ATR-72;Nubosidad variable;13/04/18
IBB620;SPC;TFN;ATR-72;Nubosidad variable;13/04/18
IBB622;SPC;TFN;ATR-42/72;Nubosidad variable;13/04/18
IBS3843;SPC;MAD;AIRBUS A320;Nubosidad variable;13/04/18
IBB630;SPC;TFN;ATR-42/72;Nubosidad variable;13/04/18
CNF453;SPC;TFN;ATR-72;Nubosidad variable;13/04/18
IBB632;SPC;TFN;ATR-42/72;Nubosidad variable;13/04/18
IBE7265;SPC;TFN;ATR-42/72;Nubosidad variable;13/04/18
AEA9466;SPC;TFN;ATR-72;Nubosidad variable;13/04/18
IBB634;SPC;TFN;ATR-42/72;Nubosidad variable;13/04/18
PRW254;SPC;JYV;BOEING 737-800;Nubosidad variable;13/04/18
IBB636;SPC;TFN;ATR-42/72;Nubosidad variable;13/04/18
IBB316;SPC;LPA;ATR-72;Nubosidad variable;13/04/18
AEA9480;SPC;TFN;ATR-72;Nubosidad variable;13/04/18
TRA5642;SPC;AMS;BOEING 737-700 WINGLETS;Nubosidad variable;13/04/18
IBB638;SPC;TFN;ATR-42/72;Nubosidad variable;13/04/18
IBB626;SPC;TFN;ATR-42/72;Nubosidad variable;13/04/18
IBB312;SPC;LPA;ATR-72;Nubosidad variable;13/04/18
IBB640;SPC;TFN;ATR-42/72;Nubosidad variable;13/04/18
CNF468;SPC;TFN;ATR-72;Nubosidad variable;13/04/18
AEA9468;SPC;TFN;ATR-72;Nubosidad variable;13/04/18
IBB642;SPC;TFN;ATR-72;Nubosidad variable;13/04/18
IBB318;SPC;LPA;BOMBARDIER CRJ-1000;Nubosidad variable;13/04/18
VLG1703;VGO;BCN;32A;Chubascos dispersos;13/04/18
VLG1671;SCQ;BCN;32A;Chubascos dispersos;13/04/18
VLG3515;IBZ;BCN;AIRBUS A320;Nuboso a muy nuboso;13/04/18
VLG3715;MAH;BCN;AIRBUS A320;Lluvia débil;13/04/18
IBE1100;MAD;BCN;AIRBUS A319;Chubascos dispersos;13/04/18
VLG3257;TFN;SVQ;AIRBUS A320;Nubosidad variable;13/04/18
IBS3950;MAD;SVQ;AIRBUS A320;Chubascos dispersos;13/04/18
VLG2510;BIO;SVQ;AIRBUS A320;Lluvia moderada;13/04/18
RYR3042;SCQ;SVQ;BOEING 737-800 WINGLETS;Chubascos dispersos;13/04/18
RYR5273;PMI;SVQ;BOEING 737-800 WINGLETS;Lluvia;13/04/18
VOE3528;BIO;SVQ;BOEING 717;Lluvia moderada;13/04/18
RYR2207;VLC;SVQ;BOEING 737-800 WINGLETS;Nubosidad variable;13/04/18
VLG3965;VLC;SVQ;AIRBUS A320;Nubosidad variable;13/04/18
IBE8846;VLC;SVQ;CANADAIR CRJ-900;Nubosidad variable;13/04/18
IBS3952;MAD;SVQ;32A;Chubascos dispersos;13/04/18
VLG3255;TFN;SVQ;AIRBUS A320;Nubosidad variable;13/04/18
VLG2214;BCN;SVQ;BOEING 737-800 WINGLETS;Lluvia;13/04/18
ANE8392;MAD;ALC;BOMBARDIER CRJ-1000;Despejado;17/04/18
ANE8907;IBZ;ALC;CANADAIR CRJ-200;Despejado;17/04/18
EVE1120;SCQ;ALC;32A;Chubascos dispersos;13/04/18
CNF809;LPA;FUE;ATR-72;Nubosidad variable;13/04/18
IBB206;LPA;FUE;ATR-72;Nubosidad variable;13/04/18
RYR5468;MAD;FUE;BOEING 737-800 WINGLETS;Chubascos dispersos;13/04/18
VLG3014;BCN;FUE;32A;Lluvia;13/04/18
IBB222;LPA;FUE;ATR-72;Nubosidad variable;13/04/18
IBS3906;MAD;FUE;AIRBUS A320;Chubascos dispersos;13/04/18
IBB416;TFN;FUE;ATR-42/72;Nubosidad variable;13/04/18
IBB212;LPA;FUE;ATR-72;Nubosidad variable;13/04/18
IBE2204;LPA;FUE;ATR-72;Nubosidad variable;13/04/18
IBB216;LPA;FUE;ATR-72;Nubosidad variable;13/04/18
IBB214;LPA;FUE;ATR-72;Nubosidad variable;13/04/18
RYR1569;LPA;FRA;BOEING 737-800 WINGLETS;Nubosidad variable;13/04/18
IBB159;LPA;TFN;ATR-72;Nubosidad variable;13/04/18
TUI2263;LPA;HAJ;7S8;Nubosidad variable;13/04/18
AEA9401;LPA;TFN;ATR-72;Nubosidad variable;13/04/18
RYR6093;LPA;BGY;BOEING 737-800 WINGLETS;Nubosidad variable;13/04/18
IBS3827;LPA;MAD;AIRBUS A320;Nubosidad variable;13/04/18
IBK5872;LPA;OSL;BOEING 737-800 WINGLETS;Nubosidad variable;13/04/18
RYR4758;LPA;BRS;BOEING 737-800 WINGLETS;Nubosidad variable;13/04/18
FIN1722;LPA;HEL;32B;Nubosidad variable;13/04/18
TUI2965;LPA;FRA;7S8;Nubosidad variable;13/04/18
IBB127;LPA;TFN;ATR-72;Nubosidad variable;13/04/18
IBB206;LPA;FUE;ATR-72;Nubosidad variable;13/04/18
RYR3516;LPA;LTN;BOEING 737-800 WINGLETS;Nubosidad variable;13/04/18
IBB6800;LPA;SID;BOMBARDIER CRJ-1000;Nubosidad variable;13/04/18
IBB6306;LPA;AGA;ATR-72;Nubosidad variable;13/04/18
LLX5052;LPA;ACE;AIRBUS A321;Nubosidad variable;13/04/18
EWG9543;LPA;DUS;32A;Nubosidad variable;13/04/18
IBB6604;LPA;DSS;BOMBARDIER CRJ-1000;Nubosidad variable;13/04/18
IBB508;LPA;ACE;ATR-72;Nubosidad variable;13/04/18
IBB133;LPA;TFN;ATR-72;Nubosidad variable;13/04/18
AEA7302;MAD;VGO;EMBRAER ERJ-195;Chubascos dispersos;13/04/18
IBE0532;MAD;VGO;AIRBUS A319;Chubascos dispersos;13/04/18
IBS9524;PMI;VGO;AIRBUS A320;Lluvia;13/04/18
AEA7300;MAD;VGO;EMBRAER ERJ-195;Chubascos dispersos;13/04/18
IBE0534;MAD;VGO;AIRBUS A319;Chubascos dispersos;13/04/18
RYR245;BCN;VGO;BOEING 737-800 WINGLETS;Lluvia;13/04/18
AEA2727;BCN;VGO;BOEING 737-800 WINGLETS;Lluvia;13/04/18
AEA7306;MAD;VGO;EMBRAER ERJ-195;Chubascos dispersos;13/04/18
CNF721;LPA;ACE;ATR-72;Nubosidad variable;13/04/18
IBB510;LPA;ACE;ATR-72;Nubosidad variable;13/04/18
IBB470;TFN;ACE;ATR-72;Nubosidad variable;13/04/18
IBB508;LPA;ACE;ATR-72;Nubosidad variable;13/04/18
LLX5052;LPA;ACE;AIRBUS A321;Nubosidad variable;13/04/18
IBS3856;MAD;ACE;AIRBUS A320;Chubascos dispersos;13/04/18
IBB454;TFN;ACE;ATR-42/72;Nubosidad variable;13/04/18
VLG3153;PMI;XRY;AIRBUS A320;Lluvia;13/04/18
VLG2286;BCN;XRY;32A;Lluvia;13/04/18
RYR1283;BCN;XRY;BOEING 737-800 WINGLETS;Lluvia;13/04/18
IBE0404;MAD;XRY;AIRBUS A319;Chubascos dispersos;13/04/18
IBE0406;MAD;XRY;AIRBUS A320;Chubascos dispersos;13/04/18
IBE0410;MAD;XRY;AIRBUS A319;Chubascos dispersos;14/04/18
AEA7157;MAD;BIO;EMBRAER ERJ-195;Chubascos dispersos;13/04/18
IBE0426;MAD;BIO;AIRBUS A320;Chubascos dispersos;13/04/18
VLG2509;SVQ;BIO;AIRBUS A320;Chubascos dispersos;13/04/18
VLG1428;BCN;BIO;AIRBUS A320;Lluvia;13/04/18
VLG3945;PMI;BIO;32A;Lluvia;13/04/18
IBE0446;MAD;BIO;32A;Chubascos dispersos;13/04/18
VLG3969;VLC;BIO;32A;Nubosidad variable;13/04/18
VLG3261;TFN;BIO;AIRBUS A320;Nubosidad variable;13/04/18
VLG3282;AGP;TFS;32A;Tormentas localmente fuertes;13/04/18
IBS3910;MAD;TFS;AIRBUS A320;Chubascos dispersos;13/04/18
IBB209;FUE;LPA;ATR-72;Nubosidad variable;13/04/18
IBB152;TFS;LPA;ATR-72;Nubosidad variable;13/04/18
IBK5831;AGP;LPA;BOEING 737-800 WINGLETS;Tormentas localmente fuertes;13/04/18
AEA9448;ACE;LPA;ATR-72;Nubosidad variable;13/04/18
IBB146;TFN;LPA;ATR-42/72;Nubosidad variable;13/04/18
LAV5281;PMI;LPA;BOEING 737-800 WINGLETS;Lluvia;13/04/18
IBB211;FUE;LPA;ATR-42/72;Nubosidad variable;13/04/18
IBB110;TFN;LPA;ATR-42/72;Nubosidad variable;13/04/18
IBE2234;TFN;LPA;ATR-72;Despejado;17/04/18
VLG3068;AGP;LPA;AIRBUS A320;Tormentas localmente fuertes;13/04/18
CNF722;ACE;LPA;ATR-72;Nubosidad variable;13/04/18
CNF810;FUE;LPA;ATR-42/72;Nubosidad variable;13/04/18
IBB132;TFN;LPA;ATR-42/72;Nubosidad variable;13/04/18
AEA9402;TFN;LPA;ATR-72;Nubosidad variable;13/04/18
IBB513;ACE;LPA;ATR-42/72;Nubosidad variable;13/04/18
RYR2896;BCN;PMI;BOEING 737-800 WINGLETS;Lluvia;13/04/18
AEA6037;BCN;PMI;BOEING 737-800 WINGLETS;Lluvia;13/04/18
IBS3914;MAD;PMI;AIRBUS A320;Chubascos dispersos;13/04/18
AEA9463;TFN;SPC;ATR-72;Nubosidad variable;13/04/18
IBB619;TFN;SPC;ATR-72;Nubosidad variable;13/04/18
IBB621;TFN;SPC;ATR-42/72;Nubosidad variable;13/04/18
IBS3842;MAD;SPC;AIRBUS A320;Chubascos dispersos;13/04/18
IBB629;TFN;SPC;ATR-42/72;Nubosidad variable;13/04/18
CNF452;TFN;SPC;ATR-72;Nubosidad variable;13/04/18
IBB631;TFN;SPC;ATR-42/72;Nubosidad variable;13/04/18
IBE2228;TFN;SPC;ATR-42/72;Despejado;17/04/18
AEA9465;TFN;SPC;ATR-72;Nubosidad variable;13/04/18
IBB633;TFN;SPC;ATR-42/72;Nubosidad variable;13/04/18
IBB623;TFN;SPC;ATR-42/72;Nubosidad variable;13/04/18
AEA9479;TFN;SPC;ATR-72;Nubosidad variable;13/04/18
IBB315;LPA;SPC;ATR-72;Nubosidad variable;13/04/18
IBB637;TFN;SPC;ATR-42/72;Nubosidad variable;13/04/18
IBB625;TFN;SPC;ATR-42/72;Nubosidad variable;13/04/18
IBB311;LPA;SPC;ATR-72;Nubosidad variable;13/04/18
IBB639;TFN;SPC;ATR-42/72;Nubosidad variable;13/04/18
CNF467;TFN;SPC;ATR-72;Nubosidad variable;13/04/18
AEA9467;TFN;SPC;ATR-72;Nubosidad variable;13/04/18
IBB627;TFN;SPC;ATR-42/72;Nubosidad variable;13/04/18
IBB641;TFN;SPC;ATR-42/72;Nubosidad variable;13/04/18
IBE8759;LEN;BCN;BOMBARDIER CRJ-1000;Lluvia;13/04/18
IBB652;GMZ;TFN;ATR-72;Chubascos dispersos;13/04/18
IBB650;GMZ;TFN;ATR-72;Chubascos dispersos;14/04/18
RYR4421;VIT;CGN;BOEING 737-800 WINGLETS;Lluvia;13/04/18
RYR2036;VIT;SVQ;BOEING 737-800 WINGLETS;Lluvia;14/04/18
IBE8661;VIT;MAH;BOMBARDIER CRJ-1000;Lluvia;14/04/18
IBE8758;BCN;LEN;BOMBARDIER CRJ-1000;Despejado;17/04/18
HTY110;JCU;AEI;AWH;Lluvia;13/04/18
HTY112;AEI;JCU;AWH;Tormentas localmente fuertes;13/04/18
HTY114;AEI;JCU;AWH;Tormentas localmente fuertes;13/04/18
HTY138;AEI;JCU;AWH;Tormentas localmente fuertes;13/04/18
RYR6321;VLL;BCN;BOEING 737-800 WINGLETS;Chubascos dispersos;13/04/18
VLG1585;VLL;BCN;AIRBUS A320;Chubascos dispersos;13/04/18
AEA2632;IBZ;ZAZ;BOEING 737-800 WINGLETS;Nuboso a muy nuboso;13/04/18
VLG3978;PMI;ZAZ;AIRBUS A320;Lluvia;13/04/18
DLH1119;PNA;FRA;AIRBUS A319;Lluvia;13/04/18
IBE8539;PNA;MAD;CANADAIR CRJ-200;Lluvia;13/04/18
KRP2860;PNA;LPA;FOKKER 100;Lluvia;13/04/18
IBE8525;PNA;MAD;BOMBARDIER CRJ-1000;Lluvia;13/04/18
IBE8531;PNA;MAD;BOMBARDIER CRJ-1000;Lluvia;13/04/18
IBE8529;PNA;MAD;BOMBARDIER CRJ-1000;Lluvia;14/04/18
TAP1019;MAD;LIS;AIRBUS A319;Chubascos dispersos;13/04/18
AAL069;MAD;MIA;BOEING 777-200;Chubascos dispersos;13/04/18
IBE6171;MAD;LAX;AIRBUS A330-200;Chubascos dispersos;13/04/18
IBE8598;MAD;LEI;BOMBARDIER CRJ-1000;Chubascos dispersos;13/04/18
AAL749;MAD;CLT;AIRBUS A330-200;Chubascos dispersos;13/04/18
IBK5805;MAD;LPA;BOEING 737-800 WINGLETS;Chubascos dispersos;13/04/18
BEL3722;MAD;BRU;AIRBUS A320;Chubascos dispersos;13/04/18
RYR2035;SVQ;VIT;BOEING 737-800 WINGLETS;Chubascos dispersos;14/04/18
IBE8660;MAH;VIT;BOMBARDIER CRJ-1000;Lluvia débil;14/04/18
IBE8319;EAS;MAD;ATR-72;Lluvia;13/04/18
IBE8329;EAS;MAD;ATR-72;Lluvia;13/04/18
IBE8315;EAS;MAD;ATR-72;Lluvia;13/04/18
VLG2489;EAS;BCN;AIRBUS A319;Lluvia;13/04/18
IBE8323;EAS;MAD;ATR-72;Lluvia;13/04/18
IBE8317;EAS;MAD;ATR-72;Lluvia;14/04/18
VLG2487;EAS;BCN;AIRBUS A319;Lluvia;14/04/18
IBE8327;EAS;MAD;ATR-72;Lluvia;14/04/18
RYR6320;BCN;VLL;BOEING 737-800 WINGLETS;Lluvia;13/04/18
VLG1584;BCN;VLL;32A;Lluvia;13/04/18
IBB662;VDE;TFN;ATR-42/72;Chubascos dispersos;13/04/18
IBB664;VDE;TFN;ATR-72;Chubascos dispersos;13/04/18
IBS7266;VDE;TFN;ATR-72;Chubascos dispersos;13/04/18
IBB366;VDE;LPA;ATR-72;Chubascos dispersos;13/04/18
IBS2247;VDE;LPA;ATR-72;Chubascos dispersos;13/04/18
CNF248;VDE;TFN;ATR-72;Chubascos dispersos;13/04/18
IBB674;VDE;TFN;ATR-72;Chubascos dispersos;13/04/18
IBB656;VDE;TFN;ATR-72;Chubascos dispersos;14/04/18
IBB660;VDE;TFN;ATR-72;Chubascos dispersos;14/04/18
IBE8221;RJL;MAD;CANADAIR CRJ-200;Lluvia;14/04/18
IBE8536;MAD;PNA;CANADAIR CRJ-200;Chubascos dispersos;13/04/18
IBE8524;MAD;PNA;BOMBARDIER CRJ-1000;Chubascos dispersos;13/04/18
IBE8532;MAD;PNA;BOMBARDIER CRJ-1000;Chubascos dispersos;13/04/18
IBE8526;MAD;PNA;BOMBARDIER CRJ-1000;Chubascos dispersos;13/04/18
IBB653;TFN;GMZ;ATR-42/72;Nubosidad variable;13/04/18
IBB651;TFN;GMZ;ATR-72;Nubosidad variable;14/04/18
HTY109;JCU;AEI;AWH;Lluvia;13/04/18
HTY111;JCU;AEI;AWH;Lluvia;13/04/18
HTY113;JCU;AEI;AWH;Lluvia;13/04/18
HTY137;JCU;AEI;AWH;Lluvia;13/04/18
HTY109;JCU;AEI;AWH;Lluvia;13/04/18
HTY111;JCU;AEI;AWH;Lluvia;13/04/18
HTY113;JCU;AEI;AWH;Lluvia;13/04/18
HTY257;JCU;AGP;AWH;Lluvia;13/04/18
HTY137;JCU;AEI;AWH;Lluvia;13/04/18
AEA7158;BIO;MAD;EMBRAER ERJ-195;Lluvia moderada;13/04/18
EWG2517;BIO;STR;AIRBUS A319;Lluvia moderada;13/04/18
THY1316;BIO;IST;AIRBUS A321;Lluvia moderada;13/04/18
IBE0447;BIO;MAD;AIRBUS A320;Lluvia moderada;13/04/18
VLG2510;BIO;SVQ;AIRBUS A320;Lluvia moderada;13/04/18
VLG1429;BIO;BCN;AIRBUS A320;Lluvia moderada;13/04/18
VOE3528;BIO;SVQ;BOEING 717;Lluvia moderada;13/04/18
BEL3714;BIO;BRU;AIRBUS A319;Lluvia moderada;13/04/18
DLH1143;BIO;FRA;AIRBUS A319;Lluvia moderada;13/04/18
IBE0439;BIO;MAD;32A;Lluvia moderada;13/04/18
VLG2700;BIO;LIS;32A;Lluvia moderada;13/04/18
EWG9519;BIO;DUS;32A;Lluvia moderada;13/04/18
DLH1893;BIO;MUC;AIRBUS A319;Lluvia moderada;13/04/18
VLG1466;BIO;ORY;32A;Lluvia moderada;13/04/18
VLG1435;BIO;BCN;AIRBUS A320;Lluvia moderada;13/04/18
IBB663;TFN;VDE;ATR-72;Nubosidad variable;13/04/18
IBB365;LPA;VDE;ATR-72;Nubosidad variable;13/04/18
IBS2218;LPA;VDE;ATR-72;Despejado;17/04/18
CNF247;TFN;VDE;ATR-42/72;Nubosidad variable;13/04/18
IBB673;TFN;VDE;ATR-72;Nubosidad variable;13/04/18
IBB655;TFN;VDE;ATR-72;Nubosidad variable;14/04/18
IBB659;TFN;VDE;ATR-72;Nubosidad variable;14/04/18
RYR6267;BCN;EDI;BOEING 737-800 WINGLETS;Lluvia;13/04/18
VLG2125;BCN;AGP;32B;Lluvia;13/04/18
VLG3216;BCN;TFN;32B;Lluvia;13/04/18
VLG3002;BCN;LPA;32B;Lluvia;13/04/18
AFR1349;BCN;CDG;AIRBUS A320;Lluvia;13/04/18
VLG2286;BCN;XRY;32A;Lluvia;13/04/18
VLG2435;BCN;LIL;AIRBUS A320;Lluvia;13/04/18
VLG7826;BCN;LGW;32B;Lluvia;13/04/18
EXS804;BCN;MAN;BOEING 737-800;Lluvia;13/04/18
EZY8576;BCN;LGW;AIRBUS A320;Lluvia;13/04/18
RYR7018;GRO;SKG;BOEING 737-800 WINGLETS;Lluvia;13/04/18
RYR9803;GRO;STN;BOEING 737-800 WINGLETS;Lluvia;13/04/18
RYR9211;GRO;FKB;BOEING 737-800 WINGLETS;Lluvia;13/04/18
RYR9911;GRO;BOH;BOEING 737-800 WINGLETS;Lluvia;13/04/18
RYR3769;GRO;LTN;BOEING 737-800 WINGLETS;Lluvia;13/04/18
RYR8047;GRO;BHX;BOEING 737-800 WINGLETS;Lluvia;13/04/18
RYR7038;GRO;CAG;BOEING 737-800 WINGLETS;Lluvia;13/04/18
RYR6924;GRO;RBA;BOEING 737-800 WINGLETS;Lluvia;13/04/18
RYR4275;GRO;FRA;BOEING 737-800 WINGLETS;Lluvia;13/04/18
ANE2034;GRO;SVQ;BOMBARDIER CRJ-1000;Lluvia;14/04/18
RYR9123;GRO;EIN;BOEING 737-800 WINGLETS;Lluvia;14/04/18
RYR3213;GRO;MAN;BOEING 737-800 WINGLETS;Lluvia;14/04/18
RYR2344;GRO;NCL;BOEING 737-800 WINGLETS;Lluvia;14/04/18
RYR9803;GRO;STN;BOEING 737-800 WINGLETS;Lluvia;14/04/18
RYR4125;GRO;HHN;BOEING 737-800 WINGLETS;Lluvia;14/04/18
RYR6391;GRO;NRN;BOEING 737-800 WINGLETS;Lluvia;14/04/18
RYR9241;GRO;PSA;BOEING 737-800 WINGLETS;Lluvia;14/04/18
RYR9107;GRO;BVA;BOEING 737-800 WINGLETS;Lluvia;14/04/18
RYR6901;GRO;CRL;BOEING 737-800 WINGLETS;Lluvia;14/04/18
RYR9012;GRO;MLA;BOEING 737-800 WINGLETS;Lluvia;14/04/18
RYR6911;GRO;MST;BOEING 737-800 WINGLETS;Lluvia;14/04/18
IBE0513;LCG;MAD;AIRBUS A320;Chubascos dispersos;13/04/18
VLG1274;LCG;VLC;32A;Chubascos dispersos;13/04/18
VLG1298;LCG;SVQ;AIRBUS A320;Chubascos dispersos;13/04/18
AEA7236;LCG;MAD;EMBRAER ERJ-195;Chubascos dispersos;13/04/18
IBE0523;LCG;MAD;AIRBUS A320;Chubascos dispersos;13/04/18
VLG1295;LCG;BCN;32A;Chubascos dispersos;13/04/18
VLG7104;LCG;LHR;AIRBUS A320;Chubascos dispersos;13/04/18
LZF440;LCG;BIO;ATR 42-300/320;Chubascos dispersos;13/04/18
AEA7238;LCG;MAD;EMBRAER ERJ-195;Chubascos dispersos;13/04/18
IBE0521;LCG;MAD;AIRBUS A320;Chubascos dispersos;13/04/18
VLG1291;LCG;BCN;AIRBUS A320;Chubascos dispersos;13/04/18
AEA7232;LCG;MAD;EMBRAER ERJ-195;Chubascos dispersos;14/04/18
IBE8224;MAD;RJL;CANADAIR CRJ-200;Chubascos dispersos;13/04/18
TAP1097;VLC;LIS;ATR-42/72;Nubosidad variable;13/04/18
EWG2531;VLC;STR;AIRBUS A319;Nubosidad variable;13/04/18
DLH1161;VLC;FRA;AIRBUS A321;Nubosidad variable;13/04/18
EZY8222;VLC;LGW;AIRBUS A319;Nubosidad variable;13/04/18
VLG3969;VLC;BIO;32A;Nubosidad variable;13/04/18
AFL2503;VLC;SVO;32A;Nubosidad variable;13/04/18
IBE8981;VLC;MAD;CANADAIR CRJ-200;Nubosidad variable;13/04/18
RYR7677;VLC;CIA;BOEING 737-800 WINGLETS;Nubosidad variable;13/04/18
IBE8634;VLC;PMI;BOMBARDIER CRJ-1000;Nubosidad variable;13/04/18
RYR1445;VLC;MXP;BOEING 737-800 WINGLETS;Nubosidad variable;13/04/18
RYR2207;VLC;SVQ;BOEING 737-800 WINGLETS;Nubosidad variable;13/04/18
SWR2143;VLC;ZRH;AIRBUS A321;Nubosidad variable;13/04/18
VLG3965;VLC;SVQ;AIRBUS A320;Nubosidad variable;13/04/18
RYR6422;VLC;BLQ;BOEING 737-800 WINGLETS;Nubosidad variable;13/04/18
EWG9539;VLC;DUS;32A;Nubosidad variable;13/04/18
IBE8846;VLC;SVQ;CANADAIR CRJ-900;Nubosidad variable;13/04/18
RYR4441;VLC;BRS;BOEING 737-800 WINGLETS;Nubosidad variable;13/04/18
RYR7401;VLC;MAH;BOEING 737-800 WINGLETS;Nubosidad variable;13/04/18
TVF3175;VLC;ORY;BOEING 737-800 WINGLETS;Nubosidad variable;13/04/18
RYR1115;REU;DUB;BOEING 737-800 WINGLETS;Lluvia;13/04/18
RYR2212;REU;EIN;BOEING 737-800 WINGLETS;Lluvia;13/04/18
RYR2212;REU;EIN;BOEING 737-800 WINGLETS;Lluvia;14/04/18
RYR1115;REU;DUB;BOEING 737-800 WINGLETS;Lluvia;14/04/18
IBE8275;MLN;AGP;ATR-72;Chubascos dispersos;13/04/18
IBE8791;MLN;MAD;ATR-72;Chubascos dispersos;13/04/18
IBE8269;MLN;AGP;ATR-72;Chubascos dispersos;13/04/18
IBE8793;MLN;MAD;ATR-72;Chubascos dispersos;13/04/18
IBE8277;MLN;AGP;ATR-72;Chubascos dispersos;13/04/18
AEA5004;MLN;AGP;ATR-72;Chubascos dispersos;13/04/18
IBE8261;MLN;AGP;ATR-72;Chubascos dispersos;14/04/18
IBE8789;MLN;MAD;ATR-72;Chubascos dispersos;14/04/18
AEA5002;MLN;AGP;ATR-72;Chubascos dispersos;14/04/18
IBE8273;MLN;AGP;ATR-72;Chubascos dispersos;14/04/18
IBE8263;MLN;AGP;ATR-72;Chubascos dispersos;14/04/18
EVE1120;SCQ;ALC;32A;Chubascos dispersos;13/04/18
AEA2828;SCQ;BCN;BOEING 737-800 WINGLETS;Chubascos dispersos;13/04/18
RYR3042;SCQ;SVQ;BOEING 737-800 WINGLETS;Chubascos dispersos;13/04/18
VLG1677;SCQ;BCN;AIRBUS A320;Chubascos dispersos;13/04/18
DLH1111;SCQ;FRA;AIRBUS A319;Chubascos dispersos;13/04/18
LAV5214;SCQ;TFN;BOEING 737-400;Chubascos dispersos;13/04/18
IBS3875;SCQ;MAD;AIRBUS A320;Chubascos dispersos;13/04/18
EZS1338;SCQ;GVA;AIRBUS A319;Chubascos dispersos;13/04/18
RYR8539;SCQ;ALC;BOEING 737-800 WINGLETS;Chubascos dispersos;13/04/18
RYR4579;SCQ;BGY;BOEING 737-800 WINGLETS;Chubascos dispersos;13/04/18
EVE1602;SCQ;SVQ;32A;Chubascos dispersos;13/04/18
IBS3879;SCQ;MAD;AIRBUS A321;Chubascos dispersos;13/04/18
VLG8222;SCQ;CDG;AIRBUS A320;Chubascos dispersos;13/04/18
VLG1673;SCQ;BCN;AIRBUS A320;Chubascos dispersos;13/04/18
IBE8359;SCQ;BIO;CANADAIR CRJ-200;Chubascos dispersos;13/04/18
RYR5318;SCQ;MAD;BOEING 737-800 WINGLETS;Chubascos dispersos;13/04/18
VLG2654;SCQ;AGP;AIRBUS A320;Chubascos dispersos;13/04/18
RYR6380;SCQ;BCN;BOEING 737-800 WINGLETS;Chubascos dispersos;13/04/18
IBE0475;OVD;MAD;AIRBUS A321;Lluvia;13/04/18
VLG1628;OVD;AGP;AIRBUS A320;Lluvia;13/04/18
VLG7314;OVD;LGW;AIRBUS A320;Lluvia;13/04/18
IBS3983;OVD;MAD;AIRBUS A320;Lluvia;13/04/18
VOE3925;OVD;AGP;BOEING 717;Lluvia;13/04/18
IBE0487;OVD;MAD;AIRBUS A319;Lluvia;13/04/18
EZY3084;OVD;STN;AIRBUS A319;Lluvia;13/04/18
VLG1578;OVD;BCN;AIRBUS A320;Lluvia;13/04/18
VOE3831;OVD;SVQ;BOEING 717;Lluvia;13/04/18
TAP1113;OVD;LIS;ATR-72;Lluvia;13/04/18
IBE0481;OVD;MAD;AIRBUS A321;Lluvia;13/04/18
VLG1572;OVD;BCN;AIRBUS A320;Lluvia;14/04/18
VOE3590;OVD;PMI;BOEING 717;Lluvia;14/04/18
VLG1574;OVD;BCN;AIRBUS A320;Lluvia;14/04/18
IBE0479;OVD;MAD;AIRBUS A320;Lluvia;14/04/18
IBE0475;OVD;MAD;AIRBUS A320;Lluvia;14/04/18
RYR1569;LPA;FRA;BOEING 737-800 WINGLETS;Nubosidad variable;13/04/18
TUI2965;LPA;FRA;7S8;Nubosidad variable;13/04/18
RYR3516;LPA;LTN;BOEING 737-800 WINGLETS;Nubosidad variable;13/04/18
LLX5052;LPA;ACE;AIRBUS A321;Nubosidad variable;13/04/18
AEA9433;LPA;FUE;ATR-72;Nubosidad variable;13/04/18
EWG9543;LPA;DUS;32A;Nubosidad variable;13/04/18
IBB6604;LPA;DSS;BOMBARDIER CRJ-1000;Nubosidad variable;13/04/18
IBB508;LPA;ACE;ATR-72;Nubosidad variable;13/04/18
IBB133;LPA;TFN;ATR-72;Nubosidad variable;13/04/18
SDR3891;LPA;TXL;AIRBUS A320;Nubosidad variable;13/04/18
IBB6102;LPA;EUN;ATR-72;Nubosidad variable;13/04/18
IBB222;LPA;FUE;ATR-72;Nubosidad variable;13/04/18
LAV5282;LPA;PMI;BOEING 737-400;Nubosidad variable;13/04/18
IBK5958;LPA;CGN;BOEING 737-800 WINGLETS;Nubosidad variable;13/04/18
TUI2205;LPA;BSL;7S8;Nubosidad variable;13/04/18
CNF729;LPA;ACE;ATR-72;Nubosidad variable;13/04/18
VLG3069;LPA;AGP;AIRBUS A320;Nubosidad variable;13/04/18
IBB145;LPA;TFN;ATR-72;Nubosidad variable;13/04/18
SDR3653;LPA;HAM;AIRBUS A320;Nubosidad variable;13/04/18
IBB514;LPA;ACE;ATR-72;Nubosidad variable;13/04/18
DK1521;LPA;BGO;32B;Nubosidad variable;13/04/18
AEA9417;LPA;TFN;ATR-72;Nubosidad variable;13/04/18
IBE8316;MAD;EAS;ATR-72;Chubascos dispersos;13/04/18
IBE8322;MAD;EAS;ATR-72;Chubascos dispersos;13/04/18
IBE8318;MAD;EAS;ATR-72;Chubascos dispersos;13/04/18
VLG2488;BCN;EAS;AIRBUS A319;Lluvia;13/04/18
IBE8326;MAD;EAS;ATR-72;Chubascos dispersos;13/04/18
IBE8324;MAD;EAS;ATR-72;Chubascos dispersos;13/04/18
VLG2486;BCN;EAS;AIRBUS A319;Lluvia;14/04/18
RYR2914;TFS;MAD;BOEING 737-800 WINGLETS;Nubosidad variable;13/04/18
EZY8552;MJV;LGW;AIRBUS A320;Nubosidad variable;13/04/18
RYR7843;MJV;PIK;BOEING 737-800 WINGLETS;Nubosidad variable;13/04/18
EXS524;MJV;NCL;BOEING 737-300 WINGLETS;Nubosidad variable;13/04/18
EXS822;MJV;EDI;BOEING 737-300 WINGLETS;Nubosidad variable;13/04/18
JAF5902;MJV;CRL;BOEING 737-800 WINGLETS;Nubosidad variable;13/04/18
EXS864;MJV;MAN;BOEING 737-800 WINGLETS;Nubosidad variable;13/04/18
RYR8027;MJV;STN;BOEING 737-800 WINGLETS;Nubosidad variable;13/04/18
RYR2323;MJV;LBA;BOEING 737-800 WINGLETS;Nubosidad variable;13/04/18
RYR4117;MJV;MAN;BOEING 737-800 WINGLETS;Nubosidad variable;13/04/18
RYR3453;MJV;LTN;BOEING 737-800 WINGLETS;Nubosidad variable;13/04/18
RYR7095;MJV;DUB;BOEING 737-800 WINGLETS;Nubosidad variable;13/04/18
EZY8554;MJV;LGW;AIRBUS A320;Nubosidad variable;13/04/18
JAF6902;MJV;ANR;EMBRAER 190;Nubosidad variable;14/04/18
RYR2155;MJV;BHX;BOEING 737-800 WINGLETS;Nubosidad variable;14/04/18
EZY8550;MJV;LGW;AIRBUS A319;Nubosidad variable;14/04/18
EZY6014;MJV;BRS;AIRBUS A319;Nubosidad variable;14/04/18
RYR1925;MJV;EMA;BOEING 737-800 WINGLETS;Nubosidad variable;14/04/18
VLG3154;XRY;PMI;AIRBUS A320;Chubascos dispersos;13/04/18
RYR4624;XRY;HHN;BOEING 737-800 WINGLETS;Chubascos dispersos;13/04/18
IBE0411;XRY;MAD;AIRBUS A319;Chubascos dispersos;13/04/18
SXD4482;XRY;NUE;BOEING 737-800 WINGLETS;Chubascos dispersos;13/04/18
LLX5281;XRY;NUE;AIRBUS A320;Chubascos dispersos;13/04/18
EWG9571;XRY;DUS;32A;Chubascos dispersos;13/04/18
VLG2287;XRY;BCN;32A;Chubascos dispersos;13/04/18
RYR1284;XRY;BCN;BOEING 737-800 WINGLETS;Chubascos dispersos;13/04/18
IBE0405;XRY;MAD;AIRBUS A319;Chubascos dispersos;13/04/18
IBE0407;XRY;MAD;AIRBUS A320;Chubascos dispersos;14/04/18
LGL688;XRY;LUX;BOEING 737-700 WINGLETS;Chubascos dispersos;14/04/18
DE1723;XRY;MUC;AIRBUS A320;Chubascos dispersos;14/04/18
DE1565;XRY;HAM;AIRBUS A320;Chubascos dispersos;14/04/18
IBE0411;XRY;MAD;32A;Chubascos dispersos;14/04/18
VLG2615;XRY;BIO;AIRBUS A320;Chubascos dispersos;14/04/18
RYR7217;IBZ;VLC;BOEING 737-800 WINGLETS;Nuboso a muy nuboso;13/04/18
RYR6720;IBZ;TRN;BOEING 737-800 WINGLETS;Nuboso a muy nuboso;13/04/18
VLG3416;IBZ;MAD;AIRBUS A320;Nuboso a muy nuboso;13/04/18
IBE8907;IBZ;ALC;CANADAIR CRJ-200;Nuboso a muy nuboso;13/04/18
VLG3694;IBZ;VLC;AIRBUS A320;Nuboso a muy nuboso;13/04/18
AEA2632;IBZ;ZAZ;BOEING 737-800 WINGLETS;Nuboso a muy nuboso;13/04/18
RYR6703;IBZ;FCO;BOEING 737-800 WINGLETS;Nuboso a muy nuboso;13/04/18
IBE8911;IBZ;MAD;BOMBARDIER CRJ-1000;Nuboso a muy nuboso;13/04/18
VLG3511;IBZ;BCN;32A;Nuboso a muy nuboso;13/04/18
IBE8115;IBZ;PMI;BOMBARDIER CRJ-1000;Nuboso a muy nuboso;13/04/18
RYR2067;IBZ;MAD;BOEING 737-800 WINGLETS;Nuboso a muy nuboso;13/04/18
AEA6024;IBZ;MAD;EMBRAER ERJ-195;Nuboso a muy nuboso;13/04/18
VLG8181;IBZ;ORY;32B;Nuboso a muy nuboso;13/04/18
AEA1707;IBZ;PMI;ATR-72;Nuboso a muy nuboso;13/04/18
RYR6657;PMI;EDI;BOEING 737-800 WINGLETS;Lluvia;13/04/18
IBK2423;PMI;LGW;BOEING 737-800 WINGLETS;Lluvia;13/04/18
GMI2099;PMI;FDH;AIRBUS A319;Lluvia;13/04/18
EWG9589;PMI;DUS;32A;Lluvia;13/04/18
EWG4099;PMI;DTM;AIRBUS A319;Lluvia;13/04/18
EWG583;PMI;CGN;BOEING 737-800 WINGLETS;Lluvia;13/04/18
ANE8108;PMI;IBZ;BOMBARDIER CRJ-1000;Lluvia;13/04/18
SAS4692;PMI;OSL;BOEING 737-800;Lluvia;13/04/18
RYR6579;PMI;BCN;BOEING 737-800 WINGLETS;Lluvia;13/04/18
RYR3485;PMI;BLQ;BOEING 737-800 WINGLETS;Lluvia;13/04/18
EZY7456;PMI;BOD;32A;Lluvia;13/04/18
EXS258;PMI;LBA;BOEING 737-800 WINGLETS;Lluvia;13/04/18
DLH1153;PMI;FRA;AIRBUS A321;Lluvia;13/04/18
RYR2897;PMI;BCN;BOEING 737-800 WINGLETS;Lluvia;13/04/18
IBS3919;PMI;MAD;AIRBUS A320;Lluvia;13/04/18
DLH1821;PMI;MUC;AIRBUS A321;Lluvia;13/04/18
EWG7591;PMI;HAM;BOEING 737-800 WINGLETS;Lluvia;13/04/18
EWG6828;PMI;BRE;32A;Lluvia;13/04/18
AEA1706;PMI;IBZ;ATR-72;Lluvia;13/04/18
IBE0555;SDR;MAD;AIRBUS A319;Lluvia;13/04/18
RYR9156;SDR;CIA;BOEING 737-800 WINGLETS;Lluvia;13/04/18
IBE0557;SDR;MAD;AIRBUS A319;Lluvia;13/04/18
VLG1591;SDR;BCN;AIRBUS A320;Lluvia;13/04/18
RYR1353;SDR;RAK;BOEING 737-800 WINGLETS;Lluvia;13/04/18
RYR6058;SDR;CRL;BOEING 737-800 WINGLETS;Lluvia;13/04/18
IBE0559;SDR;MAD;AIRBUS A319;Lluvia;13/04/18
RYR2613;SDR;STN;BOEING 737-800 WINGLETS;Lluvia;13/04/18
IBE8861;SDR;MAD;BOMBARDIER CRJ-1000;Lluvia;14/04/18
RYR6385;SDR;BCN;BOEING 737-800 WINGLETS;Lluvia;14/04/18
IBE0555;SDR;MAD;AIRBUS A319;Lluvia;14/04/18
IBE8577;LEI;MAD;BOMBARDIER CRJ-1000;Chubascos dispersos;13/04/18
IBE8601;LEI;MAD;BOMBARDIER CRJ-1000;Chubascos dispersos;13/04/18
GMI2381;LEI;DUS;BOEING 737-700 WINGLETS;Chubascos dispersos;13/04/18
RYR1259;LEI;CRL;BOEING 737-800 WINGLETS;Chubascos dispersos;13/04/18
IBE8932;LEI;SVQ;CANADAIR CRJ-200;Chubascos dispersos;13/04/18
IBE8930;LEI;SVQ;CANADAIR CRJ-200;Chubascos dispersos;14/04/18
IBE8603;LEI;MAD;BOMBARDIER CRJ-1000;Chubascos dispersos;14/04/18
LGL694;LEI;LUX;BOEING 737-800 WINGLETS;Chubascos dispersos;14/04/18
JAF6944;LEI;BRU;EMBRAER 190;Chubascos dispersos;14/04/18
IBE8595;LEI;MAD;CANADAIR CRJ-900;Chubascos dispersos;14/04/18
EZY8164;LEI;LGW;AIRBUS A320;Chubascos dispersos;14/04/18
VLG1252;LEI;BCN;AIRBUS A320;Chubascos dispersos;14/04/18
IBE8577;LEI;MAD;CANADAIR CRJ-200;Chubascos dispersos;14/04/18
JAF5628;FUE;TLS;BOEING 737-800 WINGLETS;Nubosidad variable;13/04/18
CNF810;FUE;LPA;ATR-42/72;Nubosidad variable;13/04/18
IBB207;FUE;LPA;ATR-42/72;Nubosidad variable;13/04/18
SXD2826;FUE;FRA;BOEING 737-800 WINGLETS;Nubosidad variable;13/04/18
RYR5469;FUE;MAD;BOEING 737-800 WINGLETS;Nubosidad variable;13/04/18
AEA9434;FUE;LPA;ATR-72;Nubosidad variable;13/04/18
SXD2830;FUE;DUS;BOEING 737-800 WINGLETS;Nubosidad variable;13/04/18
ARZ8514;FUE;DUS;BOEING 757;Nubosidad variable;13/04/18
VLG3015;FUE;BCN;32A;Nubosidad variable;13/04/18
IBB223;FUE;LPA;ATR-42/72;Nubosidad variable;13/04/18
LLX5852;FUE;PAD;AIRBUS A320;Nubosidad variable;13/04/18
IBS3907;FUE;MAD;AIRBUS A320;Nubosidad variable;13/04/18
IBB417;FUE;TFN;ATR-42/72;Nubosidad variable;13/04/18
SXD2836;FUE;STR;BOEING 737-800 WINGLETS;Nubosidad variable;13/04/18
EXS1452;FUE;STN;BOEING 737-800 WINGLETS;Nubosidad variable;13/04/18
GMI4923;FUE;TXL;BOEING 737-700 WINGLETS;Nubosidad variable;13/04/18
IBB213;FUE;LPA;ATR-42/72;Nubosidad variable;13/04/18
TCX1725;FUE;MAN;AIRBUS A321;Nubosidad variable;13/04/18
EXS746;FUE;EDI;BOEING 737-800 WINGLETS;Nubosidad variable;13/04/18
IBB217;FUE;LPA;ATR-42/72;Nubosidad variable;13/04/18
IBB221;FUE;LPA;ATR-72;Nubosidad variable;13/04/18
HTY110;JCU;AEI;AWH;Lluvia;13/04/18
HTY112;AEI;JCU;AWH;Tormentas localmente fuertes;13/04/18
HTY114;AEI;JCU;AWH;Tormentas localmente fuertes;13/04/18
HTY258;AGP;JCU;AWH;Despejado;17/04/18
HTY138;AEI;JCU;AWH;Tormentas localmente fuertes;13/04/18
IBE8268;AGP;MLN;ATR-72;Tormentas localmente fuertes;13/04/18
IBE8264;AGP;MLN;ATR-72;Tormentas localmente fuertes;13/04/18
IBE8790;MAD;MLN;ATR-72;Chubascos dispersos;13/04/18
IBE8276;AGP;MLN;ATR-72;Tormentas localmente fuertes;13/04/18
AEA5005;AGP;MLN;ATR-72;Tormentas localmente fuertes;13/04/18
IBE8270;AGP;MLN;ATR-72;Tormentas localmente fuertes;13/04/18
IBE8798;MAD;MLN;ATR-72;Chubascos dispersos;13/04/18
IBE8272;AGP;MLN;ATR-72;Tormentas localmente fuertes;13/04/18
AEA5001;AGP;MLN;ATR-72;Tormentas localmente fuertes;14/04/18
IBE8262;AGP;MLN;ATR-72;Tormentas localmente fuertes;14/04/18
IBE8792;MAD;MLN;ATR-72;Chubascos dispersos;14/04/18
IBE8268;AGP;MLN;ATR-72;Tormentas localmente fuertes;14/04/18
IBE8264;AGP;MLN;ATR-72;Tormentas localmente fuertes;14/04/18
IBE0426;MAD;BIO;AIRBUS A320;Chubascos dispersos;13/04/18
VLG2509;SVQ;BIO;AIRBUS A320;Chubascos dispersos;13/04/18
VLG1428;BCN;BIO;AIRBUS A320;Lluvia;13/04/18
VLG3945;PMI;BIO;32A;Lluvia;13/04/18
IBE0446;MAD;BIO;32A;Chubascos dispersos;13/04/18
VLG3969;VLC;BIO;32A;Nubosidad variable;13/04/18
VLG3261;TFN;BIO;AIRBUS A320;Nubosidad variable;13/04/18
AEA7153;MAD;BIO;EMBRAER ERJ-195;Chubascos dispersos;13/04/18
IBE0512;MAD;LCG;AIRBUS A320;Chubascos dispersos;13/04/18
VLG1299;SVQ;LCG;AIRBUS A320;Chubascos dispersos;13/04/18
AEA7235;MAD;LCG;EMBRAER ERJ-195;Chubascos dispersos;13/04/18
IBE0524;MAD;LCG;AIRBUS A320;Chubascos dispersos;13/04/18
VLG1294;BCN;LCG;32A;Lluvia;13/04/18
VLG1275;VLC;LCG;32A;Nubosidad variable;13/04/18
AEA7237;MAD;LCG;EMBRAER ERJ-195;Chubascos dispersos;13/04/18
IBE0522;MAD;LCG;AIRBUS A320;Chubascos dispersos;13/04/18
VLG1290;BCN;LCG;AIRBUS A320;Lluvia;13/04/18
AEA7315;VGO;MAD;EMBRAER ERJ-195;Chubascos dispersos;13/04/18
IBE0533;VGO;MAD;AIRBUS A319;Chubascos dispersos;13/04/18
IBS9527;VGO;PMI;AIRBUS A320;Chubascos dispersos;13/04/18
TAP1141;VGO;LIS;ATR-72;Chubascos dispersos;13/04/18
AEA7317;VGO;MAD;EMBRAER ERJ-195;Chubascos dispersos;13/04/18
IBE0535;VGO;MAD;AIRBUS A319;Chubascos dispersos;13/04/18
RYR246;VGO;BCN;BOEING 737-800 WINGLETS;Chubascos dispersos;13/04/18
AEA2728;VGO;BCN;BOEING 737-800 WINGLETS;Chubascos dispersos;13/04/18
AEA7319;VGO;MAD;EMBRAER ERJ-195;Chubascos dispersos;13/04/18
RYR244;VGO;BLQ;BOEING 737-800 WINGLETS;Chubascos dispersos;13/04/18
VLG1705;VGO;BCN;AIRBUS A320;Chubascos dispersos;13/04/18
IBE0537;VGO;MAD;AIRBUS A319;Chubascos dispersos;14/04/18
AEA5200;GRX;PMI;EMBRAER ERJ-195;Chubascos dispersos;13/04/18
VLG3932;GRX;PMI;32A;Chubascos dispersos;13/04/18
BAW3290;GRX;LCY;EMBRAER 190;Chubascos dispersos;13/04/18
IBE8645;GRX;MAD;CANADAIR CRJ-900;Chubascos dispersos;13/04/18
IBE8649;GRX;MAD;BOMBARDIER CRJ-1000;Chubascos dispersos;13/04/18
VLG2015;GRX;BCN;AIRBUS A320;Chubascos dispersos;13/04/18
IBE8643;GRX;MAD;BOMBARDIER CRJ-1000;Chubascos dispersos;13/04/18
VLG2619;GRX;BIO;AIRBUS A320;Chubascos dispersos;13/04/18
VLG2017;GRX;BCN;32B;Chubascos dispersos;13/04/18
IBE8639;GRX;MAD;CANADAIR CRJ-900;Chubascos dispersos;14/04/18
VLG2011;GRX;BCN;AIRBUS A320;Chubascos dispersos;14/04/18
IBE8641;GRX;MAD;BOMBARDIER CRJ-1000;Chubascos dispersos;14/04/18
VLG2021;GRX;BCN;AIRBUS A320;Chubascos dispersos;14/04/18
AEA5200;GRX;PMI;EMBRAER ERJ-195;Chubascos dispersos;14/04/18
IBE8645;GRX;MAD;BOMBARDIER CRJ-1000;Chubascos dispersos;14/04/18
IBE8598;MAD;LEI;BOMBARDIER CRJ-1000;Chubascos dispersos;13/04/18
IBE8212;PMI;LEI;CANADAIR CRJ-200;Despejado;17/04/18
IBE8592;MAD;LEI;BOMBARDIER CRJ-1000;Chubascos dispersos;13/04/18
IBE8588;MAD;LEI;CANADAIR CRJ-200;Chubascos dispersos;13/04/18
IBE8933;SVQ;LEI;CANADAIR CRJ-200;Chubascos dispersos;13/04/18
IBE8600;MAD;LEI;BOMBARDIER CRJ-1000;Chubascos dispersos;13/04/18
IBE8594;MAD;LEI;CANADAIR CRJ-900;Chubascos dispersos;14/04/18
VLG1251;BCN;LEI;AIRBUS A320;Lluvia;14/04/18
IBE8598;MAD;LEI;CANADAIR CRJ-200;Chubascos dispersos;14/04/18
IBE0554;MAD;SDR;AIRBUS A319;Chubascos dispersos;13/04/18
IBE0556;MAD;SDR;AIRBUS A319;Chubascos dispersos;13/04/18
VLG1590;BCN;SDR;AIRBUS A320;Lluvia;13/04/18
IBE0558;MAD;SDR;AIRBUS A319;Chubascos dispersos;13/04/18
IBE8878;MAD;SDR;BOMBARDIER CRJ-1000;Chubascos dispersos;13/04/18
RYR6384;BCN;SDR;BOEING 737-800 WINGLETS;Lluvia;14/04/18
IBE0554;MAD;SDR;AIRBUS A319;Chubascos dispersos;14/04/18
RYR2593;AGP;SDR;BOEING 737-800 WINGLETS;Tormentas localmente fuertes;14/04/18
RYR1191;SVQ;HAM;BOEING 737-800 WINGLETS;Chubascos dispersos;13/04/18
IBS3949;SVQ;MAD;AIRBUS A320;Chubascos dispersos;13/04/18
VLG1299;SVQ;LCG;AIRBUS A320;Chubascos dispersos;13/04/18
DLH1823;SVQ;MUC;AIRBUS A321;Chubascos dispersos;13/04/18
MYX8642;SVQ;CDG;AIRBUS A320;Chubascos dispersos;13/04/18
ANE2120;SVQ;LYS;BOMBARDIER CRJ-1000;Chubascos dispersos;13/04/18
RYR5286;SVQ;MRS;BOEING 737-800 WINGLETS;Chubascos dispersos;13/04/18
TAP1105;SVQ;LIS;BOEING 737-400;Chubascos dispersos;13/04/18
RYR1188;SVQ;FMM;BOEING 737-800 WINGLETS;Chubascos dispersos;13/04/18
VLG2221;SVQ;BCN;AIRBUS A320;Chubascos dispersos;13/04/18
VOE3529;SVQ;BIO;BOEING 717;Chubascos dispersos;13/04/18
RYR5272;SVQ;PMI;BOEING 737-800 WINGLETS;Chubascos dispersos;13/04/18
RYR2208;SVQ;VLC;BOEING 737-800 WINGLETS;Chubascos dispersos;13/04/18
EZY8176;SVQ;LGW;AIRBUS A319;Chubascos dispersos;13/04/18
VLG3964;SVQ;VLC;AIRBUS A320;Chubascos dispersos;13/04/18
RYR4371;SVQ;MAN;BOEING 737-800 WINGLETS;Chubascos dispersos;13/04/18
RYR8364;SVQ;STN;BOEING 737-800 WINGLETS;Chubascos dispersos;13/04/18
IBE8847;SVQ;VLC;CANADAIR CRJ-900;Chubascos dispersos;13/04/18
VLG8832;SVQ;CDG;AIRBUS A320;Chubascos dispersos;13/04/18
RYR3064;TFN;BCN;BOEING 737-800 WINGLETS;Nubosidad variable;13/04/18
IBB132;TFN;LPA;ATR-42/72;Nubosidad variable;13/04/18
IBB619;TFN;SPC;ATR-72;Nubosidad variable;13/04/18
AEA9402;TFN;LPA;ATR-72;Nubosidad variable;13/04/18
IBB416;TFN;FUE;ATR-42/72;Nubosidad variable;13/04/18
IBB454;TFN;ACE;ATR-42/72;Nubosidad variable;13/04/18
IBB134;TFN;LPA;ATR-42/72;Nubosidad variable;13/04/18
IBB621;TFN;SPC;ATR-42/72;Nubosidad variable;13/04/18
IBB116;TFN;LPA;ATR-72;Nubosidad variable;13/04/18
IBS3937;TFN;MAD;AIRBUS A320;Nubosidad variable;13/04/18
IBB629;TFN;SPC;ATR-42/72;Nubosidad variable;13/04/18
IBB158;TFN;LPA;ATR-42/72;Nubosidad variable;13/04/18
IBB663;TFN;VDE;ATR-72;Nubosidad variable;13/04/18
AEA2682;TFN;BCN;BOEING 737-800 WINGLETS;Nubosidad variable;13/04/18
VLG3255;TFN;SVQ;AIRBUS A320;Nubosidad variable;13/04/18
CNF452;TFN;SPC;ATR-72;Nubosidad variable;13/04/18
IBB148;TFN;LPA;ATR-72;Nubosidad variable;13/04/18
AEA9418;TFN;LPA;ATR-72;Nubosidad variable;13/04/18
AEA9049;TFN;MAD;BOEING 737-800 WINGLETS;Nubosidad variable;13/04/18
IBB631;TFN;SPC;ATR-42/72;Nubosidad variable;13/04/18
VLG3282;AGP;TFS;32A;Tormentas localmente fuertes;13/04/18
IBS3910;MAD;TFS;AIRBUS A320;Chubascos dispersos;13/04/18
IBK6361;BIO;TFS;BOEING 737-800 WINGLETS;Lluvia moderada;13/04/18
SWR2111;AGP;ZRH;AIRBUS A321;Tormentas localmente fuertes;13/04/18
THY1306;AGP;IST;AIRBUS A321;Tormentas localmente fuertes;13/04/18
BAW8488;AGP;LCY;EMBRAER 190;Tormentas localmente fuertes;13/04/18
EXS1406;AGP;STN;BOEING 737-800 WINGLETS;Tormentas localmente fuertes;13/04/18
RAM985;AGP;CMN;ATR-72;Tormentas localmente fuertes;13/04/18
RYR8146;AGP;IBZ;BOEING 737-800 WINGLETS;Tormentas localmente fuertes;13/04/18
VLG3148;AGP;PMI;AIRBUS A320;Tormentas localmente fuertes;13/04/18
VOE3842;AGP;BOD;AIRBUS A319;Tormentas localmente fuertes;13/04/18
AEA5404;AGP;TFN;BOEING 737-800 WINGLETS;Tormentas localmente fuertes;13/04/18
IBE8809;AGP;MAD;BOMBARDIER CRJ-1000;Tormentas localmente fuertes;13/04/18
RYR6387;AGP;BCN;BOEING 737-800 WINGLETS;Tormentas localmente fuertes;13/04/18
VLG8172;AGP;ORY;AIRBUS A320;Tormentas localmente fuertes;13/04/18
EXS606;AGP;EMA;BOEING 737-800 WINGLETS;Tormentas localmente fuertes;13/04/18
BAW2715;AGP;LGW;AIRBUS A319;Tormentas localmente fuertes;13/04/18
EXS858;AGP;EDI;BOEING 737-800 WINGLETS;Tormentas localmente fuertes;13/04/18
VLG2124;AGP;BCN;32B;Tormentas localmente fuertes;13/04/18
EXS134;AGP;GLA;BOEING 737-800 WINGLETS;Tormentas localmente fuertes;13/04/18
RYR4057;AGP;HAM;BOEING 737-800 WINGLETS;Tormentas localmente fuertes;13/04/18
IBK5052;AGP;ARN;BOEING 737-800 WINGLETS;Tormentas localmente fuertes;13/04/18
IBE0488;MAD;OVD;AIRBUS A321;Chubascos dispersos;13/04/18
VLG1629;AGP;OVD;AIRBUS A320;Tormentas localmente fuertes;13/04/18
VLG1579;BCN;OVD;AIRBUS A320;Lluvia;13/04/18
IBS3980;MAD;OVD;AIRBUS A320;Chubascos dispersos;13/04/18
IBE0476;MAD;OVD;AIRBUS A319;Chubascos dispersos;13/04/18
VOE3924;AGP;OVD;BOEING 717;Tormentas localmente fuertes;13/04/18
IBE0480;MAD;OVD;AIRBUS A321;Chubascos dispersos;13/04/18
IBE0482;MAD;OVD;AIRBUS A320;Chubascos dispersos;13/04/18
VOE3830;SVQ;OVD;BOEING 717;Chubascos dispersos;13/04/18
VLG1571;BCN;OVD;AIRBUS A320;Lluvia;13/04/18
VLG1573;BCN;OVD;AIRBUS A320;Lluvia;14/04/18
IBE0488;MAD;OVD;AIRBUS A320;Chubascos dispersos;14/04/18
VLG1579;BCN;OVD;AIRBUS A320;Lluvia;14/04/18
RYR2132;ACE;MAN;BOEING 737-800 WINGLETS;Nubosidad variable;13/04/18
CNF722;ACE;LPA;ATR-72;Nubosidad variable;13/04/18
EZY8682;ACE;LGW;32A;Nubosidad variable;13/04/18
IBB513;ACE;LPA;ATR-42/72;Nubosidad variable;13/04/18
EZY2026;ACE;LTN;32A;Nubosidad variable;13/04/18
RYR8289;ACE;STN;BOEING 737-800 WINGLETS;Nubosidad variable;13/04/18
JTG632;ACE;BLL;BOEING 737-700 WINGLETS;Nubosidad variable;13/04/18
IBB471;ACE;TFN;ATR-72;Nubosidad variable;13/04/18
TCX1723;ACE;MAN;32B;Nubosidad variable;13/04/18
NVR158;ACE;OSL;32B;Nubosidad variable;13/04/18
IBB507;ACE;LPA;ATR-72;Nubosidad variable;13/04/18
LLX5052;LPA;ACE;AIRBUS A321;Nubosidad variable;13/04/18
IBS3857;ACE;MAD;AIRBUS A320;Nubosidad variable;13/04/18
CNF730;ACE;LPA;ATR-42/72;Nubosidad variable;13/04/18
JTG218;ACE;CPH;BOEING 737-800 WINGLETS;Nubosidad variable;13/04/18
IBB455;ACE;TFN;ATR-42/72;Nubosidad variable;13/04/18
BLX660;ACE;HEL;BOEING 737-800 WINGLETS;Nubosidad variable;13/04/18
LAV5281;PMI;LPA;BOEING 737-800 WINGLETS;Lluvia;13/04/18
IBB211;FUE;LPA;ATR-42/72;Nubosidad variable;13/04/18
IBB110;TFN;LPA;ATR-42/72;Nubosidad variable;13/04/18
VLG3068;AGP;LPA;AIRBUS A320;Tormentas localmente fuertes;13/04/18
IBB132;TFN;LPA;ATR-42/72;Nubosidad variable;13/04/18
CNF810;FUE;LPA;ATR-42/72;Nubosidad variable;13/04/18
CNF722;ACE;LPA;ATR-72;Nubosidad variable;13/04/18
AEA9402;TFN;LPA;ATR-72;Nubosidad variable;13/04/18
IBB513;ACE;LPA;ATR-42/72;Nubosidad variable;13/04/18
IBS3822;MAD;LPA;AIRBUS A320;Chubascos dispersos;13/04/18
IBB207;FUE;LPA;ATR-42/72;Nubosidad variable;13/04/18
IBB134;TFN;LPA;ATR-42/72;Nubosidad variable;13/04/18
VLG3274;BIO;LPA;AIRBUS A320;Lluvia moderada;13/04/18
VLG3745;MAH;BCN;AIRBUS A320;Lluvia débil;13/04/18
IBE8957;MAH;MAD;BOMBARDIER CRJ-1000;Lluvia débil;13/04/18
QTR6563;MAH;MAD;BOMBARDIER CRJ-1000;Lluvia débil;13/04/18
IBE8491;MAH;PMI;CANADAIR CRJ-900;Lluvia débil;13/04/18
IBE8499;MAH;PMI;ATR-42/72;Lluvia débil;13/04/18
RYR7402;MAH;VLC;BOEING 737-800 WINGLETS;Lluvia débil;13/04/18
AEA4530;MAH;PMI;ATR-72;Lluvia débil;13/04/18
IBE8493;MAH;PMI;ATR-42/72;Lluvia débil;13/04/18
RYR6882;MAH;BCN;BOEING 737-800 WINGLETS;Lluvia débil;13/04/18
IBE8027;MAH;MAD;BOMBARDIER CRJ-1000;Lluvia débil;13/04/18
VLG3701;MAH;BCN;AIRBUS A320;Lluvia débil;13/04/18
IBE8487;MAH;PMI;ATR-42/72;Lluvia débil;13/04/18
RYR2076;MAH;EMA;BOEING 737-800 WINGLETS;Lluvia débil;13/04/18
VLG3719;MAH;BCN;AIRBUS A321;Lluvia débil;13/04/18
IBE8481;MAH;PMI;CANADAIR CRJ-900;Lluvia débil;14/04/18
IBE8951;MAH;MAD;BOMBARDIER CRJ-1000;Lluvia débil;14/04/18
AAL8615;MAH;MAD;BOMBARDIER CRJ-1000;Lluvia débil;14/04/18
IBE8495;MAH;PMI;ATR-72;Lluvia débil;14/04/18
VLG3713;MAH;BCN;AIRBUS A320;Lluvia débil;14/04/18
VLG1307;ALC;BCN;32A;Nubosidad variable;13/04/18
EZS1426;ALC;GVA;AIRBUS A320;Nubosidad variable;13/04/18
RYR4029;ALC;FCO;BOEING 737-800 WINGLETS;Nubosidad variable;13/04/18
ANE8393;ALC;MAD;BOMBARDIER CRJ-1000;Nubosidad variable;13/04/18
AVA6105;ALC;MAD;BOMBARDIER CRJ-1000;Nubosidad variable;13/04/18
DAH2021;ALC;ORN;BOEING 737-800 WINGLETS;Nubosidad variable;13/04/18
RYR8538;ALC;SCQ;BOEING 737-800 WINGLETS;Nubosidad variable;13/04/18
EXS272;ALC;LBA;BOEING 757-200  WINGLETS;Nubosidad variable;13/04/18
EXS776;ALC;EDI;BOEING 737-800 WINGLETS;Nubosidad variable;13/04/18
RYR9871;ALC;KRK;BOEING 737-800 WINGLETS;Nubosidad variable;13/04/18
EXS880;ALC;MAN;BOEING 757-200;Nubosidad variable;13/04/18
RYR9078;ALC;LBA;BOEING 737-800 WINGLETS;Nubosidad variable;13/04/18
RYR7427;ALC;VST;BOEING 737-800 WINGLETS;Nubosidad variable;13/04/18
DAH2005;ALC;ALG;BOEING 737-600;Nubosidad variable;13/04/18
EZY6878;ALC;GLA;AIRBUS A319;Nubosidad variable;13/04/18
EXS642;ALC;EMA;BOEING 737-800 WINGLETS;Nubosidad variable;13/04/18
EXS584;ALC;NCL;BOEING 737-800 WINGLETS;Nubosidad variable;13/04/18
ANE8607;ALC;PMI;CANADAIR CRJ-200;Nubosidad variable;13/04/18
RYR7063;ALC;DUB;BOEING 737-800 WINGLETS;Nubosidad variable;13/04/18
SBI876;ALC;DME;AIRBUS A321;Nubosidad variable;13/04/18
RYR2714;ALC;LGW;BOEING 737-800 WINGLETS;Nubosidad variable;13/04/18
VLG3968;BIO;VLC;32A;Lluvia moderada;13/04/18
IBE8974;MAD;VLC;BOMBARDIER CRJ-1000;Chubascos dispersos;13/04/18
RYR7217;IBZ;VLC;BOEING 737-800 WINGLETS;Nuboso a muy nuboso;13/04/18
VLG3694;IBZ;VLC;AIRBUS A320;Nuboso a muy nuboso;13/04/18
VLG1274;LCG;VLC;32A;Chubascos dispersos;13/04/18
AEA7302;MAD;VGO;EMBRAER ERJ-195;Chubascos dispersos;13/04/18
IBE0532;MAD;VGO;AIRBUS A319;Chubascos dispersos;13/04/18
IBS9524;PMI;VGO;AIRBUS A320;Lluvia;13/04/18
AEA7300;MAD;VGO;EMBRAER ERJ-195;Chubascos dispersos;13/04/18
IBE0534;MAD;VGO;AIRBUS A319;Chubascos dispersos;13/04/18
AEA2727;BCN;VGO;BOEING 737-800 WINGLETS;Lluvia;13/04/18
RYR245;BCN;VGO;BOEING 737-800 WINGLETS;Lluvia;13/04/18
AEA7306;MAD;VGO;EMBRAER ERJ-195;Chubascos dispersos;13/04/18
VLG3153;PMI;XRY;AIRBUS A320;Lluvia;13/04/18
IBE0410;MAD;XRY;AIRBUS A319;Chubascos dispersos;13/04/18
VLG2286;BCN;XRY;32A;Lluvia;13/04/18
RYR1283;BCN;XRY;BOEING 737-800 WINGLETS;Lluvia;13/04/18
IBE0404;MAD;XRY;AIRBUS A319;Chubascos dispersos;13/04/18
IBE0406;MAD;XRY;AIRBUS A320;Chubascos dispersos;13/04/18
IBE0410;MAD;XRY;AIRBUS A319;Chubascos dispersos;14/04/18
VLG2614;BIO;XRY;AIRBUS A320;Lluvia moderada;14/04/18
VLG2286;BCN;XRY;AIRBUS A320;Lluvia;14/04/18
RYR3041;SVQ;SCQ;BOEING 737-800 WINGLETS;Chubascos dispersos;13/04/18
LAV5213;TFN;SCQ;BOEING 737-400;Nubosidad variable;13/04/18
IBS3874;MAD;SCQ;AIRBUS A320;Chubascos dispersos;13/04/18
RYR8538;ALC;SCQ;BOEING 737-800 WINGLETS;Nubosidad variable;13/04/18
EVE1119;ALC;SCQ;32A;Nubosidad variable;13/04/18
IBS3878;MAD;SCQ;AIRBUS A321;Chubascos dispersos;13/04/18
VLG1676;BCN;SCQ;AIRBUS A320;Lluvia;13/04/18
VLG1672;BCN;SCQ;AIRBUS A320;Lluvia;13/04/18
IBE8358;BIO;SCQ;CANADAIR CRJ-200;Lluvia moderada;13/04/18
VLG2655;AGP;SCQ;AIRBUS A320;Tormentas localmente fuertes;13/04/18
RYR6381;BCN;SCQ;BOEING 737-800 WINGLETS;Lluvia;13/04/18
RYR5317;MAD;SCQ;BOEING 737-800 WINGLETS;Chubascos dispersos;13/04/18
VLG1457;ALC;SCQ;32A;Nubosidad variable;13/04/18
AEA9464;SPC;TFN;ATR-72;Nubosidad variable;13/04/18
IBB620;SPC;TFN;ATR-72;Nubosidad variable;13/04/18
IBB622;SPC;TFN;ATR-42/72;Nubosidad variable;13/04/18
IBS3843;SPC;MAD;AIRBUS A320;Nubosidad variable;13/04/18
IBB630;SPC;TFN;ATR-42/72;Nubosidad variable;13/04/18
CNF453;SPC;TFN;ATR-72;Nubosidad variable;13/04/18
IBB632;SPC;TFN;ATR-42/72;Nubosidad variable;13/04/18
AEA9466;SPC;TFN;ATR-72;Nubosidad variable;13/04/18
IBB634;SPC;TFN;ATR-42/72;Nubosidad variable;13/04/18
PRW254;SPC;JYV;BOEING 737-800;Nubosidad variable;13/04/18
IBB636;SPC;TFN;ATR-42/72;Nubosidad variable;13/04/18
IBB316;SPC;LPA;ATR-72;Nubosidad variable;13/04/18
AEA9480;SPC;TFN;ATR-72;Nubosidad variable;13/04/18
TRA5642;SPC;AMS;BOEING 737-700 WINGLETS;Nubosidad variable;13/04/18
IBB638;SPC;TFN;ATR-42/72;Nubosidad variable;13/04/18
IBB626;SPC;TFN;ATR-42/72;Nubosidad variable;13/04/18
IBB312;SPC;LPA;ATR-72;Nubosidad variable;13/04/18
IBB640;SPC;TFN;ATR-42/72;Nubosidad variable;13/04/18
CNF468;SPC;TFN;ATR-72;Nubosidad variable;13/04/18
AEA9468;SPC;TFN;ATR-72;Nubosidad variable;13/04/18
IBB642;SPC;TFN;ATR-72;Nubosidad variable;13/04/18
IBB318;SPC;LPA;BOMBARDIER CRJ-1000;Nubosidad variable;13/04/18
IBB604;SPC;TFN;ATR-42/72;Nubosidad variable;14/04/18
IBB206;LPA;FUE;ATR-72;Nubosidad variable;13/04/18
RYR5468;MAD;FUE;BOEING 737-800 WINGLETS;Chubascos dispersos;13/04/18
AEA9433;LPA;FUE;ATR-72;Nubosidad variable;13/04/18
VLG3014;BCN;FUE;32A;Lluvia;13/04/18
IBB222;LPA;FUE;ATR-72;Nubosidad variable;13/04/18
IBS3906;MAD;FUE;AIRBUS A320;Chubascos dispersos;13/04/18
IBB416;TFN;FUE;ATR-42/72;Nubosidad variable;13/04/18
IBB212;LPA;FUE;ATR-72;Nubosidad variable;13/04/18
IBE2204;LPA;FUE;ATR-72;Nubosidad variable;13/04/18
IBB216;LPA;FUE;ATR-72;Nubosidad variable;13/04/18
IBB214;LPA;FUE;ATR-72;Nubosidad variable;13/04/18
IBE8646;MAD;GRX;CANADAIR CRJ-900;Chubascos dispersos;13/04/18
IBE8642;MAD;GRX;BOMBARDIER CRJ-1000;Chubascos dispersos;13/04/18
VLG2014;BCN;GRX;AIRBUS A320;Lluvia;13/04/18
IBE8644;MAD;GRX;BOMBARDIER CRJ-1000;Chubascos dispersos;13/04/18
VLG2618;BIO;GRX;AIRBUS A320;Lluvia moderada;13/04/18
VLG2016;BCN;GRX;32B;Lluvia;13/04/18
IBE8648;MAD;GRX;CANADAIR CRJ-900;Chubascos dispersos;13/04/18
VLG2010;BCN;GRX;AIRBUS A321;Lluvia;14/04/18
IBE8640;MAD;GRX;BOMBARDIER CRJ-1000;Chubascos dispersos;14/04/18
VLG2020;BCN;GRX;AIRBUS A320;Lluvia;14/04/18
AEA5201;PMI;GRX;EMBRAER ERJ-195;Lluvia;14/04/18
IBE8646;MAD;GRX;BOMBARDIER CRJ-1000;Chubascos dispersos;14/04/18
IBS3950;MAD;SVQ;AIRBUS A320;Chubascos dispersos;13/04/18
VLG2510;BIO;SVQ;AIRBUS A320;Lluvia moderada;13/04/18
RYR3042;SCQ;SVQ;BOEING 737-800 WINGLETS;Chubascos dispersos;13/04/18
RYR5273;PMI;SVQ;BOEING 737-800 WINGLETS;Lluvia;13/04/18
VOE3528;BIO;SVQ;BOEING 717;Lluvia moderada;13/04/18
RYR2207;VLC;SVQ;BOEING 737-800 WINGLETS;Nubosidad variable;13/04/18
VLG3965;VLC;SVQ;AIRBUS A320;Nubosidad variable;13/04/18
IBE8846;VLC;SVQ;CANADAIR CRJ-900;Nubosidad variable;13/04/18
VLG1298;LCG;SVQ;AIRBUS A320;Chubascos dispersos;13/04/18
IBS3952;MAD;SVQ;32A;Chubascos dispersos;13/04/18
ANE2003;CDT;SVQ;BOMBARDIER CRJ-1000;Despejado;17/04/18
VLG3255;TFN;SVQ;AIRBUS A320;Nubosidad variable;13/04/18
VLG2214;BCN;SVQ;BOEING 737-800 WINGLETS;Lluvia;13/04/18
EVE1602;SCQ;SVQ;32A;Chubascos dispersos;13/04/18
RYR2896;BCN;PMI;BOEING 737-800 WINGLETS;Lluvia;13/04/18
AEA6037;BCN;PMI;BOEING 737-800 WINGLETS;Lluvia;13/04/18
VLG3904;BCN;PMI;32A;Lluvia;13/04/18
AEA4532;MAH;PMI;ATR-72;Lluvia débil;13/04/18
IBE8812;MAD;AGP;BOMBARDIER CRJ-1000;Chubascos dispersos;13/04/18
VLG3149;PMI;AGP;AIRBUS A320;Lluvia;13/04/18
RYR6386;BCN;AGP;BOEING 737-800 WINGLETS;Lluvia;13/04/18
VLG2125;BCN;AGP;32B;Lluvia;13/04/18
IBE8275;MLN;AGP;ATR-72;Chubascos dispersos;13/04/18
IBB470;TFN;ACE;ATR-72;Nubosidad variable;13/04/18
LLX5052;LPA;ACE;AIRBUS A321;Nubosidad variable;13/04/18
IBB508;LPA;ACE;ATR-72;Nubosidad variable;13/04/18
IBS3856;MAD;ACE;AIRBUS A320;Chubascos dispersos;13/04/18
IBB454;TFN;ACE;ATR-42/72;Nubosidad variable;13/04/18
CNF729;LPA;ACE;ATR-72;Nubosidad variable;13/04/18
IBB514;LPA;ACE;ATR-72;Nubosidad variable;13/04/18
VLG3695;VLC;IBZ;AIRBUS A320;Nubosidad variable;13/04/18
AEA2687;BCN;IBZ;BOEING 737-800 WINGLETS;Lluvia;13/04/18
IBE8910;MAD;IBZ;BOMBARDIER CRJ-1000;Chubascos dispersos;13/04/18
IBE8108;PMI;IBZ;BOMBARDIER CRJ-1000;Despejado;17/04/18
VLG3510;BCN;IBZ;32A;Lluvia;13/04/18
AEA6025;MAD;IBZ;EMBRAER ERJ-195;Chubascos dispersos;13/04/18
AEA1706;PMI;IBZ;ATR-72;Lluvia;13/04/18
RYR2066;MAD;IBZ;BOEING 737-800 WINGLETS;Chubascos dispersos;13/04/18
RYR8146;AGP;IBZ;BOEING 737-800 WINGLETS;Tormentas localmente fuertes;13/04/18
RYR8841;BCN;IBZ;BOEING 737-800 WINGLETS;Lluvia;13/04/18
AEA2631;ZAZ;IBZ;BOEING 737-800 WINGLETS;Chubascos dispersos;13/04/18
AEA9401;LPA;TFN;ATR-72;Nubosidad variable;13/04/18
IBB127;LPA;TFN;ATR-72;Nubosidad variable;13/04/18
IBB423;FUE;TFN;ATR-42/72;Nubosidad variable;13/04/18
IBB469;ACE;TFN;ATR-42/72;Nubosidad variable;13/04/18
IBB662;VDE;TFN;ATR-42/72;Chubascos dispersos;13/04/18
IBB133;LPA;TFN;ATR-72;Nubosidad variable;13/04/18
AEA9464;SPC;TFN;ATR-72;Nubosidad variable;13/04/18
IBS3946;MAD;TFN;AIRBUS A320;Chubascos dispersos;13/04/18
AEA5106;SVQ;TFN;BOEING 737-800 WINGLETS;Chubascos dispersos;13/04/18
IBB145;LPA;TFN;ATR-72;Nubosidad variable;13/04/18
IBB620;SPC;TFN;ATR-72;Nubosidad variable;13/04/18
IBB471;ACE;TFN;ATR-72;Nubosidad variable;13/04/18
VLG3254;SVQ;TFN;AIRBUS A320;Chubascos dispersos;13/04/18
AEA9118;MAD;TFN;BOEING 737-800 WINGLETS;Chubascos dispersos;13/04/18
AEA9417;LPA;TFN;ATR-72;Nubosidad variable;13/04/18
VLG3216;BCN;TFN;32B;Lluvia;13/04/18
IBE8498;PMI;MAH;ATR-42/72;Despejado;17/04/18
RYR7401;VLC;MAH;BOEING 737-800 WINGLETS;Nubosidad variable;13/04/18
AEA4531;PMI;MAH;ATR-72;Lluvia;13/04/18
IBE8490;PMI;MAH;ATR-42/72;Despejado;17/04/18
IBE8026;MAD;MAH;BOMBARDIER CRJ-1000;Chubascos dispersos;13/04/18
RYR6881;BCN;MAH;BOEING 737-800 WINGLETS;Lluvia;13/04/18
VLG3700;BCN;MAH;AIRBUS A320;Lluvia;13/04/18
IBE8492;PMI;MAH;ATR-42/72;Despejado;17/04/18
IBE8496;PMI;MAH;CANADAIR CRJ-900;Despejado;17/04/18
VLG3718;BCN;MAH;AIRBUS A321;Lluvia;13/04/18
IBE8954;MAD;MAH;BOMBARDIER CRJ-1000;Chubascos dispersos;13/04/18
IBE8494;PMI;MAH;ATR-72;Despejado;17/04/18
VLG3712;BCN;MAH;AIRBUS A320;Lluvia;14/04/18
IBE8480;PMI;MAH;BOMBARDIER CRJ-1000;Despejado;17/04/18
VLG3714;BCN;MAH;AIRBUS A320;Lluvia;14/04/18
ANE8392;MAD;ALC;BOMBARDIER CRJ-1000;Despejado;17/04/18
ANE8907;IBZ;ALC;CANADAIR CRJ-200;Despejado;17/04/18
EVE1120;SCQ;ALC;32A;Chubascos dispersos;13/04/18
AEA9463;TFN;SPC;ATR-72;Nubosidad variable;13/04/18
IBB619;TFN;SPC;ATR-72;Nubosidad variable;13/04/18
IBB621;TFN;SPC;ATR-42/72;Nubosidad variable;13/04/18
IBS3842;MAD;SPC;AIRBUS A320;Chubascos dispersos;13/04/18
IBB629;TFN;SPC;ATR-42/72;Nubosidad variable;13/04/18
CNF452;TFN;SPC;ATR-72;Nubosidad variable;13/04/18
IBB631;TFN;SPC;ATR-42/72;Nubosidad variable;13/04/18
IBE2228;TFN;SPC;ATR-42/72;Despejado;17/04/18
AEA9465;TFN;SPC;ATR-72;Nubosidad variable;13/04/18
IBB633;TFN;SPC;ATR-42/72;Nubosidad variable;13/04/18
IBB623;TFN;SPC;ATR-42/72;Nubosidad variable;13/04/18
AEA9479;TFN;SPC;ATR-72;Nubosidad variable;13/04/18
IBB315;LPA;SPC;ATR-72;Nubosidad variable;13/04/18
IBB637;TFN;SPC;ATR-42/72;Nubosidad variable;13/04/18
IBB625;TFN;SPC;ATR-42/72;Nubosidad variable;13/04/18
IBB311;LPA;SPC;ATR-72;Nubosidad variable;13/04/18
IBB639;TFN;SPC;ATR-42/72;Nubosidad variable;13/04/18
CNF467;TFN;SPC;ATR-72;Nubosidad variable;13/04/18
AEA9467;TFN;SPC;ATR-72;Nubosidad variable;13/04/18
IBB627;TFN;SPC;ATR-42/72;Nubosidad variable;13/04/18
IBB641;TFN;SPC;ATR-42/72;Nubosidad variable;13/04/18
IBE8759;LEN;BCN;BOMBARDIER CRJ-1000;Lluvia;13/04/18
IBE8221;RJL;MAD;CANADAIR CRJ-200;Lluvia;14/04/18
IBE8224;MAD;RJL;CANADAIR CRJ-200;Chubascos dispersos;13/04/18
RYR6321;VLL;BCN;BOEING 737-800 WINGLETS;Chubascos dispersos;13/04/18
VLG1585;VLL;BCN;32A;Chubascos dispersos;13/04/18
RYR4421;VIT;CGN;BOEING 737-800 WINGLETS;Lluvia;13/04/18
RYR2036;VIT;SVQ;BOEING 737-800 WINGLETS;Lluvia;14/04/18
IBE8661;VIT;MAH;BOMBARDIER CRJ-1000;Lluvia;14/04/18
IBB652;GMZ;TFN;ATR-72;Chubascos dispersos;13/04/18
IBB650;GMZ;TFN;ATR-72;Chubascos dispersos;14/04/18
HTY110;JCU;AEI;AWH;Lluvia;13/04/18
HTY112;AEI;JCU;AWH;Tormentas localmente fuertes;13/04/18
HTY114;AEI;JCU;AWH;Tormentas localmente fuertes;13/04/18
HTY138;AEI;JCU;AWH;Tormentas localmente fuertes;13/04/18
IBE8758;BCN;LEN;BOMBARDIER CRJ-1000;Despejado;17/04/18
IBE8539;PNA;MAD;CANADAIR CRJ-200;Lluvia;13/04/18
KRP2860;PNA;LPA;FOKKER 100;Lluvia;13/04/18
IBE8531;PNA;MAD;BOMBARDIER CRJ-1000;Lluvia;13/04/18
IBE8529;PNA;MAD;BOMBARDIER CRJ-1000;Lluvia;14/04/18
AEA2631;ZAZ;IBZ;BOEING 737-800 WINGLETS;Chubascos dispersos;13/04/18
RYR4634;ZAZ;BGY;BOEING 737-800 WINGLETS;Chubascos dispersos;13/04/18
VLG3979;ZAZ;PMI;AIRBUS A320;Chubascos dispersos;13/04/18
RYR7235;ZAZ;BVA;BOEING 737-800 WINGLETS;Chubascos dispersos;14/04/18
HTY109;JCU;AEI;AWH;Lluvia;13/04/18
HTY111;JCU;AEI;AWH;Lluvia;13/04/18
HTY113;JCU;AEI;AWH;Lluvia;13/04/18
HTY257;JCU;AGP;AWH;Lluvia;13/04/18
HTY137;JCU;AEI;AWH;Lluvia;13/04/18
IBB653;TFN;GMZ;ATR-42/72;Nubosidad variable;13/04/18
IBB651;TFN;GMZ;ATR-72;Nubosidad variable;14/04/18
RYR6320;BCN;VLL;BOEING 737-800 WINGLETS;Lluvia;13/04/18
VLG1584;BCN;VLL;32A;Lluvia;13/04/18
AEA2632;IBZ;ZAZ;BOEING 737-800 WINGLETS;Nuboso a muy nuboso;13/04/18
VLG3978;PMI;ZAZ;AIRBUS A320;Lluvia;13/04/18
IBB664;VDE;TFN;ATR-72;Chubascos dispersos;13/04/18
IBB366;VDE;LPA;ATR-72;Chubascos dispersos;13/04/18
CNF248;VDE;TFN;ATR-72;Chubascos dispersos;13/04/18
IBB674;VDE;TFN;ATR-72;Chubascos dispersos;13/04/18
IBB656;VDE;TFN;ATR-72;Chubascos dispersos;14/04/18
IBB660;VDE;TFN;ATR-72;Chubascos dispersos;14/04/18
RYR1115;REU;DUB;BOEING 737-800 WINGLETS;Lluvia;13/04/18
RYR2212;REU;EIN;BOEING 737-800 WINGLETS;Lluvia;13/04/18
RYR2212;REU;EIN;BOEING 737-800 WINGLETS;Lluvia;14/04/18
RYR1115;REU;DUB;BOEING 737-800 WINGLETS;Lluvia;14/04/18
RYR1865;REU;SNN;BOEING 737-800 WINGLETS;Lluvia;14/04/18
RYR2035;SVQ;VIT;BOEING 737-800 WINGLETS;Chubascos dispersos;14/04/18
IBE8660;MAH;VIT;BOMBARDIER CRJ-1000;Lluvia débil;14/04/18
HTY109;JCU;AEI;AWH;Lluvia;13/04/18
HTY111;JCU;AEI;AWH;Lluvia;13/04/18
HTY113;JCU;AEI;AWH;Lluvia;13/04/18
HTY137;JCU;AEI;AWH;Lluvia;13/04/18
VLG3694;IBZ;VLC;AIRBUS A320;Nuboso a muy nuboso;13/04/18
AEA2632;IBZ;ZAZ;BOEING 737-800 WINGLETS;Nuboso a muy nuboso;13/04/18
RYR6703;IBZ;FCO;BOEING 737-800 WINGLETS;Nuboso a muy nuboso;13/04/18
IBE8911;IBZ;MAD;BOMBARDIER CRJ-1000;Nuboso a muy nuboso;13/04/18
VLG3511;IBZ;BCN;32A;Nuboso a muy nuboso;13/04/18
IBE8115;IBZ;PMI;BOMBARDIER CRJ-1000;Nuboso a muy nuboso;13/04/18
RYR2067;IBZ;MAD;BOEING 737-800 WINGLETS;Nuboso a muy nuboso;13/04/18
AEA6024;IBZ;MAD;EMBRAER ERJ-195;Nuboso a muy nuboso;13/04/18
VLG8181;IBZ;ORY;32B;Nuboso a muy nuboso;13/04/18
TVF3155;IBZ;ORY;BOEING 737-800 WINGLETS;Nuboso a muy nuboso;13/04/18
AEA1707;IBZ;PMI;ATR-72;Nuboso a muy nuboso;13/04/18
RYR8147;IBZ;AGP;BOEING 737-800 WINGLETS;Nuboso a muy nuboso;13/04/18
AWC8422;IBZ;MAN;BOEING 757-200;Nuboso a muy nuboso;13/04/18
RYR8842;IBZ;BCN;BOEING 737-800 WINGLETS;Nuboso a muy nuboso;13/04/18
IBE8125;IBZ;PMI;BOMBARDIER CRJ-1000;Nuboso a muy nuboso;13/04/18
IBE8536;MAD;PNA;CANADAIR CRJ-200;Chubascos dispersos;13/04/18
IBE8524;MAD;PNA;BOMBARDIER CRJ-1000;Chubascos dispersos;13/04/18
IBE8532;MAD;PNA;BOMBARDIER CRJ-1000;Chubascos dispersos;13/04/18
IBE8526;MAD;PNA;BOMBARDIER CRJ-1000;Chubascos dispersos;13/04/18
HTY110;JCU;AEI;AWH;Lluvia;13/04/18
HTY112;AEI;JCU;AWH;Tormentas localmente fuertes;13/04/18
HTY114;AEI;JCU;AWH;Tormentas localmente fuertes;13/04/18
HTY258;AGP;JCU;AWH;Despejado;17/04/18
HTY138;AEI;JCU;AWH;Tormentas localmente fuertes;13/04/18
EWG583;PMI;CGN;BOEING 737-800 WINGLETS;Lluvia;13/04/18
EXS258;PMI;LBA;BOEING 737-800 WINGLETS;Lluvia;13/04/18
DLH1153;PMI;FRA;AIRBUS A321;Lluvia;13/04/18
RYR2897;PMI;BCN;BOEING 737-800 WINGLETS;Lluvia;13/04/18
IBS3919;PMI;MAD;AIRBUS A320;Lluvia;13/04/18
DLH1821;PMI;MUC;AIRBUS A321;Lluvia;13/04/18
EWG7591;PMI;HAM;BOEING 737-800 WINGLETS;Lluvia;13/04/18
EWG6828;PMI;BRE;32A;Lluvia;13/04/18
AEA1706;PMI;IBZ;ATR-72;Lluvia;13/04/18
VLG3905;PMI;BCN;32A;Lluvia;13/04/18
AEA6060;PMI;BCN;BOEING 737-800 WINGLETS;Lluvia;13/04/18
BEL3722;MAD;BRU;AIRBUS A320;Chubascos dispersos;13/04/18
AEA6025;MAD;IBZ;EMBRAER ERJ-195;Chubascos dispersos;13/04/18
TVF3183;MAD;ORY;BOEING 737-800 WINGLETS;Chubascos dispersos;13/04/18
IBE0446;MAD;BIO;32A;Chubascos dispersos;13/04/18
IBE8790;MAD;MLN;ATR-72;Chubascos dispersos;13/04/18
RAM975;MAD;RBA;BOEING 737-700 WINGLETS;Chubascos dispersos;13/04/18
IBE6801;MAD;NRT;AIRBUS A330-200;Chubascos dispersos;13/04/18
IBE1316;MAD;BCN;AIRBUS A320;Chubascos dispersos;13/04/18
IBE1316S;MAD;BCN;AIRBUS A320;Chubascos dispersos;13/04/18
AEA1063;MAD;MXP;BOEING 737-800 WINGLETS;Chubascos dispersos;13/04/18
AEA1045;MAD;FCO;BOEING 737-800 WINGLETS;Chubascos dispersos;13/04/18
IBE8319;EAS;MAD;ATR-72;Lluvia;13/04/18
IBE8329;EAS;MAD;ATR-72;Lluvia;13/04/18
IBE8315;EAS;MAD;ATR-72;Lluvia;13/04/18
VLG2489;EAS;BCN;AIRBUS A319;Lluvia;13/04/18
IBE8323;EAS;MAD;ATR-72;Lluvia;13/04/18
IBE8317;EAS;MAD;ATR-72;Lluvia;14/04/18
VLG2487;EAS;BCN;AIRBUS A319;Lluvia;14/04/18
IBE8327;EAS;MAD;ATR-72;Lluvia;14/04/18
AEA2828;SCQ;BCN;BOEING 737-800 WINGLETS;Chubascos dispersos;13/04/18
RYR3042;SCQ;SVQ;BOEING 737-800 WINGLETS;Chubascos dispersos;13/04/18
VLG1677;SCQ;BCN;AIRBUS A320;Chubascos dispersos;13/04/18
DLH1111;SCQ;FRA;AIRBUS A319;Chubascos dispersos;13/04/18
LAV5214;SCQ;TFN;BOEING 737-400;Chubascos dispersos;13/04/18
IBS3875;SCQ;MAD;AIRBUS A320;Chubascos dispersos;13/04/18
EZS1338;SCQ;GVA;AIRBUS A319;Chubascos dispersos;13/04/18
RYR8539;SCQ;ALC;BOEING 737-800 WINGLETS;Chubascos dispersos;13/04/18
RYR4579;SCQ;BGY;BOEING 737-800 WINGLETS;Chubascos dispersos;13/04/18
EVE1602;SCQ;SVQ;32A;Chubascos dispersos;13/04/18
IBS3879;SCQ;MAD;AIRBUS A321;Chubascos dispersos;13/04/18
VLG8222;SCQ;CDG;AIRBUS A320;Chubascos dispersos;13/04/18
VLG1673;SCQ;BCN;AIRBUS A320;Chubascos dispersos;13/04/18
IBE8359;SCQ;BIO;CANADAIR CRJ-200;Chubascos dispersos;13/04/18
RYR5318;SCQ;MAD;BOEING 737-800 WINGLETS;Chubascos dispersos;13/04/18
VLG2654;SCQ;AGP;AIRBUS A320;Chubascos dispersos;13/04/18
RYR6380;SCQ;BCN;BOEING 737-800 WINGLETS;Chubascos dispersos;13/04/18
VLG1456;SCQ;ALC;32A;Chubascos dispersos;13/04/18
IBE0513;LCG;MAD;AIRBUS A320;Chubascos dispersos;13/04/18
VLG1274;LCG;VLC;32A;Chubascos dispersos;13/04/18
VLG1298;LCG;SVQ;AIRBUS A320;Chubascos dispersos;13/04/18
AEA7236;LCG;MAD;EMBRAER ERJ-195;Chubascos dispersos;13/04/18
IBE0523;LCG;MAD;AIRBUS A320;Chubascos dispersos;13/04/18
VLG1295;LCG;BCN;32A;Chubascos dispersos;13/04/18
VLG7104;LCG;LHR;AIRBUS A320;Chubascos dispersos;13/04/18
LZF440;LCG;BIO;ATR 42-300/320;Chubascos dispersos;13/04/18
AEA7238;LCG;MAD;EMBRAER ERJ-195;Chubascos dispersos;13/04/18
IBE0521;LCG;MAD;AIRBUS A320;Chubascos dispersos;13/04/18
VLG1291;LCG;BCN;AIRBUS A320;Chubascos dispersos;13/04/18
AEA7232;LCG;MAD;EMBRAER ERJ-195;Chubascos dispersos;14/04/18
IBB663;TFN;VDE;ATR-72;Nubosidad variable;13/04/18
IBB365;LPA;VDE;ATR-72;Nubosidad variable;13/04/18
IBS2218;LPA;VDE;ATR-72;Despejado;17/04/18
CNF247;TFN;VDE;ATR-42/72;Nubosidad variable;13/04/18
IBB673;TFN;VDE;ATR-72;Nubosidad variable;13/04/18
IBB655;TFN;VDE;ATR-72;Nubosidad variable;14/04/18
IBB659;TFN;VDE;ATR-72;Nubosidad variable;14/04/18
BAW3290;GRX;LCY;EMBRAER 190;Chubascos dispersos;13/04/18
IBE8645;GRX;MAD;CANADAIR CRJ-900;Chubascos dispersos;13/04/18
IBE8649;GRX;MAD;BOMBARDIER CRJ-1000;Chubascos dispersos;13/04/18
VLG2015;GRX;BCN;AIRBUS A320;Chubascos dispersos;13/04/18
IBE8643;GRX;MAD;BOMBARDIER CRJ-1000;Chubascos dispersos;13/04/18
VLG2619;GRX;BIO;32A;Chubascos dispersos;13/04/18
VLG2017;GRX;BCN;32B;Chubascos dispersos;13/04/18
IBE8639;GRX;MAD;CANADAIR CRJ-900;Chubascos dispersos;14/04/18
VLG2011;GRX;BCN;AIRBUS A320;Chubascos dispersos;14/04/18
IBE8641;GRX;MAD;BOMBARDIER CRJ-1000;Chubascos dispersos;14/04/18
VLG2021;GRX;BCN;AIRBUS A320;Chubascos dispersos;14/04/18
AEA5200;GRX;PMI;EMBRAER ERJ-195;Chubascos dispersos;14/04/18
IBE8645;GRX;MAD;BOMBARDIER CRJ-1000;Chubascos dispersos;14/04/18
RYR9156;SDR;CIA;BOEING 737-800 WINGLETS;Lluvia;13/04/18
IBE0557;SDR;MAD;AIRBUS A319;Lluvia;13/04/18
VLG1591;SDR;BCN;AIRBUS A320;Lluvia;13/04/18
RYR1353;SDR;RAK;BOEING 737-800 WINGLETS;Lluvia;13/04/18
RYR6058;SDR;CRL;BOEING 737-800 WINGLETS;Lluvia;13/04/18
IBE0559;SDR;MAD;AIRBUS A319;Lluvia;13/04/18
RYR2613;SDR;STN;BOEING 737-800 WINGLETS;Lluvia;13/04/18
IBE8861;SDR;MAD;BOMBARDIER CRJ-1000;Lluvia;14/04/18
RYR6385;SDR;BCN;BOEING 737-800 WINGLETS;Lluvia;14/04/18
IBE0555;SDR;MAD;AIRBUS A319;Lluvia;14/04/18
RYR4793;SDR;BGY;BOEING 737-800 WINGLETS;Lluvia;14/04/18
RYR2594;SDR;AGP;BOEING 737-800 WINGLETS;Lluvia;14/04/18
IBE0533;VGO;MAD;AIRBUS A319;Chubascos dispersos;13/04/18
IBS9527;VGO;PMI;AIRBUS A320;Chubascos dispersos;13/04/18
TAP1141;VGO;LIS;ATR-42/72;Chubascos dispersos;13/04/18
AEA7317;VGO;MAD;EMBRAER ERJ-195;Chubascos dispersos;13/04/18
IBE0535;VGO;MAD;AIRBUS A319;Chubascos dispersos;13/04/18
RYR246;VGO;BCN;BOEING 737-800 WINGLETS;Chubascos dispersos;13/04/18
AEA2728;VGO;BCN;BOEING 737-800 WINGLETS;Chubascos dispersos;13/04/18
AEA7319;VGO;MAD;EMBRAER ERJ-195;Chubascos dispersos;13/04/18
RYR244;VGO;BLQ;BOEING 737-800 WINGLETS;Chubascos dispersos;13/04/18
VLG1705;VGO;BCN;AIRBUS A320;Chubascos dispersos;13/04/18
IBE0537;VGO;MAD;AIRBUS A319;Chubascos dispersos;14/04/18
IBE8275;MLN;AGP;ATR-72;Chubascos dispersos;13/04/18
IBE8791;MLN;MAD;ATR-72;Chubascos dispersos;13/04/18
IBE8269;MLN;AGP;ATR-72;Chubascos dispersos;13/04/18
IBE8793;MLN;MAD;ATR-72;Chubascos dispersos;13/04/18
IBE8277;MLN;AGP;ATR-72;Chubascos dispersos;13/04/18
AEA5004;MLN;AGP;ATR-72;Chubascos dispersos;13/04/18
IBE8261;MLN;AGP;ATR-72;Chubascos dispersos;14/04/18
IBE8789;MLN;MAD;ATR-72;Chubascos dispersos;14/04/18
AEA5002;MLN;AGP;ATR-72;Chubascos dispersos;14/04/18
IBE8273;MLN;AGP;ATR-72;Chubascos dispersos;14/04/18
IBE8263;MLN;AGP;ATR-72;Chubascos dispersos;14/04/18
IBE8269;MLN;AGP;ATR-72;Chubascos dispersos;14/04/18
IBE8577;LEI;MAD;BOMBARDIER CRJ-1000;Chubascos dispersos;13/04/18
IBE8589;LEI;MAD;CANADAIR CRJ-200;Chubascos dispersos;13/04/18
IBE8601;LEI;MAD;BOMBARDIER CRJ-1000;Chubascos dispersos;13/04/18
GMI2381;LEI;DUS;BOEING 737-700 WINGLETS;Chubascos dispersos;13/04/18
RYR1259;LEI;CRL;BOEING 737-800 WINGLETS;Chubascos dispersos;13/04/18
IBE8932;LEI;SVQ;CANADAIR CRJ-200;Chubascos dispersos;13/04/18
IBE8930;LEI;SVQ;CANADAIR CRJ-200;Chubascos dispersos;14/04/18
IBE8603;LEI;MAD;BOMBARDIER CRJ-1000;Chubascos dispersos;14/04/18
LGL694;LEI;LUX;BOEING 737-800 WINGLETS;Chubascos dispersos;14/04/18
JAF6944;LEI;BRU;EMBRAER 190;Chubascos dispersos;14/04/18
IBE8595;LEI;MAD;CANADAIR CRJ-900;Chubascos dispersos;14/04/18
EZY8164;LEI;LGW;AIRBUS A320;Chubascos dispersos;14/04/18
VLG1252;LEI;BCN;AIRBUS A320;Chubascos dispersos;14/04/18
IBE8577;LEI;MAD;CANADAIR CRJ-200;Chubascos dispersos;14/04/18
VLG3154;XRY;PMI;AIRBUS A320;Chubascos dispersos;13/04/18
IBE0411;XRY;MAD;AIRBUS A319;Chubascos dispersos;13/04/18
SXD4482;XRY;NUE;BOEING 737-800 WINGLETS;Chubascos dispersos;13/04/18
LLX5281;XRY;NUE;AIRBUS A320;Chubascos dispersos;13/04/18
EWG9571;XRY;DUS;32A;Chubascos dispersos;13/04/18
VLG2287;XRY;BCN;32A;Chubascos dispersos;13/04/18
RYR1284;XRY;BCN;BOEING 737-800 WINGLETS;Chubascos dispersos;13/04/18
IBE0405;XRY;MAD;AIRBUS A319;Chubascos dispersos;13/04/18
IBE0407;XRY;MAD;AIRBUS A320;Chubascos dispersos;14/04/18
LGL688;XRY;LUX;BOEING 737-700 WINGLETS;Chubascos dispersos;14/04/18
DE1723;XRY;MUC;AIRBUS A320;Chubascos dispersos;14/04/18
DE1565;XRY;HAM;AIRBUS A320;Chubascos dispersos;14/04/18
IBE0411;XRY;MAD;32A;Chubascos dispersos;14/04/18
VLG2615;XRY;BIO;AIRBUS A320;Chubascos dispersos;14/04/18
VLG2287;XRY;BCN;AIRBUS A320;Chubascos dispersos;14/04/18
EZY8552;MJV;LGW;AIRBUS A320;Nubosidad variable;13/04/18
RYR7843;MJV;PIK;BOEING 737-800 WINGLETS;Nubosidad variable;13/04/18
EXS524;MJV;NCL;BOEING 737-300 WINGLETS;Nubosidad variable;13/04/18
EXS822;MJV;EDI;BOEING 737-300 WINGLETS;Nubosidad variable;13/04/18
JAF5902;MJV;CRL;BOEING 737-800 WINGLETS;Nubosidad variable;13/04/18
EXS864;MJV;MAN;BOEING 737-800 WINGLETS;Nubosidad variable;13/04/18
RYR8027;MJV;STN;BOEING 737-800 WINGLETS;Nubosidad variable;13/04/18
RYR2323;MJV;LBA;BOEING 737-800 WINGLETS;Nubosidad variable;13/04/18
RYR4117;MJV;MAN;BOEING 737-800 WINGLETS;Nubosidad variable;13/04/18
RYR3453;MJV;LTN;BOEING 737-800 WINGLETS;Nubosidad variable;13/04/18
RYR7095;MJV;DUB;BOEING 737-800 WINGLETS;Nubosidad variable;13/04/18
EZY8554;MJV;LGW;AIRBUS A320;Nubosidad variable;13/04/18
JAF6902;MJV;ANR;EMBRAER 190;Nubosidad variable;14/04/18
RYR2155;MJV;BHX;BOEING 737-800 WINGLETS;Nubosidad variable;14/04/18
EZY8550;MJV;LGW;AIRBUS A319;Nubosidad variable;14/04/18
EZY6014;MJV;BRS;AIRBUS A319;Nubosidad variable;14/04/18
RYR1925;MJV;EMA;BOEING 737-800 WINGLETS;Nubosidad variable;14/04/18
TAP1097;VLC;LIS;ATR-42/72;Nubosidad variable;13/04/18
VLG3969;VLC;BIO;32A;Nubosidad variable;13/04/18
AFL2503;VLC;SVO;32A;Nubosidad variable;13/04/18
IBE8981;VLC;MAD;CANADAIR CRJ-200;Nubosidad variable;13/04/18
AVA6176;VLC;MAD;CANADAIR CRJ-200;Nubosidad variable;13/04/18
RYR7677;VLC;CIA;BOEING 737-800 WINGLETS;Nubosidad variable;13/04/18
IBE8634;VLC;PMI;BOMBARDIER CRJ-1000;Nubosidad variable;13/04/18
RYR1445;VLC;MXP;BOEING 737-800 WINGLETS;Nubosidad variable;13/04/18
RYR2207;VLC;SVQ;BOEING 737-800 WINGLETS;Nubosidad variable;13/04/18
SWR2143;VLC;ZRH;AIRBUS A321;Nubosidad variable;13/04/18
VLG3965;VLC;SVQ;AIRBUS A320;Nubosidad variable;13/04/18
EWG9539;VLC;DUS;32A;Nubosidad variable;13/04/18
RYR6422;VLC;BLQ;BOEING 737-800 WINGLETS;Nubosidad variable;13/04/18
IBE8846;VLC;SVQ;CANADAIR CRJ-900;Nubosidad variable;13/04/18
RYR4441;VLC;BRS;BOEING 737-800 WINGLETS;Nubosidad variable;13/04/18
TVF3175;VLC;ORY;BOEING 737-800 WINGLETS;Nubosidad variable;13/04/18
RYR7401;VLC;MAH;BOEING 737-800 WINGLETS;Nubosidad variable;13/04/18
WZZ3568;VLC;TSR;AIRBUS A320;Nubosidad variable;13/04/18
TRA6332;VLC;AMS;Sin especificar;Nubosidad variable;13/04/18
JTG632;ACE;BLL;BOEING 737-700 WINGLETS;Nubosidad variable;13/04/18
EIN777;ACE;DUB;AIRBUS A320;Nubosidad variable;13/04/18
IBB471;ACE;TFN;ATR-72;Nubosidad variable;13/04/18
TCX1723;ACE;MAN;32B;Nubosidad variable;13/04/18
NVR158;ACE;OSL;32B;Nubosidad variable;13/04/18
IBB507;ACE;LPA;ATR-72;Nubosidad variable;13/04/18
LLX5052;LPA;ACE;AIRBUS A321;Nubosidad variable;13/04/18
IBS3857;ACE;MAD;AIRBUS A320;Nubosidad variable;13/04/18
CNF730;ACE;LPA;ATR-42/72;Nubosidad variable;13/04/18
JTG218;ACE;CPH;BOEING 737-800 WINGLETS;Nubosidad variable;13/04/18
BLX660;ACE;HEL;BOEING 737-800 WINGLETS;Nubosidad variable;13/04/18
IBB455;ACE;TFN;ATR-42/72;Nubosidad variable;13/04/18
BLX272;ACE;MMX;BOEING 737-800 WINGLETS;Nubosidad variable;13/04/18
BLX284;ACE;GOT;BOEING 737-800 WINGLETS;Nubosidad variable;13/04/18
BLX276;ACE;ARN;7M8;Nubosidad variable;13/04/18
DK1105;ACE;CPH;32B;Nubosidad variable;13/04/18
IBB511;ACE;LPA;ATR-42/72;Nubosidad variable;13/04/18
BLX638;ACE;OSL;BOEING 737-800 WINGLETS;Nubosidad variable;13/04/18
EXS1402;ACE;STN;BOEING 737-800 WINGLETS;Nubosidad variable;13/04/18
LLX5052;LPA;ACE;AIRBUS A321;Nubosidad variable;13/04/18
SDR3891;LPA;TXL;AIRBUS A320;Nubosidad variable;13/04/18
IBB6102;LPA;EUN;ATR-72;Nubosidad variable;13/04/18
IBB222;LPA;FUE;ATR-72;Nubosidad variable;13/04/18
LAV5282;LPA;PMI;BOEING 737-400;Nubosidad variable;13/04/18
IBK5958;LPA;CGN;BOEING 737-800 WINGLETS;Nubosidad variable;13/04/18
CNF729;LPA;ACE;ATR-72;Nubosidad variable;13/04/18
VLG3069;LPA;AGP;AIRBUS A320;Nubosidad variable;13/04/18
IBB145;LPA;TFN;ATR-72;Nubosidad variable;13/04/18
SDR3653;LPA;HAM;AIRBUS A320;Nubosidad variable;13/04/18
IBB514;LPA;ACE;ATR-72;Nubosidad variable;13/04/18
DK1521;LPA;BGO;32B;Nubosidad variable;13/04/18
AEA9417;LPA;TFN;ATR-72;Nubosidad variable;13/04/18
JTG738;LPA;SDL;BOEING 737-700 WINGLETS;Nubosidad variable;13/04/18
SXD4510;LPA;DUS;BOEING 737-800;Nubosidad variable;13/04/18
DK1159;LPA;CPH;32B;Nubosidad variable;13/04/18
IBB212;LPA;FUE;ATR-72;Nubosidad variable;13/04/18
TAP1119;LPA;LIS;EMBRAER 190;Nubosidad variable;13/04/18
JTG724;LPA;NRK;BOEING 737-800 WINGLETS;Nubosidad variable;13/04/18
DK1733;LPA;ARN;AIRBUS A330-300;Nubosidad variable;13/04/18
IBB147;LPA;TFN;BOMBARDIER CRJ-1000;Nubosidad variable;13/04/18
IBS3823;LPA;MAD;AIRBUS A321;Nubosidad variable;13/04/18
IBE0475;OVD;MAD;AIRBUS A321;Lluvia;13/04/18
VLG1628;OVD;AGP;AIRBUS A320;Lluvia;13/04/18
VLG7314;OVD;LGW;AIRBUS A320;Lluvia;13/04/18
IBS3983;OVD;MAD;AIRBUS A320;Lluvia;13/04/18
VOE3925;OVD;AGP;BOEING 717;Lluvia;13/04/18
IBE0487;OVD;MAD;AIRBUS A319;Lluvia;13/04/18
EZY3084;OVD;STN;AIRBUS A319;Lluvia;13/04/18
VLG1578;OVD;BCN;AIRBUS A320;Lluvia;13/04/18
VOE3831;OVD;SVQ;BOEING 717;Lluvia;13/04/18
TAP1113;OVD;LIS;ATR-72;Lluvia;13/04/18
IBE0481;OVD;MAD;AIRBUS A321;Lluvia;13/04/18
VLG1572;OVD;BCN;AIRBUS A320;Lluvia;14/04/18
VOE3590;OVD;PMI;BOEING 717;Lluvia;14/04/18
VLG1574;OVD;BCN;AIRBUS A320;Lluvia;14/04/18
IBE0479;OVD;MAD;AIRBUS A320;Lluvia;14/04/18
IBE0475;OVD;MAD;AIRBUS A320;Lluvia;14/04/18
IBE8957;MAH;MAD;BOMBARDIER CRJ-1000;Lluvia débil;13/04/18
IBE8491;MAH;PMI;CANADAIR CRJ-900;Lluvia débil;13/04/18
IBE8499;MAH;PMI;ATR-42/72;Lluvia débil;13/04/18
RYR7402;MAH;VLC;BOEING 737-800 WINGLETS;Lluvia débil;13/04/18
AEA4530;MAH;PMI;ATR-72;Lluvia débil;13/04/18
IBE8493;MAH;PMI;ATR-42/72;Lluvia débil;13/04/18
RYR6882;MAH;BCN;BOEING 737-800 WINGLETS;Lluvia débil;13/04/18
IBE8027;MAH;MAD;BOMBARDIER CRJ-1000;Lluvia débil;13/04/18
VLG3701;MAH;BCN;32A;Lluvia débil;13/04/18
IBE8487;MAH;PMI;ATR-42/72;Lluvia débil;13/04/18
RYR2076;MAH;EMA;BOEING 737-800 WINGLETS;Lluvia débil;13/04/18
VLG3719;MAH;BCN;32B;Lluvia débil;13/04/18
IBE8481;MAH;PMI;CANADAIR CRJ-900;Lluvia débil;14/04/18
IBE8951;MAH;MAD;BOMBARDIER CRJ-1000;Lluvia débil;14/04/18
AAL8615;MAH;MAD;BOMBARDIER CRJ-1000;Lluvia débil;14/04/18
IBE8495;MAH;PMI;ATR-72;Lluvia débil;14/04/18
VLG3713;MAH;BCN;AIRBUS A320;Lluvia débil;14/04/18
IBE8483;MAH;PMI;BOMBARDIER CRJ-1000;Lluvia débil;14/04/18
VLG3715;MAH;BCN;AIRBUS A320;Lluvia débil;14/04/18
AEA9402;TFN;LPA;ATR-72;Nubosidad variable;13/04/18
IBB416;TFN;FUE;ATR-42/72;Nubosidad variable;13/04/18
IBB454;TFN;ACE;ATR-42/72;Nubosidad variable;13/04/18
IBB134;TFN;LPA;ATR-42/72;Nubosidad variable;13/04/18
IBB621;TFN;SPC;ATR-42/72;Nubosidad variable;13/04/18
IBB116;TFN;LPA;ATR-72;Nubosidad variable;13/04/18
IBS3937;TFN;MAD;AIRBUS A320;Nubosidad variable;13/04/18
IBB629;TFN;SPC;ATR-42/72;Nubosidad variable;13/04/18
IBB158;TFN;LPA;ATR-42/72;Nubosidad variable;13/04/18
IBB663;TFN;VDE;ATR-72;Nubosidad variable;13/04/18
AEA2682;TFN;BCN;BOEING 737-800 WINGLETS;Nubosidad variable;13/04/18
VLG3255;TFN;SVQ;AIRBUS A320;Nubosidad variable;13/04/18
CNF452;TFN;SPC;ATR-72;Nubosidad variable;13/04/18
AEA9418;TFN;LPA;ATR-72;Nubosidad variable;13/04/18
IBB148;TFN;LPA;ATR-72;Nubosidad variable;13/04/18
AEA9049;TFN;MAD;BOEING 737-800 WINGLETS;Nubosidad variable;13/04/18
IBB160;TFN;LPA;BOMBARDIER CRJ-1000;Nubosidad variable;13/04/18
IBB631;TFN;SPC;ATR-42/72;Nubosidad variable;13/04/18
VLG3217;TFN;BCN;32B;Nubosidad variable;13/04/18
IBE0447;BIO;MAD;AIRBUS A320;Lluvia moderada;13/04/18
VLG2510;BIO;SVQ;AIRBUS A320;Lluvia moderada;13/04/18
VLG1429;BIO;BCN;AIRBUS A320;Lluvia moderada;13/04/18
VOE3528;BIO;SVQ;BOEING 717;Lluvia moderada;13/04/18
BEL3714;BIO;BRU;AIRBUS A319;Lluvia moderada;13/04/18
DLH1143;BIO;FRA;AIRBUS A319;Lluvia moderada;13/04/18
IBE0439;BIO;MAD;32A;Lluvia moderada;13/04/18
VLG2700;BIO;LIS;32A;Lluvia moderada;13/04/18
EWG9519;BIO;DUS;32A;Lluvia moderada;13/04/18
DLH1893;BIO;MUC;AIRBUS A319;Lluvia moderada;13/04/18
VLG1466;BIO;ORY;32A;Lluvia moderada;13/04/18
VLG1435;BIO;BCN;AIRBUS A320;Lluvia moderada;13/04/18
AEA7154;BIO;MAD;EMBRAER ERJ-195;Lluvia moderada;13/04/18
KLM1688;BIO;AMS;BOEING 737-700 WINGLETS;Lluvia moderada;13/04/18
RYR9803;GRO;STN;BOEING 737-800 WINGLETS;Lluvia;13/04/18
RYR9211;GRO;FKB;BOEING 737-800 WINGLETS;Lluvia;13/04/18
RYR9911;GRO;BOH;BOEING 737-800 WINGLETS;Lluvia;13/04/18
RYR3769;GRO;LTN;BOEING 737-800 WINGLETS;Lluvia;13/04/18
RYR8047;GRO;BHX;BOEING 737-800 WINGLETS;Lluvia;13/04/18
RYR7038;GRO;CAG;BOEING 737-800 WINGLETS;Lluvia;13/04/18
RYR6924;GRO;RBA;BOEING 737-800 WINGLETS;Lluvia;13/04/18
RYR4275;GRO;FRA;BOEING 737-800 WINGLETS;Lluvia;13/04/18
ANE2034;GRO;SVQ;BOMBARDIER CRJ-1000;Lluvia;14/04/18
RYR9123;GRO;EIN;BOEING 737-800 WINGLETS;Lluvia;14/04/18
RYR3213;GRO;MAN;BOEING 737-800 WINGLETS;Lluvia;14/04/18
RYR2344;GRO;NCL;BOEING 737-800 WINGLETS;Lluvia;14/04/18
RYR9803;GRO;STN;BOEING 737-800 WINGLETS;Lluvia;14/04/18
RYR4125;GRO;HHN;BOEING 737-800 WINGLETS;Lluvia;14/04/18
RYR6391;GRO;NRN;BOEING 737-800 WINGLETS;Lluvia;14/04/18
RYR9241;GRO;PSA;BOEING 737-800 WINGLETS;Lluvia;14/04/18
RYR9107;GRO;BVA;BOEING 737-800 WINGLETS;Lluvia;14/04/18
RYR6901;GRO;CRL;BOEING 737-800 WINGLETS;Lluvia;14/04/18
RYR9012;GRO;MLA;BOEING 737-800 WINGLETS;Lluvia;14/04/18
RYR6911;GRO;MST;BOEING 737-800 WINGLETS;Lluvia;14/04/18
VLG2435;BCN;LIL;AIRBUS A320;Lluvia;13/04/18
EZS1412;BCN;GVA;AIRBUS A320;Lluvia;13/04/18
VLG1579;BCN;OVD;AIRBUS A320;Lluvia;13/04/18
IBE1301;BCN;MAD;AIRBUS A319;Lluvia;13/04/18
VLG9751;BCN;MAD;AIRBUS A319;Lluvia;13/04/18
AVA6000;BCN;MAD;AIRBUS A319;Lluvia;13/04/18
IBE1301S;BCN;MAD;AIRBUS A319;Lluvia;13/04/18
EXS232;BCN;LBA;BOEING 737-800 WINGLETS;Lluvia;13/04/18
EZY3920;BCN;CDG;AIRBUS A320;Lluvia;13/04/18
NAX1741;BCN;OSL;BOEING 737-800 WINGLETS;Lluvia;13/04/18
NAX4254;BCN;ARN;BOEING 737-800 WINGLETS;Lluvia;13/04/18
VLG1814;BCN;MUC;32A;Lluvia;13/04/18
THY1836;BCN;SAW;BOEING 737-800 WINGLETS;Lluvia;13/04/18
LOT438;BCN;WAW;BOEING 737-800 WINGLETS;Lluvia;13/04/18
KLM1670;BCN;AMS;BOEING 737-800 WINGLETS;Lluvia;13/04/18
RYR6973;BCN;FCO;BOEING 737-800 WINGLETS;Lluvia;13/04/18
VLG1872;BCN;CPH;32B;Lluvia;13/04/18
RYR9387;BCN;EMA;BOEING 737-800 WINGLETS;Lluvia;13/04/18
IBE8316;MAD;EAS;ATR-72;Chubascos dispersos;13/04/18
IBE8322;MAD;EAS;ATR-72;Chubascos dispersos;13/04/18
IBE8318;MAD;EAS;ATR-72;Chubascos dispersos;13/04/18
VLG2488;BCN;EAS;AIRBUS A319;Lluvia;13/04/18
IBE8326;MAD;EAS;ATR-72;Chubascos dispersos;13/04/18
IBE8324;MAD;EAS;ATR-72;Chubascos dispersos;13/04/18
VLG2486;BCN;EAS;AIRBUS A319;Lluvia;14/04/18
IBE0512;MAD;LCG;AIRBUS A320;Chubascos dispersos;13/04/18
VLG1299;SVQ;LCG;AIRBUS A320;Chubascos dispersos;13/04/18
AEA7235;MAD;LCG;EMBRAER ERJ-195;Chubascos dispersos;13/04/18
IBE0524;MAD;LCG;AIRBUS A320;Chubascos dispersos;13/04/18
VLG1294;BCN;LCG;32A;Lluvia;13/04/18
VLG1275;VLC;LCG;32A;Nubosidad variable;13/04/18
AEA7237;MAD;LCG;EMBRAER ERJ-195;Chubascos dispersos;13/04/18
IBE0522;MAD;LCG;AIRBUS A320;Chubascos dispersos;13/04/18
VLG1290;BCN;LCG;AIRBUS A320;Lluvia;13/04/18
TOM6545;TFS;BOH;BOEING 737-800 WINGLETS;Nubosidad variable;13/04/18
TUI2969;TFS;TXL;BOEING 737-700 WINGLETS;Nubosidad variable;13/04/18
EZY1908;TFS;MAN;32A;Nubosidad variable;13/04/18
EZY6950;TFS;EDI;32A;Nubosidad variable;13/04/18
VLG6598;TFS;ZRH;32A;Nubosidad variable;13/04/18
TOM6585;TFS;EXT;BOEING 737-800 WINGLETS;Nubosidad variable;13/04/18
TCX1505;TFS;GLA;AIRBUS A321;Nubosidad variable;13/04/18
EZY8704;TFS;LGW;32A;Nubosidad variable;13/04/18
TOM5553;TFS;STN;BOEING 737-800 WINGLETS;Nubosidad variable;13/04/18
TCX1067;TFS;STN;AIRBUS A321;Nubosidad variable;13/04/18
TCX1673;TFS;NCL;32B;Nubosidad variable;13/04/18
TCX1423;TFS;BRS;AIRBUS A321;Nubosidad variable;13/04/18
TCX1447;TFS;EMA;AIRBUS A321;Nubosidad variable;13/04/18
TOM5545;TFS;LTN;BOEING 737-800 WINGLETS;Nubosidad variable;13/04/18
GMI1145;TFS;JER;AIRBUS A319;Nubosidad variable;13/04/18
TOM7549;TFS;BHX;BOEING 757-200  WINGLETS;Nubosidad variable;13/04/18
TOM2571;TFS;MAN;BOEING 757-200  WINGLETS;Nubosidad variable;13/04/18
TOM1581;TFS;DUB;BOEING 737-800 WINGLETS;Nubosidad variable;13/04/18
IBS3911;TFS;MAD;AIRBUS A320;Nubosidad variable;13/04/18
JAF5628;FUE;TLS;BOEING 737-800 WINGLETS;Nubosidad variable;13/04/18
SXD2826;FUE;FRA;BOEING 737-800 WINGLETS;Nubosidad variable;13/04/18
IBB207;FUE;LPA;ATR-42/72;Nubosidad variable;13/04/18
RYR5469;FUE;MAD;BOEING 737-800 WINGLETS;Nubosidad variable;13/04/18
AEA9434;FUE;LPA;ATR-72;Nubosidad variable;13/04/18
SXD2830;FUE;DUS;BOEING 737-800 WINGLETS;Nubosidad variable;13/04/18
ARZ8514;FUE;DUS;BOEING 757;Nubosidad variable;13/04/18
VLG3015;FUE;BCN;32A;Nubosidad variable;13/04/18
IBB223;FUE;LPA;ATR-42/72;Nubosidad variable;13/04/18
LLX5852;FUE;PAD;AIRBUS A320;Nubosidad variable;13/04/18
IBS3907;FUE;MAD;AIRBUS A320;Nubosidad variable;13/04/18
IBB417;FUE;TFN;ATR-42/72;Nubosidad variable;13/04/18
SXD2836;FUE;STR;BOEING 737-800 WINGLETS;Nubosidad variable;13/04/18
EXS1452;FUE;STN;BOEING 737-800 WINGLETS;Nubosidad variable;13/04/18
IBB213;FUE;LPA;ATR-42/72;Nubosidad variable;13/04/18
GMI4923;FUE;TXL;BOEING 737-700 WINGLETS;Nubosidad variable;13/04/18
TCX1725;FUE;MAN;AIRBUS A321;Nubosidad variable;13/04/18
EXS746;FUE;EDI;BOEING 737-800 WINGLETS;Nubosidad variable;13/04/18
IBB217;FUE;LPA;ATR-42/72;Nubosidad variable;13/04/18
IBB221;FUE;LPA;ATR-72;Nubosidad variable;13/04/18
RYR1191;SVQ;HAM;BOEING 737-800 WINGLETS;Chubascos dispersos;13/04/18
IBS3949;SVQ;MAD;AIRBUS A320;Chubascos dispersos;13/04/18
DLH1823;SVQ;MUC;AIRBUS A321;Chubascos dispersos;13/04/18
MYX8642;SVQ;CDG;AIRBUS A320;Chubascos dispersos;13/04/18
ANE2120;SVQ;LYS;BOMBARDIER CRJ-1000;Chubascos dispersos;13/04/18
RYR5286;SVQ;MRS;BOEING 737-800 WINGLETS;Chubascos dispersos;13/04/18
TAP1105;SVQ;LIS;BOEING 737-400;Chubascos dispersos;13/04/18
RYR1188;SVQ;FMM;BOEING 737-800 WINGLETS;Chubascos dispersos;13/04/18
VLG2221;SVQ;BCN;AIRBUS A320;Chubascos dispersos;13/04/18
VOE3529;SVQ;BIO;BOEING 717;Chubascos dispersos;13/04/18
RYR5272;SVQ;PMI;BOEING 737-800 WINGLETS;Chubascos dispersos;13/04/18
RYR2208;SVQ;VLC;BOEING 737-800 WINGLETS;Chubascos dispersos;13/04/18
EZY8176;SVQ;LGW;AIRBUS A319;Chubascos dispersos;13/04/18
VLG3964;SVQ;VLC;AIRBUS A320;Chubascos dispersos;13/04/18
RYR4371;SVQ;MAN;BOEING 737-800 WINGLETS;Chubascos dispersos;13/04/18
RYR8364;SVQ;STN;BOEING 737-800 WINGLETS;Chubascos dispersos;13/04/18
IBE8847;SVQ;VLC;CANADAIR CRJ-900;Chubascos dispersos;13/04/18
VLG8832;SVQ;CDG;AIRBUS A320;Chubascos dispersos;13/04/18
IBS3951;SVQ;MAD;AIRBUS A320;Chubascos dispersos;13/04/18
AEA7234;LCG;MAD;EMBRAER ERJ-195;Chubascos dispersos;13/04/18
IBE1201;BCN;MAD;AIRBUS A320;Lluvia;13/04/18
AEA9464;SPC;TFN;ATR-72;Nubosidad variable;13/04/18
IBB620;SPC;TFN;ATR-72;Nubosidad variable;13/04/18
IBB622;SPC;TFN;ATR-42/72;Nubosidad variable;13/04/18
IBS3843;SPC;MAD;AIRBUS A320;Nubosidad variable;13/04/18
IBB630;SPC;TFN;ATR-42/72;Nubosidad variable;13/04/18
CNF453;SPC;TFN;ATR-72;Nubosidad variable;13/04/18
IBB632;SPC;TFN;ATR-42/72;Nubosidad variable;13/04/18
AEA9466;SPC;TFN;ATR-72;Nubosidad variable;13/04/18
IBB634;SPC;TFN;ATR-42/72;Nubosidad variable;13/04/18
PRW254;SPC;JYV;BOEING 737-800;Nubosidad variable;13/04/18
IBB636;SPC;TFN;ATR-42/72;Nubosidad variable;13/04/18
IBB316;SPC;LPA;ATR-72;Nubosidad variable;13/04/18
AEA9480;SPC;TFN;ATR-72;Nubosidad variable;13/04/18
TRA5642;SPC;AMS;BOEING 737-700 WINGLETS;Nubosidad variable;13/04/18
IBB638;SPC;TFN;ATR-42/72;Nubosidad variable;13/04/18
IBB626;SPC;TFN;ATR-42/72;Nubosidad variable;13/04/18
IBB312;SPC;LPA;ATR-72;Nubosidad variable;13/04/18
IBB640;SPC;TFN;ATR-42/72;Nubosidad variable;13/04/18
CNF468;SPC;TFN;ATR-72;Nubosidad variable;13/04/18
AEA9468;SPC;TFN;ATR-72;Nubosidad variable;13/04/18
IBB642;SPC;TFN;ATR-72;Nubosidad variable;13/04/18
IBB318;SPC;LPA;BOMBARDIER CRJ-1000;Nubosidad variable;13/04/18
IBB604;SPC;TFN;ATR-42/72;Nubosidad variable;14/04/18
IBE8264;AGP;MLN;ATR-72;Tormentas localmente fuertes;13/04/18
IBE8790;MAD;MLN;ATR-72;Chubascos dispersos;13/04/18
IBE8276;AGP;MLN;ATR-72;Tormentas localmente fuertes;13/04/18
AEA5005;AGP;MLN;ATR-72;Tormentas localmente fuertes;13/04/18
IBE8270;AGP;MLN;ATR-72;Tormentas localmente fuertes;13/04/18
IBE8798;MAD;MLN;ATR-72;Chubascos dispersos;13/04/18
IBE8272;AGP;MLN;ATR-72;Tormentas localmente fuertes;13/04/18
AEA5001;AGP;MLN;ATR-72;Tormentas localmente fuertes;14/04/18
IBE8262;AGP;MLN;ATR-72;Tormentas localmente fuertes;14/04/18
IBE8792;MAD;MLN;ATR-72;Chubascos dispersos;14/04/18
IBE8268;AGP;MLN;ATR-72;Tormentas localmente fuertes;14/04/18
IBE8264;AGP;MLN;ATR-72;Tormentas localmente fuertes;14/04/18
THY1306;AGP;IST;AIRBUS A321;Tormentas localmente fuertes;13/04/18
BAW8488;AGP;LCY;EMBRAER 190;Tormentas localmente fuertes;13/04/18
EXS1406;AGP;STN;BOEING 737-800 WINGLETS;Tormentas localmente fuertes;13/04/18
RAM985;AGP;CMN;ATR-72;Tormentas localmente fuertes;13/04/18
RYR8146;AGP;IBZ;BOEING 737-800 WINGLETS;Tormentas localmente fuertes;13/04/18
VLG3148;AGP;PMI;AIRBUS A320;Tormentas localmente fuertes;13/04/18
VOE3842;AGP;BOD;AIRBUS A319;Tormentas localmente fuertes;13/04/18
AEA5404;AGP;TFN;BOEING 737-800 WINGLETS;Tormentas localmente fuertes;13/04/18
IBE8809;AGP;MAD;BOMBARDIER CRJ-1000;Tormentas localmente fuertes;13/04/18
RYR6387;AGP;BCN;BOEING 737-800 WINGLETS;Tormentas localmente fuertes;13/04/18
VLG8172;AGP;ORY;AIRBUS A320;Tormentas localmente fuertes;13/04/18
EXS606;AGP;EMA;BOEING 737-800 WINGLETS;Tormentas localmente fuertes;13/04/18
EXS858;AGP;EDI;BOEING 737-800 WINGLETS;Tormentas localmente fuertes;13/04/18
BAW2715;AGP;LGW;AIRBUS A319;Tormentas localmente fuertes;13/04/18
VLG2124;AGP;BCN;32B;Tormentas localmente fuertes;13/04/18
RYR4057;AGP;HAM;BOEING 737-800 WINGLETS;Tormentas localmente fuertes;13/04/18
IBK5052;AGP;ARN;BOEING 737-800 WINGLETS;Tormentas localmente fuertes;13/04/18
EXS134;AGP;GLA;BOEING 737-800 WINGLETS;Tormentas localmente fuertes;13/04/18
EXS186;AGP;LBA;BOEING 737-300 WINGLETS;Tormentas localmente fuertes;13/04/18
VLG3153;PMI;XRY;AIRBUS A320;Lluvia;13/04/18
VLG2286;BCN;XRY;32A;Lluvia;13/04/18
RYR1283;BCN;XRY;BOEING 737-800 WINGLETS;Lluvia;13/04/18
IBE0404;MAD;XRY;AIRBUS A319;Chubascos dispersos;13/04/18
IBE0406;MAD;XRY;AIRBUS A320;Chubascos dispersos;13/04/18
IBE0410;MAD;XRY;AIRBUS A319;Chubascos dispersos;14/04/18
VLG2614;BIO;XRY;AIRBUS A320;Lluvia moderada;14/04/18
VLG2286;BCN;XRY;AIRBUS A320;Lluvia;14/04/18
IBS9524;PMI;VGO;AIRBUS A320;Lluvia;13/04/18
AEA7300;MAD;VGO;EMBRAER ERJ-195;Chubascos dispersos;13/04/18
IBE0534;MAD;VGO;AIRBUS A319;Chubascos dispersos;13/04/18
RYR245;BCN;VGO;BOEING 737-800 WINGLETS;Lluvia;13/04/18
AEA2727;BCN;VGO;BOEING 737-800 WINGLETS;Lluvia;13/04/18
AEA7306;MAD;VGO;EMBRAER ERJ-195;Chubascos dispersos;13/04/18
VLG1704;BCN;VGO;AIRBUS A319;Lluvia;13/04/18
IBE8646;MAD;GRX;CANADAIR CRJ-900;Chubascos dispersos;13/04/18
IBE8642;MAD;GRX;BOMBARDIER CRJ-1000;Chubascos dispersos;13/04/18
VLG2014;BCN;GRX;AIRBUS A320;Lluvia;13/04/18
IBE8644;MAD;GRX;BOMBARDIER CRJ-1000;Chubascos dispersos;13/04/18
VLG2618;BIO;GRX;32A;Lluvia moderada;13/04/18
VLG2016;BCN;GRX;32B;Lluvia;13/04/18
IBE8648;MAD;GRX;CANADAIR CRJ-900;Chubascos dispersos;13/04/18
VLG2010;BCN;GRX;AIRBUS A321;Lluvia;14/04/18
IBE8640;MAD;GRX;BOMBARDIER CRJ-1000;Chubascos dispersos;14/04/18
VLG2020;BCN;GRX;AIRBUS A320;Lluvia;14/04/18
AEA5201;PMI;GRX;EMBRAER ERJ-195;Lluvia;14/04/18
IBE8646;MAD;GRX;BOMBARDIER CRJ-1000;Chubascos dispersos;14/04/18
AEA2687;BCN;IBZ;BOEING 737-800 WINGLETS;Lluvia;13/04/18
IBE8910;MAD;IBZ;BOMBARDIER CRJ-1000;Chubascos dispersos;13/04/18
IBE8108;PMI;IBZ;BOMBARDIER CRJ-1000;Despejado;17/04/18
VLG3510;BCN;IBZ;32A;Lluvia;13/04/18
AEA6025;MAD;IBZ;EMBRAER ERJ-195;Chubascos dispersos;13/04/18
AEA1706;PMI;IBZ;ATR-72;Lluvia;13/04/18
RYR2066;MAD;IBZ;BOEING 737-800 WINGLETS;Chubascos dispersos;13/04/18
RYR8146;AGP;IBZ;BOEING 737-800 WINGLETS;Tormentas localmente fuertes;13/04/18
RYR8841;BCN;IBZ;BOEING 737-800 WINGLETS;Lluvia;13/04/18
IBE8124;PMI;IBZ;BOMBARDIER CRJ-1000;Despejado;17/04/18
AEA2631;ZAZ;IBZ;BOEING 737-800 WINGLETS;Chubascos dispersos;13/04/18
IBS3874;MAD;SCQ;AIRBUS A320;Chubascos dispersos;13/04/18
RYR8538;ALC;SCQ;BOEING 737-800 WINGLETS;Nubosidad variable;13/04/18
EVE1119;ALC;SCQ;32A;Nubosidad variable;13/04/18
IBS3878;MAD;SCQ;AIRBUS A321;Chubascos dispersos;13/04/18
VLG1676;BCN;SCQ;AIRBUS A320;Lluvia;13/04/18
VLG1672;BCN;SCQ;AIRBUS A320;Lluvia;13/04/18
IBE8358;BIO;SCQ;CANADAIR CRJ-200;Lluvia moderada;13/04/18
VLG2655;AGP;SCQ;AIRBUS A320;Tormentas localmente fuertes;13/04/18
RYR5317;MAD;SCQ;BOEING 737-800 WINGLETS;Chubascos dispersos;13/04/18
RYR6381;BCN;SCQ;BOEING 737-800 WINGLETS;Lluvia;13/04/18
VLG1457;ALC;SCQ;32A;Nubosidad variable;13/04/18
IBS3894;MAD;SCQ;32A;Chubascos dispersos;13/04/18
VLG3945;PMI;BIO;32A;Lluvia;13/04/18
IBE0446;MAD;BIO;32A;Chubascos dispersos;13/04/18
VLG3969;VLC;BIO;32A;Nubosidad variable;13/04/18
VLG3261;TFN;BIO;AIRBUS A320;Nubosidad variable;13/04/18
AEA7153;MAD;BIO;EMBRAER ERJ-195;Chubascos dispersos;13/04/18
IBE8974;MAD;VLC;BOMBARDIER CRJ-1000;Chubascos dispersos;13/04/18
VLG3694;IBZ;VLC;AIRBUS A320;Nuboso a muy nuboso;13/04/18
VLG1274;LCG;VLC;32A;Chubascos dispersos;13/04/18
AEA4065;MAD;VLC;ATR-72;Chubascos dispersos;13/04/18
IBE0554;MAD;SDR;AIRBUS A319;Chubascos dispersos;13/04/18
IBE0556;MAD;SDR;AIRBUS A319;Chubascos dispersos;13/04/18
VLG1590;BCN;SDR;AIRBUS A320;Lluvia;13/04/18
IBE0558;MAD;SDR;AIRBUS A319;Chubascos dispersos;13/04/18
IBE8878;MAD;SDR;BOMBARDIER CRJ-1000;Chubascos dispersos;13/04/18
RYR6384;BCN;SDR;BOEING 737-800 WINGLETS;Lluvia;14/04/18
IBE0554;MAD;SDR;AIRBUS A319;Chubascos dispersos;14/04/18
RYR2593;AGP;SDR;BOEING 737-800 WINGLETS;Tormentas localmente fuertes;14/04/18
IBE8598;MAD;LEI;BOMBARDIER CRJ-1000;Chubascos dispersos;13/04/18
IBE8212;PMI;LEI;CANADAIR CRJ-200;Despejado;17/04/18
IBE8592;MAD;LEI;BOMBARDIER CRJ-1000;Chubascos dispersos;13/04/18
IBE8588;MAD;LEI;CANADAIR CRJ-200;Chubascos dispersos;13/04/18
IBE8933;SVQ;LEI;CANADAIR CRJ-200;Chubascos dispersos;13/04/18
IBE8600;MAD;LEI;BOMBARDIER CRJ-1000;Chubascos dispersos;13/04/18
IBE8594;MAD;LEI;CANADAIR CRJ-900;Chubascos dispersos;14/04/18
VLG1251;BCN;LEI;AIRBUS A320;Lluvia;14/04/18
IBE8598;MAD;LEI;CANADAIR CRJ-200;Chubascos dispersos;14/04/18
VLG1579;BCN;OVD;AIRBUS A320;Lluvia;13/04/18
IBS3980;MAD;OVD;AIRBUS A320;Chubascos dispersos;13/04/18
IBE0476;MAD;OVD;AIRBUS A319;Chubascos dispersos;13/04/18
VOE3924;AGP;OVD;BOEING 717;Tormentas localmente fuertes;13/04/18
IBE0480;MAD;OVD;AIRBUS A321;Chubascos dispersos;13/04/18
VOE3830;SVQ;OVD;BOEING 717;Chubascos dispersos;13/04/18
IBE0482;MAD;OVD;AIRBUS A320;Chubascos dispersos;13/04/18
VLG1571;BCN;OVD;AIRBUS A320;Lluvia;13/04/18
VLG1573;BCN;OVD;AIRBUS A320;Lluvia;14/04/18
IBE0488;MAD;OVD;AIRBUS A320;Chubascos dispersos;14/04/18
VLG1579;BCN;OVD;AIRBUS A320;Lluvia;14/04/18
IBE8498;PMI;MAH;ATR-42/72;Despejado;17/04/18
RYR7401;VLC;MAH;BOEING 737-800 WINGLETS;Nubosidad variable;13/04/18
AEA4531;PMI;MAH;ATR-72;Lluvia;13/04/18
IBE8490;PMI;MAH;ATR-42/72;Despejado;17/04/18
IBE8026;MAD;MAH;BOMBARDIER CRJ-1000;Chubascos dispersos;13/04/18
RYR6881;BCN;MAH;BOEING 737-800 WINGLETS;Lluvia;13/04/18
VLG3700;BCN;MAH;32A;Lluvia;13/04/18
IBE8492;PMI;MAH;ATR-42/72;Despejado;17/04/18
IBE8496;PMI;MAH;CANADAIR CRJ-900;Despejado;17/04/18
VLG3718;BCN;MAH;32B;Lluvia;13/04/18
IBE8954;MAD;MAH;BOMBARDIER CRJ-1000;Chubascos dispersos;13/04/18
IBE8494;PMI;MAH;ATR-72;Despejado;17/04/18
VLG3712;BCN;MAH;AIRBUS A320;Lluvia;14/04/18
IBE8480;PMI;MAH;BOMBARDIER CRJ-1000;Despejado;17/04/18
VLG3714;BCN;MAH;AIRBUS A320;Lluvia;14/04/18
RYR4029;ALC;FCO;BOEING 737-800 WINGLETS;Nubosidad variable;13/04/18
ANE8393;ALC;MAD;BOMBARDIER CRJ-1000;Nubosidad variable;13/04/18
AAL8549;ALC;MAD;BOMBARDIER CRJ-1000;Nubosidad variable;13/04/18
DAH2021;ALC;ORN;BOEING 737-800 WINGLETS;Nubosidad variable;13/04/18
RYR8538;ALC;SCQ;BOEING 737-800 WINGLETS;Nubosidad variable;13/04/18
EXS272;ALC;LBA;BOEING 757-200  WINGLETS;Nubosidad variable;13/04/18
EXS776;ALC;EDI;BOEING 737-800 WINGLETS;Nubosidad variable;13/04/18
RYR9871;ALC;KRK;BOEING 737-800 WINGLETS;Nubosidad variable;13/04/18
EXS880;ALC;MAN;BOEING 757-200;Nubosidad variable;13/04/18
RYR9078;ALC;LBA;BOEING 737-800 WINGLETS;Nubosidad variable;13/04/18
RYR7427;ALC;VST;BOEING 737-800 WINGLETS;Nubosidad variable;13/04/18
DAH2005;ALC;ALG;BOEING 737-600;Nubosidad variable;13/04/18
EZY6878;ALC;GLA;AIRBUS A319;Nubosidad variable;13/04/18
EXS642;ALC;EMA;BOEING 737-800 WINGLETS;Nubosidad variable;13/04/18
EXS584;ALC;NCL;BOEING 737-800 WINGLETS;Nubosidad variable;13/04/18
RYR7063;ALC;DUB;BOEING 737-800 WINGLETS;Nubosidad variable;13/04/18
ANE8607;ALC;PMI;CANADAIR CRJ-200;Nubosidad variable;13/04/18
SBI876;ALC;DME;AIRBUS A321;Nubosidad variable;13/04/18
RYR2714;ALC;LGW;BOEING 737-800 WINGLETS;Nubosidad variable;13/04/18
EVE1119;ALC;SCQ;32A;Nubosidad variable;13/04/18
EXS178;ALC;GLA;BOEING 737-800 WINGLETS;Nubosidad variable;13/04/18
TAP1123;ALC;LIS;ATR-42/72;Nubosidad variable;13/04/18
TRA6150;ALC;AMS;BOEING 737-800 WINGLETS;Nubosidad variable;13/04/18
VLG1200;MAD;BCN;AIRBUS A320;Chubascos dispersos;13/04/18
VLG1307;ALC;BCN;32A;Nubosidad variable;13/04/18
IBB662;VDE;TFN;ATR-42/72;Chubascos dispersos;13/04/18
IBB133;LPA;TFN;ATR-72;Nubosidad variable;13/04/18
AEA9464;SPC;TFN;ATR-72;Nubosidad variable;13/04/18
IBS3946;MAD;TFN;AIRBUS A320;Chubascos dispersos;13/04/18
IBB145;LPA;TFN;ATR-72;Nubosidad variable;13/04/18
IBB620;SPC;TFN;ATR-72;Nubosidad variable;13/04/18
AEA5106;SVQ;TFN;BOEING 737-800 WINGLETS;Chubascos dispersos;13/04/18
IBB471;ACE;TFN;ATR-72;Nubosidad variable;13/04/18
VLG3254;SVQ;TFN;AIRBUS A320;Chubascos dispersos;13/04/18
AEA9118;MAD;TFN;BOEING 737-800 WINGLETS;Chubascos dispersos;13/04/18
AEA9417;LPA;TFN;ATR-72;Nubosidad variable;13/04/18
VLG3216;BCN;TFN;32B;Lluvia;13/04/18
IBB147;LPA;TFN;BOMBARDIER CRJ-1000;Nubosidad variable;13/04/18
IBB622;SPC;TFN;ATR-42/72;Nubosidad variable;13/04/18
IBB417;FUE;TFN;ATR-42/72;Nubosidad variable;13/04/18
IBB455;ACE;TFN;ATR-42/72;Nubosidad variable;13/04/18
PVG5557;MAD;PMI;AIRBUS A320;Chubascos dispersos;13/04/18
AEA5200;GRX;PMI;EMBRAER ERJ-195;Chubascos dispersos;13/04/18
VLG3154;XRY;PMI;AIRBUS A320;Chubascos dispersos;13/04/18
VLG3932;GRX;PMI;32A;Chubascos dispersos;13/04/18
IBB470;TFN;ACE;ATR-72;Nubosidad variable;13/04/18
IBE2248;TFN;ACE;ATR-72;Despejado;17/04/18
LLX5052;LPA;ACE;AIRBUS A321;Nubosidad variable;13/04/18
IBB508;LPA;ACE;ATR-72;Nubosidad variable;13/04/18
IBS3856;MAD;ACE;AIRBUS A320;Chubascos dispersos;13/04/18
IBB454;TFN;ACE;ATR-42/72;Nubosidad variable;13/04/18
CNF729;LPA;ACE;ATR-72;Nubosidad variable;13/04/18
IBB514;LPA;ACE;ATR-72;Nubosidad variable;13/04/18
VLG2472;BCN;ACE;32B;Lluvia;13/04/18
VLG3068;AGP;LPA;AIRBUS A320;Tormentas localmente fuertes;13/04/18
IBB132;TFN;LPA;ATR-42/72;Nubosidad variable;13/04/18
CNF722;ACE;LPA;ATR-72;Nubosidad variable;13/04/18
CNF810;FUE;LPA;ATR-42/72;Nubosidad variable;13/04/18
AEA9402;TFN;LPA;ATR-72;Nubosidad variable;13/04/18
IBB513;ACE;LPA;ATR-42/72;Nubosidad variable;13/04/18
IBS3822;MAD;LPA;AIRBUS A320;Chubascos dispersos;13/04/18
IBB207;FUE;LPA;ATR-42/72;Nubosidad variable;13/04/18
IBB134;TFN;LPA;ATR-42/72;Nubosidad variable;13/04/18
VLG3274;BIO;LPA;AIRBUS A320;Lluvia moderada;13/04/18
AEA9434;FUE;LPA;ATR-72;Nubosidad variable;13/04/18
IBB116;TFN;LPA;ATR-72;Nubosidad variable;13/04/18
IBB619;TFN;SPC;ATR-72;Nubosidad variable;13/04/18
IBB621;TFN;SPC;ATR-42/72;Nubosidad variable;13/04/18
IBS3842;MAD;SPC;AIRBUS A320;Chubascos dispersos;13/04/18
IBB629;TFN;SPC;ATR-42/72;Nubosidad variable;13/04/18
CNF452;TFN;SPC;ATR-72;Nubosidad variable;13/04/18
IBB631;TFN;SPC;ATR-42/72;Nubosidad variable;13/04/18
IBE2228;TFN;SPC;ATR-42/72;Despejado;17/04/18
AEA9465;TFN;SPC;ATR-72;Nubosidad variable;13/04/18
IBB633;TFN;SPC;ATR-42/72;Nubosidad variable;13/04/18
IBB623;TFN;SPC;ATR-42/72;Nubosidad variable;13/04/18
AEA9479;TFN;SPC;ATR-72;Nubosidad variable;13/04/18
IBB315;LPA;SPC;ATR-72;Nubosidad variable;13/04/18
IBB637;TFN;SPC;ATR-42/72;Nubosidad variable;13/04/18
IBB625;TFN;SPC;ATR-42/72;Nubosidad variable;13/04/18
IBB639;TFN;SPC;ATR-42/72;Nubosidad variable;13/04/18
CNF467;TFN;SPC;ATR-72;Nubosidad variable;13/04/18
AEA9467;TFN;SPC;ATR-72;Nubosidad variable;13/04/18
IBB627;TFN;SPC;ATR-42/72;Nubosidad variable;13/04/18
IBB641;TFN;SPC;ATR-42/72;Nubosidad variable;13/04/18
IBB317;LPA;SPC;BOMBARDIER CRJ-1000;Nubosidad variable;13/04/18
IBB605;TFN;SPC;ATR-72;Nubosidad variable;14/04/18
AEA9433;LPA;FUE;ATR-72;Nubosidad variable;13/04/18
VLG3014;BCN;FUE;32A;Lluvia;13/04/18
IBB222;LPA;FUE;ATR-72;Nubosidad variable;13/04/18
IBS3906;MAD;FUE;AIRBUS A320;Chubascos dispersos;13/04/18
IBB416;TFN;FUE;ATR-42/72;Nubosidad variable;13/04/18
IBB212;LPA;FUE;ATR-72;Nubosidad variable;13/04/18
IBB216;LPA;FUE;ATR-72;Nubosidad variable;13/04/18
IBB214;LPA;FUE;ATR-72;Nubosidad variable;13/04/18
IBB420;TFN;FUE;ATR-42/72;Nubosidad variable;13/04/18
CNF849;LPA;FUE;ATR-72;Nubosidad variable;13/04/18
IBS3910;MAD;TFS;AIRBUS A320;Chubascos dispersos;13/04/18
IBK6361;BIO;TFS;BOEING 737-800 WINGLETS;Lluvia moderada;13/04/18
RYR6386;BCN;AGP;BOEING 737-800 WINGLETS;Lluvia;13/04/18
VLG2125;BCN;AGP;32B;Lluvia;13/04/18
IBE8275;MLN;AGP;ATR-72;Chubascos dispersos;13/04/18
VLG2510;BIO;SVQ;AIRBUS A320;Lluvia moderada;13/04/18
RYR3042;SCQ;SVQ;BOEING 737-800 WINGLETS;Chubascos dispersos;13/04/18
RYR5273;PMI;SVQ;BOEING 737-800 WINGLETS;Lluvia;13/04/18
VOE3528;BIO;SVQ;BOEING 717;Lluvia moderada;13/04/18
RYR2207;VLC;SVQ;BOEING 737-800 WINGLETS;Nubosidad variable;13/04/18
VLG3965;VLC;SVQ;AIRBUS A320;Nubosidad variable;13/04/18
IBE8846;VLC;SVQ;CANADAIR CRJ-900;Nubosidad variable;13/04/18
VLG1298;LCG;SVQ;AIRBUS A320;Chubascos dispersos;13/04/18
IBS3952;MAD;SVQ;32A;Chubascos dispersos;13/04/18
ANE2003;CDT;SVQ;BOMBARDIER CRJ-1000;Despejado;17/04/18
VLG3255;TFN;SVQ;AIRBUS A320;Nubosidad variable;13/04/18
VLG2214;BCN;SVQ;BOEING 737-800 WINGLETS;Lluvia;13/04/18
EVE1602;SCQ;SVQ;32A;Chubascos dispersos;13/04/18
AEA2748;VLC;SVQ;BOEING 737-800 WINGLETS;Nubosidad variable;13/04/18
ANE8392;MAD;ALC;BOMBARDIER CRJ-1000;Despejado;17/04/18
ANE8907;IBZ;ALC;CANADAIR CRJ-200;Despejado;17/04/18
EVE1120;SCQ;ALC;32A;Chubascos dispersos;13/04/18
IBE8221;RJL;MAD;CANADAIR CRJ-200;Lluvia;14/04/18
IBE8759;LEN;BCN;BOMBARDIER CRJ-1000;Lluvia;13/04/18
IBB652;GMZ;TFN;ATR-72;Chubascos dispersos;13/04/18
IBB650;GMZ;TFN;ATR-72;Chubascos dispersos;14/04/18
IBE8224;MAD;RJL;CANADAIR CRJ-200;Chubascos dispersos;13/04/18
RYR6321;VLL;BCN;BOEING 737-800 WINGLETS;Chubascos dispersos;13/04/18
VLG1585;VLL;BCN;32A;Chubascos dispersos;13/04/18
IBE8758;BCN;LEN;BOMBARDIER CRJ-1000;Despejado;17/04/18
RYR4421;VIT;CGN;BOEING 737-800 WINGLETS;Lluvia;13/04/18
RYR2036;VIT;SVQ;BOEING 737-800 WINGLETS;Lluvia;14/04/18
IBE8661;VIT;MAH;BOMBARDIER CRJ-1000;Lluvia;14/04/18
HTY110;JCU;AEI;AWH;Lluvia;13/04/18
HTY112;AEI;JCU;AWH;Tormentas localmente fuertes;13/04/18
HTY114;AEI;JCU;AWH;Tormentas localmente fuertes;13/04/18
HTY138;AEI;JCU;AWH;Tormentas localmente fuertes;13/04/18
AEA2631;ZAZ;IBZ;BOEING 737-800 WINGLETS;Chubascos dispersos;13/04/18
RYR4634;ZAZ;BGY;BOEING 737-800 WINGLETS;Chubascos dispersos;13/04/18
VLG3979;ZAZ;PMI;AIRBUS A320;Chubascos dispersos;13/04/18
RYR7235;ZAZ;BVA;BOEING 737-800 WINGLETS;Chubascos dispersos;14/04/18
RYR6320;BCN;VLL;BOEING 737-800 WINGLETS;Lluvia;13/04/18
VLG1584;BCN;VLL;32A;Lluvia;13/04/18
IBE8539;PNA;MAD;CANADAIR CRJ-200;Lluvia;13/04/18
KRP2860;PNA;LPA;FOKKER 100;Lluvia;13/04/18
IBE8525;PNA;MAD;BOMBARDIER CRJ-1000;Lluvia;13/04/18
IBE8531;PNA;MAD;BOMBARDIER CRJ-1000;Lluvia;13/04/18
IBE8529;PNA;MAD;BOMBARDIER CRJ-1000;Lluvia;14/04/18
IBB653;TFN;GMZ;ATR-42/72;Nubosidad variable;13/04/18
IBB651;TFN;GMZ;ATR-72;Nubosidad variable;14/04/18
RYR1115;REU;DUB;BOEING 737-800 WINGLETS;Lluvia;13/04/18
RYR2212;REU;EIN;BOEING 737-800 WINGLETS;Lluvia;13/04/18
RYR2212;REU;EIN;BOEING 737-800 WINGLETS;Lluvia;14/04/18
RYR1115;REU;DUB;BOEING 737-800 WINGLETS;Lluvia;14/04/18
RYR1865;REU;SNN;BOEING 737-800 WINGLETS;Lluvia;14/04/18
RYR3843;REU;STN;BOEING 737-800 WINGLETS;Lluvia;14/04/18
AEA1063;MAD;MXP;BOEING 737-800 WINGLETS;Chubascos dispersos;13/04/18
RYR5995;MAD;STN;BOEING 737-800 WINGLETS;Chubascos dispersos;13/04/18
AEA6067;MAD;PMI;BOEING 737-800 WINGLETS;Chubascos dispersos;13/04/18
AVA047;MAD;BOG;BOEING 787-8;Chubascos dispersos;13/04/18
RYR2063;MAD;PMI;BOEING 737-800 WINGLETS;Chubascos dispersos;13/04/18
AEA1029;MAD;ORY;BOEING 737-800 WINGLETS;Chubascos dispersos;13/04/18
AEA7235;MAD;LCG;EMBRAER ERJ-195;Chubascos dispersos;13/04/18
AFL2603;MAD;SVO;AIRBUS A321;Chubascos dispersos;13/04/18
HTY109;JCU;AEI;AWH;Lluvia;13/04/18
HTY111;JCU;AEI;AWH;Lluvia;13/04/18
HTY113;JCU;AEI;AWH;Lluvia;13/04/18
HTY137;JCU;AEI;AWH;Lluvia;13/04/18
RYR2035;SVQ;VIT;BOEING 737-800 WINGLETS;Chubascos dispersos;14/04/18
IBE8660;MAH;VIT;BOMBARDIER CRJ-1000;Lluvia débil;14/04/18
IBE8319;EAS;MAD;ATR-72;Lluvia;13/04/18
IBE8329;EAS;MAD;ATR-72;Lluvia;13/04/18
IBE8315;EAS;MAD;ATR-72;Lluvia;13/04/18
VLG2489;EAS;BCN;AIRBUS A319;Lluvia;13/04/18
IBE8323;EAS;MAD;ATR-72;Lluvia;13/04/18
IBE8317;EAS;MAD;ATR-72;Lluvia;14/04/18
VLG2487;EAS;BCN;AIRBUS A319;Lluvia;14/04/18
IBE8327;EAS;MAD;ATR-72;Lluvia;14/04/18
IBB664;VDE;TFN;ATR-72;Chubascos dispersos;13/04/18
IBB366;VDE;LPA;ATR-72;Chubascos dispersos;13/04/18
CNF248;VDE;TFN;ATR-72;Chubascos dispersos;13/04/18
IBB674;VDE;TFN;ATR-72;Chubascos dispersos;13/04/18
IBB656;VDE;TFN;ATR-72;Chubascos dispersos;14/04/18
IBB660;VDE;TFN;ATR-72;Chubascos dispersos;14/04/18
IBE8524;MAD;PNA;BOMBARDIER CRJ-1000;Chubascos dispersos;13/04/18
IBE8532;MAD;PNA;BOMBARDIER CRJ-1000;Chubascos dispersos;13/04/18
IBE8526;MAD;PNA;BOMBARDIER CRJ-1000;Chubascos dispersos;13/04/18
IBE0555;SDR;MAD;AIRBUS A319;Lluvia;13/04/18
RYR9156;SDR;CIA;BOEING 737-800 WINGLETS;Lluvia;13/04/18
IBE0557;SDR;MAD;AIRBUS A319;Lluvia;13/04/18
VLG1591;SDR;BCN;AIRBUS A320;Lluvia;13/04/18
RYR1353;SDR;RAK;BOEING 737-800 WINGLETS;Lluvia;13/04/18
RYR6058;SDR;CRL;BOEING 737-800 WINGLETS;Lluvia;13/04/18
IBE0559;SDR;MAD;AIRBUS A319;Lluvia;13/04/18
RYR2613;SDR;STN;BOEING 737-800 WINGLETS;Lluvia;13/04/18
IBE8861;SDR;MAD;BOMBARDIER CRJ-1000;Lluvia;14/04/18
RYR6385;SDR;BCN;BOEING 737-800 WINGLETS;Lluvia;14/04/18
IBE0555;SDR;MAD;AIRBUS A319;Lluvia;14/04/18
RYR4793;SDR;BGY;BOEING 737-800 WINGLETS;Lluvia;14/04/18
RYR2594;SDR;AGP;BOEING 737-800 WINGLETS;Lluvia;14/04/18
IBE8791;MLN;MAD;ATR-72;Chubascos dispersos;13/04/18
IBE8269;MLN;AGP;ATR-72;Chubascos dispersos;13/04/18
IBE8793;MLN;MAD;ATR-72;Chubascos dispersos;13/04/18
IBE8277;MLN;AGP;ATR-72;Chubascos dispersos;13/04/18
AEA5004;MLN;AGP;ATR-72;Chubascos dispersos;13/04/18
IBE8261;MLN;AGP;ATR-72;Chubascos dispersos;14/04/18
IBE8789;MLN;MAD;ATR-72;Chubascos dispersos;14/04/18
AEA5002;MLN;AGP;ATR-72;Chubascos dispersos;14/04/18
IBE8273;MLN;AGP;ATR-72;Chubascos dispersos;14/04/18
IBE8263;MLN;AGP;ATR-72;Chubascos dispersos;14/04/18
IBE8269;MLN;AGP;ATR-72;Chubascos dispersos;14/04/18
HTY109;JCU;AEI;AWH;Lluvia;13/04/18
HTY111;JCU;AEI;AWH;Lluvia;13/04/18
HTY113;JCU;AEI;AWH;Lluvia;13/04/18
HTY257;JCU;AGP;AWH;Lluvia;13/04/18
HTY137;JCU;AEI;AWH;Lluvia;13/04/18
AEA7315;VGO;MAD;EMBRAER ERJ-195;Chubascos dispersos;13/04/18
IBS9527;VGO;PMI;AIRBUS A320;Chubascos dispersos;13/04/18
TAP1141;VGO;LIS;ATR-42/72;Chubascos dispersos;13/04/18
AEA7317;VGO;MAD;EMBRAER ERJ-195;Chubascos dispersos;13/04/18
IBE0535;VGO;MAD;AIRBUS A319;Chubascos dispersos;13/04/18
RYR246;VGO;BCN;BOEING 737-800 WINGLETS;Chubascos dispersos;13/04/18
AEA2728;VGO;BCN;BOEING 737-800 WINGLETS;Chubascos dispersos;13/04/18
AEA7319;VGO;MAD;EMBRAER ERJ-195;Chubascos dispersos;13/04/18
RYR244;VGO;BLQ;BOEING 737-800 WINGLETS;Chubascos dispersos;13/04/18
VLG1705;VGO;BCN;AIRBUS A320;Chubascos dispersos;13/04/18
IBE0537;VGO;MAD;AIRBUS A319;Chubascos dispersos;14/04/18
AEA7311;VGO;MAD;EMBRAER ERJ-195;Chubascos dispersos;14/04/18
IBE8577;LEI;MAD;BOMBARDIER CRJ-1000;Chubascos dispersos;13/04/18
IBE8589;LEI;MAD;CANADAIR CRJ-200;Chubascos dispersos;13/04/18
IBE8601;LEI;MAD;BOMBARDIER CRJ-1000;Chubascos dispersos;13/04/18
GMI2381;LEI;DUS;BOEING 737-700 WINGLETS;Chubascos dispersos;13/04/18
RYR1259;LEI;CRL;BOEING 737-800 WINGLETS;Chubascos dispersos;13/04/18
IBE8932;LEI;SVQ;CANADAIR CRJ-200;Chubascos dispersos;13/04/18
IBE8930;LEI;SVQ;CANADAIR CRJ-200;Chubascos dispersos;14/04/18
IBE8603;LEI;MAD;BOMBARDIER CRJ-1000;Chubascos dispersos;14/04/18
LGL694;LEI;LUX;BOEING 737-800 WINGLETS;Chubascos dispersos;14/04/18
JAF6944;LEI;BRU;EMBRAER 190;Chubascos dispersos;14/04/18
IBE8595;LEI;MAD;CANADAIR CRJ-900;Chubascos dispersos;14/04/18
EZY8164;LEI;LGW;AIRBUS A320;Chubascos dispersos;14/04/18
VLG1252;LEI;BCN;AIRBUS A320;Chubascos dispersos;14/04/18
IBE8577;LEI;MAD;CANADAIR CRJ-200;Chubascos dispersos;14/04/18
VLG3154;XRY;PMI;AIRBUS A320;Chubascos dispersos;13/04/18
LLX5281;XRY;NUE;AIRBUS A320;Chubascos dispersos;13/04/18
EWG9571;XRY;DUS;32A;Chubascos dispersos;13/04/18
VLG2287;XRY;BCN;32A;Chubascos dispersos;13/04/18
RYR1284;XRY;BCN;BOEING 737-800 WINGLETS;Chubascos dispersos;13/04/18
IBE0405;XRY;MAD;AIRBUS A319;Chubascos dispersos;13/04/18
IBE0407;XRY;MAD;AIRBUS A320;Chubascos dispersos;14/04/18
LGL688;XRY;LUX;BOEING 737-700 WINGLETS;Chubascos dispersos;14/04/18
DE1723;XRY;MUC;AIRBUS A320;Chubascos dispersos;14/04/18
DE1565;XRY;HAM;AIRBUS A320;Chubascos dispersos;14/04/18
IBE0411;XRY;MAD;32A;Chubascos dispersos;14/04/18
VLG2615;XRY;BIO;AIRBUS A320;Chubascos dispersos;14/04/18
VLG2287;XRY;BCN;AIRBUS A320;Chubascos dispersos;14/04/18
IBE0513;LCG;MAD;AIRBUS A320;Chubascos dispersos;13/04/18
VLG1274;LCG;VLC;32A;Chubascos dispersos;13/04/18
VLG1298;LCG;SVQ;AIRBUS A320;Chubascos dispersos;13/04/18
AEA7236;LCG;MAD;EMBRAER ERJ-195;Chubascos dispersos;13/04/18
IBE0523;LCG;MAD;AIRBUS A320;Chubascos dispersos;13/04/18
VLG1295;LCG;BCN;32A;Chubascos dispersos;13/04/18
VLG7104;LCG;LHR;AIRBUS A320;Chubascos dispersos;13/04/18
LZF440;LCG;BIO;ATR 42-300/320;Chubascos dispersos;13/04/18
AEA7238;LCG;MAD;EMBRAER ERJ-195;Chubascos dispersos;13/04/18
IBE0521;LCG;MAD;AIRBUS A320;Chubascos dispersos;13/04/18
VLG1291;LCG;BCN;AIRBUS A320;Chubascos dispersos;13/04/18
AEA7232;LCG;MAD;EMBRAER ERJ-195;Chubascos dispersos;14/04/18
BAW3290;GRX;LCY;EMBRAER 190;Chubascos dispersos;13/04/18
IBE8645;GRX;MAD;CANADAIR CRJ-900;Chubascos dispersos;13/04/18
IBE8649;GRX;MAD;BOMBARDIER CRJ-1000;Chubascos dispersos;13/04/18
VLG2015;GRX;BCN;AIRBUS A320;Chubascos dispersos;13/04/18
IBE8643;GRX;MAD;BOMBARDIER CRJ-1000;Chubascos dispersos;13/04/18
VLG2619;GRX;BIO;32A;Chubascos dispersos;13/04/18
VLG2017;GRX;BCN;32B;Chubascos dispersos;13/04/18
IBE8639;GRX;MAD;CANADAIR CRJ-900;Chubascos dispersos;14/04/18
VLG2011;GRX;BCN;AIRBUS A320;Chubascos dispersos;14/04/18
IBE8641;GRX;MAD;BOMBARDIER CRJ-1000;Chubascos dispersos;14/04/18
VLG2021;GRX;BCN;AIRBUS A320;Chubascos dispersos;14/04/18
AEA5200;GRX;PMI;EMBRAER ERJ-195;Chubascos dispersos;14/04/18
IBE8645;GRX;MAD;BOMBARDIER CRJ-1000;Chubascos dispersos;14/04/18
AEA2057;BCN;MAD;AIRBUS A330-200;Lluvia;13/04/18
AEA7158;BIO;MAD;EMBRAER ERJ-195;Lluvia moderada;13/04/18
AEA7315;VGO;MAD;EMBRAER ERJ-195;Chubascos dispersos;13/04/18
IBE8498;PMI;MAH;ATR-42/72;Despejado;17/04/18
RYR7401;VLC;MAH;BOEING 737-800 WINGLETS;Nubosidad variable;13/04/18
AEA4531;PMI;MAH;ATR-72;Lluvia;13/04/18
IBE8490;PMI;MAH;ATR-42/72;Despejado;17/04/18
RYR6881;BCN;MAH;BOEING 737-800 WINGLETS;Lluvia;13/04/18
IBE8026;MAD;MAH;BOMBARDIER CRJ-1000;Chubascos dispersos;13/04/18
VLG3700;BCN;MAH;32A;Lluvia;13/04/18
IBE8492;PMI;MAH;ATR-42/72;Despejado;17/04/18
IBE8496;PMI;MAH;CANADAIR CRJ-900;Despejado;17/04/18
VLG3718;BCN;MAH;32B;Lluvia;13/04/18
IBE8954;MAD;MAH;BOMBARDIER CRJ-1000;Chubascos dispersos;13/04/18
IBE8494;PMI;MAH;ATR-72;Despejado;17/04/18
VLG3712;BCN;MAH;AIRBUS A320;Lluvia;14/04/18
IBE8480;PMI;MAH;BOMBARDIER CRJ-1000;Despejado;17/04/18
VLG3714;BCN;MAH;AIRBUS A320;Lluvia;14/04/18
AEA2632;IBZ;ZAZ;BOEING 737-800 WINGLETS;Nuboso a muy nuboso;13/04/18
RYR6703;IBZ;FCO;BOEING 737-800 WINGLETS;Nuboso a muy nuboso;13/04/18
IBE8911;IBZ;MAD;BOMBARDIER CRJ-1000;Nuboso a muy nuboso;13/04/18
VLG3511;IBZ;BCN;32A;Nuboso a muy nuboso;13/04/18
IBE8115;IBZ;PMI;BOMBARDIER CRJ-1000;Nuboso a muy nuboso;13/04/18
RYR2067;IBZ;MAD;BOEING 737-800 WINGLETS;Nuboso a muy nuboso;13/04/18
AEA6024;IBZ;MAD;EMBRAER ERJ-195;Nuboso a muy nuboso;13/04/18
VLG8181;IBZ;ORY;32B;Nuboso a muy nuboso;13/04/18
TVF3155;IBZ;ORY;BOEING 737-800 WINGLETS;Nuboso a muy nuboso;13/04/18
AEA1707;IBZ;PMI;ATR-72;Nuboso a muy nuboso;13/04/18
RYR8147;IBZ;AGP;BOEING 737-800 WINGLETS;Nuboso a muy nuboso;13/04/18
AWC8422;IBZ;MAN;BOEING 757-200;Nuboso a muy nuboso;13/04/18
RYR8842;IBZ;BCN;BOEING 737-800 WINGLETS;Nuboso a muy nuboso;13/04/18
IBE8125;IBZ;PMI;BOMBARDIER CRJ-1000;Nuboso a muy nuboso;13/04/18
RYR4922;IBZ;HHN;BOEING 737-800 WINGLETS;Nuboso a muy nuboso;13/04/18
AEA2676;IBZ;BIO;BOEING 737-800 WINGLETS;Nuboso a muy nuboso;13/04/18
IBE8316;MAD;EAS;ATR-72;Chubascos dispersos;13/04/18
IBE8322;MAD;EAS;ATR-72;Chubascos dispersos;13/04/18
IBE8318;MAD;EAS;ATR-72;Chubascos dispersos;13/04/18
VLG2488;BCN;EAS;AIRBUS A319;Lluvia;13/04/18
IBE8326;MAD;EAS;ATR-72;Chubascos dispersos;13/04/18
IBE8324;MAD;EAS;ATR-72;Chubascos dispersos;13/04/18
VLG2486;BCN;EAS;AIRBUS A319;Lluvia;14/04/18
RYR1191;SVQ;HAM;BOEING 737-800 WINGLETS;Chubascos dispersos;13/04/18
DLH1823;SVQ;MUC;AIRBUS A321;Chubascos dispersos;13/04/18
MYX8642;SVQ;CDG;AIRBUS A320;Chubascos dispersos;13/04/18
ANE2120;SVQ;LYS;BOMBARDIER CRJ-1000;Chubascos dispersos;13/04/18
RYR5286;SVQ;MRS;BOEING 737-800 WINGLETS;Chubascos dispersos;13/04/18
TAP1105;SVQ;LIS;BOEING 737-400;Chubascos dispersos;13/04/18
RYR1188;SVQ;FMM;BOEING 737-800 WINGLETS;Chubascos dispersos;13/04/18
VLG2221;SVQ;BCN;AIRBUS A320;Chubascos dispersos;13/04/18
VOE3529;SVQ;BIO;BOEING 717;Chubascos dispersos;13/04/18
RYR5272;SVQ;PMI;BOEING 737-800 WINGLETS;Chubascos dispersos;13/04/18
RYR2208;SVQ;VLC;BOEING 737-800 WINGLETS;Chubascos dispersos;13/04/18
EZY8176;SVQ;LGW;AIRBUS A319;Chubascos dispersos;13/04/18
VLG3964;SVQ;VLC;AIRBUS A320;Chubascos dispersos;13/04/18
RYR4371;SVQ;MAN;BOEING 737-800 WINGLETS;Chubascos dispersos;13/04/18
RYR8364;SVQ;STN;BOEING 737-800 WINGLETS;Chubascos dispersos;13/04/18
IBE8847;SVQ;VLC;CANADAIR CRJ-900;Chubascos dispersos;13/04/18
VLG8832;SVQ;CDG;AIRBUS A320;Chubascos dispersos;13/04/18
IBS3951;SVQ;MAD;AIRBUS A320;Chubascos dispersos;13/04/18
VLG3046;SVQ;LPA;AIRBUS A320;Chubascos dispersos;13/04/18
IBE0475;OVD;MAD;AIRBUS A321;Lluvia;13/04/18
VLG1628;OVD;AGP;AIRBUS A320;Lluvia;13/04/18
VLG7314;OVD;LGW;AIRBUS A320;Lluvia;13/04/18
IBS3983;OVD;MAD;AIRBUS A320;Lluvia;13/04/18
VOE3925;OVD;AGP;BOEING 717;Lluvia;13/04/18
IBE0487;OVD;MAD;AIRBUS A319;Lluvia;13/04/18
EZY3084;OVD;STN;AIRBUS A319;Lluvia;13/04/18
VLG1578;OVD;BCN;AIRBUS A320;Lluvia;13/04/18
VOE3831;OVD;SVQ;BOEING 717;Lluvia;13/04/18
TAP1113;OVD;LIS;ATR-72;Lluvia;13/04/18
IBE0481;OVD;MAD;AIRBUS A321;Lluvia;13/04/18
VLG1572;OVD;BCN;AIRBUS A320;Lluvia;14/04/18
VOE3590;OVD;PMI;BOEING 717;Lluvia;14/04/18
VLG1574;OVD;BCN;AIRBUS A320;Lluvia;14/04/18
IBE0479;OVD;MAD;AIRBUS A320;Lluvia;14/04/18
IBE0475;OVD;MAD;AIRBUS A320;Lluvia;14/04/18
VOE3528;BIO;SVQ;BOEING 717;Lluvia moderada;13/04/18
BEL3714;BIO;BRU;AIRBUS A319;Lluvia moderada;13/04/18
DLH1143;BIO;FRA;AIRBUS A319;Lluvia moderada;13/04/18
IBE0439;BIO;MAD;32A;Lluvia moderada;13/04/18
VLG2700;BIO;LIS;32A;Lluvia moderada;13/04/18
EWG9519;BIO;DUS;32A;Lluvia moderada;13/04/18
DLH1893;BIO;MUC;AIRBUS A319;Lluvia moderada;13/04/18
VLG1466;BIO;ORY;32A;Lluvia moderada;13/04/18
VLG1435;BIO;BCN;AIRBUS A320;Lluvia moderada;13/04/18
AEA7154;BIO;MAD;EMBRAER ERJ-195;Lluvia moderada;13/04/18
VLG1427;BIO;BCN;AIRBUS A320;Lluvia moderada;13/04/18
EZY1878;BIO;MAN;32A;Lluvia moderada;13/04/18
IBE0449;BIO;MAD;AIRBUS A321;Lluvia moderada;13/04/18
VOE3512;BIO;AGP;BOEING 717;Lluvia moderada;13/04/18
EZY8552;MJV;LGW;AIRBUS A320;Nubosidad variable;13/04/18
RYR7843;MJV;PIK;BOEING 737-800 WINGLETS;Nubosidad variable;13/04/18
EXS524;MJV;NCL;BOEING 737-300 WINGLETS;Nubosidad variable;13/04/18
EXS822;MJV;EDI;BOEING 737-300 WINGLETS;Nubosidad variable;13/04/18
EXS864;MJV;MAN;BOEING 737-800 WINGLETS;Nubosidad variable;13/04/18
RYR8027;MJV;STN;BOEING 737-800 WINGLETS;Nubosidad variable;13/04/18
RYR2323;MJV;LBA;BOEING 737-800 WINGLETS;Nubosidad variable;13/04/18
RYR4117;MJV;MAN;BOEING 737-800 WINGLETS;Nubosidad variable;13/04/18
RYR3453;MJV;LTN;BOEING 737-800 WINGLETS;Nubosidad variable;13/04/18
RYR7095;MJV;DUB;BOEING 737-800 WINGLETS;Nubosidad variable;13/04/18
EZY8554;MJV;LGW;AIRBUS A320;Nubosidad variable;13/04/18
JAF6902;MJV;ANR;EMBRAER 190;Nubosidad variable;14/04/18
RYR2155;MJV;BHX;BOEING 737-800 WINGLETS;Nubosidad variable;14/04/18
EZY8550;MJV;LGW;AIRBUS A319;Nubosidad variable;14/04/18
EZY6014;MJV;BRS;AIRBUS A319;Nubosidad variable;14/04/18
RYR1925;MJV;EMA;BOEING 737-800 WINGLETS;Nubosidad variable;14/04/18
AEA6060;PMI;BCN;BOEING 737-800 WINGLETS;Lluvia;13/04/18
RYR6219;PMI;NRN;BOEING 737-800 WINGLETS;Lluvia;13/04/18
EWG599;PMI;CGN;AIRBUS A320;Lluvia;13/04/18
EXS1530;PMI;STN;BOEING 737-800 WINGLETS;Lluvia;13/04/18
EWG7581;PMI;HAM;BOEING 737-800 WINGLETS;Lluvia;13/04/18
BAW497;PMI;LHR;AIRBUS A320;Lluvia;13/04/18
RYR5273;PMI;SVQ;BOEING 737-800 WINGLETS;Lluvia;13/04/18
VLG2854;PMI;ORY;32B;Lluvia;13/04/18
EDW247;PMI;ZRH;AIRBUS A340-300;Lluvia;13/04/18
ANE8498;PMI;MAH;ATR-42/72;Lluvia;13/04/18
RYR2054;PMI;MAD;BOEING 737-800 WINGLETS;Lluvia;13/04/18
EWG6812;PMI;DTM;AIRBUS A320;Lluvia;13/04/18
EXS602;PMI;EMA;BOEING 737-800 WINGLETS;Lluvia;13/04/18
LDM317;PMI;FRA;AIRBUS A320;Lluvia;13/04/18
EWG593;PMI;CGN;AIRBUS A320;Lluvia;13/04/18
TUI2315;PMI;HAJ;BOEING 737-800 WINGLETS;Lluvia;13/04/18
EZY5816;PMI;TXL;AIRBUS A320;Lluvia;13/04/18
AEA1297;PMI;ORY;EMBRAER ERJ-195;Lluvia;13/04/18
IBB663;TFN;VDE;ATR-72;Nubosidad variable;13/04/18
IBB365;LPA;VDE;ATR-72;Nubosidad variable;13/04/18
IBS2218;LPA;VDE;ATR-72;Despejado;17/04/18
CNF247;TFN;VDE;ATR-42/72;Nubosidad variable;13/04/18
IBB673;TFN;VDE;ATR-72;Nubosidad variable;13/04/18
IBB655;TFN;VDE;ATR-72;Nubosidad variable;14/04/18
IBB659;TFN;VDE;ATR-72;Nubosidad variable;14/04/18
IBB663;TFN;VDE;ATR-72;Nubosidad variable;14/04/18
IBB454;TFN;ACE;ATR-42/72;Nubosidad variable;13/04/18
IBB134;TFN;LPA;ATR-42/72;Nubosidad variable;13/04/18
IBB621;TFN;SPC;ATR-42/72;Nubosidad variable;13/04/18
IBB116;TFN;LPA;ATR-72;Nubosidad variable;13/04/18
IBS3937;TFN;MAD;AIRBUS A320;Nubosidad variable;13/04/18
IBB158;TFN;LPA;ATR-42/72;Nubosidad variable;13/04/18
IBB629;TFN;SPC;ATR-42/72;Nubosidad variable;13/04/18
IBB663;TFN;VDE;ATR-72;Nubosidad variable;13/04/18
AEA2682;TFN;BCN;BOEING 737-800 WINGLETS;Nubosidad variable;13/04/18
VLG3255;TFN;SVQ;AIRBUS A320;Nubosidad variable;13/04/18
CNF452;TFN;SPC;ATR-72;Nubosidad variable;13/04/18
IBB148;TFN;LPA;ATR-72;Nubosidad variable;13/04/18
AEA9418;TFN;LPA;ATR-72;Nubosidad variable;13/04/18
AEA9049;TFN;MAD;BOEING 737-800 WINGLETS;Nubosidad variable;13/04/18
IBB160;TFN;LPA;BOMBARDIER CRJ-1000;Nubosidad variable;13/04/18
IBB631;TFN;SPC;ATR-42/72;Nubosidad variable;13/04/18
VLG3217;TFN;BCN;32B;Nubosidad variable;13/04/18
AEA9465;TFN;SPC;ATR-72;Nubosidad variable;13/04/18
HTY110;JCU;AEI;AWH;Lluvia;13/04/18
HTY112;AEI;JCU;AWH;Tormentas localmente fuertes;13/04/18
HTY114;AEI;JCU;AWH;Tormentas localmente fuertes;13/04/18
HTY258;AGP;JCU;AWH;Despejado;17/04/18
HTY138;AEI;JCU;AWH;Tormentas localmente fuertes;13/04/18
RYR9211;GRO;FKB;BOEING 737-800 WINGLETS;Lluvia;13/04/18
RYR9911;GRO;BOH;BOEING 737-800 WINGLETS;Lluvia;13/04/18
RYR3769;GRO;LTN;BOEING 737-800 WINGLETS;Lluvia;13/04/18
RYR8047;GRO;BHX;BOEING 737-800 WINGLETS;Lluvia;13/04/18
RYR7038;GRO;CAG;BOEING 737-800 WINGLETS;Lluvia;13/04/18
RYR6924;GRO;RBA;BOEING 737-800 WINGLETS;Lluvia;13/04/18
RYR4275;GRO;FRA;BOEING 737-800 WINGLETS;Lluvia;13/04/18
ANE2034;GRO;SVQ;BOMBARDIER CRJ-1000;Lluvia;14/04/18
RYR9123;GRO;EIN;BOEING 737-800 WINGLETS;Lluvia;14/04/18
RYR3213;GRO;MAN;BOEING 737-800 WINGLETS;Lluvia;14/04/18
RYR2344;GRO;NCL;BOEING 737-800 WINGLETS;Lluvia;14/04/18
RYR9803;GRO;STN;BOEING 737-800 WINGLETS;Lluvia;14/04/18
RYR4125;GRO;HHN;BOEING 737-800 WINGLETS;Lluvia;14/04/18
RYR6391;GRO;NRN;BOEING 737-800 WINGLETS;Lluvia;14/04/18
RYR9241;GRO;PSA;BOEING 737-800 WINGLETS;Lluvia;14/04/18
RYR9107;GRO;BVA;BOEING 737-800 WINGLETS;Lluvia;14/04/18
RYR6901;GRO;CRL;BOEING 737-800 WINGLETS;Lluvia;14/04/18
RYR9012;GRO;MLA;BOEING 737-800 WINGLETS;Lluvia;14/04/18
RYR6911;GRO;MST;BOEING 737-800 WINGLETS;Lluvia;14/04/18
VOE3842;AGP;BOD;AIRBUS A319;Tormentas localmente fuertes;13/04/18
IBE8809;AGP;MAD;BOMBARDIER CRJ-1000;Tormentas localmente fuertes;13/04/18
RYR6387;AGP;BCN;BOEING 737-800 WINGLETS;Tormentas localmente fuertes;13/04/18
VLG8172;AGP;ORY;AIRBUS A320;Tormentas localmente fuertes;13/04/18
EXS606;AGP;EMA;BOEING 737-800 WINGLETS;Tormentas localmente fuertes;13/04/18
EXS858;AGP;EDI;BOEING 737-800 WINGLETS;Tormentas localmente fuertes;13/04/18
BAW2715;AGP;LGW;AIRBUS A319;Tormentas localmente fuertes;13/04/18
VLG2124;AGP;BCN;32B;Tormentas localmente fuertes;13/04/18
IBK5052;AGP;ARN;BOEING 737-800 WINGLETS;Tormentas localmente fuertes;13/04/18
EXS134;AGP;GLA;BOEING 737-800 WINGLETS;Tormentas localmente fuertes;13/04/18
RYR4057;AGP;HAM;BOEING 737-800 WINGLETS;Tormentas localmente fuertes;13/04/18
IBE8276;AGP;MLN;ATR-72;Tormentas localmente fuertes;13/04/18
EXS186;AGP;LBA;BOEING 737-300 WINGLETS;Tormentas localmente fuertes;13/04/18
EXS810;AGP;MAN;BOEING 757-200;Tormentas localmente fuertes;13/04/18
RYR4047;AGP;CPH;BOEING 737-800 WINGLETS;Tormentas localmente fuertes;13/04/18
RYR2551;AGP;HAU;BOEING 737-800 WINGLETS;Tormentas localmente fuertes;13/04/18
TVF3165;AGP;ORY;BOEING 737-800 WINGLETS;Tormentas localmente fuertes;13/04/18
EZY1964;AGP;MAN;AIRBUS A319;Tormentas localmente fuertes;13/04/18
IBK5022;AGP;OSL;BOEING 737-800 WINGLETS;Tormentas localmente fuertes;13/04/18
SWR2115;AGP;ZRH;AIRBUS A320;Tormentas localmente fuertes;13/04/18
JTG632;ACE;BLL;BOEING 737-700 WINGLETS;Nubosidad variable;13/04/18
TCX1723;ACE;MAN;32B;Nubosidad variable;13/04/18
NVR158;ACE;OSL;32B;Nubosidad variable;13/04/18
IBB507;ACE;LPA;ATR-72;Nubosidad variable;13/04/18
LLX5052;LPA;ACE;AIRBUS A321;Nubosidad variable;13/04/18
IBS3857;ACE;MAD;AIRBUS A320;Nubosidad variable;13/04/18
CNF730;ACE;LPA;ATR-42/72;Nubosidad variable;13/04/18
JTG218;ACE;CPH;BOEING 737-800 WINGLETS;Nubosidad variable;13/04/18
IBB455;ACE;TFN;ATR-42/72;Nubosidad variable;13/04/18
BLX660;ACE;HEL;BOEING 737-800 WINGLETS;Nubosidad variable;13/04/18
BLX272;ACE;MMX;BOEING 737-800 WINGLETS;Nubosidad variable;13/04/18
BLX276;ACE;ARN;7M8;Nubosidad variable;13/04/18
BLX284;ACE;GOT;BOEING 737-800 WINGLETS;Nubosidad variable;13/04/18
DK1105;ACE;CPH;32B;Nubosidad variable;13/04/18
IBB511;ACE;LPA;ATR-42/72;Nubosidad variable;13/04/18
BLX638;ACE;OSL;BOEING 737-800 WINGLETS;Nubosidad variable;13/04/18
EXS1402;ACE;STN;BOEING 737-800 WINGLETS;Nubosidad variable;13/04/18
EXS546;ACE;NCL;BOEING 737-800 WINGLETS;Nubosidad variable;13/04/18
EXS168;ACE;GLA;BOEING 737-800 WINGLETS;Nubosidad variable;13/04/18
VLG2473;ACE;BCN;32B;Nubosidad variable;13/04/18
AFL2503;VLC;SVO;32A;Nubosidad variable;13/04/18
IBE8981;VLC;MAD;CANADAIR CRJ-200;Nubosidad variable;13/04/18
AVA6176;VLC;MAD;CANADAIR CRJ-200;Nubosidad variable;13/04/18
RYR7677;VLC;CIA;BOEING 737-800 WINGLETS;Nubosidad variable;13/04/18
IBE8634;VLC;PMI;BOMBARDIER CRJ-1000;Nubosidad variable;13/04/18
RYR1445;VLC;MXP;BOEING 737-800 WINGLETS;Nubosidad variable;13/04/18
RYR2207;VLC;SVQ;BOEING 737-800 WINGLETS;Nubosidad variable;13/04/18
SWR2143;VLC;ZRH;AIRBUS A321;Nubosidad variable;13/04/18
VLG3965;VLC;SVQ;AIRBUS A320;Nubosidad variable;13/04/18
RYR6422;VLC;BLQ;BOEING 737-800 WINGLETS;Nubosidad variable;13/04/18
EWG9539;VLC;DUS;32A;Nubosidad variable;13/04/18
IBE8846;VLC;SVQ;CANADAIR CRJ-900;Nubosidad variable;13/04/18
RYR4441;VLC;BRS;BOEING 737-800 WINGLETS;Nubosidad variable;13/04/18
TVF3175;VLC;ORY;BOEING 737-800 WINGLETS;Nubosidad variable;13/04/18
RYR7401;VLC;MAH;BOEING 737-800 WINGLETS;Nubosidad variable;13/04/18
WZZ3568;VLC;TSR;AIRBUS A320;Nubosidad variable;13/04/18
TRA6332;VLC;AMS;Sin especificar;Nubosidad variable;13/04/18
VLG1275;VLC;LCG;32A;Nubosidad variable;13/04/18
AEA4014;VLC;PMI;ATR-72;Nubosidad variable;13/04/18
VLG2435;BCN;LIL;AIRBUS A320;Lluvia;13/04/18
EXS232;BCN;LBA;BOEING 737-800 WINGLETS;Lluvia;13/04/18
VLG1814;BCN;MUC;32A;Lluvia;13/04/18
VLG1872;BCN;CPH;32B;Lluvia;13/04/18
RYR9387;BCN;EMA;BOEING 737-800 WINGLETS;Lluvia;13/04/18
AUI992;BCN;KBP;BOEING 737-800 WINGLETS;Lluvia;13/04/18
RAM965;BCN;CMN;BOEING 737-800 WINGLETS;Lluvia;13/04/18
BAW485;BCN;LHR;AIRBUS A320;Lluvia;13/04/18
TRA6788;BCN;EIN;BOEING 737-800 WINGLETS;Lluvia;13/04/18
DLH2657;BCN;MUC;EMBRAER ERJ-195;Lluvia;13/04/18
RYR9162;BCN;BHX;BOEING 737-800 WINGLETS;Lluvia;13/04/18
DLH1131;BCN;FRA;32A;Lluvia;13/04/18
JAF5786;BCN;ANR;EMBRAER 190;Lluvia;13/04/18
VLG6404;BCN;VCE;AIRBUS A320;Lluvia;13/04/18
VLG1401;BCN;MAD;AIRBUS A320;Lluvia;13/04/18
NAX4270;BCN;GOT;BOEING 737-800 WINGLETS;Lluvia;13/04/18
RYR9015;BCN;STN;BOEING 737-800 WINGLETS;Lluvia;13/04/18
PGT1092;BCN;SAW;BOEING 737-800;Lluvia;13/04/18
IBE8790;MAD;MLN;ATR-72;Chubascos dispersos;13/04/18
IBE8276;AGP;MLN;ATR-72;Tormentas localmente fuertes;13/04/18
AEA5005;AGP;MLN;ATR-72;Tormentas localmente fuertes;13/04/18
IBE8270;AGP;MLN;ATR-72;Tormentas localmente fuertes;13/04/18
IBE8798;MAD;MLN;ATR-72;Chubascos dispersos;13/04/18
IBE8272;AGP;MLN;ATR-72;Tormentas localmente fuertes;13/04/18
AEA5001;AGP;MLN;ATR-72;Tormentas localmente fuertes;14/04/18
IBE8262;AGP;MLN;ATR-72;Tormentas localmente fuertes;14/04/18
IBE8792;MAD;MLN;ATR-72;Chubascos dispersos;14/04/18
IBE8268;AGP;MLN;ATR-72;Tormentas localmente fuertes;14/04/18
IBE8264;AGP;MLN;ATR-72;Tormentas localmente fuertes;14/04/18
VLG1299;SVQ;LCG;AIRBUS A320;Chubascos dispersos;13/04/18
AEA7235;MAD;LCG;EMBRAER ERJ-195;Chubascos dispersos;13/04/18
IBE0524;MAD;LCG;AIRBUS A320;Chubascos dispersos;13/04/18
VLG1294;BCN;LCG;32A;Lluvia;13/04/18
VLG1275;VLC;LCG;32A;Nubosidad variable;13/04/18
AEA7237;MAD;LCG;EMBRAER ERJ-195;Chubascos dispersos;13/04/18
IBE0522;MAD;LCG;AIRBUS A320;Chubascos dispersos;13/04/18
VLG1290;BCN;LCG;AIRBUS A320;Lluvia;13/04/18
DLH1111;SCQ;FRA;AIRBUS A319;Chubascos dispersos;13/04/18
LAV5214;SCQ;TFN;BOEING 737-400;Chubascos dispersos;13/04/18
IBS3875;SCQ;MAD;AIRBUS A320;Chubascos dispersos;13/04/18
EZS1338;SCQ;GVA;AIRBUS A319;Chubascos dispersos;13/04/18
RYR8539;SCQ;ALC;BOEING 737-800 WINGLETS;Chubascos dispersos;13/04/18
RYR4579;SCQ;BGY;BOEING 737-800 WINGLETS;Chubascos dispersos;13/04/18
EVE1602;SCQ;SVQ;32A;Chubascos dispersos;13/04/18
IBS3879;SCQ;MAD;AIRBUS A321;Chubascos dispersos;13/04/18
VLG8222;SCQ;CDG;AIRBUS A320;Chubascos dispersos;13/04/18
VLG1673;SCQ;BCN;AIRBUS A320;Chubascos dispersos;13/04/18
IBE8359;SCQ;BIO;CANADAIR CRJ-200;Chubascos dispersos;13/04/18
RYR5318;SCQ;MAD;BOEING 737-800 WINGLETS;Chubascos dispersos;13/04/18
VLG2654;SCQ;AGP;AIRBUS A320;Chubascos dispersos;13/04/18
RYR6380;SCQ;BCN;BOEING 737-800 WINGLETS;Chubascos dispersos;13/04/18
VLG1456;SCQ;ALC;32A;Chubascos dispersos;13/04/18
VLG1640;SCQ;FUE;AIRBUS A320;Chubascos dispersos;14/04/18
IBS3895;SCQ;MAD;32A;Chubascos dispersos;14/04/18
LLX5052;LPA;ACE;AIRBUS A321;Nubosidad variable;13/04/18
LAV5282;LPA;PMI;BOEING 737-400;Nubosidad variable;13/04/18
CNF729;LPA;ACE;ATR-72;Nubosidad variable;13/04/18
VLG3069;LPA;AGP;AIRBUS A320;Nubosidad variable;13/04/18
IBB145;LPA;TFN;ATR-72;Nubosidad variable;13/04/18
SDR3653;LPA;HAM;AIRBUS A320;Nubosidad variable;13/04/18
IBB514;LPA;ACE;ATR-72;Nubosidad variable;13/04/18
DK1521;LPA;BGO;32B;Nubosidad variable;13/04/18
AEA9417;LPA;TFN;ATR-72;Nubosidad variable;13/04/18
JTG738;LPA;SDL;BOEING 737-700 WINGLETS;Nubosidad variable;13/04/18
SXD4510;LPA;DUS;BOEING 737-800;Nubosidad variable;13/04/18
DK1159;LPA;CPH;32B;Nubosidad variable;13/04/18
IBB212;LPA;FUE;ATR-72;Nubosidad variable;13/04/18
TAP1119;LPA;LIS;EMBRAER 190;Nubosidad variable;13/04/18
JTG724;LPA;NRK;BOEING 737-800 WINGLETS;Nubosidad variable;13/04/18
DK1733;LPA;ARN;AIRBUS A330-300;Nubosidad variable;13/04/18
IBB147;LPA;TFN;BOMBARDIER CRJ-1000;Nubosidad variable;13/04/18
TOM8107;LPA;DUS;BOEING 737-800 WINGLETS;Nubosidad variable;13/04/18
IBB365;LPA;VDE;ATR-72;Nubosidad variable;13/04/18
JTG914;LPA;HEL;BOEING 737-800 WINGLETS;Nubosidad variable;13/04/18
TOM5553;TFS;STN;BOEING 737-800 WINGLETS;Nubosidad variable;13/04/18
TCX1067;TFS;STN;AIRBUS A321;Nubosidad variable;13/04/18
TCX1423;TFS;BRS;AIRBUS A321;Nubosidad variable;13/04/18
TOM5545;TFS;LTN;BOEING 737-800 WINGLETS;Nubosidad variable;13/04/18
TCX1447;TFS;EMA;AIRBUS A321;Nubosidad variable;13/04/18
GMI1145;TFS;JER;AIRBUS A319;Nubosidad variable;13/04/18
TOM7549;TFS;BHX;BOEING 757-200  WINGLETS;Nubosidad variable;13/04/18
TOM2571;TFS;MAN;BOEING 757-200  WINGLETS;Nubosidad variable;13/04/18
TOM1581;TFS;DUB;BOEING 737-800 WINGLETS;Nubosidad variable;13/04/18
IBS3911;TFS;MAD;AIRBUS A320;Nubosidad variable;13/04/18
TOM1553;TFS;EDI;BOEING 737-800 WINGLETS;Nubosidad variable;13/04/18
MYX426;TFS;RIX;AIRBUS A320;Nubosidad variable;13/04/18
EXS634;TFS;EMA;BOEING 737-800 WINGLETS;Nubosidad variable;13/04/18
IBK6372;TFS;AGP;BOEING 737-800 WINGLETS;Nubosidad variable;13/04/18
TCX1223;TFS;BHX;AIRBUS A321;Nubosidad variable;13/04/18
TCX1981;TFS;BFS;32B;Nubosidad variable;13/04/18
MYX572;TFS;TLL;AIRBUS A320;Nubosidad variable;13/04/18
TCX1967;TFS;MAN;32B;Nubosidad variable;13/04/18
EXS518;TFS;NCL;BOEING 737-800 WINGLETS;Nubosidad variable;13/04/18
EXS918;TFS;MAN;BOEING 737-800 WINGLETS;Nubosidad variable;13/04/18
ANE8393;ALC;MAD;BOMBARDIER CRJ-1000;Nubosidad variable;13/04/18
EXS776;ALC;EDI;BOEING 737-800 WINGLETS;Nubosidad variable;13/04/18
RYR9078;ALC;LBA;BOEING 737-800 WINGLETS;Nubosidad variable;13/04/18
RYR7427;ALC;VST;BOEING 737-800 WINGLETS;Nubosidad variable;13/04/18
DAH2005;ALC;ALG;BOEING 737-600;Nubosidad variable;13/04/18
EZY6878;ALC;GLA;AIRBUS A319;Nubosidad variable;13/04/18
EXS642;ALC;EMA;BOEING 737-800 WINGLETS;Nubosidad variable;13/04/18
EXS584;ALC;NCL;BOEING 737-800 WINGLETS;Nubosidad variable;13/04/18
ANE8607;ALC;PMI;CANADAIR CRJ-200;Nubosidad variable;13/04/18
RYR7063;ALC;DUB;BOEING 737-800 WINGLETS;Nubosidad variable;13/04/18
SBI876;ALC;DME;AIRBUS A321;Nubosidad variable;13/04/18
RYR2714;ALC;LGW;BOEING 737-800 WINGLETS;Nubosidad variable;13/04/18
EVE1119;ALC;SCQ;32A;Nubosidad variable;13/04/18
TAP1123;ALC;LIS;ATR-42/72;Nubosidad variable;13/04/18
EXS178;ALC;GLA;BOEING 737-800 WINGLETS;Nubosidad variable;13/04/18
TRA6150;ALC;AMS;BOEING 737-800 WINGLETS;Nubosidad variable;13/04/18
IBK5322;ALC;OSL;BOEING 737-800 WINGLETS;Nubosidad variable;13/04/18
RYR9069;ALC;TRF;BOEING 737-800 WINGLETS;Nubosidad variable;13/04/18
RYR8975;ALC;STN;BOEING 737-800 WINGLETS;Nubosidad variable;13/04/18
EZS1086;ALC;BSL;AIRBUS A320;Nubosidad variable;13/04/18
PRW108;ALC;KEF;BOEING 737-800 WINGLETS;Nubosidad variable;13/04/18
VLG2286;BCN;XRY;32A;Lluvia;13/04/18
RYR1283;BCN;XRY;BOEING 737-800 WINGLETS;Lluvia;13/04/18
IBE0404;MAD;XRY;AIRBUS A319;Chubascos dispersos;13/04/18
IBE0406;MAD;XRY;AIRBUS A320;Chubascos dispersos;13/04/18
IBE0410;MAD;XRY;AIRBUS A319;Chubascos dispersos;14/04/18
VLG2614;BIO;XRY;AIRBUS A320;Lluvia moderada;14/04/18
VLG2286;BCN;XRY;AIRBUS A320;Lluvia;14/04/18
IBS9524;PMI;VGO;AIRBUS A320;Lluvia;13/04/18
AEA7300;MAD;VGO;EMBRAER ERJ-195;Chubascos dispersos;13/04/18
IBE0534;MAD;VGO;AIRBUS A319;Chubascos dispersos;13/04/18
RYR245;BCN;VGO;BOEING 737-800 WINGLETS;Lluvia;13/04/18
AEA2727;BCN;VGO;BOEING 737-800 WINGLETS;Lluvia;13/04/18
AEA7306;MAD;VGO;EMBRAER ERJ-195;Chubascos dispersos;13/04/18
VLG1704;BCN;VGO;AIRBUS A319;Lluvia;13/04/18
IBE0556;MAD;SDR;AIRBUS A319;Chubascos dispersos;13/04/18
VLG1590;BCN;SDR;AIRBUS A320;Lluvia;13/04/18
IBE0558;MAD;SDR;AIRBUS A319;Chubascos dispersos;13/04/18
IBE8878;MAD;SDR;BOMBARDIER CRJ-1000;Chubascos dispersos;13/04/18
RYR6384;BCN;SDR;BOEING 737-800 WINGLETS;Lluvia;14/04/18
IBE0554;MAD;SDR;AIRBUS A319;Chubascos dispersos;14/04/18
RYR2593;AGP;SDR;BOEING 737-800 WINGLETS;Tormentas localmente fuertes;14/04/18
RYR2214;VLC;SDR;BOEING 737-800 WINGLETS;Nubosidad variable;14/04/18
VLG3945;PMI;BIO;32A;Lluvia;13/04/18
IBE0446;MAD;BIO;32A;Chubascos dispersos;13/04/18
VLG3969;VLC;BIO;32A;Nubosidad variable;13/04/18
VLG3261;TFN;BIO;AIRBUS A320;Nubosidad variable;13/04/18
AEA7153;MAD;BIO;EMBRAER ERJ-195;Chubascos dispersos;13/04/18
IBE8642;MAD;GRX;BOMBARDIER CRJ-1000;Chubascos dispersos;13/04/18
VLG2014;BCN;GRX;AIRBUS A320;Lluvia;13/04/18
IBE8644;MAD;GRX;BOMBARDIER CRJ-1000;Chubascos dispersos;13/04/18
VLG2618;BIO;GRX;32A;Lluvia moderada;13/04/18
VLG2016;BCN;GRX;32B;Lluvia;13/04/18
IBE8648;MAD;GRX;CANADAIR CRJ-900;Chubascos dispersos;13/04/18
VLG2010;BCN;GRX;AIRBUS A321;Lluvia;14/04/18
IBE8640;MAD;GRX;BOMBARDIER CRJ-1000;Chubascos dispersos;14/04/18
VLG2020;BCN;GRX;AIRBUS A320;Lluvia;14/04/18
AEA5201;PMI;GRX;EMBRAER ERJ-195;Lluvia;14/04/18
IBE8646;MAD;GRX;BOMBARDIER CRJ-1000;Chubascos dispersos;14/04/18
JAF5628;FUE;TLS;BOEING 737-800 WINGLETS;Nubosidad variable;13/04/18
RYR5469;FUE;MAD;BOEING 737-800 WINGLETS;Nubosidad variable;13/04/18
AEA9434;FUE;LPA;ATR-72;Nubosidad variable;13/04/18
SXD2830;FUE;DUS;BOEING 737-800 WINGLETS;Nubosidad variable;13/04/18
ARZ8514;FUE;DUS;BOEING 757;Nubosidad variable;13/04/18
VLG3015;FUE;BCN;32A;Nubosidad variable;13/04/18
IBB223;FUE;LPA;ATR-42/72;Nubosidad variable;13/04/18
LLX5852;FUE;PAD;AIRBUS A320;Nubosidad variable;13/04/18
IBS3907;FUE;MAD;AIRBUS A320;Nubosidad variable;13/04/18
IBB417;FUE;TFN;ATR-42/72;Nubosidad variable;13/04/18
SXD2836;FUE;STR;BOEING 737-800 WINGLETS;Nubosidad variable;13/04/18
EXS1452;FUE;STN;BOEING 737-800 WINGLETS;Nubosidad variable;13/04/18
IBB213;FUE;LPA;ATR-42/72;Nubosidad variable;13/04/18
GMI4923;FUE;TXL;BOEING 737-700 WINGLETS;Nubosidad variable;13/04/18
TCX1725;FUE;MAN;AIRBUS A321;Nubosidad variable;13/04/18
EXS746;FUE;EDI;BOEING 737-800 WINGLETS;Nubosidad variable;13/04/18
IBB217;FUE;LPA;ATR-72;Nubosidad variable;13/04/18
IBB221;FUE;LPA;ATR-42/72;Nubosidad variable;13/04/18
IBB421;FUE;TFN;ATR-42/72;Nubosidad variable;13/04/18
CNF850;FUE;LPA;ATR-42/72;Nubosidad variable;13/04/18
IBB620;SPC;TFN;ATR-72;Nubosidad variable;13/04/18
IBB622;SPC;TFN;ATR-42/72;Nubosidad variable;13/04/18
IBS3843;SPC;MAD;AIRBUS A320;Nubosidad variable;13/04/18
IBB630;SPC;TFN;ATR-42/72;Nubosidad variable;13/04/18
CNF453;SPC;TFN;ATR-72;Nubosidad variable;13/04/18
IBB632;SPC;TFN;ATR-42/72;Nubosidad variable;13/04/18
IBE7265;SPC;TFN;ATR-42/72;Nubosidad variable;13/04/18
AEA9466;SPC;TFN;ATR-72;Nubosidad variable;13/04/18
IBB634;SPC;TFN;ATR-42/72;Nubosidad variable;13/04/18
PRW254;SPC;JYV;BOEING 737-800 WINGLETS;Nubosidad variable;13/04/18
IBB636;SPC;TFN;ATR-42/72;Nubosidad variable;13/04/18
IBB316;SPC;LPA;ATR-72;Nubosidad variable;13/04/18
AEA9480;SPC;TFN;ATR-72;Nubosidad variable;13/04/18
TRA5642;SPC;AMS;BOEING 737-700 WINGLETS;Nubosidad variable;13/04/18
IBB638;SPC;TFN;ATR-42/72;Nubosidad variable;13/04/18
IBB626;SPC;TFN;ATR-42/72;Nubosidad variable;13/04/18
IBB312;SPC;LPA;ATR-72;Nubosidad variable;13/04/18
IBB640;SPC;TFN;ATR-42/72;Nubosidad variable;13/04/18
CNF468;SPC;TFN;ATR-72;Nubosidad variable;13/04/18
AEA9468;SPC;TFN;ATR-72;Nubosidad variable;13/04/18
IBB642;SPC;TFN;ATR-72;Nubosidad variable;13/04/18
IBB318;SPC;LPA;BOMBARDIER CRJ-1000;Nubosidad variable;13/04/18
IBB604;SPC;TFN;ATR-42/72;Nubosidad variable;14/04/18
IBB606;SPC;TFN;ATR-72;Nubosidad variable;14/04/18
IBE8598;MAD;LEI;BOMBARDIER CRJ-1000;Chubascos dispersos;13/04/18
IBE8212;PMI;LEI;CANADAIR CRJ-200;Despejado;17/04/18
IBE8592;MAD;LEI;BOMBARDIER CRJ-1000;Chubascos dispersos;13/04/18
IBE8588;MAD;LEI;CANADAIR CRJ-200;Chubascos dispersos;13/04/18
IBE8933;SVQ;LEI;CANADAIR CRJ-200;Chubascos dispersos;13/04/18
IBE8600;MAD;LEI;BOMBARDIER CRJ-1000;Chubascos dispersos;13/04/18
IBE8594;MAD;LEI;CANADAIR CRJ-900;Chubascos dispersos;14/04/18
VLG1251;BCN;LEI;AIRBUS A320;Lluvia;14/04/18
IBE8598;MAD;LEI;CANADAIR CRJ-200;Chubascos dispersos;14/04/18
PVG5557;MAD;PMI;AIRBUS A320;Chubascos dispersos;13/04/18
AEA5200;GRX;PMI;EMBRAER ERJ-195;Chubascos dispersos;13/04/18
VLG3154;XRY;PMI;AIRBUS A320;Chubascos dispersos;13/04/18
VLG3932;GRX;PMI;32A;Chubascos dispersos;13/04/18
VLG3148;AGP;PMI;AIRBUS A320;Tormentas localmente fuertes;13/04/18
AEA6067;MAD;PMI;BOEING 737-800 WINGLETS;Chubascos dispersos;13/04/18
VLG1579;BCN;OVD;AIRBUS A320;Lluvia;13/04/18
IBS3980;MAD;OVD;AIRBUS A320;Chubascos dispersos;13/04/18
IBE0476;MAD;OVD;AIRBUS A319;Chubascos dispersos;13/04/18
VOE3924;AGP;OVD;BOEING 717;Tormentas localmente fuertes;13/04/18
IBE0480;MAD;OVD;AIRBUS A321;Chubascos dispersos;13/04/18
VOE3830;SVQ;OVD;BOEING 717;Chubascos dispersos;13/04/18
IBE0482;MAD;OVD;AIRBUS A320;Chubascos dispersos;13/04/18
VLG1571;BCN;OVD;AIRBUS A320;Lluvia;13/04/18
VLG1573;BCN;OVD;AIRBUS A320;Lluvia;14/04/18
IBE0488;MAD;OVD;AIRBUS A320;Chubascos dispersos;14/04/18
VLG1579;BCN;OVD;AIRBUS A320;Lluvia;14/04/18
VLG1307;ALC;BCN;32A;Nubosidad variable;13/04/18
VLG3745;MAH;BCN;AIRBUS A320;Lluvia débil;13/04/18
VLG1252;LEI;BCN;AIRBUS A320;Chubascos dispersos;13/04/18
VLG2021;GRX;BCN;32A;Chubascos dispersos;13/04/18
RYR6579;PMI;BCN;BOEING 737-800 WINGLETS;Lluvia;13/04/18
LLX5052;LPA;ACE;AIRBUS A321;Nubosidad variable;13/04/18
IBS3856;MAD;ACE;AIRBUS A320;Chubascos dispersos;13/04/18
IBB454;TFN;ACE;ATR-42/72;Nubosidad variable;13/04/18
CNF729;LPA;ACE;ATR-72;Nubosidad variable;13/04/18
IBB514;LPA;ACE;ATR-72;Nubosidad variable;13/04/18
VLG2472;BCN;ACE;32B;Lluvia;13/04/18
IBB518;LPA;ACE;ATR-72;Nubosidad variable;13/04/18
AEA9449;LPA;ACE;ATR-72;Nubosidad variable;13/04/18
AEA9464;SPC;TFN;ATR-72;Nubosidad variable;13/04/18
IBS3946;MAD;TFN;AIRBUS A320;Chubascos dispersos;13/04/18
IBB145;LPA;TFN;ATR-72;Nubosidad variable;13/04/18
IBB620;SPC;TFN;ATR-72;Nubosidad variable;13/04/18
AEA5106;SVQ;TFN;BOEING 737-800 WINGLETS;Chubascos dispersos;13/04/18
IBB471;ACE;TFN;ATR-72;Nubosidad variable;13/04/18
VLG3254;SVQ;TFN;AIRBUS A320;Chubascos dispersos;13/04/18
AEA9118;MAD;TFN;BOEING 737-800 WINGLETS;Chubascos dispersos;13/04/18
AEA9417;LPA;TFN;ATR-72;Nubosidad variable;13/04/18
VLG3216;BCN;TFN;32B;Lluvia;13/04/18
IBB622;SPC;TFN;ATR-42/72;Nubosidad variable;13/04/18
IBB147;LPA;TFN;BOMBARDIER CRJ-1000;Nubosidad variable;13/04/18
IBB417;FUE;TFN;ATR-42/72;Nubosidad variable;13/04/18
IBB149;LPA;TFN;ATR-72;Nubosidad variable;13/04/18
IBB455;ACE;TFN;ATR-42/72;Nubosidad variable;13/04/18
IBK6375;BCN;TFN;BOEING 737-800 WINGLETS;Lluvia;13/04/18
VLG2125;BCN;AGP;32B;Lluvia;13/04/18
IBE8275;MLN;AGP;ATR-72;Chubascos dispersos;13/04/18
VLG1628;OVD;AGP;AIRBUS A320;Lluvia;13/04/18
IBS3874;MAD;SCQ;AIRBUS A320;Chubascos dispersos;13/04/18
RYR8538;ALC;SCQ;BOEING 737-800 WINGLETS;Nubosidad variable;13/04/18
EVE1119;ALC;SCQ;32A;Nubosidad variable;13/04/18
IBS3878;MAD;SCQ;AIRBUS A321;Chubascos dispersos;13/04/18
VLG1676;BCN;SCQ;AIRBUS A320;Lluvia;13/04/18
VLG1672;BCN;SCQ;AIRBUS A320;Lluvia;13/04/18
IBE8358;BIO;SCQ;CANADAIR CRJ-200;Lluvia moderada;13/04/18
VLG2655;AGP;SCQ;AIRBUS A320;Tormentas localmente fuertes;13/04/18
RYR6381;BCN;SCQ;BOEING 737-800 WINGLETS;Lluvia;13/04/18
RYR5317;MAD;SCQ;BOEING 737-800 WINGLETS;Chubascos dispersos;13/04/18
VLG1457;ALC;SCQ;32A;Nubosidad variable;13/04/18
IBS3894;MAD;SCQ;32A;Chubascos dispersos;13/04/18
VLG3510;BCN;IBZ;32A;Lluvia;13/04/18
AEA6025;MAD;IBZ;EMBRAER ERJ-195;Chubascos dispersos;13/04/18
RYR2066;MAD;IBZ;BOEING 737-800 WINGLETS;Chubascos dispersos;13/04/18
RYR8146;AGP;IBZ;BOEING 737-800 WINGLETS;Tormentas localmente fuertes;13/04/18
RYR8841;BCN;IBZ;BOEING 737-800 WINGLETS;Lluvia;13/04/18
AEA2631;ZAZ;IBZ;BOEING 737-800 WINGLETS;Chubascos dispersos;13/04/18
IBE8124;PMI;IBZ;BOMBARDIER CRJ-1000;Despejado;17/04/18
IBE8902;MAD;IBZ;BOMBARDIER CRJ-1000;Chubascos dispersos;13/04/18
IBE8128;PMI;IBZ;CANADAIR CRJ-900;Despejado;17/04/18
VLG3516;BCN;IBZ;32B;Lluvia;13/04/18
ANE8907;IBZ;ALC;CANADAIR CRJ-200;Despejado;17/04/18
EVE1120;SCQ;ALC;32A;Chubascos dispersos;13/04/18
VLG1306;BCN;ALC;32A;Lluvia;13/04/18
VLG2510;BIO;SVQ;AIRBUS A320;Lluvia moderada;13/04/18
RYR3042;SCQ;SVQ;BOEING 737-800 WINGLETS;Chubascos dispersos;13/04/18
RYR5273;PMI;SVQ;BOEING 737-800 WINGLETS;Lluvia;13/04/18
VOE3528;BIO;SVQ;BOEING 717;Lluvia moderada;13/04/18
RYR2207;VLC;SVQ;BOEING 737-800 WINGLETS;Nubosidad variable;13/04/18
VLG3965;VLC;SVQ;AIRBUS A320;Nubosidad variable;13/04/18
IBE8846;VLC;SVQ;CANADAIR CRJ-900;Nubosidad variable;13/04/18
VLG1298;LCG;SVQ;AIRBUS A320;Chubascos dispersos;13/04/18
IBS3952;MAD;SVQ;32A;Chubascos dispersos;13/04/18
ANE2003;CDT;SVQ;BOMBARDIER CRJ-1000;Despejado;17/04/18
VLG3255;TFN;SVQ;AIRBUS A320;Nubosidad variable;13/04/18
VLG2214;BCN;SVQ;BOEING 737-800 WINGLETS;Lluvia;13/04/18
EVE1602;SCQ;SVQ;32A;Chubascos dispersos;13/04/18
AEA2748;VLC;SVQ;BOEING 737-800 WINGLETS;Nubosidad variable;13/04/18
VLG2268;BCN;SVQ;AIRBUS A320;Lluvia;13/04/18
VLG3694;IBZ;VLC;AIRBUS A320;Nuboso a muy nuboso;13/04/18
VLG1274;LCG;VLC;32A;Chubascos dispersos;13/04/18
AEA4065;MAD;VLC;ATR-72;Chubascos dispersos;13/04/18
IBE8633;PMI;VLC;BOMBARDIER CRJ-1000;Despejado;17/04/18
VLG3068;AGP;LPA;AIRBUS A320;Tormentas localmente fuertes;13/04/18
CNF722;ACE;LPA;ATR-72;Nubosidad variable;13/04/18
AEA9402;TFN;LPA;ATR-72;Nubosidad variable;13/04/18
IBB513;ACE;LPA;ATR-42/72;Nubosidad variable;13/04/18
IBS3822;MAD;LPA;AIRBUS A320;Chubascos dispersos;13/04/18
IBB207;FUE;LPA;ATR-42/72;Nubosidad variable;13/04/18
IBB134;TFN;LPA;ATR-42/72;Nubosidad variable;13/04/18
VLG3274;BIO;LPA;AIRBUS A320;Lluvia moderada;13/04/18
AEA9434;FUE;LPA;ATR-72;Nubosidad variable;13/04/18
IBB116;TFN;LPA;ATR-72;Nubosidad variable;13/04/18
IBB507;ACE;LPA;ATR-72;Nubosidad variable;13/04/18
IBB223;FUE;LPA;ATR-42/72;Nubosidad variable;13/04/18
IBS3910;MAD;TFS;AIRBUS A320;Chubascos dispersos;13/04/18
IBK6361;BIO;TFS;BOEING 737-800 WINGLETS;Lluvia moderada;13/04/18
VLG3014;BCN;FUE;32A;Lluvia;13/04/18
IBB222;LPA;FUE;ATR-72;Nubosidad variable;13/04/18
IBS3906;MAD;FUE;AIRBUS A320;Chubascos dispersos;13/04/18
IBB416;TFN;FUE;ATR-42/72;Nubosidad variable;13/04/18
IBB212;LPA;FUE;ATR-72;Nubosidad variable;13/04/18
IBE2204;LPA;FUE;ATR-72;Nubosidad variable;13/04/18
IBB216;LPA;FUE;ATR-72;Nubosidad variable;13/04/18
IBB214;LPA;FUE;ATR-72;Nubosidad variable;13/04/18
IBB420;TFN;FUE;ATR-42/72;Nubosidad variable;13/04/18
CNF849;LPA;FUE;ATR-72;Nubosidad variable;13/04/18
IBB220;LPA;FUE;ATR-72;Nubosidad variable;13/04/18
AEA9435;LPA;FUE;ATR-72;Nubosidad variable;13/04/18
IBB621;TFN;SPC;ATR-42/72;Nubosidad variable;13/04/18
IBS3842;MAD;SPC;AIRBUS A320;Chubascos dispersos;13/04/18
IBB629;TFN;SPC;ATR-42/72;Nubosidad variable;13/04/18
CNF452;TFN;SPC;ATR-72;Nubosidad variable;13/04/18
IBB631;TFN;SPC;ATR-42/72;Nubosidad variable;13/04/18
AEA9465;TFN;SPC;ATR-72;Nubosidad variable;13/04/18
IBB633;TFN;SPC;ATR-42/72;Nubosidad variable;13/04/18
IBB623;TFN;SPC;ATR-42/72;Nubosidad variable;13/04/18
AEA9479;TFN;SPC;ATR-72;Nubosidad variable;13/04/18
IBB315;LPA;SPC;ATR-72;Nubosidad variable;13/04/18
IBB637;TFN;SPC;ATR-42/72;Nubosidad variable;13/04/18
IBB625;TFN;SPC;ATR-42/72;Nubosidad variable;13/04/18
IBB311;LPA;SPC;ATR-72;Nubosidad variable;13/04/18
IBB639;TFN;SPC;ATR-42/72;Nubosidad variable;13/04/18
IBE2274;TFN;SPC;ATR-42/72;Despejado;17/04/18
CNF467;TFN;SPC;ATR-72;Nubosidad variable;13/04/18
AEA9467;TFN;SPC;ATR-72;Nubosidad variable;13/04/18
IBB627;TFN;SPC;ATR-42/72;Nubosidad variable;13/04/18
IBB641;TFN;SPC;ATR-42/72;Nubosidad variable;13/04/18
IBB317;LPA;SPC;BOMBARDIER CRJ-1000;Nubosidad variable;13/04/18
IBB605;TFN;SPC;ATR-72;Nubosidad variable;14/04/18
IBB309;LPA;SPC;ATR-72;Nubosidad variable;14/04/18
IBE8221;RJL;MAD;CANADAIR CRJ-200;Lluvia;14/04/18
IBE8759;LEN;BCN;BOMBARDIER CRJ-1000;Lluvia;13/04/18
IBB652;GMZ;TFN;ATR-72;Chubascos dispersos;13/04/18
IBB650;GMZ;TFN;ATR-72;Chubascos dispersos;14/04/18
HTY110;JCU;AEI;AWH;Lluvia;13/04/18
HTY112;AEI;JCU;AWH;Tormentas localmente fuertes;13/04/18
HTY114;AEI;JCU;AWH;Tormentas localmente fuertes;13/04/18
HTY138;AEI;JCU;AWH;Tormentas localmente fuertes;13/04/18
RYR4421;VIT;CGN;BOEING 737-800 WINGLETS;Lluvia;13/04/18
RYR2036;VIT;SVQ;BOEING 737-800 WINGLETS;Lluvia;14/04/18
IBE8661;VIT;MAH;BOMBARDIER CRJ-1000;Lluvia;14/04/18
IBE8758;BCN;LEN;BOMBARDIER CRJ-1000;Despejado;17/04/18
IBE8224;MAD;RJL;CANADAIR CRJ-200;Chubascos dispersos;13/04/18
KRP2860;PNA;LPA;FOKKER 100;Lluvia;13/04/18
IBE8525;PNA;MAD;BOMBARDIER CRJ-1000;Lluvia;13/04/18
IBE8531;PNA;MAD;BOMBARDIER CRJ-1000;Lluvia;13/04/18
IBE8529;PNA;MAD;BOMBARDIER CRJ-1000;Lluvia;14/04/18
RYR2212;REU;EIN;BOEING 737-800 WINGLETS;Lluvia;14/04/18
RYR1115;REU;DUB;BOEING 737-800 WINGLETS;Lluvia;14/04/18
RYR1865;REU;SNN;BOEING 737-800 WINGLETS;Lluvia;14/04/18
RYR3843;REU;STN;BOEING 737-800 WINGLETS;Lluvia;14/04/18
IBB653;TFN;GMZ;ATR-42/72;Nubosidad variable;13/04/18
IBB651;TFN;GMZ;ATR-72;Nubosidad variable;14/04/18
AEA2631;ZAZ;IBZ;BOEING 737-800 WINGLETS;Chubascos dispersos;13/04/18
RYR4634;ZAZ;BGY;BOEING 737-800 WINGLETS;Chubascos dispersos;13/04/18
VLG3979;ZAZ;PMI;AIRBUS A320;Chubascos dispersos;13/04/18
RYR7235;ZAZ;BVA;BOEING 737-800 WINGLETS;Chubascos dispersos;14/04/18
RYR6321;VLL;BCN;BOEING 737-800 WINGLETS;Chubascos dispersos;13/04/18
VLG1585;VLL;BCN;32A;Chubascos dispersos;13/04/18
HTY111;JCU;AEI;AWH;Lluvia;13/04/18
HTY113;JCU;AEI;AWH;Lluvia;13/04/18
HTY257;JCU;AGP;AWH;Lluvia;13/04/18
HTY137;JCU;AEI;AWH;Lluvia;13/04/18
RYR2035;SVQ;VIT;BOEING 737-800 WINGLETS;Chubascos dispersos;14/04/18
IBE8660;MAH;VIT;BOMBARDIER CRJ-1000;Lluvia débil;14/04/18
IBB664;VDE;TFN;ATR-72;Chubascos dispersos;13/04/18
IBB366;VDE;LPA;ATR-72;Chubascos dispersos;13/04/18
CNF248;VDE;TFN;ATR-72;Chubascos dispersos;13/04/18
IBB674;VDE;TFN;ATR-72;Chubascos dispersos;13/04/18
IBB656;VDE;TFN;ATR-72;Chubascos dispersos;14/04/18
IBB660;VDE;TFN;ATR-72;Chubascos dispersos;14/04/18
IBE8524;MAD;PNA;BOMBARDIER CRJ-1000;Chubascos dispersos;13/04/18
IBE8532;MAD;PNA;BOMBARDIER CRJ-1000;Chubascos dispersos;13/04/18
IBE8526;MAD;PNA;BOMBARDIER CRJ-1000;Chubascos dispersos;13/04/18
HTY109;JCU;AEI;AWH;Lluvia;13/04/18
HTY111;JCU;AEI;AWH;Lluvia;13/04/18
HTY113;JCU;AEI;AWH;Lluvia;13/04/18
HTY137;JCU;AEI;AWH;Lluvia;13/04/18
AEA6067;MAD;PMI;BOEING 737-800 WINGLETS;Chubascos dispersos;13/04/18
AVA047;MAD;BOG;BOEING 787-8;Chubascos dispersos;13/04/18
AEA7235;MAD;LCG;EMBRAER ERJ-195;Chubascos dispersos;13/04/18
AFL2603;MAD;SVO;AIRBUS A321;Chubascos dispersos;13/04/18
RYR5218;MAD;NCL;BOEING 737-800 WINGLETS;Chubascos dispersos;13/04/18
RYR5374;MAD;BLQ;BOEING 737-800 WINGLETS;Chubascos dispersos;13/04/18
RYR5493;MAD;BGY;BOEING 737-800 WINGLETS;Chubascos dispersos;13/04/18
PGT1100;MAD;SAW;BOEING 737-800 WINGLETS;Chubascos dispersos;13/04/18
IBE1430;MAD;BCN;AIRBUS A320;Chubascos dispersos;13/04/18
IBE8319;EAS;MAD;ATR-72;Lluvia;13/04/18
IBE8329;EAS;MAD;ATR-72;Lluvia;13/04/18
IBE8315;EAS;MAD;ATR-72;Lluvia;13/04/18
VLG2489;EAS;BCN;AIRBUS A319;Lluvia;13/04/18
IBE8323;EAS;MAD;ATR-72;Lluvia;13/04/18
IBE8317;EAS;MAD;ATR-72;Lluvia;14/04/18
VLG2487;EAS;BCN;AIRBUS A319;Lluvia;14/04/18
IBE8327;EAS;MAD;ATR-72;Lluvia;14/04/18
AEA2632;IBZ;ZAZ;BOEING 737-800 WINGLETS;Nuboso a muy nuboso;13/04/18
VLG3978;PMI;ZAZ;AIRBUS A320;Lluvia;13/04/18
VLG1298;LCG;SVQ;AIRBUS A320;Chubascos dispersos;13/04/18
AEA7236;LCG;MAD;EMBRAER ERJ-195;Chubascos dispersos;13/04/18
IBE0523;LCG;MAD;AIRBUS A320;Chubascos dispersos;13/04/18
VLG1295;LCG;BCN;32A;Chubascos dispersos;13/04/18
VLG7104;LCG;LHR;AIRBUS A320;Chubascos dispersos;13/04/18
LZF440;LCG;BIO;ATR 42-300/320;Chubascos dispersos;13/04/18
AEA7238;LCG;MAD;EMBRAER ERJ-195;Chubascos dispersos;13/04/18
IBE0521;LCG;MAD;AIRBUS A320;Chubascos dispersos;13/04/18
VLG1291;LCG;BCN;AIRBUS A320;Chubascos dispersos;13/04/18
AEA7232;LCG;MAD;EMBRAER ERJ-195;Chubascos dispersos;14/04/18
RYR6320;BCN;VLL;BOEING 737-800 WINGLETS;Lluvia;13/04/18
VLG1584;BCN;VLL;32A;Lluvia;13/04/18
IBE8269;MLN;AGP;ATR-72;Chubascos dispersos;13/04/18
IBE8793;MLN;MAD;ATR-72;Chubascos dispersos;13/04/18
IBE8277;MLN;AGP;ATR-72;Chubascos dispersos;13/04/18
AEA5004;MLN;AGP;ATR-72;Chubascos dispersos;13/04/18
IBE8261;MLN;AGP;ATR-72;Chubascos dispersos;14/04/18
IBE8789;MLN;MAD;ATR-72;Chubascos dispersos;14/04/18
AEA5002;MLN;AGP;ATR-72;Chubascos dispersos;14/04/18
IBE8273;MLN;AGP;ATR-72;Chubascos dispersos;14/04/18
IBE8263;MLN;AGP;ATR-72;Chubascos dispersos;14/04/18
IBE8269;MLN;AGP;ATR-72;Chubascos dispersos;14/04/18
IBS9527;VGO;PMI;AIRBUS A320;Chubascos dispersos;13/04/18
TAP1141;VGO;LIS;ATR-42/72;Chubascos dispersos;13/04/18
AEA7317;VGO;MAD;EMBRAER ERJ-195;Chubascos dispersos;13/04/18
IBE0535;VGO;MAD;AIRBUS A319;Chubascos dispersos;13/04/18
RYR246;VGO;BCN;BOEING 737-800 WINGLETS;Chubascos dispersos;13/04/18
AEA2728;VGO;BCN;BOEING 737-800 WINGLETS;Chubascos dispersos;13/04/18
AEA7319;VGO;MAD;EMBRAER ERJ-195;Chubascos dispersos;13/04/18
RYR244;VGO;BLQ;BOEING 737-800 WINGLETS;Chubascos dispersos;13/04/18
VLG1705;VGO;BCN;AIRBUS A320;Chubascos dispersos;13/04/18
IBE0537;VGO;MAD;AIRBUS A319;Chubascos dispersos;14/04/18
AEA7311;VGO;MAD;EMBRAER ERJ-195;Chubascos dispersos;14/04/18
EWG9571;XRY;DUS;32A;Chubascos dispersos;13/04/18
VLG2287;XRY;BCN;32A;Chubascos dispersos;13/04/18
RYR1284;XRY;BCN;BOEING 737-800 WINGLETS;Chubascos dispersos;13/04/18
IBE0405;XRY;MAD;AIRBUS A319;Chubascos dispersos;13/04/18
IBE0407;XRY;MAD;AIRBUS A320;Chubascos dispersos;14/04/18
LGL688;XRY;LUX;BOEING 737-700 WINGLETS;Chubascos dispersos;14/04/18
DE1723;XRY;MUC;AIRBUS A320;Chubascos dispersos;14/04/18
DE1565;XRY;HAM;AIRBUS A320;Chubascos dispersos;14/04/18
IBE0411;XRY;MAD;32A;Chubascos dispersos;14/04/18
VLG2615;XRY;BIO;AIRBUS A320;Chubascos dispersos;14/04/18
VLG2287;XRY;BCN;AIRBUS A320;Chubascos dispersos;14/04/18
HTY110;JCU;AEI;AWH;Lluvia;13/04/18
HTY112;AEI;JCU;AWH;Tormentas localmente fuertes;13/04/18
HTY114;AEI;JCU;AWH;Tormentas localmente fuertes;13/04/18
HTY258;AGP;JCU;AWH;Despejado;17/04/18
HTY138;AEI;JCU;AWH;Tormentas localmente fuertes;13/04/18
IBE8577;LEI;MAD;BOMBARDIER CRJ-1000;Chubascos dispersos;13/04/18
IBE8589;LEI;MAD;CANADAIR CRJ-200;Chubascos dispersos;13/04/18
IBE8601;LEI;MAD;BOMBARDIER CRJ-1000;Chubascos dispersos;13/04/18
GMI2381;LEI;DUS;BOEING 737-700 WINGLETS;Chubascos dispersos;13/04/18
RYR1259;LEI;CRL;BOEING 737-800 WINGLETS;Chubascos dispersos;13/04/18
IBE8932;LEI;SVQ;CANADAIR CRJ-200;Chubascos dispersos;13/04/18
IBE8930;LEI;SVQ;CANADAIR CRJ-200;Chubascos dispersos;14/04/18
IBE8603;LEI;MAD;BOMBARDIER CRJ-1000;Chubascos dispersos;14/04/18
LGL694;LEI;LUX;BOEING 737-800 WINGLETS;Chubascos dispersos;14/04/18
JAF6944;LEI;BRU;EMBRAER 190;Chubascos dispersos;14/04/18
IBE8595;LEI;MAD;CANADAIR CRJ-900;Chubascos dispersos;14/04/18
EZY8164;LEI;LGW;AIRBUS A320;Chubascos dispersos;14/04/18
VLG1252;LEI;BCN;AIRBUS A320;Chubascos dispersos;14/04/18
IBE8577;LEI;MAD;CANADAIR CRJ-200;Chubascos dispersos;14/04/18
VLG2435;BCN;LIL;AIRBUS A320;Lluvia;13/04/18
VLG1872;BCN;CPH;32B;Lluvia;13/04/18
RYR9387;BCN;EMA;BOEING 737-800 WINGLETS;Lluvia;13/04/18
BAW485;BCN;LHR;AIRBUS A320;Lluvia;13/04/18
TRA6788;BCN;EIN;BOEING 737-800 WINGLETS;Lluvia;13/04/18
DLH1131;BCN;FRA;32A;Lluvia;13/04/18
VLG1401;BCN;MAD;AIRBUS A320;Lluvia;13/04/18
RYR9015;BCN;STN;BOEING 737-800 WINGLETS;Lluvia;13/04/18
VLG1306;BCN;ALC;32A;Lluvia;13/04/18
EWG7521;BCN;HAM;32A;Lluvia;13/04/18
RYR3108;BCN;LUX;BOEING 737-800 WINGLETS;Lluvia;13/04/18
EWG8527;BCN;TXL;AIRBUS A320;Lluvia;13/04/18
VLG6522;BCN;BLQ;32A;Lluvia;13/04/18
VLG6514;BCN;TRN;AIRBUS A320;Lluvia;13/04/18
VLG7830;BCN;LGW;32A;Lluvia;13/04/18
BEL3714;BIO;BRU;AIRBUS A319;Lluvia moderada;13/04/18
DLH1143;BIO;FRA;AIRBUS A319;Lluvia moderada;13/04/18
IBE0439;BIO;MAD;32A;Lluvia moderada;13/04/18
VLG2700;BIO;LIS;32A;Lluvia moderada;13/04/18
EWG9519;BIO;DUS;32A;Lluvia moderada;13/04/18
DLH1893;BIO;MUC;AIRBUS A319;Lluvia moderada;13/04/18
VLG1466;BIO;ORY;32A;Lluvia moderada;13/04/18
VLG1435;BIO;BCN;AIRBUS A320;Lluvia moderada;13/04/18
AEA7154;BIO;MAD;EMBRAER ERJ-195;Lluvia moderada;13/04/18
KLM1688;BIO;AMS;BOEING 737-700 WINGLETS;Lluvia moderada;13/04/18
VLG1427;BIO;BCN;AIRBUS A320;Lluvia moderada;13/04/18
EZY1878;BIO;MAN;32A;Lluvia moderada;13/04/18
IBE0449;BIO;MAD;AIRBUS A321;Lluvia moderada;13/04/18
VOE3512;BIO;AGP;BOEING 717;Lluvia moderada;13/04/18
AFR1577;BIO;CDG;EMBRAER 190;Lluvia moderada;13/04/18
IBB663;TFN;VDE;ATR-72;Nubosidad variable;13/04/18
IBB365;LPA;VDE;ATR-72;Nubosidad variable;13/04/18
IBS2218;LPA;VDE;ATR-72;Despejado;17/04/18
CNF247;TFN;VDE;ATR-42/72;Nubosidad variable;13/04/18
IBB673;TFN;VDE;ATR-72;Nubosidad variable;13/04/18
IBB655;TFN;VDE;ATR-72;Nubosidad variable;14/04/18
IBB659;TFN;VDE;ATR-72;Nubosidad variable;14/04/18
IBB663;TFN;VDE;ATR-72;Nubosidad variable;14/04/18
IBS3875;SCQ;MAD;AIRBUS A320;Chubascos dispersos;13/04/18
EZS1338;SCQ;GVA;AIRBUS A319;Chubascos dispersos;13/04/18
RYR8539;SCQ;ALC;BOEING 737-800 WINGLETS;Chubascos dispersos;13/04/18
RYR4579;SCQ;BGY;BOEING 737-800 WINGLETS;Chubascos dispersos;13/04/18
EVE1602;SCQ;SVQ;32A;Chubascos dispersos;13/04/18
IBS3879;SCQ;MAD;AIRBUS A321;Chubascos dispersos;13/04/18
VLG1673;SCQ;BCN;AIRBUS A320;Chubascos dispersos;13/04/18
IBE8359;SCQ;BIO;CANADAIR CRJ-200;Chubascos dispersos;13/04/18
RYR5318;SCQ;MAD;BOEING 737-800 WINGLETS;Chubascos dispersos;13/04/18
VLG2654;SCQ;AGP;AIRBUS A320;Chubascos dispersos;13/04/18
RYR6380;SCQ;BCN;BOEING 737-800 WINGLETS;Chubascos dispersos;13/04/18
VLG1456;SCQ;ALC;32A;Chubascos dispersos;13/04/18
VLG1640;SCQ;FUE;AIRBUS A320;Chubascos dispersos;14/04/18
IBS3895;SCQ;MAD;32A;Chubascos dispersos;14/04/18
RYR5316;SCQ;MAD;BOEING 737-800 WINGLETS;Chubascos dispersos;14/04/18
RYR9156;SDR;CIA;BOEING 737-800 WINGLETS;Lluvia;13/04/18
IBE0557;SDR;MAD;AIRBUS A319;Lluvia;13/04/18
VLG1591;SDR;BCN;AIRBUS A320;Lluvia;13/04/18
RYR1353;SDR;RAK;BOEING 737-800 WINGLETS;Lluvia;13/04/18
RYR6058;SDR;CRL;BOEING 737-800 WINGLETS;Lluvia;13/04/18
IBE0559;SDR;MAD;AIRBUS A319;Lluvia;13/04/18
RYR2613;SDR;STN;BOEING 737-800 WINGLETS;Lluvia;13/04/18
IBE8861;SDR;MAD;BOMBARDIER CRJ-1000;Lluvia;14/04/18
RYR6385;SDR;BCN;BOEING 737-800 WINGLETS;Lluvia;14/04/18
IBE0555;SDR;MAD;AIRBUS A319;Lluvia;14/04/18
RYR4793;SDR;BGY;BOEING 737-800 WINGLETS;Lluvia;14/04/18
RYR2594;SDR;AGP;BOEING 737-800 WINGLETS;Lluvia;14/04/18
RYR2215;SDR;VLC;BOEING 737-800 WINGLETS;Lluvia;14/04/18
IBE8649;GRX;MAD;BOMBARDIER CRJ-1000;Chubascos dispersos;13/04/18
VLG2015;GRX;BCN;AIRBUS A320;Chubascos dispersos;13/04/18
IBE8643;GRX;MAD;BOMBARDIER CRJ-1000;Chubascos dispersos;13/04/18
VLG2619;GRX;BIO;32A;Chubascos dispersos;13/04/18
VLG2017;GRX;BCN;32B;Chubascos dispersos;13/04/18
IBE8639;GRX;MAD;CANADAIR CRJ-900;Chubascos dispersos;14/04/18
VLG2011;GRX;BCN;AIRBUS A320;Chubascos dispersos;14/04/18
IBE8641;GRX;MAD;BOMBARDIER CRJ-1000;Chubascos dispersos;14/04/18
VLG2021;GRX;BCN;AIRBUS A320;Chubascos dispersos;14/04/18
AEA5200;GRX;PMI;EMBRAER ERJ-195;Chubascos dispersos;14/04/18
IBE8645;GRX;MAD;BOMBARDIER CRJ-1000;Chubascos dispersos;14/04/18
VLG1579;BCN;OVD;AIRBUS A320;Lluvia;13/04/18
IBS3980;MAD;OVD;AIRBUS A320;Chubascos dispersos;13/04/18
IBE0476;MAD;OVD;AIRBUS A319;Chubascos dispersos;13/04/18
VOE3924;AGP;OVD;BOEING 717;Tormentas localmente fuertes;13/04/18
IBE0480;MAD;OVD;AIRBUS A321;Chubascos dispersos;13/04/18
VOE3830;SVQ;OVD;BOEING 717;Chubascos dispersos;13/04/18
IBE0482;MAD;OVD;AIRBUS A320;Chubascos dispersos;13/04/18
VLG1571;BCN;OVD;AIRBUS A320;Lluvia;13/04/18
VLG1573;BCN;OVD;AIRBUS A320;Lluvia;14/04/18
IBE0488;MAD;OVD;AIRBUS A320;Chubascos dispersos;14/04/18
VLG1579;BCN;OVD;AIRBUS A320;Lluvia;14/04/18
VOE3591;PMI;OVD;BOEING 717;Lluvia;14/04/18
IBE8322;MAD;EAS;ATR-72;Chubascos dispersos;13/04/18
IBE8318;MAD;EAS;ATR-72;Chubascos dispersos;13/04/18
VLG2488;BCN;EAS;AIRBUS A319;Lluvia;13/04/18
IBE8326;MAD;EAS;ATR-72;Chubascos dispersos;13/04/18
IBE8324;MAD;EAS;ATR-72;Chubascos dispersos;13/04/18
VLG2486;BCN;EAS;AIRBUS A319;Lluvia;14/04/18
IBE8314;MAD;EAS;ATR-72;Chubascos dispersos;14/04/18
IBE8316;MAD;EAS;ATR-72;Chubascos dispersos;14/04/18
AEA7315;VGO;MAD;EMBRAER ERJ-195;Chubascos dispersos;13/04/18
IBS3949;SVQ;MAD;AIRBUS A320;Chubascos dispersos;13/04/18
AEA2632;IBZ;ZAZ;BOEING 737-800 WINGLETS;Nuboso a muy nuboso;13/04/18
VLG3511;IBZ;BCN;32A;Nuboso a muy nuboso;13/04/18
IBE8115;IBZ;PMI;BOMBARDIER CRJ-1000;Nuboso a muy nuboso;13/04/18
AEA6024;IBZ;MAD;EMBRAER ERJ-195;Nuboso a muy nuboso;13/04/18
VLG8181;IBZ;ORY;32B;Nuboso a muy nuboso;13/04/18
TVF3155;IBZ;ORY;BOEING 737-800 WINGLETS;Nuboso a muy nuboso;13/04/18
AEA1707;IBZ;PMI;ATR-72;Nuboso a muy nuboso;13/04/18
RYR8147;IBZ;AGP;BOEING 737-800 WINGLETS;Nuboso a muy nuboso;13/04/18
AWC8422;IBZ;MAN;BOEING 757-200;Nuboso a muy nuboso;13/04/18
RYR8842;IBZ;BCN;BOEING 737-800 WINGLETS;Nuboso a muy nuboso;13/04/18
IBE8125;IBZ;PMI;BOMBARDIER CRJ-1000;Nuboso a muy nuboso;13/04/18
RYR4922;IBZ;HHN;BOEING 737-800 WINGLETS;Nuboso a muy nuboso;13/04/18
AEA2676;IBZ;BIO;BOEING 737-800 WINGLETS;Nuboso a muy nuboso;13/04/18
RYR2627;IBZ;MAN;BOEING 737-800 WINGLETS;Nuboso a muy nuboso;13/04/18
IBE8903;IBZ;MAD;BOMBARDIER CRJ-1000;Nuboso a muy nuboso;13/04/18
IBE8129;IBZ;PMI;CANADAIR CRJ-900;Nuboso a muy nuboso;13/04/18
IBE8437;IBZ;VLC;BOMBARDIER CRJ-1000;Nuboso a muy nuboso;13/04/18
EZY8552;MJV;LGW;AIRBUS A320;Nubosidad variable;13/04/18
RYR7843;MJV;PIK;BOEING 737-800 WINGLETS;Nubosidad variable;13/04/18
EXS524;MJV;NCL;BOEING 737-300 WINGLETS;Nubosidad variable;13/04/18
EXS822;MJV;EDI;BOEING 737-300 WINGLETS;Nubosidad variable;13/04/18
EXS864;MJV;MAN;BOEING 737-800 WINGLETS;Nubosidad variable;13/04/18
RYR8027;MJV;STN;BOEING 737-800 WINGLETS;Nubosidad variable;13/04/18
RYR2323;MJV;LBA;BOEING 737-800 WINGLETS;Nubosidad variable;13/04/18
RYR4117;MJV;MAN;BOEING 737-800 WINGLETS;Nubosidad variable;13/04/18
RYR3453;MJV;LTN;BOEING 737-800 WINGLETS;Nubosidad variable;13/04/18
RYR7095;MJV;DUB;BOEING 737-800 WINGLETS;Nubosidad variable;13/04/18
EZY8554;MJV;LGW;AIRBUS A320;Nubosidad variable;13/04/18
JAF6902;MJV;ANR;EMBRAER 190;Nubosidad variable;14/04/18
RYR2155;MJV;BHX;BOEING 737-800 WINGLETS;Nubosidad variable;14/04/18
EZY8550;MJV;LGW;AIRBUS A319;Nubosidad variable;14/04/18
EZY6014;MJV;BRS;AIRBUS A319;Nubosidad variable;14/04/18
RYR1925;MJV;EMA;BOEING 737-800 WINGLETS;Nubosidad variable;14/04/18
RYR9211;GRO;FKB;BOEING 737-800 WINGLETS;Lluvia;13/04/18
RYR9911;GRO;BOH;BOEING 737-800 WINGLETS;Lluvia;13/04/18
RYR3769;GRO;LTN;BOEING 737-800 WINGLETS;Lluvia;13/04/18
RYR8047;GRO;BHX;BOEING 737-800 WINGLETS;Lluvia;13/04/18
RYR4275;GRO;FRA;BOEING 737-800 WINGLETS;Lluvia;13/04/18
ANE2034;GRO;SVQ;BOMBARDIER CRJ-1000;Lluvia;14/04/18
RYR9123;GRO;EIN;BOEING 737-800 WINGLETS;Lluvia;14/04/18
RYR3213;GRO;MAN;BOEING 737-800 WINGLETS;Lluvia;14/04/18
RYR2344;GRO;NCL;BOEING 737-800 WINGLETS;Lluvia;14/04/18
RYR9803;GRO;STN;BOEING 737-800 WINGLETS;Lluvia;14/04/18
RYR4125;GRO;HHN;BOEING 737-800 WINGLETS;Lluvia;14/04/18
RYR6391;GRO;NRN;BOEING 737-800 WINGLETS;Lluvia;14/04/18
RYR9241;GRO;PSA;BOEING 737-800 WINGLETS;Lluvia;14/04/18
RYR9107;GRO;BVA;BOEING 737-800 WINGLETS;Lluvia;14/04/18
RYR6901;GRO;CRL;BOEING 737-800 WINGLETS;Lluvia;14/04/18
RYR9012;GRO;MLA;BOEING 737-800 WINGLETS;Lluvia;14/04/18
RYR6911;GRO;MST;BOEING 737-800 WINGLETS;Lluvia;14/04/18
RYR9375;GRO;TLL;BOEING 737-800 WINGLETS;Lluvia;14/04/18
TCX1067;TFS;STN;AIRBUS A321;Nubosidad variable;13/04/18
TOM5545;TFS;LTN;BOEING 737-800 WINGLETS;Nubosidad variable;13/04/18
TOM2571;TFS;MAN;BOEING 757-200  WINGLETS;Nubosidad variable;13/04/18
TOM1581;TFS;DUB;BOEING 737-800 WINGLETS;Nubosidad variable;13/04/18
IBS3911;TFS;MAD;AIRBUS A320;Nubosidad variable;13/04/18
TOM1553;TFS;EDI;BOEING 737-800 WINGLETS;Nubosidad variable;13/04/18
MYX426;TFS;RIX;AIRBUS A320;Nubosidad variable;13/04/18
IBK6372;TFS;AGP;BOEING 737-800 WINGLETS;Nubosidad variable;13/04/18
TCX1981;TFS;BFS;32B;Nubosidad variable;13/04/18
EXS634;TFS;EMA;BOEING 737-800 WINGLETS;Nubosidad variable;13/04/18
TCX1223;TFS;BHX;AIRBUS A321;Nubosidad variable;13/04/18
MYX572;TFS;TLL;AIRBUS A320;Nubosidad variable;13/04/18
EXS518;TFS;NCL;BOEING 737-800 WINGLETS;Nubosidad variable;13/04/18
EXS918;TFS;MAN;BOEING 737-800 WINGLETS;Nubosidad variable;13/04/18
TOM2585;TFS;MAN;BOEING 757-200  WINGLETS;Nubosidad variable;13/04/18
JAF5114;TFS;BRU;BOEING 767-300 WINGLETS;Nubosidad variable;13/04/18
EXS156;TFS;GLA;BOEING 737-800 WINGLETS;Nubosidad variable;13/04/18
EXS224;TFS;LBA;BOEING 757-200;Nubosidad variable;13/04/18
GMI5193;TFS;FMO;AIRBUS A319;Nubosidad variable;13/04/18
VLG1299;SVQ;LCG;AIRBUS A320;Chubascos dispersos;13/04/18
AEA7235;MAD;LCG;EMBRAER ERJ-195;Chubascos dispersos;13/04/18
IBE0524;MAD;LCG;AIRBUS A320;Chubascos dispersos;13/04/18
VLG1294;BCN;LCG;32A;Lluvia;13/04/18
VLG1275;VLC;LCG;32A;Nubosidad variable;13/04/18
AEA7237;MAD;LCG;EMBRAER ERJ-195;Chubascos dispersos;13/04/18
IBE0522;MAD;LCG;AIRBUS A320;Chubascos dispersos;13/04/18
VLG1290;BCN;LCG;AIRBUS A320;Lluvia;13/04/18
JAF5628;FUE;TLS;BOEING 737-800 WINGLETS;Nubosidad variable;13/04/18
ARZ8514;FUE;DUS;BOEING 757;Nubosidad variable;13/04/18
VLG3015;FUE;BCN;32A;Nubosidad variable;13/04/18
IBB223;FUE;LPA;ATR-42/72;Nubosidad variable;13/04/18
LLX5852;FUE;PAD;AIRBUS A320;Nubosidad variable;13/04/18
IBS3907;FUE;MAD;AIRBUS A320;Nubosidad variable;13/04/18
IBB417;FUE;TFN;ATR-42/72;Nubosidad variable;13/04/18
SXD2836;FUE;STR;BOEING 737-800 WINGLETS;Nubosidad variable;13/04/18
EXS1452;FUE;STN;BOEING 737-800 WINGLETS;Nubosidad variable;13/04/18
GMI4923;FUE;TXL;BOEING 737-700 WINGLETS;Nubosidad variable;13/04/18
IBB213;FUE;LPA;ATR-42/72;Nubosidad variable;13/04/18
TCX1725;FUE;MAN;AIRBUS A321;Nubosidad variable;13/04/18
EXS746;FUE;EDI;BOEING 737-800 WINGLETS;Nubosidad variable;13/04/18
IBB217;FUE;LPA;ATR-72;Nubosidad variable;13/04/18
IBB221;FUE;LPA;ATR-42/72;Nubosidad variable;13/04/18
IBB421;FUE;TFN;ATR-42/72;Nubosidad variable;13/04/18
CNF850;FUE;LPA;ATR-42/72;Nubosidad variable;13/04/18
TUI2117;FUE;DUS;BOEING 737-700;Nubosidad variable;13/04/18
TUI2139;FUE;FRA;BOEING 737-700 WINGLETS;Nubosidad variable;13/04/18
IBB219;FUE;LPA;ATR-42/72;Nubosidad variable;13/04/18
VOE3842;AGP;BOD;AIRBUS A319;Tormentas localmente fuertes;13/04/18
RYR6387;AGP;BCN;BOEING 737-800 WINGLETS;Tormentas localmente fuertes;13/04/18
VLG2124;AGP;BCN;32B;Tormentas localmente fuertes;13/04/18
RYR4057;AGP;HAM;BOEING 737-800 WINGLETS;Tormentas localmente fuertes;13/04/18
EXS134;AGP;GLA;BOEING 737-800 WINGLETS;Tormentas localmente fuertes;13/04/18
IBK5052;AGP;ARN;BOEING 737-800 WINGLETS;Tormentas localmente fuertes;13/04/18
IBE8276;AGP;MLN;ATR-72;Tormentas localmente fuertes;13/04/18
EXS186;AGP;LBA;BOEING 737-300 WINGLETS;Tormentas localmente fuertes;13/04/18
EXS810;AGP;MAN;BOEING 757-200;Tormentas localmente fuertes;13/04/18
RYR4047;AGP;CPH;BOEING 737-800 WINGLETS;Tormentas localmente fuertes;13/04/18
RYR2551;AGP;HAU;BOEING 737-800 WINGLETS;Tormentas localmente fuertes;13/04/18
TVF3165;AGP;ORY;BOEING 737-800 WINGLETS;Tormentas localmente fuertes;13/04/18
EZY1964;AGP;MAN;AIRBUS A319;Tormentas localmente fuertes;13/04/18
IBK5022;AGP;OSL;BOEING 737-800 WINGLETS;Tormentas localmente fuertes;13/04/18
SWR2115;AGP;ZRH;AIRBUS A320;Tormentas localmente fuertes;13/04/18
RYR7055;AGP;DUB;BOEING 737-800 WINGLETS;Tormentas localmente fuertes;13/04/18
DLH1835;AGP;MUC;AIRBUS A321;Tormentas localmente fuertes;13/04/18
EIN885;AGP;ORK;AIRBUS A320;Tormentas localmente fuertes;13/04/18
EZY8902;AGP;LGW;AIRBUS A319;Tormentas localmente fuertes;13/04/18
AFL2621;AGP;SVO;BOEING 737-800;Tormentas localmente fuertes;13/04/18
RYR5670;AGP;EIN;BOEING 737-800 WINGLETS;Tormentas localmente fuertes;13/04/18
RYR4469;AGP;EMA;BOEING 737-800 WINGLETS;Tormentas localmente fuertes;13/04/18
VLG8366;AGP;AMS;AIRBUS A320;Tormentas localmente fuertes;13/04/18
IBE8790;MAD;MLN;ATR-72;Chubascos dispersos;13/04/18
IBE8276;AGP;MLN;ATR-72;Tormentas localmente fuertes;13/04/18
AEA5005;AGP;MLN;ATR-72;Tormentas localmente fuertes;13/04/18
IBE8270;AGP;MLN;ATR-72;Tormentas localmente fuertes;13/04/18
IBE8798;MAD;MLN;ATR-72;Chubascos dispersos;13/04/18
IBE8272;AGP;MLN;ATR-72;Tormentas localmente fuertes;13/04/18
AEA5001;AGP;MLN;ATR-72;Tormentas localmente fuertes;14/04/18
IBE8262;AGP;MLN;ATR-72;Tormentas localmente fuertes;14/04/18
IBE8792;MAD;MLN;ATR-72;Chubascos dispersos;14/04/18
IBE8268;AGP;MLN;ATR-72;Tormentas localmente fuertes;14/04/18
IBE8264;AGP;MLN;ATR-72;Tormentas localmente fuertes;14/04/18
RYR2054;PMI;MAD;BOEING 737-800 WINGLETS;Lluvia;13/04/18
EXS602;PMI;EMA;BOEING 737-800 WINGLETS;Lluvia;13/04/18
LDM317;PMI;FRA;AIRBUS A320;Lluvia;13/04/18
TUI2315;PMI;HAJ;BOEING 737-800 WINGLETS;Lluvia;13/04/18
EWG593;PMI;CGN;AIRBUS A320;Lluvia;13/04/18
EZY5816;PMI;TXL;AIRBUS A320;Lluvia;13/04/18
AEA1297;PMI;ORY;EMBRAER ERJ-195;Lluvia;13/04/18
ANE8212;PMI;LEI;CANADAIR CRJ-200;Lluvia;13/04/18
EZY6714;PMI;BFS;AIRBUS A319;Lluvia;13/04/18
RYR5198;PMI;MRS;BOEING 737-800 WINGLETS;Lluvia;13/04/18
VLG2901;PMI;AMS;AIRBUS A320;Lluvia;13/04/18
EWG6802;PMI;DRS;AIRBUS A320;Lluvia;13/04/18
EZY1516;PMI;GVA;32A;Lluvia;13/04/18
LGL618;PMI;LUX;BOEING 737-800 WINGLETS;Lluvia;13/04/18
EWG8597;PMI;TXL;BOEING 737-800 WINGLETS;Lluvia;13/04/18
EZY8626;PMI;LGW;32A;Lluvia;13/04/18
IBK6622;PMI;OSL;BOEING 737-800 WINGLETS;Lluvia;13/04/18
VLG2858;PMI;ORY;32A;Lluvia;13/04/18
ANE8633;PMI;VLC;BOMBARDIER CRJ-1000;Lluvia;13/04/18
EWG9581;PMI;DUS;AIRBUS A321;Lluvia;13/04/18
AEA6066;PMI;MAD;BOEING 737-800 WINGLETS;Lluvia;13/04/18
IBB622;SPC;TFN;ATR-42/72;Nubosidad variable;13/04/18
IBS3843;SPC;MAD;AIRBUS A320;Nubosidad variable;13/04/18
IBB630;SPC;TFN;ATR-42/72;Nubosidad variable;13/04/18
CNF453;SPC;TFN;ATR-72;Nubosidad variable;13/04/18
IBB632;SPC;TFN;ATR-42/72;Nubosidad variable;13/04/18
AEA9466;SPC;TFN;ATR-72;Nubosidad variable;13/04/18
IBB634;SPC;TFN;ATR-42/72;Nubosidad variable;13/04/18
PRW254;SPC;JYV;BOEING 737-800 WINGLETS;Nubosidad variable;13/04/18
IBB636;SPC;TFN;ATR-42/72;Nubosidad variable;13/04/18
IBB316;SPC;LPA;ATR-72;Nubosidad variable;13/04/18
AEA9480;SPC;TFN;ATR-72;Nubosidad variable;13/04/18
TRA5642;SPC;AMS;BOEING 737-700 WINGLETS;Nubosidad variable;13/04/18
IBB638;SPC;TFN;ATR-42/72;Nubosidad variable;13/04/18
IBB626;SPC;TFN;ATR-42/72;Nubosidad variable;13/04/18
IBB312;SPC;LPA;ATR-72;Nubosidad variable;13/04/18
IBB640;SPC;TFN;ATR-42/72;Nubosidad variable;13/04/18
CNF468;SPC;TFN;ATR-72;Nubosidad variable;13/04/18
AEA9468;SPC;TFN;ATR-72;Nubosidad variable;13/04/18
IBB642;SPC;TFN;ATR-72;Nubosidad variable;13/04/18
IBB318;SPC;LPA;BOMBARDIER CRJ-1000;Nubosidad variable;13/04/18
IBB604;SPC;TFN;ATR-42/72;Nubosidad variable;14/04/18
IBB606;SPC;TFN;ATR-72;Nubosidad variable;14/04/18
IBE2282;SPC;TFN;ATR-72;Nubosidad variable;14/04/18
LLX5052;LPA;ACE;AIRBUS A321;Nubosidad variable;13/04/18
VLG3069;LPA;AGP;AIRBUS A320;Nubosidad variable;13/04/18
IBB145;LPA;TFN;ATR-72;Nubosidad variable;13/04/18
IBB514;LPA;ACE;ATR-72;Nubosidad variable;13/04/18
AEA9417;LPA;TFN;ATR-72;Nubosidad variable;13/04/18
JTG738;LPA;SDL;BOEING 737-700 WINGLETS;Nubosidad variable;13/04/18
SXD4510;LPA;DUS;BOEING 737-800;Nubosidad variable;13/04/18
DK1159;LPA;CPH;32B;Nubosidad variable;13/04/18
IBB212;LPA;FUE;ATR-72;Nubosidad variable;13/04/18
TAP1119;LPA;LIS;EMBRAER 190;Nubosidad variable;13/04/18
JTG724;LPA;NRK;BOEING 737-800 WINGLETS;Nubosidad variable;13/04/18
DK1733;LPA;ARN;AIRBUS A330-300;Nubosidad variable;13/04/18
IBB147;LPA;TFN;BOMBARDIER CRJ-1000;Nubosidad variable;13/04/18
IBS3823;LPA;MAD;AIRBUS A321;Nubosidad variable;13/04/18
TOM8107;LPA;DUS;BOEING 737-800 WINGLETS;Nubosidad variable;13/04/18
IBB365;LPA;VDE;ATR-72;Nubosidad variable;13/04/18
JTG914;LPA;HEL;BOEING 737-800 WINGLETS;Nubosidad variable;13/04/18
DK1509;LPA;TRD;AIRBUS A330-300;Nubosidad variable;13/04/18
VLG6586;LPA;ZRH;AIRBUS A320;Nubosidad variable;13/04/18
LLP8052;LPA;WAW;AIRBUS A320;Nubosidad variable;13/04/18
JTG632;ACE;BLL;BOEING 737-700 WINGLETS;Nubosidad variable;13/04/18
IBB507;ACE;LPA;ATR-72;Nubosidad variable;13/04/18
LLX5052;LPA;ACE;AIRBUS A321;Nubosidad variable;13/04/18
IBS3857;ACE;MAD;AIRBUS A320;Nubosidad variable;13/04/18
JTG218;ACE;CPH;BOEING 737-800 WINGLETS;Nubosidad variable;13/04/18
CNF730;ACE;LPA;ATR-42/72;Nubosidad variable;13/04/18
BLX660;ACE;HEL;BOEING 737-800 WINGLETS;Nubosidad variable;13/04/18
IBB455;ACE;TFN;ATR-42/72;Nubosidad variable;13/04/18
BLX272;ACE;MMX;BOEING 737-800 WINGLETS;Nubosidad variable;13/04/18
BLX284;ACE;GOT;BOEING 737-800 WINGLETS;Nubosidad variable;13/04/18
BLX276;ACE;ARN;7M8;Nubosidad variable;13/04/18
DK1105;ACE;CPH;32B;Nubosidad variable;13/04/18
IBB511;ACE;LPA;ATR-42/72;Nubosidad variable;13/04/18
BLX638;ACE;OSL;BOEING 737-800 WINGLETS;Nubosidad variable;13/04/18
EXS1402;ACE;STN;BOEING 737-800 WINGLETS;Nubosidad variable;13/04/18
EXS546;ACE;NCL;BOEING 737-800 WINGLETS;Nubosidad variable;13/04/18
EXS168;ACE;GLA;BOEING 737-800 WINGLETS;Nubosidad variable;13/04/18
VLG2473;ACE;BCN;32B;Nubosidad variable;13/04/18
RYR1191;SVQ;HAM;BOEING 737-800 WINGLETS;Chubascos dispersos;13/04/18
MYX8642;SVQ;CDG;AIRBUS A320;Chubascos dispersos;13/04/18
TAP1105;SVQ;LIS;BOEING 737-400;Chubascos dispersos;13/04/18
RYR1188;SVQ;FMM;BOEING 737-800 WINGLETS;Chubascos dispersos;13/04/18
VLG2221;SVQ;BCN;AIRBUS A320;Chubascos dispersos;13/04/18
VOE3529;SVQ;BIO;BOEING 717;Chubascos dispersos;13/04/18
RYR5272;SVQ;PMI;BOEING 737-800 WINGLETS;Chubascos dispersos;13/04/18
RYR2208;SVQ;VLC;BOEING 737-800 WINGLETS;Chubascos dispersos;13/04/18
EZY8176;SVQ;LGW;AIRBUS A319;Chubascos dispersos;13/04/18
VLG3964;SVQ;VLC;AIRBUS A320;Chubascos dispersos;13/04/18
RYR4371;SVQ;MAN;BOEING 737-800 WINGLETS;Chubascos dispersos;13/04/18
RYR8364;SVQ;STN;BOEING 737-800 WINGLETS;Chubascos dispersos;13/04/18
IBE8847;SVQ;VLC;CANADAIR CRJ-900;Chubascos dispersos;13/04/18
VLG8832;SVQ;CDG;AIRBUS A320;Chubascos dispersos;13/04/18
IBS3951;SVQ;MAD;AIRBUS A320;Chubascos dispersos;13/04/18
VLG3046;SVQ;LPA;AIRBUS A320;Chubascos dispersos;13/04/18
RYR5262;SVQ;BVA;BOEING 737-800 WINGLETS;Chubascos dispersos;13/04/18
RYR1567;SVQ;FRA;BOEING 737-800 WINGLETS;Chubascos dispersos;13/04/18
VLG2215;SVQ;BCN;BOEING 737-800 WINGLETS;Chubascos dispersos;13/04/18
RYR9078;ALC;LBA;BOEING 737-800 WINGLETS;Nubosidad variable;13/04/18
DAH2005;ALC;ALG;BOEING 737-600;Nubosidad variable;13/04/18
EXS584;ALC;NCL;BOEING 737-800 WINGLETS;Nubosidad variable;13/04/18
ANE8607;ALC;PMI;CANADAIR CRJ-200;Nubosidad variable;13/04/18
RYR7063;ALC;DUB;BOEING 737-800 WINGLETS;Nubosidad variable;13/04/18
SBI876;ALC;DME;AIRBUS A321;Nubosidad variable;13/04/18
RYR2714;ALC;LGW;BOEING 737-800 WINGLETS;Nubosidad variable;13/04/18
EVE1119;ALC;SCQ;32A;Nubosidad variable;13/04/18
EXS178;ALC;GLA;BOEING 737-800 WINGLETS;Nubosidad variable;13/04/18
TAP1123;ALC;LIS;ATR-42/72;Nubosidad variable;13/04/18
TRA6150;ALC;AMS;BOEING 737-800 WINGLETS;Nubosidad variable;13/04/18
EZS1086;ALC;BSL;AIRBUS A320;Nubosidad variable;13/04/18
RYR9069;ALC;TRF;BOEING 737-800 WINGLETS;Nubosidad variable;13/04/18
IBK5322;ALC;OSL;BOEING 737-800 WINGLETS;Nubosidad variable;13/04/18
RYR8975;ALC;STN;BOEING 737-800 WINGLETS;Nubosidad variable;13/04/18
PRW108;ALC;KEF;BOEING 737-800 WINGLETS;Nubosidad variable;13/04/18
VLG3936;ALC;PMI;32A;Nubosidad variable;13/04/18
BAW2631;ALC;LGW;AIRBUS A320;Nubosidad variable;13/04/18
IBK5330;ALC;TRF;BOEING 737-800 WINGLETS;Nubosidad variable;13/04/18
RYR1424;ALC;MXP;BOEING 737-800 WINGLETS;Nubosidad variable;13/04/18
VLG1451;ALC;BIO;32A;Nubosidad variable;13/04/18
IBK5390;ALC;KEF;BOEING 737-800 WINGLETS;Nubosidad variable;13/04/18
IBB116;TFN;LPA;ATR-72;Nubosidad variable;13/04/18
IBS3937;TFN;MAD;AIRBUS A320;Nubosidad variable;13/04/18
IBB158;TFN;LPA;ATR-42/72;Nubosidad variable;13/04/18
IBB629;TFN;SPC;ATR-42/72;Nubosidad variable;13/04/18
IBB663;TFN;VDE;ATR-72;Nubosidad variable;13/04/18
AEA2682;TFN;BCN;BOEING 737-800 WINGLETS;Nubosidad variable;13/04/18
VLG3255;TFN;SVQ;AIRBUS A320;Nubosidad variable;13/04/18
CNF452;TFN;SPC;ATR-72;Nubosidad variable;13/04/18
IBB148;TFN;LPA;ATR-72;Nubosidad variable;13/04/18
AEA9418;TFN;LPA;ATR-72;Nubosidad variable;13/04/18
AEA9049;TFN;MAD;BOEING 737-800 WINGLETS;Nubosidad variable;13/04/18
IBB631;TFN;SPC;ATR-42/72;Nubosidad variable;13/04/18
IBB160;TFN;LPA;BOMBARDIER CRJ-1000;Nubosidad variable;13/04/18
VLG3217;TFN;BCN;32B;Nubosidad variable;13/04/18
AEA9465;TFN;SPC;ATR-72;Nubosidad variable;13/04/18
IBB420;TFN;FUE;ATR-42/72;Nubosidad variable;13/04/18
IBB172;TFN;LPA;ATR-72;Nubosidad variable;13/04/18
IBB456;TFN;ACE;ATR-42/72;Nubosidad variable;13/04/18
VLG2286;BCN;XRY;32A;Lluvia;13/04/18
RYR1283;BCN;XRY;BOEING 737-800 WINGLETS;Lluvia;13/04/18
IBE0404;MAD;XRY;AIRBUS A319;Chubascos dispersos;13/04/18
IBE0406;MAD;XRY;AIRBUS A320;Chubascos dispersos;13/04/18
IBE0410;MAD;XRY;AIRBUS A319;Chubascos dispersos;14/04/18
VLG2614;BIO;XRY;AIRBUS A320;Lluvia moderada;14/04/18
VLG2286;BCN;XRY;AIRBUS A320;Lluvia;14/04/18
AEA7300;MAD;VGO;EMBRAER ERJ-195;Chubascos dispersos;13/04/18
IBE0534;MAD;VGO;AIRBUS A319;Chubascos dispersos;13/04/18
RYR245;BCN;VGO;BOEING 737-800 WINGLETS;Lluvia;13/04/18
AEA2727;BCN;VGO;BOEING 737-800 WINGLETS;Lluvia;13/04/18
AEA7306;MAD;VGO;EMBRAER ERJ-195;Chubascos dispersos;13/04/18
VLG1704;BCN;VGO;AIRBUS A319;Lluvia;13/04/18
IBE0536;MAD;VGO;AIRBUS A319;Chubascos dispersos;13/04/18
IBE8491;MAH;PMI;CANADAIR CRJ-900;Lluvia débil;13/04/18
IBE8499;MAH;PMI;ATR-42/72;Lluvia débil;13/04/18
RYR7402;MAH;VLC;BOEING 737-800 WINGLETS;Lluvia débil;13/04/18
AEA4530;MAH;PMI;ATR-72;Lluvia débil;13/04/18
IBE8493;MAH;PMI;ATR-42/72;Lluvia débil;13/04/18
RYR6882;MAH;BCN;BOEING 737-800 WINGLETS;Lluvia débil;13/04/18
IBE8027;MAH;MAD;BOMBARDIER CRJ-1000;Lluvia débil;13/04/18
VLG3701;MAH;BCN;32A;Lluvia débil;13/04/18
IBE8487;MAH;PMI;ATR-42/72;Lluvia débil;13/04/18
RYR2076;MAH;EMA;BOEING 737-800 WINGLETS;Lluvia débil;13/04/18
IBE8481;MAH;PMI;CANADAIR CRJ-900;Lluvia débil;14/04/18
IBE8951;MAH;MAD;BOMBARDIER CRJ-1000;Lluvia débil;14/04/18
AAL8615;MAH;MAD;BOMBARDIER CRJ-1000;Lluvia débil;14/04/18
IBE8495;MAH;PMI;ATR-72;Lluvia débil;14/04/18
VLG3713;MAH;BCN;AIRBUS A320;Lluvia débil;14/04/18
IBE8483;MAH;PMI;BOMBARDIER CRJ-1000;Lluvia débil;14/04/18
VLG3715;MAH;BCN;AIRBUS A320;Lluvia débil;14/04/18
IBE0446;MAD;BIO;32A;Chubascos dispersos;13/04/18
VLG3969;VLC;BIO;32A;Nubosidad variable;13/04/18
VLG3261;TFN;BIO;AIRBUS A320;Nubosidad variable;13/04/18
AEA7153;MAD;BIO;EMBRAER ERJ-195;Chubascos dispersos;13/04/18
IBE0438;MAD;BIO;AIRBUS A321;Chubascos dispersos;13/04/18
VLG1426;BCN;BIO;AIRBUS A320;Lluvia;13/04/18
RYR2897;PMI;BCN;BOEING 737-800 WINGLETS;Lluvia;13/04/18
AEA6060;PMI;BCN;BOEING 737-800 WINGLETS;Lluvia;13/04/18
VLG3905;PMI;BCN;32A;Lluvia;13/04/18
RYR7677;VLC;CIA;BOEING 737-800 WINGLETS;Nubosidad variable;13/04/18
RYR2207;VLC;SVQ;BOEING 737-800 WINGLETS;Nubosidad variable;13/04/18
SWR2143;VLC;ZRH;AIRBUS A321;Nubosidad variable;13/04/18
VLG3965;VLC;SVQ;AIRBUS A320;Nubosidad variable;13/04/18
RYR6422;VLC;BLQ;BOEING 737-800 WINGLETS;Nubosidad variable;13/04/18
EWG9539;VLC;DUS;32A;Nubosidad variable;13/04/18
IBE8846;VLC;SVQ;CANADAIR CRJ-900;Nubosidad variable;13/04/18
RYR4441;VLC;BRS;BOEING 737-800 WINGLETS;Nubosidad variable;13/04/18
TVF3175;VLC;ORY;BOEING 737-800 WINGLETS;Nubosidad variable;13/04/18
RYR7401;VLC;MAH;BOEING 737-800 WINGLETS;Nubosidad variable;13/04/18
WZZ3568;VLC;TSR;AIRBUS A320;Nubosidad variable;13/04/18
TRA6332;VLC;AMS;Sin especificar;Nubosidad variable;13/04/18
VLG1275;VLC;LCG;32A;Nubosidad variable;13/04/18
ANE5178;VLC;LIL;CANADAIR CRJ-200;Nubosidad variable;13/04/18
AEA4014;VLC;PMI;ATR-72;Nubosidad variable;13/04/18
RYR9326;VLC;PSA;BOEING 737-800 WINGLETS;Nubosidad variable;13/04/18
BAW2795;VLC;LGW;AIRBUS A319;Nubosidad variable;13/04/18
KLM1504;VLC;AMS;BOEING 737-800 WINGLETS;Nubosidad variable;13/04/18
THY1314;VLC;IST;BOEING 737-800 WINGLETS;Nubosidad variable;13/04/18
IBE8434;VLC;IBZ;BOMBARDIER CRJ-1000;Nubosidad variable;13/04/18
DLH1831;VLC;MUC;AIRBUS A320;Nubosidad variable;13/04/18
IBE8212;PMI;LEI;CANADAIR CRJ-200;Despejado;17/04/18
IBE8592;MAD;LEI;BOMBARDIER CRJ-1000;Chubascos dispersos;13/04/18
IBE8588;MAD;LEI;CANADAIR CRJ-200;Chubascos dispersos;13/04/18
IBE8933;SVQ;LEI;CANADAIR CRJ-200;Chubascos dispersos;13/04/18
IBE8600;MAD;LEI;BOMBARDIER CRJ-1000;Chubascos dispersos;13/04/18
IBE8594;MAD;LEI;CANADAIR CRJ-900;Chubascos dispersos;14/04/18
VLG1251;BCN;LEI;AIRBUS A320;Lluvia;14/04/18
IBE8598;MAD;LEI;CANADAIR CRJ-200;Chubascos dispersos;14/04/18
IBE8642;MAD;GRX;BOMBARDIER CRJ-1000;Chubascos dispersos;13/04/18
VLG2014;BCN;GRX;AIRBUS A320;Lluvia;13/04/18
IBE8644;MAD;GRX;BOMBARDIER CRJ-1000;Chubascos dispersos;13/04/18
VLG2618;BIO;GRX;32A;Lluvia moderada;13/04/18
VLG2016;BCN;GRX;32B;Lluvia;13/04/18
IBE8648;MAD;GRX;CANADAIR CRJ-900;Chubascos dispersos;13/04/18
VLG2010;BCN;GRX;AIRBUS A321;Lluvia;14/04/18
IBE8640;MAD;GRX;BOMBARDIER CRJ-1000;Chubascos dispersos;14/04/18
VLG2020;BCN;GRX;AIRBUS A320;Lluvia;14/04/18
AEA5201;PMI;GRX;EMBRAER ERJ-195;Lluvia;14/04/18
IBE8646;MAD;GRX;BOMBARDIER CRJ-1000;Chubascos dispersos;14/04/18
IBE0556;MAD;SDR;AIRBUS A319;Chubascos dispersos;13/04/18
VLG1590;BCN;SDR;AIRBUS A320;Lluvia;13/04/18
IBE0558;MAD;SDR;AIRBUS A319;Chubascos dispersos;13/04/18
IBE8878;MAD;SDR;BOMBARDIER CRJ-1000;Chubascos dispersos;13/04/18
RYR6384;BCN;SDR;BOEING 737-800 WINGLETS;Lluvia;14/04/18
IBE0554;MAD;SDR;AIRBUS A319;Chubascos dispersos;14/04/18
RYR2593;AGP;SDR;BOEING 737-800 WINGLETS;Tormentas localmente fuertes;14/04/18
RYR2214;VLC;SDR;BOEING 737-800 WINGLETS;Nubosidad variable;14/04/18
AEA6025;MAD;IBZ;EMBRAER ERJ-195;Chubascos dispersos;13/04/18
RYR8146;AGP;IBZ;BOEING 737-800 WINGLETS;Tormentas localmente fuertes;13/04/18
RYR8841;BCN;IBZ;BOEING 737-800 WINGLETS;Lluvia;13/04/18
IBE8124;PMI;IBZ;BOMBARDIER CRJ-1000;Despejado;17/04/18
AEA2631;ZAZ;IBZ;BOEING 737-800 WINGLETS;Chubascos dispersos;13/04/18
IBE8902;MAD;IBZ;BOMBARDIER CRJ-1000;Chubascos dispersos;13/04/18
IBE8128;PMI;IBZ;CANADAIR CRJ-900;Despejado;17/04/18
VLG3516;BCN;IBZ;32B;Lluvia;13/04/18
IBE8434;VLC;IBZ;BOMBARDIER CRJ-1000;Nubosidad variable;13/04/18
IBE8906;ALC;IBZ;CANADAIR CRJ-900;Despejado;17/04/18
IBE8114;PMI;IBZ;BOMBARDIER CRJ-1000;Despejado;17/04/18
IBE8275;MLN;AGP;ATR-72;Chubascos dispersos;13/04/18
VLG1628;OVD;AGP;AIRBUS A320;Lluvia;13/04/18
AEA5039;MAD;AGP;ATR-72;Chubascos dispersos;13/04/18
RYR8538;ALC;SCQ;BOEING 737-800 WINGLETS;Nubosidad variable;13/04/18
EVE1119;ALC;SCQ;32A;Nubosidad variable;13/04/18
IBS3878;MAD;SCQ;AIRBUS A321;Chubascos dispersos;13/04/18
VLG1676;BCN;SCQ;AIRBUS A320;Lluvia;13/04/18
VLG1672;BCN;SCQ;AIRBUS A320;Lluvia;13/04/18
IBE8358;BIO;SCQ;CANADAIR CRJ-200;Lluvia moderada;13/04/18
VLG2655;AGP;SCQ;AIRBUS A320;Tormentas localmente fuertes;13/04/18
RYR5317;MAD;SCQ;BOEING 737-800 WINGLETS;Chubascos dispersos;13/04/18
RYR6381;BCN;SCQ;BOEING 737-800 WINGLETS;Lluvia;13/04/18
VLG1457;ALC;SCQ;32A;Nubosidad variable;13/04/18
IBS3894;MAD;SCQ;32A;Chubascos dispersos;13/04/18
RYR6332;BCN;SCQ;BOEING 737-800 WINGLETS;Lluvia;14/04/18
IBS3876;MAD;SCQ;AIRBUS A320;Chubascos dispersos;14/04/18
IBS3946;MAD;TFN;AIRBUS A320;Chubascos dispersos;13/04/18
IBB145;LPA;TFN;ATR-72;Nubosidad variable;13/04/18
IBB620;SPC;TFN;ATR-72;Nubosidad variable;13/04/18
IBB471;ACE;TFN;ATR-72;Nubosidad variable;13/04/18
VLG3254;SVQ;TFN;AIRBUS A320;Chubascos dispersos;13/04/18
AEA9118;MAD;TFN;BOEING 737-800 WINGLETS;Chubascos dispersos;13/04/18
AEA9417;LPA;TFN;ATR-72;Nubosidad variable;13/04/18
VLG3216;BCN;TFN;32B;Lluvia;13/04/18
IBB622;SPC;TFN;ATR-42/72;Nubosidad variable;13/04/18
IBB147;LPA;TFN;BOMBARDIER CRJ-1000;Nubosidad variable;13/04/18
IBB417;FUE;TFN;ATR-42/72;Nubosidad variable;13/04/18
IBB455;ACE;TFN;ATR-42/72;Nubosidad variable;13/04/18
IBK6375;BCN;TFN;BOEING 737-800 WINGLETS;Lluvia;13/04/18
IBB149;TFN;LPA;ATR-72;Nubosidad variable;13/04/18
AEA5404;AGP;TFN;BOEING 737-800 WINGLETS;Tormentas localmente fuertes;13/04/18
CNF653;LPA;TFN;ATR-72;Nubosidad variable;13/04/18
IBB416;TFN;FUE;ATR-42/72;Nubosidad variable;13/04/18
IBB212;LPA;FUE;ATR-72;Nubosidad variable;13/04/18
IBB216;LPA;FUE;ATR-72;Nubosidad variable;13/04/18
IBB214;LPA;FUE;ATR-72;Nubosidad variable;13/04/18
IBB420;TFN;FUE;ATR-42/72;Nubosidad variable;13/04/18
IBB220;LPA;FUE;ATR-72;Nubosidad variable;13/04/18
AEA9435;LPA;FUE;ATR-72;Nubosidad variable;13/04/18
IBB418;TFN;FUE;ATR-42/72;Nubosidad variable;13/04/18
IBB224;LPA;FUE;BOMBARDIER CRJ-1000;Nubosidad variable;13/04/18
CNF374;TFN;FUE;ATR-42/72;Nubosidad variable;13/04/18
IBB228;LPA;FUE;ATR-72;Nubosidad variable;13/04/18
IBB428;TFN;FUE;ATR-72;Nubosidad variable;13/04/18
EVE1120;SCQ;ALC;32A;Chubascos dispersos;13/04/18
VLG1306;BCN;ALC;32A;Lluvia;13/04/18
AEA4049;MAD;ALC;ATR-72;Chubascos dispersos;13/04/18
IBE8498;PMI;MAH;ATR-42/72;Despejado;17/04/18
RYR7401;VLC;MAH;BOEING 737-800 WINGLETS;Nubosidad variable;13/04/18
AEA4531;PMI;MAH;ATR-72;Lluvia;13/04/18
IBE8490;PMI;MAH;ATR-42/72;Despejado;17/04/18
RYR6881;BCN;MAH;BOEING 737-800 WINGLETS;Lluvia;13/04/18
IBE8026;MAD;MAH;BOMBARDIER CRJ-1000;Chubascos dispersos;13/04/18
VLG3700;BCN;MAH;32A;Lluvia;13/04/18
IBE8492;PMI;MAH;ATR-42/72;Despejado;17/04/18
IBE8496;PMI;MAH;CANADAIR CRJ-900;Despejado;17/04/18
VLG3718;BCN;MAH;32B;Lluvia;13/04/18
IBE8954;MAD;MAH;BOMBARDIER CRJ-1000;Chubascos dispersos;13/04/18
IBE8494;PMI;MAH;ATR-72;Despejado;17/04/18
VLG3712;BCN;MAH;AIRBUS A320;Lluvia;14/04/18
IBE8480;PMI;MAH;BOMBARDIER CRJ-1000;Despejado;17/04/18
VLG3714;BCN;MAH;AIRBUS A320;Lluvia;14/04/18
IBB621;TFN;SPC;ATR-42/72;Nubosidad variable;13/04/18
IBS3842;MAD;SPC;AIRBUS A320;Chubascos dispersos;13/04/18
IBB629;TFN;SPC;ATR-42/72;Nubosidad variable;13/04/18
CNF452;TFN;SPC;ATR-72;Nubosidad variable;13/04/18
IBB631;TFN;SPC;ATR-42/72;Nubosidad variable;13/04/18
AEA9465;TFN;SPC;ATR-72;Nubosidad variable;13/04/18
IBB633;TFN;SPC;ATR-42/72;Nubosidad variable;13/04/18
IBB623;TFN;SPC;ATR-42/72;Nubosidad variable;13/04/18
AEA9479;TFN;SPC;ATR-72;Nubosidad variable;13/04/18
IBB315;LPA;SPC;ATR-72;Nubosidad variable;13/04/18
IBB637;TFN;SPC;ATR-42/72;Nubosidad variable;13/04/18
IBB625;TFN;SPC;ATR-42/72;Nubosidad variable;13/04/18
IBB311;LPA;SPC;ATR-72;Nubosidad variable;13/04/18
IBB639;TFN;SPC;ATR-42/72;Nubosidad variable;13/04/18
IBE2274;TFN;SPC;ATR-42/72;Despejado;17/04/18
CNF467;TFN;SPC;ATR-72;Nubosidad variable;13/04/18
AEA9467;TFN;SPC;ATR-72;Nubosidad variable;13/04/18
IBB627;TFN;SPC;ATR-42/72;Nubosidad variable;13/04/18
IBB641;TFN;SPC;ATR-42/72;Nubosidad variable;13/04/18
IBB317;LPA;SPC;BOMBARDIER CRJ-1000;Nubosidad variable;13/04/18
IBB605;TFN;SPC;ATR-72;Nubosidad variable;14/04/18
IBB309;LPA;SPC;ATR-72;Nubosidad variable;14/04/18
IBS3910;MAD;TFS;AIRBUS A320;Chubascos dispersos;13/04/18
IBK6361;BIO;TFS;BOEING 737-800 WINGLETS;Lluvia moderada;13/04/18
VLG3154;XRY;PMI;AIRBUS A320;Chubascos dispersos;13/04/18
VLG3148;AGP;PMI;AIRBUS A320;Tormentas localmente fuertes;13/04/18
AEA6067;MAD;PMI;BOEING 737-800 WINGLETS;Chubascos dispersos;13/04/18
ANE8634;VLC;PMI;BOMBARDIER CRJ-1000;Despejado;17/04/18
ANE8115;IBZ;PMI;BOMBARDIER CRJ-1000;Despejado;17/04/18
VLG2510;BIO;SVQ;AIRBUS A320;Lluvia moderada;13/04/18
RYR3042;SCQ;SVQ;BOEING 737-800 WINGLETS;Chubascos dispersos;13/04/18
VOE3528;BIO;SVQ;BOEING 717;Lluvia moderada;13/04/18
RYR5273;PMI;SVQ;BOEING 737-800 WINGLETS;Lluvia;13/04/18
RYR2207;VLC;SVQ;BOEING 737-800 WINGLETS;Nubosidad variable;13/04/18
VLG3965;VLC;SVQ;AIRBUS A320;Nubosidad variable;13/04/18
IBE8846;VLC;SVQ;CANADAIR CRJ-900;Nubosidad variable;13/04/18
VLG1298;LCG;SVQ;AIRBUS A320;Chubascos dispersos;13/04/18
IBS3952;MAD;SVQ;32A;Chubascos dispersos;13/04/18
ANE2003;CDT;SVQ;BOMBARDIER CRJ-1000;Despejado;17/04/18
VLG3255;TFN;SVQ;AIRBUS A320;Nubosidad variable;13/04/18
VLG2214;BCN;SVQ;BOEING 737-800 WINGLETS;Lluvia;13/04/18
EVE1602;SCQ;SVQ;32A;Chubascos dispersos;13/04/18
AEA2748;VLC;SVQ;BOEING 737-800 WINGLETS;Nubosidad variable;13/04/18
VLG2268;BCN;SVQ;AIRBUS A320;Lluvia;13/04/18
LLX5052;LPA;ACE;AIRBUS A321;Nubosidad variable;13/04/18
IBB454;TFN;ACE;ATR-42/72;Nubosidad variable;13/04/18
CNF729;LPA;ACE;ATR-72;Nubosidad variable;13/04/18
IBB514;LPA;ACE;ATR-72;Nubosidad variable;13/04/18
VLG2472;BCN;ACE;32B;Lluvia;13/04/18
AEA9449;LPA;ACE;ATR-72;Nubosidad variable;13/04/18
IBB518;LPA;ACE;ATR-72;Nubosidad variable;13/04/18
IBB456;TFN;ACE;ATR-42/72;Nubosidad variable;13/04/18
IBB522;LPA;ACE;ATR-72;Nubosidad variable;13/04/18
IBB532;LPA;ACE;ATR-72;Nubosidad variable;13/04/18
IBB134;TFN;LPA;ATR-42/72;Nubosidad variable;13/04/18
VLG3274;BIO;LPA;AIRBUS A320;Lluvia moderada;13/04/18
AEA9434;FUE;LPA;ATR-72;Nubosidad variable;13/04/18
IBB507;ACE;LPA;ATR-72;Nubosidad variable;13/04/18
IBB223;FUE;LPA;ATR-42/72;Nubosidad variable;13/04/18
IBS3830;MAD;LPA;AIRBUS A321;Chubascos dispersos;13/04/18
IBK5805;MAD;LPA;BOEING 737-800 WINGLETS;Chubascos dispersos;13/04/18
IBB158;TFN;LPA;ATR-42/72;Nubosidad variable;13/04/18
VLG3002;BCN;LPA;32B;Lluvia;13/04/18
CNF730;ACE;LPA;ATR-42/72;Nubosidad variable;13/04/18
IBE8221;RJL;MAD;CANADAIR CRJ-200;Lluvia;14/04/18
IBB652;GMZ;TFN;ATR-72;Chubascos dispersos;13/04/18
IBB650;GMZ;TFN;ATR-72;Chubascos dispersos;14/04/18
IBE8759;LEN;BCN;BOMBARDIER CRJ-1000;Lluvia;13/04/18
RYR2036;VIT;SVQ;BOEING 737-800 WINGLETS;Lluvia;14/04/18
IBE8661;VIT;MAH;BOMBARDIER CRJ-1000;Lluvia;14/04/18
HTY112;AEI;JCU;AWH;Tormentas localmente fuertes;13/04/18
HTY114;AEI;JCU;AWH;Tormentas localmente fuertes;13/04/18
HTY138;AEI;JCU;AWH;Tormentas localmente fuertes;13/04/18
IBE8758;BCN;LEN;BOMBARDIER CRJ-1000;Despejado;17/04/18
IBE8224;MAD;RJL;CANADAIR CRJ-200;Chubascos dispersos;13/04/18
IBB653;TFN;GMZ;ATR-42/72;Nubosidad variable;13/04/18
IBB651;TFN;GMZ;ATR-72;Nubosidad variable;14/04/18
RYR6321;VLL;BCN;BOEING 737-800 WINGLETS;Chubascos dispersos;13/04/18
VLG1585;VLL;BCN;32A;Chubascos dispersos;13/04/18
KRP2860;PNA;LPA;FOKKER 100;Lluvia;13/04/18
IBE8525;PNA;MAD;BOMBARDIER CRJ-1000;Lluvia;13/04/18
IBE8531;PNA;MAD;BOMBARDIER CRJ-1000;Lluvia;13/04/18
IBE8529;PNA;MAD;BOMBARDIER CRJ-1000;Lluvia;14/04/18
RYR2035;SVQ;VIT;BOEING 737-800 WINGLETS;Chubascos dispersos;14/04/18
IBE8660;MAH;VIT;BOMBARDIER CRJ-1000;Lluvia débil;14/04/18
RYR6320;BCN;VLL;BOEING 737-800 WINGLETS;Lluvia;13/04/18
VLG1584;BCN;VLL;32A;Lluvia;13/04/18
AEA2631;ZAZ;IBZ;BOEING 737-800 WINGLETS;Chubascos dispersos;13/04/18
RYR4634;ZAZ;BGY;BOEING 737-800 WINGLETS;Chubascos dispersos;13/04/18
VLG3979;ZAZ;PMI;AIRBUS A320;Chubascos dispersos;13/04/18
RYR7235;ZAZ;BVA;BOEING 737-800 WINGLETS;Chubascos dispersos;14/04/18
WZZ3192;ZAZ;OTP;AIRBUS A320;Chubascos dispersos;14/04/18
HTY111;JCU;AEI;AWH;Lluvia;13/04/18
HTY113;JCU;AEI;AWH;Lluvia;13/04/18
HTY257;JCU;AGP;AWH;Lluvia;13/04/18
HTY137;JCU;AEI;AWH;Lluvia;13/04/18
IBE8269;MLN;AGP;ATR-72;Chubascos dispersos;13/04/18
IBE8793;MLN;MAD;ATR-72;Chubascos dispersos;13/04/18
IBE8277;MLN;AGP;ATR-72;Chubascos dispersos;13/04/18
AEA5004;MLN;AGP;ATR-72;Chubascos dispersos;13/04/18
IBE8261;MLN;AGP;ATR-72;Chubascos dispersos;14/04/18
IBE8789;MLN;MAD;ATR-72;Chubascos dispersos;14/04/18
AEA5002;MLN;AGP;ATR-72;Chubascos dispersos;14/04/18
IBE8273;MLN;AGP;ATR-72;Chubascos dispersos;14/04/18
IBE8263;MLN;AGP;ATR-72;Chubascos dispersos;14/04/18
IBE8269;MLN;AGP;ATR-72;Chubascos dispersos;14/04/18
HTY111;JCU;AEI;AWH;Lluvia;13/04/18
HTY113;JCU;AEI;AWH;Lluvia;13/04/18
HTY137;JCU;AEI;AWH;Lluvia;13/04/18
AVA047;MAD;BOG;BOEING 787-8;Chubascos dispersos;13/04/18
RYR5493;MAD;BGY;BOEING 737-800 WINGLETS;Chubascos dispersos;13/04/18
IBK6773;MAD;PMI;BOEING 737-800 WINGLETS;Chubascos dispersos;13/04/18
AEA7300;MAD;VGO;EMBRAER ERJ-195;Chubascos dispersos;13/04/18
AMX002;MAD;MEX;BOEING 787-9;Chubascos dispersos;13/04/18
AEA1155;MAD;LIS;EMBRAER ERJ-195;Chubascos dispersos;13/04/18
EWG5889;MAD;VIE;AIRBUS A319;Chubascos dispersos;13/04/18
AEA7153;MAD;BIO;EMBRAER ERJ-195;Chubascos dispersos;13/04/18
IBS3940;MAD;TFN;AIRBUS A320;Chubascos dispersos;13/04/18
IBS9527;VGO;PMI;AIRBUS A320;Chubascos dispersos;13/04/18
TAP1141;VGO;LIS;ATR-42/72;Chubascos dispersos;13/04/18
AEA7317;VGO;MAD;EMBRAER ERJ-195;Chubascos dispersos;13/04/18
IBE0535;VGO;MAD;AIRBUS A319;Chubascos dispersos;13/04/18
RYR246;VGO;BCN;BOEING 737-800 WINGLETS;Chubascos dispersos;13/04/18
AEA2728;VGO;BCN;BOEING 737-800 WINGLETS;Chubascos dispersos;13/04/18
AEA7319;VGO;MAD;EMBRAER ERJ-195;Chubascos dispersos;13/04/18
RYR244;VGO;BLQ;BOEING 737-800 WINGLETS;Chubascos dispersos;13/04/18
VLG1705;VGO;BCN;AIRBUS A320;Chubascos dispersos;13/04/18
IBE0537;VGO;MAD;AIRBUS A319;Chubascos dispersos;14/04/18
AEA7311;VGO;MAD;EMBRAER ERJ-195;Chubascos dispersos;14/04/18
IBB664;VDE;TFN;ATR-72;Chubascos dispersos;13/04/18
IBB366;VDE;LPA;ATR-42/72;Chubascos dispersos;13/04/18
CNF248;VDE;TFN;ATR-72;Chubascos dispersos;13/04/18
IBB674;VDE;TFN;ATR-72;Chubascos dispersos;13/04/18
IBB656;VDE;TFN;ATR-72;Chubascos dispersos;14/04/18
IBB660;VDE;TFN;ATR-72;Chubascos dispersos;14/04/18
IBB664;VDE;TFN;ATR-72;Chubascos dispersos;14/04/18
AEA7235;MAD;LCG;EMBRAER ERJ-195;Chubascos dispersos;13/04/18
IBE0524;MAD;LCG;AIRBUS A320;Chubascos dispersos;13/04/18
VLG1294;BCN;LCG;32A;Lluvia;13/04/18
VLG1275;VLC;LCG;32A;Nubosidad variable;13/04/18
AEA7237;MAD;LCG;EMBRAER ERJ-195;Chubascos dispersos;13/04/18
IBE0522;MAD;LCG;AIRBUS A320;Chubascos dispersos;13/04/18
VLG1290;BCN;LCG;AIRBUS A320;Lluvia;13/04/18
AEA7231;MAD;LCG;EMBRAER ERJ-195;Chubascos dispersos;13/04/18
AEA2632;IBZ;ZAZ;BOEING 737-800 WINGLETS;Nuboso a muy nuboso;13/04/18
VLG3978;PMI;ZAZ;AIRBUS A320;Lluvia;13/04/18
AEA4033;PMI;ZAZ;EMBRAER ERJ-195;Lluvia;14/04/18
IBE8329;EAS;MAD;ATR-72;Lluvia;13/04/18
IBE8315;EAS;MAD;ATR-72;Lluvia;13/04/18
VLG2489;EAS;BCN;AIRBUS A319;Lluvia;13/04/18
IBE8323;EAS;MAD;ATR-72;Lluvia;13/04/18
IBE8317;EAS;MAD;ATR-72;Lluvia;14/04/18
VLG2487;EAS;BCN;AIRBUS A319;Lluvia;14/04/18
IBE8327;EAS;MAD;ATR-72;Lluvia;14/04/18
IBE8319;EAS;MAD;ATR-72;Lluvia;14/04/18
RYR2212;REU;EIN;BOEING 737-800 WINGLETS;Lluvia;13/04/18
RYR2212;REU;EIN;BOEING 737-800 WINGLETS;Lluvia;14/04/18
RYR1115;REU;DUB;BOEING 737-800 WINGLETS;Lluvia;14/04/18
RYR1865;REU;SNN;BOEING 737-800 WINGLETS;Lluvia;14/04/18
RYR3843;REU;STN;BOEING 737-800 WINGLETS;Lluvia;14/04/18
EZY2208;REU;LTN;AIRBUS A319;Lluvia;14/04/18
IBE8524;MAD;PNA;BOMBARDIER CRJ-1000;Chubascos dispersos;13/04/18
IBE8532;MAD;PNA;BOMBARDIER CRJ-1000;Chubascos dispersos;13/04/18
IBE8526;MAD;PNA;BOMBARDIER CRJ-1000;Chubascos dispersos;13/04/18
HTY112;AEI;JCU;AWH;Tormentas localmente fuertes;13/04/18
HTY114;AEI;JCU;AWH;Tormentas localmente fuertes;13/04/18
HTY258;AGP;JCU;AWH;Despejado;17/04/18
HTY138;AEI;JCU;AWH;Tormentas localmente fuertes;13/04/18
VLG2287;XRY;BCN;32A;Chubascos dispersos;13/04/18
RYR1284;XRY;BCN;BOEING 737-800 WINGLETS;Chubascos dispersos;13/04/18
IBE0405;XRY;MAD;AIRBUS A319;Chubascos dispersos;13/04/18
IBE0407;XRY;MAD;AIRBUS A320;Chubascos dispersos;14/04/18
LGL688;XRY;LUX;BOEING 737-700 WINGLETS;Chubascos dispersos;14/04/18
DE1723;XRY;MUC;AIRBUS A320;Chubascos dispersos;14/04/18
DE1565;XRY;HAM;AIRBUS A320;Chubascos dispersos;14/04/18
IBE0411;XRY;MAD;32A;Chubascos dispersos;14/04/18
VLG2615;XRY;BIO;AIRBUS A320;Chubascos dispersos;14/04/18
VLG2287;XRY;BCN;AIRBUS A320;Chubascos dispersos;14/04/18
RYR9156;SDR;CIA;BOEING 737-800 WINGLETS;Lluvia;13/04/18
IBE0557;SDR;MAD;AIRBUS A319;Lluvia;13/04/18
VLG1591;SDR;BCN;AIRBUS A320;Lluvia;13/04/18
RYR1353;SDR;RAK;BOEING 737-800 WINGLETS;Lluvia;13/04/18
RYR6058;SDR;CRL;BOEING 737-800 WINGLETS;Lluvia;13/04/18
IBE0559;SDR;MAD;AIRBUS A319;Lluvia;13/04/18
RYR2613;SDR;STN;BOEING 737-800 WINGLETS;Lluvia;13/04/18
IBE8861;SDR;MAD;BOMBARDIER CRJ-1000;Lluvia;14/04/18
RYR6385;SDR;BCN;BOEING 737-800 WINGLETS;Lluvia;14/04/18
IBE0555;SDR;MAD;AIRBUS A319;Lluvia;14/04/18
RYR4793;SDR;BGY;BOEING 737-800 WINGLETS;Lluvia;14/04/18
RYR2594;SDR;AGP;BOEING 737-800 WINGLETS;Lluvia;14/04/18
RYR2215;SDR;VLC;BOEING 737-800 WINGLETS;Lluvia;14/04/18
IBE8649;GRX;MAD;BOMBARDIER CRJ-1000;Chubascos dispersos;13/04/18
VLG2015;GRX;BCN;AIRBUS A320;Chubascos dispersos;13/04/18
IBE8643;GRX;MAD;BOMBARDIER CRJ-1000;Chubascos dispersos;13/04/18
VLG2619;GRX;BIO;32A;Chubascos dispersos;13/04/18
VLG2017;GRX;BCN;32B;Chubascos dispersos;13/04/18
IBE8639;GRX;MAD;CANADAIR CRJ-900;Chubascos dispersos;14/04/18
VLG2011;GRX;BCN;AIRBUS A320;Chubascos dispersos;14/04/18
IBE8641;GRX;MAD;BOMBARDIER CRJ-1000;Chubascos dispersos;14/04/18
VLG2021;GRX;BCN;AIRBUS A320;Chubascos dispersos;14/04/18
AEA5200;GRX;PMI;EMBRAER ERJ-195;Chubascos dispersos;14/04/18
IBE8645;GRX;MAD;BOMBARDIER CRJ-1000;Chubascos dispersos;14/04/18
BEL3714;BIO;BRU;AIRBUS A319;Lluvia moderada;13/04/18
DLH1143;BIO;FRA;AIRBUS A319;Lluvia moderada;13/04/18
IBE0439;BIO;MAD;32A;Lluvia moderada;13/04/18
EWG9519;BIO;DUS;32A;Lluvia moderada;13/04/18
DLH1893;BIO;MUC;AIRBUS A319;Lluvia moderada;13/04/18
VLG1466;BIO;ORY;32A;Lluvia moderada;13/04/18
VLG1435;BIO;BCN;AIRBUS A320;Lluvia moderada;13/04/18
AEA7154;BIO;MAD;EMBRAER ERJ-195;Lluvia moderada;13/04/18
KLM1688;BIO;AMS;BOEING 737-700 WINGLETS;Lluvia moderada;13/04/18
VLG1427;BIO;BCN;AIRBUS A320;Lluvia moderada;13/04/18
EZY1878;BIO;MAN;32A;Lluvia moderada;13/04/18
IBE0449;BIO;MAD;AIRBUS A321;Lluvia moderada;13/04/18
VOE3512;BIO;AGP;BOEING 717;Lluvia moderada;13/04/18
AFR1577;BIO;CDG;EMBRAER 190;Lluvia moderada;13/04/18
IBE8589;LEI;MAD;CANADAIR CRJ-200;Chubascos dispersos;13/04/18
IBE8601;LEI;MAD;BOMBARDIER CRJ-1000;Chubascos dispersos;13/04/18
GMI2381;LEI;DUS;BOEING 737-700 WINGLETS;Chubascos dispersos;13/04/18
RYR1259;LEI;CRL;BOEING 737-800 WINGLETS;Chubascos dispersos;13/04/18
IBE8932;LEI;SVQ;CANADAIR CRJ-200;Chubascos dispersos;13/04/18
IBE8930;LEI;SVQ;CANADAIR CRJ-200;Chubascos dispersos;14/04/18
IBE8603;LEI;MAD;BOMBARDIER CRJ-1000;Chubascos dispersos;14/04/18
LGL694;LEI;LUX;BOEING 737-800 WINGLETS;Chubascos dispersos;14/04/18
JAF6944;LEI;BRU;EMBRAER 190;Chubascos dispersos;14/04/18
IBE8595;LEI;MAD;CANADAIR CRJ-900;Chubascos dispersos;14/04/18
EZY8164;LEI;LGW;AIRBUS A320;Chubascos dispersos;14/04/18
VLG1252;LEI;BCN;AIRBUS A320;Chubascos dispersos;14/04/18
IBE8577;LEI;MAD;CANADAIR CRJ-200;Chubascos dispersos;14/04/18
RYR9911;GRO;BOH;BOEING 737-800 WINGLETS;Lluvia;13/04/18
RYR3769;GRO;LTN;BOEING 737-800 WINGLETS;Lluvia;13/04/18
RYR8047;GRO;BHX;BOEING 737-800 WINGLETS;Lluvia;13/04/18
RYR7038;GRO;CAG;BOEING 737-800 WINGLETS;Lluvia;13/04/18
RYR6924;GRO;RBA;BOEING 737-800 WINGLETS;Lluvia;13/04/18
RYR4275;GRO;FRA;BOEING 737-800 WINGLETS;Lluvia;13/04/18
ANE2034;GRO;SVQ;BOMBARDIER CRJ-1000;Lluvia;14/04/18
RYR9123;GRO;EIN;BOEING 737-800 WINGLETS;Lluvia;14/04/18
RYR3213;GRO;MAN;BOEING 737-800 WINGLETS;Lluvia;14/04/18
RYR2344;GRO;NCL;BOEING 737-800 WINGLETS;Lluvia;14/04/18
RYR9803;GRO;STN;BOEING 737-800 WINGLETS;Lluvia;14/04/18
RYR4125;GRO;HHN;BOEING 737-800 WINGLETS;Lluvia;14/04/18
RYR6391;GRO;NRN;BOEING 737-800 WINGLETS;Lluvia;14/04/18
RYR9241;GRO;PSA;BOEING 737-800 WINGLETS;Lluvia;14/04/18
RYR9107;GRO;BVA;BOEING 737-800 WINGLETS;Lluvia;14/04/18
RYR6901;GRO;CRL;BOEING 737-800 WINGLETS;Lluvia;14/04/18
RYR9012;GRO;MLA;BOEING 737-800 WINGLETS;Lluvia;14/04/18
RYR6911;GRO;MST;BOEING 737-800 WINGLETS;Lluvia;14/04/18
RYR9375;GRO;TLL;BOEING 737-800 WINGLETS;Lluvia;14/04/18
VLG3511;IBZ;BCN;32A;Nuboso a muy nuboso;13/04/18
AEA6024;IBZ;MAD;EMBRAER ERJ-195;Nuboso a muy nuboso;13/04/18
VLG8181;IBZ;ORY;32B;Nuboso a muy nuboso;13/04/18
AEA1707;IBZ;PMI;ATR-72;Nuboso a muy nuboso;13/04/18
TVF3155;IBZ;ORY;BOEING 737-800 WINGLETS;Nuboso a muy nuboso;13/04/18
RYR8147;IBZ;AGP;BOEING 737-800 WINGLETS;Nuboso a muy nuboso;13/04/18
AWC8422;IBZ;MAN;BOEING 757-200;Nuboso a muy nuboso;13/04/18
RYR8842;IBZ;BCN;BOEING 737-800 WINGLETS;Nuboso a muy nuboso;13/04/18
IBE8125;IBZ;PMI;BOMBARDIER CRJ-1000;Nuboso a muy nuboso;13/04/18
RYR4922;IBZ;HHN;BOEING 737-800 WINGLETS;Nuboso a muy nuboso;13/04/18
AEA2676;IBZ;BIO;BOEING 737-800 WINGLETS;Nuboso a muy nuboso;13/04/18
RYR2627;IBZ;MAN;BOEING 737-800 WINGLETS;Nuboso a muy nuboso;13/04/18
IBE8903;IBZ;MAD;BOMBARDIER CRJ-1000;Nuboso a muy nuboso;13/04/18
IBE8129;IBZ;PMI;CANADAIR CRJ-900;Nuboso a muy nuboso;13/04/18
IBE8437;IBZ;VLC;BOMBARDIER CRJ-1000;Nuboso a muy nuboso;13/04/18
VLG3517;IBZ;BCN;32B;Nuboso a muy nuboso;13/04/18
AEA7300;MAD;VGO;EMBRAER ERJ-195;Chubascos dispersos;13/04/18
IBE0534;MAD;VGO;AIRBUS A319;Chubascos dispersos;13/04/18
AEA2727;BCN;VGO;BOEING 737-800 WINGLETS;Lluvia;13/04/18
RYR245;BCN;VGO;BOEING 737-800 WINGLETS;Lluvia;13/04/18
AEA7306;MAD;VGO;EMBRAER ERJ-195;Chubascos dispersos;13/04/18
VLG1704;BCN;VGO;AIRBUS A319;Lluvia;13/04/18
IBE0536;MAD;VGO;AIRBUS A319;Chubascos dispersos;13/04/18
AEA7308;MAD;VGO;EMBRAER ERJ-195;Chubascos dispersos;14/04/18
EZY8552;MJV;LGW;AIRBUS A320;Nubosidad variable;13/04/18
RYR7843;MJV;PIK;BOEING 737-800 WINGLETS;Nubosidad variable;13/04/18
EXS524;MJV;NCL;BOEING 737-300 WINGLETS;Nubosidad variable;13/04/18
EXS822;MJV;EDI;BOEING 737-300 WINGLETS;Nubosidad variable;13/04/18
JAF5902;MJV;CRL;BOEING 737-800 WINGLETS;Nubosidad variable;13/04/18
EXS864;MJV;MAN;BOEING 737-800 WINGLETS;Nubosidad variable;13/04/18
RYR8027;MJV;STN;BOEING 737-800 WINGLETS;Nubosidad variable;13/04/18
RYR2323;MJV;LBA;BOEING 737-800 WINGLETS;Nubosidad variable;13/04/18
RYR4117;MJV;MAN;BOEING 737-800 WINGLETS;Nubosidad variable;13/04/18
RYR3453;MJV;LTN;BOEING 737-800 WINGLETS;Nubosidad variable;13/04/18
RYR7095;MJV;DUB;BOEING 737-800 WINGLETS;Nubosidad variable;13/04/18
EZY8554;MJV;LGW;AIRBUS A320;Nubosidad variable;13/04/18
JAF6902;MJV;ANR;EMBRAER 190;Nubosidad variable;14/04/18
RYR2155;MJV;BHX;BOEING 737-800 WINGLETS;Nubosidad variable;14/04/18
EZY8550;MJV;LGW;AIRBUS A319;Nubosidad variable;14/04/18
EZY6014;MJV;BRS;AIRBUS A319;Nubosidad variable;14/04/18
RYR1925;MJV;EMA;BOEING 737-800 WINGLETS;Nubosidad variable;14/04/18
TAP1105;SVQ;LIS;BOEING 737-400;Chubascos dispersos;13/04/18
RYR1188;SVQ;FMM;BOEING 737-800 WINGLETS;Chubascos dispersos;13/04/18
VLG2221;SVQ;BCN;AIRBUS A320;Chubascos dispersos;13/04/18
VOE3529;SVQ;BIO;BOEING 717;Chubascos dispersos;13/04/18
RYR5272;SVQ;PMI;BOEING 737-800 WINGLETS;Chubascos dispersos;13/04/18
RYR2208;SVQ;VLC;BOEING 737-800 WINGLETS;Chubascos dispersos;13/04/18
EZY8176;SVQ;LGW;AIRBUS A319;Chubascos dispersos;13/04/18
VLG3964;SVQ;VLC;AIRBUS A320;Chubascos dispersos;13/04/18
RYR4371;SVQ;MAN;BOEING 737-800 WINGLETS;Chubascos dispersos;13/04/18
RYR8364;SVQ;STN;BOEING 737-800 WINGLETS;Chubascos dispersos;13/04/18
IBE8847;SVQ;VLC;CANADAIR CRJ-900;Chubascos dispersos;13/04/18
VLG8832;SVQ;CDG;AIRBUS A320;Chubascos dispersos;13/04/18
IBS3951;SVQ;MAD;AIRBUS A320;Chubascos dispersos;13/04/18
VLG3046;SVQ;LPA;AIRBUS A320;Chubascos dispersos;13/04/18
RYR5262;SVQ;BVA;BOEING 737-800 WINGLETS;Chubascos dispersos;13/04/18
RYR1567;SVQ;FRA;BOEING 737-800 WINGLETS;Chubascos dispersos;13/04/18
VLG2215;SVQ;BCN;BOEING 737-800 WINGLETS;Chubascos dispersos;13/04/18
RYR6399;SVQ;BCN;BOEING 737-800 WINGLETS;Chubascos dispersos;13/04/18
AEA7315;VGO;MAD;EMBRAER ERJ-195;Chubascos dispersos;13/04/18
IBE8393;ALC;MAD;BOMBARDIER CRJ-1000;Despejado;17/04/18
IBS3983;OVD;MAD;AIRBUS A320;Lluvia;13/04/18
VOE3925;OVD;AGP;BOEING 717;Lluvia;13/04/18
IBE0487;OVD;MAD;AIRBUS A319;Lluvia;13/04/18
EZY3084;OVD;STN;AIRBUS A319;Lluvia;13/04/18
VLG1578;OVD;BCN;AIRBUS A320;Lluvia;13/04/18
VOE3831;OVD;SVQ;BOEING 717;Lluvia;13/04/18
TAP1113;OVD;LIS;ATR-72;Lluvia;13/04/18
IBE0481;OVD;MAD;AIRBUS A321;Lluvia;13/04/18
VLG1572;OVD;BCN;AIRBUS A320;Lluvia;14/04/18
VOE3590;OVD;PMI;BOEING 717;Lluvia;14/04/18
VLG1574;OVD;BCN;AIRBUS A320;Lluvia;14/04/18
IBE0479;OVD;MAD;AIRBUS A320;Lluvia;14/04/18
IBE0475;OVD;MAD;AIRBUS A320;Lluvia;14/04/18
VLG3139;OVD;ACE;AIRBUS A320;Lluvia;14/04/18
LDM317;PMI;FRA;AIRBUS A320;Lluvia;13/04/18
EWG593;PMI;CGN;AIRBUS A320;Lluvia;13/04/18
EZY6714;PMI;BFS;AIRBUS A319;Lluvia;13/04/18
RYR5198;PMI;MRS;BOEING 737-800 WINGLETS;Lluvia;13/04/18
VLG2901;PMI;AMS;AIRBUS A320;Lluvia;13/04/18
EZY1516;PMI;GVA;32A;Lluvia;13/04/18
EWG6802;PMI;DRS;AIRBUS A320;Lluvia;13/04/18
LGL618;PMI;LUX;BOEING 737-800 WINGLETS;Lluvia;13/04/18
EWG8597;PMI;TXL;BOEING 737-800 WINGLETS;Lluvia;13/04/18
IBK6622;PMI;OSL;BOEING 737-800 WINGLETS;Lluvia;13/04/18
EZY8626;PMI;LGW;32A;Lluvia;13/04/18
VLG2858;PMI;ORY;32A;Lluvia;13/04/18
EWG9581;PMI;DUS;AIRBUS A321;Lluvia;13/04/18
ANE8633;PMI;VLC;BOMBARDIER CRJ-1000;Lluvia;13/04/18
VLG3978;PMI;ZAZ;AIRBUS A320;Lluvia;13/04/18
AEA6066;PMI;MAD;BOEING 737-800 WINGLETS;Lluvia;13/04/18
ANE8124;PMI;IBZ;BOMBARDIER CRJ-1000;Lluvia;13/04/18
RYR7185;PMI;HAM;BOEING 737-800 WINGLETS;Lluvia;13/04/18
DLH1159;PMI;FRA;AIRBUS A320;Lluvia;13/04/18
IBE8790;MAD;MLN;ATR-72;Chubascos dispersos;13/04/18
IBE8276;AGP;MLN;ATR-72;Tormentas localmente fuertes;13/04/18
AEA5005;AGP;MLN;ATR-72;Tormentas localmente fuertes;13/04/18
IBE8270;AGP;MLN;ATR-72;Tormentas localmente fuertes;13/04/18
IBE8798;MAD;MLN;ATR-72;Chubascos dispersos;13/04/18
IBE8272;AGP;MLN;ATR-72;Tormentas localmente fuertes;13/04/18
AEA5001;AGP;MLN;ATR-72;Tormentas localmente fuertes;14/04/18
IBE8262;AGP;MLN;ATR-72;Tormentas localmente fuertes;14/04/18
IBE8792;MAD;MLN;ATR-72;Chubascos dispersos;14/04/18
IBE8268;AGP;MLN;ATR-72;Tormentas localmente fuertes;14/04/18
IBE8264;AGP;MLN;ATR-72;Tormentas localmente fuertes;14/04/18
TCX1067;TFS;STN;AIRBUS A321;Nubosidad variable;13/04/18
IBS3911;TFS;MAD;AIRBUS A320;Nubosidad variable;13/04/18
TOM1553;TFS;EDI;BOEING 737-800 WINGLETS;Nubosidad variable;13/04/18
MYX426;TFS;RIX;AIRBUS A320;Nubosidad variable;13/04/18
TCX1223;TFS;BHX;AIRBUS A321;Nubosidad variable;13/04/18
EXS634;TFS;EMA;BOEING 737-800 WINGLETS;Nubosidad variable;13/04/18
TCX1981;TFS;BFS;32B;Nubosidad variable;13/04/18
IBK6372;TFS;AGP;BOEING 737-800 WINGLETS;Nubosidad variable;13/04/18
TCX1967;TFS;MAN;32B;Nubosidad variable;13/04/18
MYX572;TFS;TLL;AIRBUS A320;Nubosidad variable;13/04/18
EXS518;TFS;NCL;BOEING 737-800 WINGLETS;Nubosidad variable;13/04/18
EXS918;TFS;MAN;BOEING 737-800 WINGLETS;Nubosidad variable;13/04/18
TOM2585;TFS;MAN;BOEING 757-200  WINGLETS;Nubosidad variable;13/04/18
JAF5114;TFS;BRU;BOEING 767-300 WINGLETS;Nubosidad variable;13/04/18
EXS156;TFS;GLA;BOEING 737-800 WINGLETS;Nubosidad variable;13/04/18
EXS224;TFS;LBA;BOEING 757-200;Nubosidad variable;13/04/18
GMI5193;TFS;FMO;AIRBUS A319;Nubosidad variable;13/04/18
TOM7581;TFS;EMA;BOEING 737-800 WINGLETS;Nubosidad variable;13/04/18
EXS1494;TFS;STN;BOEING 737-800 WINGLETS;Nubosidad variable;13/04/18
TOM1559;TFS;NCL;BOEING 737-800 WINGLETS;Nubosidad variable;13/04/18
LLX5052;LPA;ACE;AIRBUS A321;Nubosidad variable;13/04/18
VLG3069;LPA;AGP;AIRBUS A320;Nubosidad variable;13/04/18
TAP1119;LPA;LIS;EMBRAER 190;Nubosidad variable;13/04/18
DK1733;LPA;ARN;AIRBUS A330-300;Nubosidad variable;13/04/18
IBB147;LPA;TFN;BOMBARDIER CRJ-1000;Nubosidad variable;13/04/18
IBS3823;LPA;MAD;AIRBUS A321;Nubosidad variable;13/04/18
TOM8107;LPA;DUS;BOEING 737-800 WINGLETS;Nubosidad variable;13/04/18
IBB365;LPA;VDE;ATR-72;Nubosidad variable;13/04/18
IBE2218;LPA;VDE;ATR-72;Nubosidad variable;13/04/18
JTG914;LPA;HEL;BOEING 737-800 WINGLETS;Nubosidad variable;13/04/18
DK1509;LPA;TRD;AIRBUS A330-300;Nubosidad variable;13/04/18
VLG6586;LPA;ZRH;AIRBUS A320;Nubosidad variable;13/04/18
LLP8052;LPA;WAW;AIRBUS A320;Nubosidad variable;13/04/18
JTG706;LPA;JKG;BOEING 737-700 WINGLETS;Nubosidad variable;13/04/18
AEA9449;LPA;ACE;ATR-72;Nubosidad variable;13/04/18
IBB216;LPA;FUE;ATR-72;Nubosidad variable;13/04/18
IBB518;LPA;ACE;ATR-72;Nubosidad variable;13/04/18
JTG422;LPA;AAL;BOEING 737-700 WINGLETS;Nubosidad variable;13/04/18
TOM2509;LPA;MAN;BOEING 757-200  WINGLETS;Nubosidad variable;13/04/18
EXS716;LPA;EDI;BOEING 737-800 WINGLETS;Nubosidad variable;13/04/18
LAV5594;LPA;CGN;BOEING 737-800;Nubosidad variable;13/04/18
IBS3825;LPA;MAD;AIRBUS A320;Nubosidad variable;13/04/18
IBB663;TFN;VDE;ATR-72;Nubosidad variable;13/04/18
IBB365;LPA;VDE;ATR-72;Nubosidad variable;13/04/18
IBS2218;LPA;VDE;ATR-42/72;Despejado;17/04/18
CNF247;TFN;VDE;ATR-42/72;Nubosidad variable;13/04/18
IBB673;TFN;VDE;ATR-72;Nubosidad variable;13/04/18
IBB655;TFN;VDE;ATR-72;Nubosidad variable;14/04/18
IBB659;TFN;VDE;ATR-72;Nubosidad variable;14/04/18
IBB663;TFN;VDE;ATR-72;Nubosidad variable;14/04/18
IBE8322;MAD;EAS;ATR-72;Chubascos dispersos;13/04/18
IBE8318;MAD;EAS;ATR-72;Chubascos dispersos;13/04/18
VLG2488;BCN;EAS;AIRBUS A319;Lluvia;13/04/18
IBE8326;MAD;EAS;ATR-72;Chubascos dispersos;13/04/18
IBE8324;MAD;EAS;ATR-72;Chubascos dispersos;13/04/18
VLG2486;BCN;EAS;AIRBUS A319;Lluvia;14/04/18
IBE8314;MAD;EAS;ATR-72;Chubascos dispersos;14/04/18
IBE8316;MAD;EAS;ATR-72;Chubascos dispersos;14/04/18
EZS1338;SCQ;GVA;AIRBUS A319;Chubascos dispersos;13/04/18
RYR8539;SCQ;ALC;BOEING 737-800 WINGLETS;Chubascos dispersos;13/04/18
RYR4579;SCQ;BGY;BOEING 737-800 WINGLETS;Chubascos dispersos;13/04/18
EVE1602;SCQ;SVQ;32A;Chubascos dispersos;13/04/18
IBS3879;SCQ;MAD;AIRBUS A321;Chubascos dispersos;13/04/18
VLG8222;SCQ;CDG;AIRBUS A320;Chubascos dispersos;13/04/18
VLG1673;SCQ;BCN;AIRBUS A320;Chubascos dispersos;13/04/18
IBE8359;SCQ;BIO;CANADAIR CRJ-200;Chubascos dispersos;13/04/18
RYR5318;SCQ;MAD;BOEING 737-800 WINGLETS;Chubascos dispersos;13/04/18
VLG2654;SCQ;AGP;AIRBUS A320;Chubascos dispersos;13/04/18
RYR6380;SCQ;BCN;BOEING 737-800 WINGLETS;Chubascos dispersos;13/04/18
VLG1456;SCQ;ALC;32A;Chubascos dispersos;13/04/18
VLG1640;SCQ;FUE;AIRBUS A320;Chubascos dispersos;14/04/18
IBS3895;SCQ;MAD;32A;Chubascos dispersos;14/04/18
RYR5316;SCQ;MAD;BOEING 737-800 WINGLETS;Chubascos dispersos;14/04/18
RYR6333;SCQ;BCN;BOEING 737-800 WINGLETS;Chubascos dispersos;14/04/18
IBS3877;SCQ;MAD;AIRBUS A320;Chubascos dispersos;14/04/18
IBS3937;TFN;MAD;AIRBUS A320;Nubosidad variable;13/04/18
IBB158;TFN;LPA;ATR-42/72;Nubosidad variable;13/04/18
IBB629;TFN;SPC;ATR-42/72;Nubosidad variable;13/04/18
IBB663;TFN;VDE;ATR-72;Nubosidad variable;13/04/18
VLG3255;TFN;SVQ;AIRBUS A320;Nubosidad variable;13/04/18
CNF452;TFN;SPC;ATR-72;Nubosidad variable;13/04/18
IBB148;TFN;LPA;ATR-72;Nubosidad variable;13/04/18
AEA9418;TFN;LPA;ATR-72;Nubosidad variable;13/04/18
AEA9049;TFN;MAD;BOEING 737-800 WINGLETS;Nubosidad variable;13/04/18
IBB631;TFN;SPC;ATR-42/72;Nubosidad variable;13/04/18
IBB160;TFN;LPA;BOMBARDIER CRJ-1000;Nubosidad variable;13/04/18
VLG3217;TFN;BCN;32B;Nubosidad variable;13/04/18
AEA9465;TFN;SPC;ATR-72;Nubosidad variable;13/04/18
IBB420;TFN;FUE;ATR-42/72;Nubosidad variable;13/04/18
IBB172;TFN;LPA;ATR-42/72;Nubosidad variable;13/04/18
IBB456;TFN;ACE;ATR-42/72;Nubosidad variable;13/04/18
CNF247;TFN;VDE;ATR-42/72;Nubosidad variable;13/04/18
VLG3261;TFN;BIO;AIRBUS A320;Nubosidad variable;13/04/18
AEA7153;MAD;BIO;EMBRAER ERJ-195;Chubascos dispersos;13/04/18
IBE0438;MAD;BIO;AIRBUS A321;Chubascos dispersos;13/04/18
VLG1426;BCN;BIO;AIRBUS A320;Lluvia;13/04/18
SWR2143;VLC;ZRH;AIRBUS A321;Nubosidad variable;13/04/18
VLG3965;VLC;SVQ;AIRBUS A320;Nubosidad variable;13/04/18
EWG9539;VLC;DUS;32A;Nubosidad variable;13/04/18
RYR6422;VLC;BLQ;BOEING 737-800 WINGLETS;Nubosidad variable;13/04/18
IBE8846;VLC;SVQ;CANADAIR CRJ-900;Nubosidad variable;13/04/18
RYR4441;VLC;BRS;BOEING 737-800 WINGLETS;Nubosidad variable;13/04/18
RYR7401;VLC;MAH;BOEING 737-800 WINGLETS;Nubosidad variable;13/04/18
TVF3175;VLC;ORY;BOEING 737-800 WINGLETS;Nubosidad variable;13/04/18
WZZ3568;VLC;TSR;AIRBUS A320;Nubosidad variable;13/04/18
TRA6332;VLC;AMS;Sin especificar;Nubosidad variable;13/04/18
ANE5178;VLC;LIL;CANADAIR CRJ-200;Nubosidad variable;13/04/18
AEA4014;VLC;PMI;ATR-72;Nubosidad variable;13/04/18
BAW2795;VLC;LGW;AIRBUS A319;Nubosidad variable;13/04/18
RYR9326;VLC;PSA;BOEING 737-800 WINGLETS;Nubosidad variable;13/04/18
KLM1504;VLC;AMS;BOEING 737-800 WINGLETS;Nubosidad variable;13/04/18
IBE8434;VLC;IBZ;BOMBARDIER CRJ-1000;Nubosidad variable;13/04/18
THY1314;VLC;IST;BOEING 737-800 WINGLETS;Nubosidad variable;13/04/18
DLH1831;VLC;MUC;AIRBUS A320;Nubosidad variable;13/04/18
IBE8938;VLC;BIO;CANADAIR CRJ-900;Nubosidad variable;13/04/18
AEA2748;VLC;SVQ;BOEING 737-800 WINGLETS;Nubosidad variable;13/04/18
RYR1283;BCN;XRY;BOEING 737-800 WINGLETS;Lluvia;13/04/18
IBE0404;MAD;XRY;AIRBUS A319;Chubascos dispersos;13/04/18
IBE0406;MAD;XRY;AIRBUS A320;Chubascos dispersos;13/04/18
IBE0410;MAD;XRY;AIRBUS A319;Chubascos dispersos;14/04/18
VLG2614;BIO;XRY;AIRBUS A320;Lluvia moderada;14/04/18
VLG2286;BCN;XRY;AIRBUS A320;Lluvia;14/04/18
IBE8491;MAH;PMI;CANADAIR CRJ-900;Lluvia débil;13/04/18
IBE8499;MAH;PMI;ATR-42/72;Lluvia débil;13/04/18
RYR7402;MAH;VLC;BOEING 737-800 WINGLETS;Lluvia débil;13/04/18
AEA4530;MAH;PMI;ATR-72;Lluvia débil;13/04/18
IBE8493;MAH;PMI;ATR-42/72;Lluvia débil;13/04/18
RYR6882;MAH;BCN;BOEING 737-800 WINGLETS;Lluvia débil;13/04/18
IBE8027;MAH;MAD;BOMBARDIER CRJ-1000;Lluvia débil;13/04/18
VLG3701;MAH;BCN;32A;Lluvia débil;13/04/18
IBE8487;MAH;PMI;ATR-42/72;Lluvia débil;13/04/18
RYR2076;MAH;EMA;BOEING 737-800 WINGLETS;Lluvia débil;13/04/18
VLG3719;MAH;BCN;32B;Lluvia débil;13/04/18
IBE8481;MAH;PMI;CANADAIR CRJ-900;Lluvia débil;14/04/18
IBE8951;MAH;MAD;BOMBARDIER CRJ-1000;Lluvia débil;14/04/18
AAL8615;MAH;MAD;BOMBARDIER CRJ-1000;Lluvia débil;14/04/18
IBE8495;MAH;PMI;ATR-42/72;Lluvia débil;14/04/18
VLG3713;MAH;BCN;AIRBUS A320;Lluvia débil;14/04/18
IBE8483;MAH;PMI;BOMBARDIER CRJ-1000;Lluvia débil;14/04/18
VLG3715;MAH;BCN;AIRBUS A320;Lluvia débil;14/04/18
VLG2124;AGP;BCN;32B;Tormentas localmente fuertes;13/04/18
EXS134;AGP;GLA;BOEING 737-800 WINGLETS;Tormentas localmente fuertes;13/04/18
IBE8276;AGP;MLN;ATR-72;Tormentas localmente fuertes;13/04/18
EXS186;AGP;LBA;BOEING 737-300 WINGLETS;Tormentas localmente fuertes;13/04/18
RYR4047;AGP;CPH;BOEING 737-800 WINGLETS;Tormentas localmente fuertes;13/04/18
TVF3165;AGP;ORY;BOEING 737-800 WINGLETS;Tormentas localmente fuertes;13/04/18
RYR2551;AGP;HAU;BOEING 737-800 WINGLETS;Tormentas localmente fuertes;13/04/18
EZY1964;AGP;MAN;AIRBUS A319;Tormentas localmente fuertes;13/04/18
IBK5022;AGP;OSL;BOEING 737-800 WINGLETS;Tormentas localmente fuertes;13/04/18
SWR2115;AGP;ZRH;AIRBUS A320;Tormentas localmente fuertes;13/04/18
RYR7055;AGP;DUB;BOEING 737-800 WINGLETS;Tormentas localmente fuertes;13/04/18
DLH1835;AGP;MUC;AIRBUS A321;Tormentas localmente fuertes;13/04/18
EIN885;AGP;ORK;AIRBUS A320;Tormentas localmente fuertes;13/04/18
EZY8902;AGP;LGW;AIRBUS A319;Tormentas localmente fuertes;13/04/18
AFL2621;AGP;SVO;BOEING 737-800;Tormentas localmente fuertes;13/04/18
RYR5670;AGP;EIN;BOEING 737-800 WINGLETS;Tormentas localmente fuertes;13/04/18
RYR4469;AGP;EMA;BOEING 737-800 WINGLETS;Tormentas localmente fuertes;13/04/18
VLG8366;AGP;AMS;AIRBUS A320;Tormentas localmente fuertes;13/04/18
RYR2334;AGP;AMS;BOEING 737-800 WINGLETS;Tormentas localmente fuertes;13/04/18
EZS1434;AGP;GVA;32A;Tormentas localmente fuertes;13/04/18
SAS6202;AGP;CPH;32A;Tormentas localmente fuertes;13/04/18
VLG2612;AGP;BIO;AIRBUS A320;Tormentas localmente fuertes;13/04/18
LLX5052;LPA;ACE;AIRBUS A321;Nubosidad variable;13/04/18
CNF730;ACE;LPA;ATR-42/72;Nubosidad variable;13/04/18
JTG218;ACE;CPH;BOEING 737-800 WINGLETS;Nubosidad variable;13/04/18
IBB455;ACE;TFN;ATR-42/72;Nubosidad variable;13/04/18
BLX660;ACE;HEL;BOEING 737-800 WINGLETS;Nubosidad variable;13/04/18
BLX272;ACE;MMX;BOEING 737-800 WINGLETS;Nubosidad variable;13/04/18
BLX276;ACE;ARN;7M8;Nubosidad variable;13/04/18
BLX284;ACE;GOT;BOEING 737-800 WINGLETS;Nubosidad variable;13/04/18
DK1105;ACE;CPH;32B;Nubosidad variable;13/04/18
IBB511;ACE;LPA;ATR-42/72;Nubosidad variable;13/04/18
BLX638;ACE;OSL;BOEING 737-800 WINGLETS;Nubosidad variable;13/04/18
EXS1402;ACE;STN;BOEING 737-800 WINGLETS;Nubosidad variable;13/04/18
EXS546;ACE;NCL;BOEING 737-800 WINGLETS;Nubosidad variable;13/04/18
EXS168;ACE;GLA;BOEING 737-800 WINGLETS;Nubosidad variable;13/04/18
VLG2473;ACE;BCN;32B;Nubosidad variable;13/04/18
EXS892;ACE;MAN;BOEING 757-200;Nubosidad variable;13/04/18
GMI5715;ACE;NUE;AIRBUS A319;Nubosidad variable;13/04/18
IBB519;ACE;LPA;ATR-72;Nubosidad variable;13/04/18
IBE2242;ACE;LPA;ATR-72;Nubosidad variable;13/04/18
AEA9450;ACE;LPA;ATR-72;Nubosidad variable;13/04/18
DE1439;ACE;HAM;AIRBUS A320;Nubosidad variable;13/04/18
GMI3727;ACE;BRE;32B;Nubosidad variable;13/04/18
IBB457;ACE;TFN;ATR-42/72;Nubosidad variable;13/04/18
IBE8642;MAD;GRX;BOMBARDIER CRJ-1000;Chubascos dispersos;13/04/18
VLG2014;BCN;GRX;AIRBUS A320;Lluvia;13/04/18
IBE8644;MAD;GRX;BOMBARDIER CRJ-1000;Chubascos dispersos;13/04/18
VLG2618;BIO;GRX;32A;Lluvia moderada;13/04/18
VLG2016;BCN;GRX;32B;Lluvia;13/04/18
IBE8648;MAD;GRX;CANADAIR CRJ-900;Chubascos dispersos;13/04/18
VLG2010;BCN;GRX;AIRBUS A321;Lluvia;14/04/18
IBE8640;MAD;GRX;BOMBARDIER CRJ-1000;Chubascos dispersos;14/04/18
VLG2020;BCN;GRX;AIRBUS A320;Lluvia;14/04/18
AEA5201;PMI;GRX;EMBRAER ERJ-195;Lluvia;14/04/18
IBE8646;MAD;GRX;BOMBARDIER CRJ-1000;Chubascos dispersos;14/04/18
IBB223;FUE;LPA;ATR-42/72;Nubosidad variable;13/04/18
LLX5852;FUE;PAD;AIRBUS A320;Nubosidad variable;13/04/18
IBS3907;FUE;MAD;AIRBUS A320;Nubosidad variable;13/04/18
IBB417;FUE;TFN;ATR-42/72;Nubosidad variable;13/04/18
SXD2836;FUE;STR;BOEING 737-800 WINGLETS;Nubosidad variable;13/04/18
EXS1452;FUE;STN;BOEING 737-800 WINGLETS;Nubosidad variable;13/04/18
IBB213;FUE;LPA;ATR-42/72;Nubosidad variable;13/04/18
GMI4923;FUE;TXL;BOEING 737-700 WINGLETS;Nubosidad variable;13/04/18
TCX1725;FUE;MAN;AIRBUS A321;Nubosidad variable;13/04/18
EXS746;FUE;EDI;BOEING 737-800 WINGLETS;Nubosidad variable;13/04/18
IBB217;FUE;LPA;ATR-72;Nubosidad variable;13/04/18
IBB221;FUE;LPA;ATR-42/72;Nubosidad variable;13/04/18
IBB421;FUE;TFN;ATR-42/72;Nubosidad variable;13/04/18
CNF850;FUE;LPA;ATR-42/72;Nubosidad variable;13/04/18
TUI2117;FUE;DUS;BOEING 737-700;Nubosidad variable;13/04/18
TUI2139;FUE;FRA;BOEING 737-700 WINGLETS;Nubosidad variable;13/04/18
IBB219;FUE;LPA;ATR-42/72;Nubosidad variable;13/04/18
EZY4440;FUE;LYS;32A;Nubosidad variable;13/04/18
AEA9436;FUE;LPA;ATR-72;Nubosidad variable;13/04/18
IBB419;FUE;TFN;ATR-42/72;Nubosidad variable;13/04/18
IBB227;FUE;LPA;BOMBARDIER CRJ-1000;Nubosidad variable;13/04/18
JAF5626;FUE;NTE;BOEING 737-800 WINGLETS;Nubosidad variable;13/04/18
RYR7063;ALC;DUB;BOEING 737-800 WINGLETS;Nubosidad variable;13/04/18
SBI876;ALC;DME;AIRBUS A321;Nubosidad variable;13/04/18
RYR2714;ALC;LGW;BOEING 737-800 WINGLETS;Nubosidad variable;13/04/18
EVE1119;ALC;SCQ;32A;Nubosidad variable;13/04/18
TAP1123;ALC;LIS;ATR-42/72;Nubosidad variable;13/04/18
EXS178;ALC;GLA;BOEING 737-800 WINGLETS;Nubosidad variable;13/04/18
TRA6150;ALC;AMS;BOEING 737-800 WINGLETS;Nubosidad variable;13/04/18
EZS1086;ALC;BSL;AIRBUS A320;Nubosidad variable;13/04/18
RYR9069;ALC;TRF;BOEING 737-800 WINGLETS;Nubosidad variable;13/04/18
IBK5322;ALC;OSL;BOEING 737-800 WINGLETS;Nubosidad variable;13/04/18
RYR8975;ALC;STN;BOEING 737-800 WINGLETS;Nubosidad variable;13/04/18
PRW108;ALC;KEF;BOEING 737-800 WINGLETS;Nubosidad variable;13/04/18
VLG3936;ALC;PMI;32A;Nubosidad variable;13/04/18
BAW2631;ALC;LGW;AIRBUS A320;Nubosidad variable;13/04/18
IBK5330;ALC;TRF;BOEING 737-800 WINGLETS;Nubosidad variable;13/04/18
RYR1424;ALC;MXP;BOEING 737-800 WINGLETS;Nubosidad variable;13/04/18
VLG1451;ALC;BIO;32A;Nubosidad variable;13/04/18
IBK5390;ALC;KEF;BOEING 737-800 WINGLETS;Nubosidad variable;13/04/18
EZY8664;ALC;LGW;AIRBUS A319;Nubosidad variable;13/04/18
IBK5374;ALC;CPH;BOEING 737-800 WINGLETS;Nubosidad variable;13/04/18
AEA4027;ALC;PMI;ATR-72;Nubosidad variable;13/04/18
EZY7416;ALC;SEN;AIRBUS A319;Nubosidad variable;13/04/18
TRA6788;BCN;EIN;BOEING 737-800 WINGLETS;Lluvia;13/04/18
DLH1131;BCN;FRA;32A;Lluvia;13/04/18
VLG1306;BCN;ALC;32A;Lluvia;13/04/18
EWG8527;BCN;TXL;AIRBUS A320;Lluvia;13/04/18
TAP1039;BCN;LIS;AIRBUS A320;Lluvia;13/04/18
CSA689;BCN;PRG;BOEING 737-700;Lluvia;13/04/18
TVF3135;BCN;ORY;BOEING 737-800 WINGLETS;Lluvia;13/04/18
EZY2762;BCN;MXP;AIRBUS A319;Lluvia;13/04/18
VLG6334;BCN;MXP;32A;Lluvia;13/04/18
NAX7109;BCN;LAX;BOEING 787-9;Lluvia;13/04/18
RYR1283;BCN;XRY;BOEING 737-800 WINGLETS;Lluvia;13/04/18
SWR1955;BCN;ZRH;AIRBUS A321;Lluvia;13/04/18
NAX7075;BCN;OAK;BOEING 787-9;Lluvia;13/04/18
EZY4528;BCN;SXF;AIRBUS A319;Lluvia;13/04/18
EZY1771;BCN;BOD;AIRBUS A320;Lluvia;13/04/18
LGL3592;BCN;LUX;D4X;Lluvia;13/04/18
AFR1649;BCN;CDG;AIRBUS A320;Lluvia;13/04/18
RYR3039;BCN;PRG;BOEING 737-800 WINGLETS;Lluvia;13/04/18
SBI892;BCN;DME;AIRBUS A321;Lluvia;13/04/18
VLG2123;BCN;AGP;32A;Lluvia;13/04/18
IBE8212;PMI;LEI;CANADAIR CRJ-200;Despejado;17/04/18
IBE8592;MAD;LEI;BOMBARDIER CRJ-1000;Chubascos dispersos;13/04/18
IBE8588;MAD;LEI;CANADAIR CRJ-200;Chubascos dispersos;13/04/18
IBE8933;SVQ;LEI;CANADAIR CRJ-200;Chubascos dispersos;13/04/18
IBE8600;MAD;LEI;BOMBARDIER CRJ-1000;Chubascos dispersos;13/04/18
IBE8594;MAD;LEI;CANADAIR CRJ-900;Chubascos dispersos;14/04/18
VLG1251;BCN;LEI;AIRBUS A320;Lluvia;14/04/18
IBE8598;MAD;LEI;CANADAIR CRJ-200;Chubascos dispersos;14/04/18
IBE0556;MAD;SDR;AIRBUS A319;Chubascos dispersos;13/04/18
VLG1590;BCN;SDR;AIRBUS A320;Lluvia;13/04/18
IBE0558;MAD;SDR;AIRBUS A319;Chubascos dispersos;13/04/18
IBE8878;MAD;SDR;BOMBARDIER CRJ-1000;Chubascos dispersos;13/04/18
RYR6384;BCN;SDR;BOEING 737-800 WINGLETS;Lluvia;14/04/18
IBE0554;MAD;SDR;AIRBUS A319;Chubascos dispersos;14/04/18
RYR2593;AGP;SDR;BOEING 737-800 WINGLETS;Tormentas localmente fuertes;14/04/18
RYR2214;VLC;SDR;BOEING 737-800 WINGLETS;Nubosidad variable;14/04/18
VLG1579;BCN;OVD;AIRBUS A320;Lluvia;13/04/18
IBE0476;MAD;OVD;AIRBUS A319;Chubascos dispersos;13/04/18
VOE3924;AGP;OVD;BOEING 717;Tormentas localmente fuertes;13/04/18
IBE0480;MAD;OVD;AIRBUS A321;Chubascos dispersos;13/04/18
VOE3830;SVQ;OVD;BOEING 717;Chubascos dispersos;13/04/18
IBE0482;MAD;OVD;AIRBUS A320;Chubascos dispersos;13/04/18
VLG1571;BCN;OVD;AIRBUS A320;Lluvia;13/04/18
VLG1573;BCN;OVD;AIRBUS A320;Lluvia;14/04/18
IBE0488;MAD;OVD;AIRBUS A320;Chubascos dispersos;14/04/18
VLG1579;BCN;OVD;AIRBUS A320;Lluvia;14/04/18
VOE3591;PMI;OVD;BOEING 717;Lluvia;14/04/18
IBB622;SPC;TFN;ATR-42/72;Nubosidad variable;13/04/18
IBS3843;SPC;MAD;AIRBUS A320;Nubosidad variable;13/04/18
IBB630;SPC;TFN;ATR-42/72;Nubosidad variable;13/04/18
CNF453;SPC;TFN;ATR-72;Nubosidad variable;13/04/18
IBB632;SPC;TFN;ATR-42/72;Nubosidad variable;13/04/18
AEA9466;SPC;TFN;ATR-72;Nubosidad variable;13/04/18
IBB634;SPC;TFN;ATR-42/72;Nubosidad variable;13/04/18
PRW254;SPC;JYV;BOEING 737-800 WINGLETS;Nubosidad variable;13/04/18
IBB636;SPC;TFN;ATR-42/72;Nubosidad variable;13/04/18
IBB316;SPC;LPA;ATR-72;Nubosidad variable;13/04/18
AEA9480;SPC;TFN;ATR-72;Nubosidad variable;13/04/18
TRA5642;SPC;AMS;BOEING 737-700 WINGLETS;Nubosidad variable;13/04/18
IBB638;SPC;TFN;ATR-42/72;Nubosidad variable;13/04/18
IBB626;SPC;TFN;ATR-42/72;Nubosidad variable;13/04/18
IBB312;SPC;LPA;ATR-72;Nubosidad variable;13/04/18
IBB640;SPC;TFN;ATR-42/72;Nubosidad variable;13/04/18
CNF468;SPC;TFN;ATR-72;Nubosidad variable;13/04/18
AEA9468;SPC;TFN;ATR-72;Nubosidad variable;13/04/18
IBB642;SPC;TFN;ATR-72;Nubosidad variable;13/04/18
IBB318;SPC;LPA;BOMBARDIER CRJ-1000;Nubosidad variable;13/04/18
IBB604;SPC;TFN;ATR-42/72;Nubosidad variable;14/04/18
IBB606;SPC;TFN;ATR-72;Nubosidad variable;14/04/18
IBE2282;SPC;TFN;ATR-72;Nubosidad variable;14/04/18
VLG3154;XRY;PMI;AIRBUS A320;Chubascos dispersos;13/04/18
VLG3148;AGP;PMI;AIRBUS A320;Tormentas localmente fuertes;13/04/18
AEA6067;MAD;PMI;BOEING 737-800 WINGLETS;Chubascos dispersos;13/04/18
ANE8634;VLC;PMI;BOMBARDIER CRJ-1000;Despejado;17/04/18
ANE8115;IBZ;PMI;BOMBARDIER CRJ-1000;Despejado;17/04/18
RYR6578;BCN;PMI;BOEING 737-800 WINGLETS;Lluvia;13/04/18
RYR2063;MAD;PMI;BOEING 737-800 WINGLETS;Chubascos dispersos;13/04/18
ANE8607;ALC;PMI;CANADAIR CRJ-200;Nubosidad variable;13/04/18
ANE8491;MAH;PMI;CANADAIR CRJ-900;Despejado;17/04/18
AEA1707;IBZ;PMI;ATR-72;Nuboso a muy nuboso;13/04/18
IBB145;LPA;TFN;ATR-72;Nubosidad variable;13/04/18
AEA9118;MAD;TFN;BOEING 737-800 WINGLETS;Chubascos dispersos;13/04/18
AEA9417;LPA;TFN;ATR-72;Nubosidad variable;13/04/18
VLG3216;BCN;TFN;32B;Lluvia;13/04/18
IBB147;LPA;TFN;BOMBARDIER CRJ-1000;Nubosidad variable;13/04/18
IBB622;SPC;TFN;ATR-42/72;Nubosidad variable;13/04/18
IBB417;FUE;TFN;ATR-42/72;Nubosidad variable;13/04/18
IBB455;ACE;TFN;ATR-42/72;Nubosidad variable;13/04/18
IBK6375;BCN;TFN;BOEING 737-800 WINGLETS;Lluvia;13/04/18
AEA5404;AGP;TFN;BOEING 737-800 WINGLETS;Tormentas localmente fuertes;13/04/18
CNF653;LPA;TFN;ATR-72;Nubosidad variable;13/04/18
IBB135;LPA;TFN;ATR-72;Nubosidad variable;13/04/18
IBB630;SPC;TFN;ATR-42/72;Nubosidad variable;13/04/18
CNF453;SPC;TFN;ATR-72;Nubosidad variable;13/04/18
IBB117;LPA;TFN;ATR-72;Nubosidad variable;13/04/18
AEA9405;LPA;TFN;ATR-72;Nubosidad variable;13/04/18
RYR8538;ALC;SCQ;BOEING 737-800 WINGLETS;Nubosidad variable;13/04/18
EVE1119;ALC;SCQ;32A;Nubosidad variable;13/04/18
IBS3878;MAD;SCQ;AIRBUS A321;Chubascos dispersos;13/04/18
VLG1676;BCN;SCQ;AIRBUS A320;Lluvia;13/04/18
VLG1672;BCN;SCQ;AIRBUS A320;Lluvia;13/04/18
IBE8358;BIO;SCQ;CANADAIR CRJ-200;Lluvia moderada;13/04/18
VLG2655;AGP;SCQ;AIRBUS A320;Tormentas localmente fuertes;13/04/18
RYR6381;BCN;SCQ;BOEING 737-800 WINGLETS;Lluvia;13/04/18
RYR5317;MAD;SCQ;BOEING 737-800 WINGLETS;Chubascos dispersos;13/04/18
VLG1457;ALC;SCQ;32A;Nubosidad variable;13/04/18
IBS3894;MAD;SCQ;32A;Chubascos dispersos;13/04/18
RYR6332;BCN;SCQ;BOEING 737-800 WINGLETS;Lluvia;14/04/18
IBS3876;MAD;SCQ;AIRBUS A320;Chubascos dispersos;14/04/18
IBB134;TFN;LPA;ATR-42/72;Nubosidad variable;13/04/18
VLG3274;BIO;LPA;AIRBUS A320;Lluvia moderada;13/04/18
AEA9434;FUE;LPA;ATR-72;Nubosidad variable;13/04/18
IBB507;ACE;LPA;ATR-72;Nubosidad variable;13/04/18
IBB223;FUE;LPA;ATR-42/72;Nubosidad variable;13/04/18
IBS3830;MAD;LPA;AIRBUS A321;Chubascos dispersos;13/04/18
IBK5805;MAD;LPA;BOEING 737-800 WINGLETS;Chubascos dispersos;13/04/18
IBB158;TFN;LPA;ATR-42/72;Nubosidad variable;13/04/18
VLG3002;BCN;LPA;32B;Lluvia;13/04/18
CNF730;ACE;LPA;ATR-42/72;Nubosidad variable;13/04/18
IBB148;TFN;LPA;ATR-72;Nubosidad variable;13/04/18
AEA9418;TFN;LPA;ATR-72;Nubosidad variable;13/04/18
IBB511;ACE;LPA;ATR-42/72;Nubosidad variable;13/04/18
IBB213;FUE;LPA;ATR-42/72;Nubosidad variable;13/04/18
VLG1274;LCG;VLC;32A;Chubascos dispersos;13/04/18
AEA4065;MAD;VLC;ATR-72;Chubascos dispersos;13/04/18
IBE8633;PMI;VLC;BOMBARDIER CRJ-1000;Despejado;17/04/18
IBE8972;MAD;VLC;CANADAIR CRJ-900;Chubascos dispersos;13/04/18
AAL8616;MAD;VLC;CANADAIR CRJ-900;Chubascos dispersos;13/04/18
RYR8841;BCN;IBZ;BOEING 737-800 WINGLETS;Lluvia;13/04/18
AEA2631;ZAZ;IBZ;BOEING 737-800 WINGLETS;Chubascos dispersos;13/04/18
IBE8124;PMI;IBZ;BOMBARDIER CRJ-1000;Despejado;17/04/18
IBE8902;MAD;IBZ;BOMBARDIER CRJ-1000;Chubascos dispersos;13/04/18
IBE8128;PMI;IBZ;CANADAIR CRJ-900;Despejado;17/04/18
VLG3516;BCN;IBZ;32B;Lluvia;13/04/18
IBE8434;VLC;IBZ;BOMBARDIER CRJ-1000;Nubosidad variable;13/04/18
IBE8906;ALC;IBZ;CANADAIR CRJ-900;Despejado;17/04/18
IBE8114;PMI;IBZ;BOMBARDIER CRJ-1000;Despejado;17/04/18
AEA1710;PMI;IBZ;ATR-72;Lluvia;13/04/18
VLG3974;BIO;IBZ;32A;Lluvia moderada;13/04/18
AEA6027;MAD;IBZ;BOEING 737-800 WINGLETS;Chubascos dispersos;13/04/18
VLG3518;BCN;IBZ;32B;Lluvia;13/04/18
VLG1628;OVD;AGP;AIRBUS A320;Lluvia;13/04/18
AEA5039;MAD;AGP;ATR-72;Chubascos dispersos;13/04/18
IBE8269;MLN;AGP;ATR-72;Chubascos dispersos;13/04/18
VLG1306;BCN;ALC;32A;Lluvia;13/04/18
AEA4049;MAD;ALC;ATR-72;Chubascos dispersos;13/04/18
RYR7401;VLC;MAH;BOEING 737-800 WINGLETS;Nubosidad variable;13/04/18
AEA4531;PMI;MAH;ATR-72;Lluvia;13/04/18
IBE8490;PMI;MAH;ATR-42/72;Despejado;17/04/18
RYR6881;BCN;MAH;BOEING 737-800 WINGLETS;Lluvia;13/04/18
IBE8026;MAD;MAH;BOMBARDIER CRJ-1000;Chubascos dispersos;13/04/18
VLG3700;BCN;MAH;32A;Lluvia;13/04/18
IBE8492;PMI;MAH;ATR-42/72;Despejado;17/04/18
IBE8496;PMI;MAH;CANADAIR CRJ-900;Despejado;17/04/18
VLG3718;BCN;MAH;32B;Lluvia;13/04/18
IBE8954;MAD;MAH;BOMBARDIER CRJ-1000;Chubascos dispersos;13/04/18
IBE8494;PMI;MAH;ATR-42/72;Despejado;17/04/18
VLG3712;BCN;MAH;AIRBUS A320;Lluvia;14/04/18
IBE8480;PMI;MAH;BOMBARDIER CRJ-1000;Despejado;17/04/18
VLG3714;BCN;MAH;AIRBUS A320;Lluvia;14/04/18
IBE8482;PMI;MAH;BOMBARDIER CRJ-1000;Despejado;17/04/18
VLG1340;ALC;MAH;AIRBUS A320;Nubosidad variable;14/04/18
VLG2510;BIO;SVQ;AIRBUS A320;Lluvia moderada;13/04/18
VOE3528;BIO;SVQ;BOEING 717;Lluvia moderada;13/04/18
RYR5273;PMI;SVQ;BOEING 737-800 WINGLETS;Lluvia;13/04/18
RYR2207;VLC;SVQ;BOEING 737-800 WINGLETS;Nubosidad variable;13/04/18
VLG3965;VLC;SVQ;AIRBUS A320;Nubosidad variable;13/04/18
IBE8846;VLC;SVQ;CANADAIR CRJ-900;Nubosidad variable;13/04/18
VLG1298;LCG;SVQ;AIRBUS A320;Chubascos dispersos;13/04/18
IBS3952;MAD;SVQ;32A;Chubascos dispersos;13/04/18
ANE2003;CDT;SVQ;BOMBARDIER CRJ-1000;Despejado;17/04/18
VLG3255;TFN;SVQ;AIRBUS A320;Nubosidad variable;13/04/18
VLG2214;BCN;SVQ;BOEING 737-800 WINGLETS;Lluvia;13/04/18
EVE1602;SCQ;SVQ;32A;Chubascos dispersos;13/04/18
AEA2748;VLC;SVQ;BOEING 737-800 WINGLETS;Nubosidad variable;13/04/18
VLG2268;BCN;SVQ;AIRBUS A320;Lluvia;13/04/18
AEA2828;SCQ;BCN;BOEING 737-800 WINGLETS;Chubascos dispersos;13/04/18
IBB212;LPA;FUE;ATR-72;Nubosidad variable;13/04/18
IBE2204;LPA;FUE;ATR-72;Nubosidad variable;13/04/18
IBB216;LPA;FUE;ATR-72;Nubosidad variable;13/04/18
IBB214;LPA;FUE;ATR-72;Nubosidad variable;13/04/18
IBB420;TFN;FUE;ATR-42/72;Nubosidad variable;13/04/18
CNF849;LPA;FUE;ATR-72;Nubosidad variable;13/04/18
IBB220;LPA;FUE;ATR-72;Nubosidad variable;13/04/18
AEA9435;LPA;FUE;ATR-72;Nubosidad variable;13/04/18
IBB418;TFN;FUE;ATR-42/72;Nubosidad variable;13/04/18
IBB224;LPA;FUE;BOMBARDIER CRJ-1000;Nubosidad variable;13/04/18
CNF374;TFN;FUE;ATR-42/72;Nubosidad variable;13/04/18
IBB228;LPA;FUE;ATR-72;Nubosidad variable;13/04/18
IBB428;TFN;FUE;ATR-72;Nubosidad variable;13/04/18
IBE2272;TFN;FUE;ATR-72;Despejado;17/04/18
LLX5052;LPA;ACE;AIRBUS A321;Nubosidad variable;13/04/18
IBB514;LPA;ACE;ATR-72;Nubosidad variable;13/04/18
VLG2472;BCN;ACE;32B;Lluvia;13/04/18
IBB518;LPA;ACE;ATR-72;Nubosidad variable;13/04/18
AEA9449;LPA;ACE;ATR-72;Nubosidad variable;13/04/18
IBB456;TFN;ACE;ATR-42/72;Nubosidad variable;13/04/18
IBB522;LPA;ACE;ATR-72;Nubosidad variable;13/04/18
IBB532;LPA;ACE;ATR-72;Nubosidad variable;13/04/18
CNF549;TFN;ACE;ATR-72;Nubosidad variable;13/04/18
IBB629;TFN;SPC;ATR-42/72;Nubosidad variable;13/04/18
CNF452;TFN;SPC;ATR-72;Nubosidad variable;13/04/18
IBB631;TFN;SPC;ATR-42/72;Nubosidad variable;13/04/18
AEA9465;TFN;SPC;ATR-72;Nubosidad variable;13/04/18
IBB633;TFN;SPC;ATR-42/72;Nubosidad variable;13/04/18
IBB623;TFN;SPC;ATR-42/72;Nubosidad variable;13/04/18
AEA9479;TFN;SPC;ATR-72;Nubosidad variable;13/04/18
IBB315;LPA;SPC;ATR-72;Nubosidad variable;13/04/18
IBB637;TFN;SPC;ATR-42/72;Nubosidad variable;13/04/18
IBB625;TFN;SPC;ATR-42/72;Nubosidad variable;13/04/18
IBB311;LPA;SPC;ATR-72;Nubosidad variable;13/04/18
IBB639;TFN;SPC;ATR-42/72;Nubosidad variable;13/04/18
IBE2274;TFN;SPC;ATR-42/72;Despejado;17/04/18
CNF467;TFN;SPC;ATR-72;Nubosidad variable;13/04/18
AEA9467;TFN;SPC;ATR-72;Nubosidad variable;13/04/18
IBB627;TFN;SPC;ATR-42/72;Nubosidad variable;13/04/18
IBB641;TFN;SPC;ATR-42/72;Nubosidad variable;13/04/18
IBB317;LPA;SPC;BOMBARDIER CRJ-1000;Nubosidad variable;13/04/18
IBB605;TFN;SPC;ATR-72;Nubosidad variable;14/04/18
IBB309;LPA;SPC;ATR-72;Nubosidad variable;14/04/18
CNF412;TFN;SPC;ATR-72;Nubosidad variable;14/04/18
IBB607;TFN;SPC;ATR-72;Nubosidad variable;14/04/18
AEA9461;TFN;SPC;ATR-72;Nubosidad variable;14/04/18
HTY114;AEI;JCU;AWH;Tormentas localmente fuertes;13/04/18
HTY138;AEI;JCU;AWH;Tormentas localmente fuertes;13/04/18
IBE8759;LEN;BCN;BOMBARDIER CRJ-1000;Lluvia;13/04/18
IBE8224;MAD;RJL;CANADAIR CRJ-200;Chubascos dispersos;13/04/18
RYR2036;VIT;SVQ;BOEING 737-800 WINGLETS;Lluvia;14/04/18
IBE8661;VIT;MAH;BOMBARDIER CRJ-1000;Lluvia;14/04/18
IBB652;GMZ;TFN;ATR-72;Chubascos dispersos;13/04/18
IBB650;GMZ;TFN;ATR-72;Chubascos dispersos;14/04/18
IBE8758;BCN;LEN;BOMBARDIER CRJ-1000;Despejado;17/04/18
HTY113;JCU;AEI;AWH;Lluvia;13/04/18
HTY137;JCU;AEI;AWH;Lluvia;13/04/18
HTY113;JCU;AEI;AWH;Lluvia;13/04/18
HTY257;JCU;AGP;AWH;Lluvia;13/04/18
HTY137;JCU;AEI;AWH;Lluvia;13/04/18
AEA2631;ZAZ;IBZ;BOEING 737-800 WINGLETS;Chubascos dispersos;13/04/18
RYR4634;ZAZ;BGY;BOEING 737-800 WINGLETS;Chubascos dispersos;13/04/18
VLG3979;ZAZ;PMI;AIRBUS A320;Chubascos dispersos;13/04/18
RYR7235;ZAZ;BVA;BOEING 737-800 WINGLETS;Chubascos dispersos;14/04/18
WZZ3192;ZAZ;OTP;AIRBUS A320;Chubascos dispersos;14/04/18
RYR5493;MAD;BGY;BOEING 737-800 WINGLETS;Chubascos dispersos;13/04/18
AEA7153;MAD;BIO;EMBRAER ERJ-195;Chubascos dispersos;13/04/18
AEA1143;MAD;OPO;ATR-72;Chubascos dispersos;13/04/18
CSA701;MAD;PRG;BOEING 737-800 WINGLETS;Chubascos dispersos;13/04/18
AEA9048;MAD;TFN;AIRBUS A330-200;Chubascos dispersos;13/04/18
IBB653;TFN;GMZ;ATR-42/72;Nubosidad variable;13/04/18
IBB651;TFN;GMZ;ATR-72;Nubosidad variable;14/04/18
RYR2035;SVQ;VIT;BOEING 737-800 WINGLETS;Chubascos dispersos;14/04/18
IBE8660;MAH;VIT;BOMBARDIER CRJ-1000;Lluvia débil;14/04/18
RYR6321;VLL;BCN;BOEING 737-800 WINGLETS;Chubascos dispersos;13/04/18
VLG1585;VLL;BCN;32A;Chubascos dispersos;13/04/18
RYR6321;VLL;BCN;BOEING 737-800 WINGLETS;Chubascos dispersos;14/04/18
RYR2212;REU;EIN;BOEING 737-800 WINGLETS;Lluvia;13/04/18
RYR2212;REU;EIN;BOEING 737-800 WINGLETS;Lluvia;14/04/18
RYR1115;REU;DUB;BOEING 737-800 WINGLETS;Lluvia;14/04/18
RYR1865;REU;SNN;BOEING 737-800 WINGLETS;Lluvia;14/04/18
RYR3843;REU;STN;BOEING 737-800 WINGLETS;Lluvia;14/04/18
EZY2208;REU;LTN;AIRBUS A319;Lluvia;14/04/18
KRP2860;PNA;LPA;FOKKER 100;Lluvia;13/04/18
IBE8525;PNA;MAD;BOMBARDIER CRJ-1000;Lluvia;13/04/18
IBE8531;PNA;MAD;BOMBARDIER CRJ-1000;Lluvia;13/04/18
IBE8529;PNA;MAD;BOMBARDIER CRJ-1000;Lluvia;14/04/18
HTY112;AEI;JCU;AWH;Tormentas localmente fuertes;13/04/18
HTY114;AEI;JCU;AWH;Tormentas localmente fuertes;13/04/18
HTY258;AGP;JCU;AWH;Despejado;17/04/18
HTY138;AEI;JCU;AWH;Tormentas localmente fuertes;13/04/18
VLG3978;PMI;ZAZ;AIRBUS A320;Lluvia;13/04/18
AEA4033;PMI;ZAZ;EMBRAER ERJ-195;Lluvia;14/04/18
IBE8329;EAS;MAD;ATR-72;Lluvia;13/04/18
IBE8315;EAS;MAD;ATR-72;Lluvia;13/04/18
VLG2489;EAS;BCN;AIRBUS A319;Lluvia;13/04/18
IBE8323;EAS;MAD;ATR-72;Lluvia;13/04/18
IBE8317;EAS;MAD;ATR-72;Lluvia;14/04/18
VLG2487;EAS;BCN;AIRBUS A319;Lluvia;14/04/18
IBE8327;EAS;MAD;ATR-72;Lluvia;14/04/18
IBE8319;EAS;MAD;ATR-72;Lluvia;14/04/18
VLG2287;XRY;BCN;32A;Chubascos dispersos;13/04/18
RYR1284;XRY;BCN;BOEING 737-800 WINGLETS;Chubascos dispersos;13/04/18
IBE0405;XRY;MAD;AIRBUS A319;Chubascos dispersos;13/04/18
IBE0407;XRY;MAD;AIRBUS A320;Chubascos dispersos;14/04/18
LGL688;XRY;LUX;BOEING 737-700 WINGLETS;Chubascos dispersos;14/04/18
DE1723;XRY;MUC;AIRBUS A320;Chubascos dispersos;14/04/18
DE1565;XRY;HAM;AIRBUS A320;Chubascos dispersos;14/04/18
IBE0411;XRY;MAD;32A;Chubascos dispersos;14/04/18
VLG2615;XRY;BIO;AIRBUS A320;Chubascos dispersos;14/04/18
VLG2287;XRY;BCN;AIRBUS A320;Chubascos dispersos;14/04/18
RYR6320;BCN;VLL;BOEING 737-800 WINGLETS;Lluvia;13/04/18
VLG1584;BCN;VLL;32A;Lluvia;13/04/18
RYR6320;BCN;VLL;BOEING 737-800 WINGLETS;Lluvia;14/04/18
IBB664;VDE;TFN;ATR-72;Chubascos dispersos;13/04/18
IBB366;VDE;LPA;ATR-42/72;Chubascos dispersos;13/04/18
CNF248;VDE;TFN;ATR-72;Chubascos dispersos;13/04/18
IBB674;VDE;TFN;ATR-72;Chubascos dispersos;13/04/18
IBB656;VDE;TFN;ATR-72;Chubascos dispersos;14/04/18
IBB660;VDE;TFN;ATR-72;Chubascos dispersos;14/04/18
IBB664;VDE;TFN;ATR-72;Chubascos dispersos;14/04/18
IBE8269;MLN;AGP;ATR-72;Chubascos dispersos;13/04/18
IBE8793;MLN;MAD;ATR-72;Chubascos dispersos;13/04/18
IBE8277;MLN;AGP;ATR-72;Chubascos dispersos;13/04/18
AEA5004;MLN;AGP;ATR-72;Chubascos dispersos;13/04/18
IBE8261;MLN;AGP;ATR-72;Chubascos dispersos;14/04/18
IBE8789;MLN;MAD;ATR-72;Chubascos dispersos;14/04/18
AEA5002;MLN;AGP;ATR-72;Chubascos dispersos;14/04/18
IBE8273;MLN;AGP;ATR-72;Chubascos dispersos;14/04/18
IBE8263;MLN;AGP;ATR-72;Chubascos dispersos;14/04/18
IBE8269;MLN;AGP;ATR-72;Chubascos dispersos;14/04/18
IBE8649;GRX;MAD;BOMBARDIER CRJ-1000;Chubascos dispersos;13/04/18
VLG2015;GRX;BCN;AIRBUS A320;Chubascos dispersos;13/04/18
IBE8643;GRX;MAD;BOMBARDIER CRJ-1000;Chubascos dispersos;13/04/18
VLG2619;GRX;BIO;32A;Chubascos dispersos;13/04/18
VLG2017;GRX;BCN;32B;Chubascos dispersos;13/04/18
IBE8639;GRX;MAD;CANADAIR CRJ-900;Chubascos dispersos;14/04/18
VLG2011;GRX;BCN;AIRBUS A320;Chubascos dispersos;14/04/18
IBE8641;GRX;MAD;BOMBARDIER CRJ-1000;Chubascos dispersos;14/04/18
VLG2021;GRX;BCN;AIRBUS A320;Chubascos dispersos;14/04/18
AEA5200;GRX;PMI;EMBRAER ERJ-195;Chubascos dispersos;14/04/18
IBE8645;GRX;MAD;BOMBARDIER CRJ-1000;Chubascos dispersos;14/04/18
IBE8524;MAD;PNA;BOMBARDIER CRJ-1000;Chubascos dispersos;13/04/18
IBE8532;MAD;PNA;BOMBARDIER CRJ-1000;Chubascos dispersos;13/04/18
IBE8526;MAD;PNA;BOMBARDIER CRJ-1000;Chubascos dispersos;13/04/18
IBE8524;MAD;PNA;CANADAIR CRJ-200;Chubascos dispersos;14/04/18
AEA7236;LCG;MAD;EMBRAER ERJ-195;Chubascos dispersos;13/04/18
IBE0523;LCG;MAD;AIRBUS A320;Chubascos dispersos;13/04/18
VLG1295;LCG;BCN;32A;Chubascos dispersos;13/04/18
VLG7104;LCG;LHR;AIRBUS A320;Chubascos dispersos;13/04/18
LZF440;LCG;BIO;ATR 42-300/320;Chubascos dispersos;13/04/18
AEA7238;LCG;MAD;EMBRAER ERJ-195;Chubascos dispersos;13/04/18
IBE0521;LCG;MAD;AIRBUS A320;Chubascos dispersos;13/04/18
VLG1291;LCG;BCN;AIRBUS A320;Chubascos dispersos;13/04/18
AEA7232;LCG;MAD;EMBRAER ERJ-195;Chubascos dispersos;14/04/18
RYR9156;SDR;CIA;BOEING 737-800 WINGLETS;Lluvia;13/04/18
IBE0557;SDR;MAD;AIRBUS A319;Lluvia;13/04/18
VLG1591;SDR;BCN;AIRBUS A320;Lluvia;13/04/18
RYR1353;SDR;RAK;BOEING 737-800 WINGLETS;Lluvia;13/04/18
RYR6058;SDR;CRL;BOEING 737-800 WINGLETS;Lluvia;13/04/18
IBE0559;SDR;MAD;AIRBUS A319;Lluvia;13/04/18
RYR2613;SDR;STN;BOEING 737-800 WINGLETS;Lluvia;13/04/18
IBE8861;SDR;MAD;BOMBARDIER CRJ-1000;Lluvia;14/04/18
RYR6385;SDR;BCN;BOEING 737-800 WINGLETS;Lluvia;14/04/18
IBE0555;SDR;MAD;AIRBUS A319;Lluvia;14/04/18
RYR4793;SDR;BGY;BOEING 737-800 WINGLETS;Lluvia;14/04/18
RYR2594;SDR;AGP;BOEING 737-800 WINGLETS;Lluvia;14/04/18
RYR2215;SDR;VLC;BOEING 737-800 WINGLETS;Lluvia;14/04/18
TAP1141;VGO;LIS;ATR-42/72;Chubascos dispersos;13/04/18
AEA7317;VGO;MAD;EMBRAER ERJ-195;Chubascos dispersos;13/04/18
IBE0535;VGO;MAD;AIRBUS A319;Chubascos dispersos;13/04/18
RYR246;VGO;BCN;BOEING 737-800 WINGLETS;Chubascos dispersos;13/04/18
AEA2728;VGO;BCN;BOEING 737-800 WINGLETS;Chubascos dispersos;13/04/18
AEA7319;VGO;MAD;EMBRAER ERJ-195;Chubascos dispersos;13/04/18
RYR244;VGO;BLQ;BOEING 737-800 WINGLETS;Chubascos dispersos;13/04/18
VLG1705;VGO;BCN;AIRBUS A320;Chubascos dispersos;13/04/18
IBE0537;VGO;MAD;AIRBUS A319;Chubascos dispersos;14/04/18
AEA7311;VGO;MAD;EMBRAER ERJ-195;Chubascos dispersos;14/04/18
IBE8589;LEI;MAD;CANADAIR CRJ-200;Chubascos dispersos;13/04/18
IBE8601;LEI;MAD;BOMBARDIER CRJ-1000;Chubascos dispersos;13/04/18
GMI2381;LEI;DUS;BOEING 737-700 WINGLETS;Chubascos dispersos;13/04/18
RYR1259;LEI;CRL;BOEING 737-800 WINGLETS;Chubascos dispersos;13/04/18
IBE8932;LEI;SVQ;CANADAIR CRJ-200;Chubascos dispersos;13/04/18
IBE8930;LEI;SVQ;CANADAIR CRJ-200;Chubascos dispersos;14/04/18
IBE8603;LEI;MAD;BOMBARDIER CRJ-1000;Chubascos dispersos;14/04/18
LGL694;LEI;LUX;BOEING 737-800 WINGLETS;Chubascos dispersos;14/04/18
JAF6944;LEI;BRU;EMBRAER 190;Chubascos dispersos;14/04/18
IBE8595;LEI;MAD;CANADAIR CRJ-900;Chubascos dispersos;14/04/18
EZY8164;LEI;LGW;AIRBUS A320;Chubascos dispersos;14/04/18
VLG1252;LEI;BCN;AIRBUS A320;Chubascos dispersos;14/04/18
IBE8577;LEI;MAD;CANADAIR CRJ-200;Chubascos dispersos;14/04/18
VLG7314;OVD;LGW;AIRBUS A320;Lluvia;13/04/18
IBS3983;OVD;MAD;AIRBUS A320;Lluvia;13/04/18
VOE3925;OVD;AGP;BOEING 717;Lluvia;13/04/18
IBE0487;OVD;MAD;AIRBUS A319;Lluvia;13/04/18
EZY3084;OVD;STN;AIRBUS A319;Lluvia;13/04/18
VLG1578;OVD;BCN;AIRBUS A320;Lluvia;13/04/18
VOE3831;OVD;SVQ;BOEING 717;Lluvia;13/04/18
TAP1113;OVD;LIS;ATR-72;Lluvia;13/04/18
IBE0481;OVD;MAD;AIRBUS A321;Lluvia;13/04/18
VLG1572;OVD;BCN;AIRBUS A320;Lluvia;14/04/18
VOE3590;OVD;PMI;BOEING 717;Lluvia;14/04/18
VLG1574;OVD;BCN;AIRBUS A320;Lluvia;14/04/18
IBE0479;OVD;MAD;AIRBUS A320;Lluvia;14/04/18
IBE0475;OVD;MAD;AIRBUS A320;Lluvia;14/04/18
VLG3139;OVD;ACE;AIRBUS A320;Lluvia;14/04/18
EZY8552;MJV;LGW;AIRBUS A320;Nubosidad variable;13/04/18
RYR7843;MJV;PIK;BOEING 737-800 WINGLETS;Nubosidad variable;13/04/18
EXS524;MJV;NCL;BOEING 737-300;Nubosidad variable;13/04/18
EXS822;MJV;EDI;BOEING 737-300 WINGLETS;Nubosidad variable;13/04/18
JAF5902;MJV;CRL;BOEING 737-800 WINGLETS;Nubosidad variable;13/04/18
EXS864;MJV;MAN;BOEING 737-800 WINGLETS;Nubosidad variable;13/04/18
RYR8027;MJV;STN;BOEING 737-800 WINGLETS;Nubosidad variable;13/04/18
RYR2323;MJV;LBA;BOEING 737-800 WINGLETS;Nubosidad variable;13/04/18
RYR4117;MJV;MAN;BOEING 737-800 WINGLETS;Nubosidad variable;13/04/18
RYR3453;MJV;LTN;BOEING 737-800 WINGLETS;Nubosidad variable;13/04/18
RYR7095;MJV;DUB;BOEING 737-800 WINGLETS;Nubosidad variable;13/04/18
EZY8554;MJV;LGW;AIRBUS A320;Nubosidad variable;13/04/18
JAF6902;MJV;ANR;EMBRAER 190;Nubosidad variable;14/04/18
RYR2155;MJV;BHX;BOEING 737-800 WINGLETS;Nubosidad variable;14/04/18
EZY8550;MJV;LGW;AIRBUS A319;Nubosidad variable;14/04/18
EZY6014;MJV;BRS;AIRBUS A319;Nubosidad variable;14/04/18
RYR1925;MJV;EMA;BOEING 737-800 WINGLETS;Nubosidad variable;14/04/18
RYR8539;SCQ;ALC;BOEING 737-800 WINGLETS;Chubascos dispersos;13/04/18
RYR4579;SCQ;BGY;BOEING 737-800 WINGLETS;Chubascos dispersos;13/04/18
EVE1602;SCQ;SVQ;32A;Chubascos dispersos;13/04/18
IBS3879;SCQ;MAD;AIRBUS A321;Chubascos dispersos;13/04/18
VLG8222;SCQ;CDG;AIRBUS A320;Chubascos dispersos;13/04/18
VLG1673;SCQ;BCN;AIRBUS A320;Chubascos dispersos;13/04/18
IBE8359;SCQ;BIO;CANADAIR CRJ-200;Chubascos dispersos;13/04/18
RYR5318;SCQ;MAD;BOEING 737-800 WINGLETS;Chubascos dispersos;13/04/18
VLG2654;SCQ;AGP;AIRBUS A320;Chubascos dispersos;13/04/18
RYR6380;SCQ;BCN;BOEING 737-800 WINGLETS;Chubascos dispersos;13/04/18
VLG1456;SCQ;ALC;32A;Chubascos dispersos;13/04/18
VLG1640;SCQ;FUE;AIRBUS A320;Chubascos dispersos;14/04/18
IBS3895;SCQ;MAD;32A;Chubascos dispersos;14/04/18
RYR5316;SCQ;MAD;BOEING 737-800 WINGLETS;Chubascos dispersos;14/04/18
RYR6333;SCQ;BCN;BOEING 737-800 WINGLETS;Chubascos dispersos;14/04/18
IBS3877;SCQ;MAD;AIRBUS A320;Chubascos dispersos;14/04/18
IBE8319;EAS;MAD;ATR-72;Lluvia;13/04/18
IBE8645;GRX;MAD;CANADAIR CRJ-900;Chubascos dispersos;13/04/18
IBS3943;TFN;MAD;AIRBUS A321;Nubosidad variable;13/04/18
BEL3714;BIO;BRU;AIRBUS A319;Lluvia moderada;13/04/18
DLH1143;BIO;FRA;AIRBUS A319;Lluvia moderada;13/04/18
IBE0439;BIO;MAD;32A;Lluvia moderada;13/04/18
VLG1466;BIO;ORY;32A;Lluvia moderada;13/04/18
VLG1435;BIO;BCN;AIRBUS A320;Lluvia moderada;13/04/18
AEA7154;BIO;MAD;EMBRAER ERJ-195;Lluvia moderada;13/04/18
KLM1688;BIO;AMS;BOEING 737-700 WINGLETS;Lluvia moderada;13/04/18
VLG1427;BIO;BCN;AIRBUS A320;Lluvia moderada;13/04/18
EZY1878;BIO;MAN;32A;Lluvia moderada;13/04/18
IBE0449;BIO;MAD;AIRBUS A321;Lluvia moderada;13/04/18
VOE3512;BIO;AGP;BOEING 717;Lluvia moderada;13/04/18
AFR1577;BIO;CDG;EMBRAER 190;Lluvia moderada;13/04/18
VLG7292;BIO;LGW;32A;Lluvia moderada;13/04/18
VLG1450;BIO;ALC;32A;Lluvia moderada;13/04/18
RYR9911;GRO;BOH;BOEING 737-800 WINGLETS;Lluvia;13/04/18
RYR3769;GRO;LTN;BOEING 737-800 WINGLETS;Lluvia;13/04/18
RYR8047;GRO;BHX;BOEING 737-800 WINGLETS;Lluvia;13/04/18
RYR7038;GRO;CAG;BOEING 737-800 WINGLETS;Lluvia;13/04/18
RYR6924;GRO;RBA;BOEING 737-800 WINGLETS;Lluvia;13/04/18
RYR4275;GRO;FRA;BOEING 737-800 WINGLETS;Lluvia;13/04/18
ANE2034;GRO;SVQ;BOMBARDIER CRJ-1000;Lluvia;14/04/18
RYR9123;GRO;EIN;BOEING 737-800 WINGLETS;Lluvia;14/04/18
RYR3213;GRO;MAN;BOEING 737-800 WINGLETS;Lluvia;14/04/18
RYR2344;GRO;NCL;BOEING 737-800 WINGLETS;Lluvia;14/04/18
RYR9803;GRO;STN;BOEING 737-800 WINGLETS;Lluvia;14/04/18
RYR4125;GRO;HHN;BOEING 737-800 WINGLETS;Lluvia;14/04/18
RYR6391;GRO;NRN;BOEING 737-800 WINGLETS;Lluvia;14/04/18
RYR9241;GRO;PSA;BOEING 737-800 WINGLETS;Lluvia;14/04/18
RYR9107;GRO;BVA;BOEING 737-800 WINGLETS;Lluvia;14/04/18
RYR6901;GRO;CRL;BOEING 737-800 WINGLETS;Lluvia;14/04/18
RYR9012;GRO;MLA;BOEING 737-800 WINGLETS;Lluvia;14/04/18
RYR6911;GRO;MST;BOEING 737-800 WINGLETS;Lluvia;14/04/18
RYR9375;GRO;TLL;BOEING 737-800 WINGLETS;Lluvia;14/04/18
VLG2901;PMI;AMS;AIRBUS A320;Lluvia;13/04/18
EZY1516;PMI;GVA;32A;Lluvia;13/04/18
EWG6802;PMI;DRS;AIRBUS A320;Lluvia;13/04/18
LGL618;PMI;LUX;BOEING 737-800 WINGLETS;Lluvia;13/04/18
EWG8597;PMI;TXL;BOEING 737-800 WINGLETS;Lluvia;13/04/18
IBK6622;PMI;OSL;BOEING 737-800 WINGLETS;Lluvia;13/04/18
EZY8626;PMI;LGW;32A;Lluvia;13/04/18
VLG2858;PMI;ORY;32A;Lluvia;13/04/18
ANE8633;PMI;VLC;BOMBARDIER CRJ-1000;Lluvia;13/04/18
EWG9581;PMI;DUS;AIRBUS A321;Lluvia;13/04/18
AEA6066;PMI;MAD;BOEING 737-800 WINGLETS;Lluvia;13/04/18
VLG3978;PMI;ZAZ;AIRBUS A320;Lluvia;13/04/18
ANE8124;PMI;IBZ;BOMBARDIER CRJ-1000;Lluvia;13/04/18
RYR7185;PMI;HAM;BOEING 737-800 WINGLETS;Lluvia;13/04/18
DLH1159;PMI;FRA;AIRBUS A320;Lluvia;13/04/18
TRA6512;PMI;EIN;BOEING 737-800 WINGLETS;Lluvia;13/04/18
RYR2064;PMI;MAD;BOEING 737-800 WINGLETS;Lluvia;13/04/18
IBK6676;PMI;AAL;BOEING 737-800 WINGLETS;Lluvia;13/04/18
ANE8612;PMI;ALC;CANADAIR CRJ-200;Lluvia;13/04/18
TRA6788;BCN;EIN;BOEING 737-800 WINGLETS;Lluvia;13/04/18
DLH1131;BCN;FRA;32A;Lluvia;13/04/18
SWR1955;BCN;ZRH;AIRBUS A321;Lluvia;13/04/18
LGL3592;BCN;LUX;D4X;Lluvia;13/04/18
AFR1649;BCN;CDG;AIRBUS A320;Lluvia;13/04/18
AEA6071;BCN;PMI;BOEING 737-800 WINGLETS;Lluvia;13/04/18
VLG2123;BCN;AGP;32A;Lluvia;13/04/18
IBE1515;BCN;MAD;AIRBUS A320;Lluvia;13/04/18
IBE1515S;BCN;MAD;AIRBUS A320;Lluvia;13/04/18
RYR8841;BCN;IBZ;BOEING 737-800 WINGLETS;Lluvia;13/04/18
EZY8574;BCN;LGW;32A;Lluvia;13/04/18
TRA5136;BCN;AMS;BOEING 737-800 WINGLETS;Lluvia;13/04/18
RYR6320;BCN;VLL;BOEING 737-800 WINGLETS;Lluvia;13/04/18
BAW2709;BCN;LGW;AIRBUS A320;Lluvia;13/04/18
VLG1294;BCN;LCG;32A;Lluvia;13/04/18
UAE0186;BCN;DXB;AIRBUS A380;Lluvia;13/04/18
IBS3937;TFN;MAD;AIRBUS A320;Nubosidad variable;13/04/18
IBB158;TFN;LPA;ATR-42/72;Nubosidad variable;13/04/18
IBB148;TFN;LPA;ATR-72;Nubosidad variable;13/04/18
AEA9418;TFN;LPA;ATR-72;Nubosidad variable;13/04/18
AEA9049;TFN;MAD;BOEING 737-800 WINGLETS;Nubosidad variable;13/04/18
IBB631;TFN;SPC;ATR-42/72;Nubosidad variable;13/04/18
IBB160;TFN;LPA;BOMBARDIER CRJ-1000;Nubosidad variable;13/04/18
VLG3217;TFN;BCN;32B;Nubosidad variable;13/04/18
AEA9465;TFN;SPC;ATR-72;Nubosidad variable;13/04/18
IBB420;TFN;FUE;ATR-42/72;Nubosidad variable;13/04/18
IBB456;TFN;ACE;ATR-42/72;Nubosidad variable;13/04/18
IBB172;TFN;LPA;ATR-42/72;Nubosidad variable;13/04/18
IBK6380;TFN;MAD;BOEING 737-800 WINGLETS;Nubosidad variable;13/04/18
CNF247;TFN;VDE;ATR-42/72;Nubosidad variable;13/04/18
IBB166;TFN;LPA;ATR-42/72;Nubosidad variable;13/04/18
IBB633;TFN;SPC;ATR-42/72;Nubosidad variable;13/04/18
AEA5403;TFN;AGP;BOEING 737-800 WINGLETS;Nubosidad variable;13/04/18
CNF549;TFN;ACE;ATR-72;Nubosidad variable;13/04/18
IBB673;TFN;VDE;ATR-72;Nubosidad variable;13/04/18
IBE8322;MAD;EAS;ATR-72;Chubascos dispersos;13/04/18
IBE8318;MAD;EAS;ATR-72;Chubascos dispersos;13/04/18
VLG2488;BCN;EAS;AIRBUS A319;Lluvia;13/04/18
IBE8326;MAD;EAS;ATR-72;Chubascos dispersos;13/04/18
IBE8324;MAD;EAS;ATR-72;Chubascos dispersos;13/04/18
VLG2486;BCN;EAS;AIRBUS A319;Lluvia;14/04/18
IBE8314;MAD;EAS;ATR-72;Chubascos dispersos;14/04/18
IBE8316;MAD;EAS;ATR-72;Chubascos dispersos;14/04/18
TAP1105;SVQ;LIS;BOEING 737-400;Chubascos dispersos;13/04/18
RYR1188;SVQ;FMM;BOEING 737-800 WINGLETS;Chubascos dispersos;13/04/18
VLG2221;SVQ;BCN;AIRBUS A320;Chubascos dispersos;13/04/18
VOE3529;SVQ;BIO;BOEING 717;Chubascos dispersos;13/04/18
RYR5272;SVQ;PMI;BOEING 737-800 WINGLETS;Chubascos dispersos;13/04/18
RYR2208;SVQ;VLC;BOEING 737-800 WINGLETS;Chubascos dispersos;13/04/18
EZY8176;SVQ;LGW;AIRBUS A319;Chubascos dispersos;13/04/18
VLG3964;SVQ;VLC;AIRBUS A320;Chubascos dispersos;13/04/18
RYR4371;SVQ;MAN;BOEING 737-800 WINGLETS;Chubascos dispersos;13/04/18
RYR8364;SVQ;STN;BOEING 737-800 WINGLETS;Chubascos dispersos;13/04/18
IBE8847;SVQ;VLC;CANADAIR CRJ-900;Chubascos dispersos;13/04/18
VLG8832;SVQ;CDG;AIRBUS A320;Chubascos dispersos;13/04/18
IBS3951;SVQ;MAD;AIRBUS A320;Chubascos dispersos;13/04/18
VLG3046;SVQ;LPA;AIRBUS A320;Chubascos dispersos;13/04/18
RYR5262;SVQ;BVA;BOEING 737-800 WINGLETS;Chubascos dispersos;13/04/18
RYR1567;SVQ;FRA;BOEING 737-800 WINGLETS;Chubascos dispersos;13/04/18
VLG2215;SVQ;BCN;BOEING 737-800 WINGLETS;Chubascos dispersos;13/04/18
RYR6399;SVQ;BCN;BOEING 737-800 WINGLETS;Chubascos dispersos;13/04/18
RYR1283;BCN;XRY;BOEING 737-800 WINGLETS;Lluvia;13/04/18
IBE0404;MAD;XRY;AIRBUS A319;Chubascos dispersos;13/04/18
IBE0406;MAD;XRY;AIRBUS A320;Chubascos dispersos;13/04/18
IBE0410;MAD;XRY;32A;Chubascos dispersos;14/04/18
VLG2614;BIO;XRY;AIRBUS A320;Lluvia moderada;14/04/18
VLG2286;BCN;XRY;AIRBUS A320;Lluvia;14/04/18
IBE0404;MAD;XRY;AIRBUS A320;Chubascos dispersos;14/04/18
RYR8147;IBZ;AGP;BOEING 737-800 WINGLETS;Nuboso a muy nuboso;13/04/18
AWC8422;IBZ;MAN;BOEING 757-200;Nuboso a muy nuboso;13/04/18
RYR8842;IBZ;BCN;BOEING 737-800 WINGLETS;Nuboso a muy nuboso;13/04/18
IBE8125;IBZ;PMI;BOMBARDIER CRJ-1000;Nuboso a muy nuboso;13/04/18
RYR4922;IBZ;HHN;BOEING 737-800 WINGLETS;Nuboso a muy nuboso;13/04/18
AEA2676;IBZ;BIO;BOEING 737-800 WINGLETS;Nuboso a muy nuboso;13/04/18
RYR2627;IBZ;MAN;BOEING 737-800 WINGLETS;Nuboso a muy nuboso;13/04/18
IBE8903;IBZ;MAD;BOMBARDIER CRJ-1000;Nuboso a muy nuboso;13/04/18
IBE8129;IBZ;PMI;CANADAIR CRJ-900;Nuboso a muy nuboso;13/04/18
IBE8437;IBZ;VLC;BOMBARDIER CRJ-1000;Nuboso a muy nuboso;13/04/18
VLG3517;IBZ;BCN;32B;Nuboso a muy nuboso;13/04/18
IBE8905;IBZ;ALC;CANADAIR CRJ-900;Nuboso a muy nuboso;13/04/18
IBE8117;IBZ;PMI;BOMBARDIER CRJ-1000;Nuboso a muy nuboso;13/04/18
AEA1711;IBZ;PMI;ATR-72;Nuboso a muy nuboso;13/04/18
EDW267;IBZ;ZRH;AIRBUS A320;Nuboso a muy nuboso;13/04/18
VLG3975;IBZ;BIO;32A;Nuboso a muy nuboso;13/04/18
AEA6028;IBZ;MAD;BOEING 737-800 WINGLETS;Nuboso a muy nuboso;13/04/18
RYR9252;IBZ;STN;BOEING 737-800 WINGLETS;Nuboso a muy nuboso;13/04/18
VLG3519;IBZ;BCN;32B;Nuboso a muy nuboso;13/04/18
IBE8499;MAH;PMI;ATR-42/72;Lluvia débil;13/04/18
RYR7402;MAH;VLC;BOEING 737-800 WINGLETS;Lluvia débil;13/04/18
AEA4530;MAH;PMI;ATR-72;Lluvia débil;13/04/18
IBE8493;MAH;PMI;ATR-42/72;Lluvia débil;13/04/18
RYR6882;MAH;BCN;BOEING 737-800 WINGLETS;Lluvia débil;13/04/18
IBE8027;MAH;MAD;BOMBARDIER CRJ-1000;Lluvia débil;13/04/18
VLG3701;MAH;BCN;32A;Lluvia débil;13/04/18
IBE8487;MAH;PMI;ATR-42/72;Lluvia débil;13/04/18
RYR2076;MAH;EMA;BOEING 737-800 WINGLETS;Lluvia débil;13/04/18
VLG3719;MAH;BCN;32B;Lluvia débil;13/04/18
IBE8481;MAH;PMI;CANADAIR CRJ-900;Lluvia débil;14/04/18
IBE8951;MAH;MAD;BOMBARDIER CRJ-1000;Lluvia débil;14/04/18
AAL8615;MAH;MAD;BOMBARDIER CRJ-1000;Lluvia débil;14/04/18
IBE8495;MAH;PMI;ATR-42/72;Lluvia débil;14/04/18
VLG3713;MAH;BCN;AIRBUS A320;Lluvia débil;14/04/18
IBE8483;MAH;PMI;BOMBARDIER CRJ-1000;Lluvia débil;14/04/18
VLG3715;MAH;BCN;AIRBUS A320;Lluvia débil;14/04/18
IBE8660;MAH;VIT;BOMBARDIER CRJ-1000;Lluvia débil;14/04/18
RYR7063;ALC;DUB;BOEING 737-800 WINGLETS;Nubosidad variable;13/04/18
RYR2714;ALC;LGW;BOEING 737-800 WINGLETS;Nubosidad variable;13/04/18
EVE1119;ALC;SCQ;32A;Nubosidad variable;13/04/18
EXS178;ALC;GLA;BOEING 737-800 WINGLETS;Nubosidad variable;13/04/18
TAP1123;ALC;LIS;ATR-42/72;Nubosidad variable;13/04/18
TRA6150;ALC;AMS;BOEING 737-800 WINGLETS;Nubosidad variable;13/04/18
EZS1086;ALC;BSL;AIRBUS A320;Nubosidad variable;13/04/18
RYR8975;ALC;STN;BOEING 737-800 WINGLETS;Nubosidad variable;13/04/18
RYR9069;ALC;TRF;BOEING 737-800 WINGLETS;Nubosidad variable;13/04/18
IBK5322;ALC;OSL;BOEING 737-800 WINGLETS;Nubosidad variable;13/04/18
PRW108;ALC;KEF;BOEING 737-800 WINGLETS;Nubosidad variable;13/04/18
VLG3936;ALC;PMI;32A;Nubosidad variable;13/04/18
BAW2631;ALC;LGW;AIRBUS A320;Nubosidad variable;13/04/18
IBK5330;ALC;TRF;BOEING 737-800 WINGLETS;Nubosidad variable;13/04/18
RYR1424;ALC;MXP;BOEING 737-800 WINGLETS;Nubosidad variable;13/04/18
VLG1451;ALC;BIO;32A;Nubosidad variable;13/04/18
IBK5390;ALC;KEF;BOEING 737-800 WINGLETS;Nubosidad variable;13/04/18
EZY8664;ALC;LGW;AIRBUS A319;Nubosidad variable;13/04/18
IBK5374;ALC;CPH;BOEING 737-800 WINGLETS;Nubosidad variable;13/04/18
AEA4027;ALC;PMI;ATR-72;Nubosidad variable;13/04/18
RYR9072;ALC;MAN;BOEING 737-800 WINGLETS;Nubosidad variable;13/04/18
EZY7416;ALC;SEN;AIRBUS A319;Nubosidad variable;13/04/18
RYR6422;VLC;BLQ;BOEING 737-800 WINGLETS;Nubosidad variable;13/04/18
RYR7401;VLC;MAH;BOEING 737-800 WINGLETS;Nubosidad variable;13/04/18
TVF3175;VLC;ORY;BOEING 737-800 WINGLETS;Nubosidad variable;13/04/18
WZZ3568;VLC;TSR;AIRBUS A320;Nubosidad variable;13/04/18
TRA6332;VLC;AMS;Sin especificar;Nubosidad variable;13/04/18
VLG1275;VLC;LCG;32A;Nubosidad variable;13/04/18
ANE5178;VLC;LIL;CANADAIR CRJ-200;Nubosidad variable;13/04/18
AEA4014;VLC;PMI;ATR-72;Nubosidad variable;13/04/18
BAW2795;VLC;LGW;AIRBUS A319;Nubosidad variable;13/04/18
RYR9326;VLC;PSA;BOEING 737-800 WINGLETS;Nubosidad variable;13/04/18
KLM1504;VLC;AMS;BOEING 737-800 WINGLETS;Nubosidad variable;13/04/18
IBE8434;VLC;IBZ;BOMBARDIER CRJ-1000;Nubosidad variable;13/04/18
THY1314;VLC;IST;BOEING 737-800 WINGLETS;Nubosidad variable;13/04/18
DLH1831;VLC;MUC;AIRBUS A320;Nubosidad variable;13/04/18
IBE8938;VLC;BIO;CANADAIR CRJ-900;Nubosidad variable;13/04/18
AEA2748;VLC;SVQ;BOEING 737-800 WINGLETS;Nubosidad variable;13/04/18
AZA083;VLC;FCO;AIRBUS A320;Nubosidad variable;13/04/18
VLG1315;VLC;BCN;AIRBUS A319;Nubosidad variable;13/04/18
RYR8725;VLC;BRI;BOEING 737-800 WINGLETS;Nubosidad variable;13/04/18
VLG8920;VLC;BRU;AIRBUS A320;Nubosidad variable;13/04/18
AEA7235;MAD;LCG;EMBRAER ERJ-195;Chubascos dispersos;13/04/18
IBE0524;MAD;LCG;AIRBUS A320;Chubascos dispersos;13/04/18
VLG1294;BCN;LCG;32A;Lluvia;13/04/18
VLG1275;VLC;LCG;32A;Nubosidad variable;13/04/18
AEA7237;MAD;LCG;EMBRAER ERJ-195;Chubascos dispersos;13/04/18
IBE0522;MAD;LCG;AIRBUS A320;Chubascos dispersos;13/04/18
VLG1290;BCN;LCG;AIRBUS A320;Lluvia;13/04/18
AEA7231;MAD;LCG;EMBRAER ERJ-195;Chubascos dispersos;13/04/18
IBS3911;TFS;MAD;AIRBUS A320;Nubosidad variable;13/04/18
MYX426;TFS;RIX;AIRBUS A320;Nubosidad variable;13/04/18
IBK6372;TFS;AGP;BOEING 737-800 WINGLETS;Nubosidad variable;13/04/18
TCX1223;TFS;BHX;AIRBUS A321;Nubosidad variable;13/04/18
TCX1981;TFS;BFS;32B;Nubosidad variable;13/04/18
MYX572;TFS;TLL;AIRBUS A320;Nubosidad variable;13/04/18
TCX1967;TFS;MAN;32B;Nubosidad variable;13/04/18
EXS518;TFS;NCL;BOEING 737-800 WINGLETS;Nubosidad variable;13/04/18
EXS918;TFS;MAN;BOEING 737-800 WINGLETS;Nubosidad variable;13/04/18
TOM2585;TFS;MAN;BOEING 757-200  WINGLETS;Nubosidad variable;13/04/18
JAF5114;TFS;BRU;BOEING 767-300 WINGLETS;Nubosidad variable;13/04/18
EXS156;TFS;GLA;BOEING 737-800 WINGLETS;Nubosidad variable;13/04/18
EXS224;TFS;LBA;BOEING 757-200;Nubosidad variable;13/04/18
GMI5193;TFS;FMO;AIRBUS A319;Nubosidad variable;13/04/18
TOM7581;TFS;EMA;BOEING 737-800 WINGLETS;Nubosidad variable;13/04/18
TOM1559;TFS;NCL;BOEING 737-800 WINGLETS;Nubosidad variable;13/04/18
EXS1494;TFS;STN;BOEING 737-800 WINGLETS;Nubosidad variable;13/04/18
TOM6555;TFS;CWL;BOEING 737-800 WINGLETS;Nubosidad variable;13/04/18
TFL604;TFS;AMS;BOEING 737-800 WINGLETS;Nubosidad variable;13/04/18
TOM2589;TFS;MAN;BOEING 757-200  WINGLETS;Nubosidad variable;13/04/18
LLX5052;LPA;ACE;AIRBUS A321;Nubosidad variable;13/04/18
TAP1119;LPA;LIS;EMBRAER 190;Nubosidad variable;13/04/18
IBB147;LPA;TFN;BOMBARDIER CRJ-1000;Nubosidad variable;13/04/18
TOM8107;LPA;DUS;BOEING 737-800 WINGLETS;Nubosidad variable;13/04/18
JTG914;LPA;HEL;BOEING 737-800 WINGLETS;Nubosidad variable;13/04/18
DK1509;LPA;TRD;AIRBUS A330-300;Nubosidad variable;13/04/18
VLG6586;LPA;ZRH;AIRBUS A320;Nubosidad variable;13/04/18
LLP8052;LPA;WAW;AIRBUS A320;Nubosidad variable;13/04/18
JTG706;LPA;JKG;BOEING 737-700 WINGLETS;Nubosidad variable;13/04/18
AEA9449;LPA;ACE;ATR-72;Nubosidad variable;13/04/18
IBB518;LPA;ACE;ATR-72;Nubosidad variable;13/04/18
IBB216;LPA;FUE;ATR-72;Nubosidad variable;13/04/18
JTG422;LPA;AAL;BOEING 737-700 WINGLETS;Nubosidad variable;13/04/18
TOM2509;LPA;MAN;BOEING 757-200  WINGLETS;Nubosidad variable;13/04/18
EXS716;LPA;EDI;BOEING 737-800 WINGLETS;Nubosidad variable;13/04/18
LAV5594;LPA;CGN;BOEING 737-800;Nubosidad variable;13/04/18
IBS3825;LPA;MAD;AIRBUS A320;Nubosidad variable;13/04/18
CNF653;LPA;TFN;ATR-72;Nubosidad variable;13/04/18
IBB214;LPA;FUE;ATR-72;Nubosidad variable;13/04/18
IBB135;LPA;TFN;ATR-72;Nubosidad variable;13/04/18
EXS186;AGP;LBA;BOEING 737-300 WINGLETS;Tormentas localmente fuertes;13/04/18
EZY1964;AGP;MAN;AIRBUS A319;Tormentas localmente fuertes;13/04/18
IBK5022;AGP;OSL;BOEING 737-800 WINGLETS;Tormentas localmente fuertes;13/04/18
SWR2115;AGP;ZRH;AIRBUS A320;Tormentas localmente fuertes;13/04/18
RYR7055;AGP;DUB;BOEING 737-800 WINGLETS;Tormentas localmente fuertes;13/04/18
DLH1835;AGP;MUC;AIRBUS A321;Tormentas localmente fuertes;13/04/18
EIN885;AGP;ORK;AIRBUS A320;Tormentas localmente fuertes;13/04/18
EZY8902;AGP;LGW;AIRBUS A319;Tormentas localmente fuertes;13/04/18
AFL2621;AGP;SVO;BOEING 737-800;Tormentas localmente fuertes;13/04/18
RYR5670;AGP;EIN;BOEING 737-800 WINGLETS;Tormentas localmente fuertes;13/04/18
RYR4469;AGP;EMA;BOEING 737-800 WINGLETS;Tormentas localmente fuertes;13/04/18
VLG8366;AGP;AMS;AIRBUS A320;Tormentas localmente fuertes;13/04/18
EZS1434;AGP;GVA;32A;Tormentas localmente fuertes;13/04/18
RYR2334;AGP;AMS;BOEING 737-800 WINGLETS;Tormentas localmente fuertes;13/04/18
SAS6202;AGP;CPH;32A;Tormentas localmente fuertes;13/04/18
VLG2612;AGP;BIO;AIRBUS A320;Tormentas localmente fuertes;13/04/18
AEA5005;AGP;MLN;ATR-72;Tormentas localmente fuertes;13/04/18
IBK5100;AGP;MUC;BOEING 737-800 WINGLETS;Tormentas localmente fuertes;13/04/18
RYR2157;AGP;BHX;BOEING 737-800 WINGLETS;Tormentas localmente fuertes;13/04/18
AEA1037;AGP;CDG;BOEING 737-800 WINGLETS;Tormentas localmente fuertes;13/04/18
IBE8270;AGP;MLN;ATR-72;Tormentas localmente fuertes;13/04/18
LLX5052;LPA;ACE;AIRBUS A321;Nubosidad variable;13/04/18
BLX660;ACE;HEL;BOEING 737-800 WINGLETS;Nubosidad variable;13/04/18
BLX276;ACE;ARN;7M8;Nubosidad variable;13/04/18
BLX284;ACE;GOT;BOEING 737-800 WINGLETS;Nubosidad variable;13/04/18
DK1105;ACE;CPH;32B;Nubosidad variable;13/04/18
IBB511;ACE;LPA;ATR-42/72;Nubosidad variable;13/04/18
EXS1402;ACE;STN;BOEING 737-800 WINGLETS;Nubosidad variable;13/04/18
EXS546;ACE;NCL;BOEING 737-800 WINGLETS;Nubosidad variable;13/04/18
EXS168;ACE;GLA;BOEING 737-800 WINGLETS;Nubosidad variable;13/04/18
VLG2473;ACE;BCN;32B;Nubosidad variable;13/04/18
EXS892;ACE;MAN;BOEING 757-200;Nubosidad variable;13/04/18
GMI5715;ACE;NUE;AIRBUS A319;Nubosidad variable;13/04/18
IBB519;ACE;LPA;ATR-72;Nubosidad variable;13/04/18
AEA9450;ACE;LPA;ATR-72;Nubosidad variable;13/04/18
DE1439;ACE;HAM;AIRBUS A320;Nubosidad variable;13/04/18
GMI3727;ACE;BRE;32B;Nubosidad variable;13/04/18
IBB457;ACE;TFN;ATR-42/72;Nubosidad variable;13/04/18
IBB523;ACE;LPA;ATR-42/72;Nubosidad variable;13/04/18
RYR3488;ACE;VLC;BOEING 737-800 WINGLETS;Nubosidad variable;13/04/18
IBB473;ACE;TFN;ATR-42/72;Nubosidad variable;13/04/18
RYR2016;ACE;MAD;BOEING 737-800 WINGLETS;Nubosidad variable;13/04/18
CNF550;ACE;TFN;ATR-72;Nubosidad variable;13/04/18
AEA7300;MAD;VGO;EMBRAER ERJ-195;Chubascos dispersos;13/04/18
IBE0534;MAD;VGO;AIRBUS A319;Chubascos dispersos;13/04/18
AEA2727;BCN;VGO;BOEING 737-800 WINGLETS;Lluvia;13/04/18
RYR245;BCN;VGO;BOEING 737-800 WINGLETS;Lluvia;13/04/18
AEA7306;MAD;VGO;EMBRAER ERJ-195;Chubascos dispersos;13/04/18
VLG1704;BCN;VGO;AIRBUS A319;Lluvia;13/04/18
IBE0536;MAD;VGO;AIRBUS A319;Chubascos dispersos;13/04/18
AEA7308;MAD;VGO;EMBRAER ERJ-195;Chubascos dispersos;14/04/18
IBE8642;MAD;GRX;BOMBARDIER CRJ-1000;Chubascos dispersos;13/04/18
VLG2014;BCN;GRX;AIRBUS A320;Lluvia;13/04/18
IBE8644;MAD;GRX;BOMBARDIER CRJ-1000;Chubascos dispersos;13/04/18
VLG2618;BIO;GRX;32A;Lluvia moderada;13/04/18
VLG2016;BCN;GRX;32B;Lluvia;13/04/18
IBE8648;MAD;GRX;CANADAIR CRJ-900;Chubascos dispersos;13/04/18
VLG2010;BCN;GRX;AIRBUS A321;Lluvia;14/04/18
IBE8640;MAD;GRX;BOMBARDIER CRJ-1000;Chubascos dispersos;14/04/18
VLG2020;BCN;GRX;AIRBUS A320;Lluvia;14/04/18
AEA5201;PMI;GRX;EMBRAER ERJ-195;Lluvia;14/04/18
IBE8646;MAD;GRX;BOMBARDIER CRJ-1000;Chubascos dispersos;14/04/18
IBE8642;MAD;GRX;CANADAIR CRJ-900;Chubascos dispersos;14/04/18
IBB663;TFN;VDE;ATR-72;Nubosidad variable;13/04/18
IBB365;LPA;VDE;ATR-72;Nubosidad variable;13/04/18
IBS2218;LPA;VDE;ATR-42/72;Despejado;17/04/18
CNF247;TFN;VDE;ATR-42/72;Nubosidad variable;13/04/18
IBB673;TFN;VDE;ATR-72;Nubosidad variable;13/04/18
IBB655;TFN;VDE;ATR-72;Nubosidad variable;14/04/18
IBB659;TFN;VDE;ATR-72;Nubosidad variable;14/04/18
IBB663;TFN;VDE;ATR-72;Nubosidad variable;14/04/18
IBB365;LPA;VDE;ATR-72;Nubosidad variable;14/04/18
VLG3154;XRY;PMI;AIRBUS A320;Chubascos dispersos;13/04/18
AEA6067;MAD;PMI;BOEING 737-800 WINGLETS;Chubascos dispersos;13/04/18
RYR6578;BCN;PMI;BOEING 737-800 WINGLETS;Lluvia;13/04/18
RYR2063;MAD;PMI;BOEING 737-800 WINGLETS;Chubascos dispersos;13/04/18
ANE8491;MAH;PMI;CANADAIR CRJ-900;Despejado;17/04/18
ANE8607;ALC;PMI;CANADAIR CRJ-200;Nubosidad variable;13/04/18
AEA1707;IBZ;PMI;ATR-72;Nuboso a muy nuboso;13/04/18
AEA6071;BCN;PMI;BOEING 737-800 WINGLETS;Lluvia;13/04/18
IBE8276;AGP;MLN;ATR-72;Tormentas localmente fuertes;13/04/18
AEA5005;AGP;MLN;ATR-72;Tormentas localmente fuertes;13/04/18
IBE8270;AGP;MLN;ATR-72;Tormentas localmente fuertes;13/04/18
IBE8798;MAD;MLN;ATR-72;Chubascos dispersos;13/04/18
IBE8272;AGP;MLN;ATR-72;Tormentas localmente fuertes;13/04/18
AEA5001;AGP;MLN;ATR-72;Tormentas localmente fuertes;14/04/18
IBE8262;AGP;MLN;ATR-72;Tormentas localmente fuertes;14/04/18
IBE8792;MAD;MLN;ATR-72;Chubascos dispersos;14/04/18
IBE8268;AGP;MLN;ATR-72;Tormentas localmente fuertes;14/04/18
IBE8264;AGP;MLN;ATR-72;Tormentas localmente fuertes;14/04/18
IBE8270;AGP;MLN;ATR-72;Tormentas localmente fuertes;14/04/18
GMI4923;FUE;TXL;BOEING 737-700 WINGLETS;Nubosidad variable;13/04/18
IBB213;FUE;LPA;ATR-42/72;Nubosidad variable;13/04/18
TCX1725;FUE;MAN;AIRBUS A321;Nubosidad variable;13/04/18
EXS746;FUE;EDI;BOEING 737-800 WINGLETS;Nubosidad variable;13/04/18
IBB217;FUE;LPA;ATR-72;Nubosidad variable;13/04/18
IBB221;FUE;LPA;ATR-42/72;Nubosidad variable;13/04/18
IBB421;FUE;TFN;ATR-42/72;Nubosidad variable;13/04/18
CNF850;FUE;LPA;ATR-42/72;Nubosidad variable;13/04/18
TUI2117;FUE;DUS;BOEING 737-700;Nubosidad variable;13/04/18
TUI2139;FUE;FRA;BOEING 737-700 WINGLETS;Nubosidad variable;13/04/18
IBB219;FUE;LPA;ATR-42/72;Nubosidad variable;13/04/18
AEA9436;FUE;LPA;ATR-72;Nubosidad variable;13/04/18
EZY4440;FUE;LYS;32A;Nubosidad variable;13/04/18
IBB419;FUE;TFN;ATR-42/72;Nubosidad variable;13/04/18
IBB227;FUE;LPA;BOMBARDIER CRJ-1000;Nubosidad variable;13/04/18
JAF5626;FUE;NTE;BOEING 737-800 WINGLETS;Nubosidad variable;13/04/18
CNF375;FUE;TFN;ATR-42/72;Nubosidad variable;13/04/18
IBB231;FUE;LPA;ATR-42/72;Nubosidad variable;13/04/18
IBB429;FUE;TFN;ATR-72;Nubosidad variable;13/04/18
IBB235;FUE;LPA;BOMBARDIER CRJ-1000;Nubosidad variable;13/04/18
OLY505;LPA;FUE;AIRBUS A319;Nubosidad variable;13/04/18
JAF5866;FUE;CDG;BOEING 737-800 WINGLETS;Nubosidad variable;13/04/18
CNF884;FUE;LPA;ATR-72;Nubosidad variable;13/04/18
IBB425;FUE;TFN;ATR-72;Nubosidad variable;13/04/18
AEA7153;MAD;BIO;EMBRAER ERJ-195;Chubascos dispersos;13/04/18
IBE0438;MAD;BIO;AIRBUS A321;Chubascos dispersos;13/04/18
VLG1426;BCN;BIO;AIRBUS A320;Lluvia;13/04/18
VOE3529;SVQ;BIO;BOEING 717;Chubascos dispersos;13/04/18
IBE0476;MAD;OVD;AIRBUS A319;Chubascos dispersos;13/04/18
VOE3924;AGP;OVD;BOEING 717;Tormentas localmente fuertes;13/04/18
IBE0480;MAD;OVD;AIRBUS A321;Chubascos dispersos;13/04/18
VOE3830;SVQ;OVD;BOEING 717;Chubascos dispersos;13/04/18
IBE0482;MAD;OVD;AIRBUS A320;Chubascos dispersos;13/04/18
VLG1571;BCN;OVD;AIRBUS A320;Lluvia;13/04/18
VLG1573;BCN;OVD;AIRBUS A320;Lluvia;14/04/18
IBE0488;MAD;OVD;AIRBUS A320;Chubascos dispersos;14/04/18
VLG1579;BCN;OVD;AIRBUS A320;Lluvia;14/04/18
VOE3591;PMI;OVD;BOEING 717;Lluvia;14/04/18
IBE0556;MAD;SDR;AIRBUS A319;Chubascos dispersos;13/04/18
VLG1590;BCN;SDR;AIRBUS A320;Lluvia;13/04/18
IBE0558;MAD;SDR;AIRBUS A319;Chubascos dispersos;13/04/18
IBE8878;MAD;SDR;BOMBARDIER CRJ-1000;Chubascos dispersos;13/04/18
RYR6384;BCN;SDR;BOEING 737-800 WINGLETS;Lluvia;14/04/18
IBE0554;MAD;SDR;AIRBUS A319;Chubascos dispersos;14/04/18
RYR2593;AGP;SDR;BOEING 737-800 WINGLETS;Tormentas localmente fuertes;14/04/18
RYR2214;VLC;SDR;BOEING 737-800 WINGLETS;Nubosidad variable;14/04/18
IBE0556;MAD;SDR;AIRBUS A319;Chubascos dispersos;14/04/18
VLG1306;BCN;ALC;32A;Lluvia;13/04/18
AEA4049;MAD;ALC;ATR-72;Chubascos dispersos;13/04/18
ANE8394;MAD;ALC;CANADAIR CRJ-900;Despejado;17/04/18
AAL8578;MAD;ALC;CANADAIR CRJ-900;Chubascos dispersos;13/04/18
RYR8539;SCQ;ALC;BOEING 737-800 WINGLETS;Chubascos dispersos;13/04/18
IBS3843;SPC;MAD;AIRBUS A320;Nubosidad variable;13/04/18
IBB630;SPC;TFN;ATR-42/72;Nubosidad variable;13/04/18
CNF453;SPC;TFN;ATR-72;Nubosidad variable;13/04/18
IBB632;SPC;TFN;ATR-42/72;Nubosidad variable;13/04/18
IBE7265;SPC;TFN;ATR-42/72;Nubosidad variable;13/04/18
AEA9466;SPC;TFN;ATR-72;Nubosidad variable;13/04/18
IBB634;SPC;TFN;ATR-42/72;Nubosidad variable;13/04/18
PRW254;SPC;JYV;BOEING 737-800 WINGLETS;Nubosidad variable;13/04/18
IBB636;SPC;TFN;ATR-42/72;Nubosidad variable;13/04/18
IBB316;SPC;LPA;ATR-72;Nubosidad variable;13/04/18
AEA9480;SPC;TFN;ATR-72;Nubosidad variable;13/04/18
TRA5642;SPC;AMS;BOEING 737-700 WINGLETS;Nubosidad variable;13/04/18
IBB638;SPC;TFN;ATR-42/72;Nubosidad variable;13/04/18
IBB626;SPC;TFN;ATR-42/72;Nubosidad variable;13/04/18
IBB312;SPC;LPA;ATR-72;Nubosidad variable;13/04/18
IBB640;SPC;TFN;ATR-42/72;Nubosidad variable;13/04/18
CNF468;SPC;TFN;ATR-72;Nubosidad variable;13/04/18
AEA9468;SPC;TFN;ATR-72;Nubosidad variable;13/04/18
IBB642;SPC;TFN;ATR-72;Nubosidad variable;13/04/18
IBB318;SPC;LPA;BOMBARDIER CRJ-1000;Nubosidad variable;13/04/18
IBB604;SPC;TFN;ATR-42/72;Nubosidad variable;14/04/18
IBB606;SPC;TFN;ATR-72;Nubosidad variable;14/04/18
IBE2282;SPC;TFN;ATR-72;Nubosidad variable;14/04/18
IBB304;SPC;LPA;ATR-72;Nubosidad variable;14/04/18
IBE8212;PMI;LEI;CANADAIR CRJ-200;Despejado;17/04/18
IBE8592;MAD;LEI;BOMBARDIER CRJ-1000;Chubascos dispersos;13/04/18
IBE8588;MAD;LEI;CANADAIR CRJ-200;Chubascos dispersos;13/04/18
IBE8933;SVQ;LEI;CANADAIR CRJ-200;Chubascos dispersos;13/04/18
IBE8600;MAD;LEI;BOMBARDIER CRJ-1000;Chubascos dispersos;13/04/18
IBE8594;MAD;LEI;CANADAIR CRJ-900;Chubascos dispersos;14/04/18
VLG1251;BCN;LEI;AIRBUS A320;Lluvia;14/04/18
IBE8598;MAD;LEI;CANADAIR CRJ-200;Chubascos dispersos;14/04/18
IBE8592;MAD;LEI;BOMBARDIER CRJ-1000;Chubascos dispersos;14/04/18
VLG1274;LCG;VLC;32A;Chubascos dispersos;13/04/18
AEA4065;MAD;VLC;ATR-72;Chubascos dispersos;13/04/18
IBE8633;PMI;VLC;BOMBARDIER CRJ-1000;Despejado;17/04/18
IBE8972;MAD;VLC;CANADAIR CRJ-900;Chubascos dispersos;13/04/18
AAL8616;MAD;VLC;CANADAIR CRJ-900;Chubascos dispersos;13/04/18
VLG1314;BCN;VLC;AIRBUS A319;Lluvia;13/04/18
VLG3511;IBZ;BCN;32A;Nuboso a muy nuboso;13/04/18
VLG1677;SCQ;BCN;AIRBUS A320;Chubascos dispersos;13/04/18
RYR6387;AGP;BCN;BOEING 737-800 WINGLETS;Tormentas localmente fuertes;13/04/18
IBE1430;MAD;BCN;AIRBUS A320;Chubascos dispersos;13/04/18
VLG9754;MAD;BCN;AIRBUS A320;Chubascos dispersos;13/04/18
VLG1628;OVD;AGP;AIRBUS A320;Lluvia;13/04/18
AEA5039;MAD;AGP;ATR-72;Chubascos dispersos;13/04/18
IBE8269;MLN;AGP;ATR-72;Chubascos dispersos;13/04/18
VLG3069;LPA;AGP;AIRBUS A320;Nubosidad variable;13/04/18
HTY227;JCU;AGP;AWH;Despejado;17/04/18
RYR7401;VLC;MAH;BOEING 737-800 WINGLETS;Nubosidad variable;13/04/18
AEA4531;PMI;MAH;ATR-72;Lluvia;13/04/18
IBE8490;PMI;MAH;ATR-42/72;Despejado;17/04/18
RYR6881;BCN;MAH;BOEING 737-800 WINGLETS;Lluvia;13/04/18
IBE8026;MAD;MAH;BOMBARDIER CRJ-1000;Chubascos dispersos;13/04/18
VLG3700;BCN;MAH;32A;Lluvia;13/04/18
IBE8492;PMI;MAH;ATR-42/72;Despejado;17/04/18
IBE8496;PMI;MAH;CANADAIR CRJ-900;Despejado;17/04/18
VLG3718;BCN;MAH;32B;Lluvia;13/04/18
IBE8954;MAD;MAH;BOMBARDIER CRJ-1000;Chubascos dispersos;13/04/18
IBE8494;PMI;MAH;ATR-42/72;Despejado;17/04/18
VLG3712;BCN;MAH;AIRBUS A320;Lluvia;14/04/18
IBE8480;PMI;MAH;BOMBARDIER CRJ-1000;Despejado;17/04/18
VLG3714;BCN;MAH;AIRBUS A320;Lluvia;14/04/18
IBE8482;PMI;MAH;BOMBARDIER CRJ-1000;Despejado;17/04/18
VLG1340;ALC;MAH;AIRBUS A320;Nubosidad variable;14/04/18
AEA9417;LPA;TFN;ATR-72;Nubosidad variable;13/04/18
VLG3216;BCN;TFN;32B;Lluvia;13/04/18
IBB622;SPC;TFN;ATR-42/72;Nubosidad variable;13/04/18
IBB147;LPA;TFN;BOMBARDIER CRJ-1000;Nubosidad variable;13/04/18
IBB417;FUE;TFN;ATR-42/72;Nubosidad variable;13/04/18
IBK6375;BCN;TFN;BOEING 737-800 WINGLETS;Lluvia;13/04/18
IBB455;ACE;TFN;ATR-42/72;Nubosidad variable;13/04/18
AEA5404;AGP;TFN;BOEING 737-800 WINGLETS;Tormentas localmente fuertes;13/04/18
CNF653;LPA;TFN;ATR-72;Nubosidad variable;13/04/18
IBB135;LPA;TFN;ATR-72;Nubosidad variable;13/04/18
IBB630;SPC;TFN;ATR-42/72;Nubosidad variable;13/04/18
CNF453;SPC;TFN;ATR-72;Nubosidad variable;13/04/18
IBB117;LPA;TFN;ATR-72;Nubosidad variable;13/04/18
AEA9405;LPA;TFN;ATR-72;Nubosidad variable;13/04/18
IBB664;VDE;TFN;ATR-72;Chubascos dispersos;13/04/18
LAV5214;SCQ;TFN;BOEING 737-400;Chubascos dispersos;13/04/18
IBB167;LPA;TFN;BOMBARDIER CRJ-1000;Nubosidad variable;13/04/18
IBB632;SPC;TFN;ATR-42/72;Nubosidad variable;13/04/18
IBS3940;MAD;TFN;AIRBUS A320;Chubascos dispersos;13/04/18
AEA9048;MAD;TFN;AIRBUS A330-200;Chubascos dispersos;13/04/18
RYR8841;BCN;IBZ;BOEING 737-800 WINGLETS;Lluvia;13/04/18
IBE8124;PMI;IBZ;BOMBARDIER CRJ-1000;Despejado;17/04/18
AEA2631;ZAZ;IBZ;BOEING 737-800 WINGLETS;Chubascos dispersos;13/04/18
IBE8902;MAD;IBZ;BOMBARDIER CRJ-1000;Chubascos dispersos;13/04/18
IBE8128;PMI;IBZ;CANADAIR CRJ-900;Despejado;17/04/18
VLG3516;BCN;IBZ;32B;Lluvia;13/04/18
IBE8434;VLC;IBZ;BOMBARDIER CRJ-1000;Nubosidad variable;13/04/18
IBE8906;ALC;IBZ;CANADAIR CRJ-900;Despejado;17/04/18
IBE8114;PMI;IBZ;BOMBARDIER CRJ-1000;Despejado;17/04/18
AEA1710;PMI;IBZ;ATR-72;Lluvia;13/04/18
VLG3974;BIO;IBZ;32A;Lluvia moderada;13/04/18
AEA6027;MAD;IBZ;BOEING 737-800 WINGLETS;Chubascos dispersos;13/04/18
VLG3518;BCN;IBZ;32B;Lluvia;13/04/18
RYR5273;PMI;SVQ;BOEING 737-800 WINGLETS;Lluvia;13/04/18
RYR2207;VLC;SVQ;BOEING 737-800 WINGLETS;Nubosidad variable;13/04/18
VLG3965;VLC;SVQ;AIRBUS A320;Nubosidad variable;13/04/18
IBE8846;VLC;SVQ;CANADAIR CRJ-900;Nubosidad variable;13/04/18
VLG1298;LCG;SVQ;AIRBUS A320;Chubascos dispersos;13/04/18
IBS3952;MAD;SVQ;32A;Chubascos dispersos;13/04/18
ANE2003;CDT;SVQ;BOMBARDIER CRJ-1000;Despejado;17/04/18
VLG3255;TFN;SVQ;AIRBUS A320;Nubosidad variable;13/04/18
VLG2214;BCN;SVQ;BOEING 737-800 WINGLETS;Lluvia;13/04/18
EVE1602;SCQ;SVQ;32A;Chubascos dispersos;13/04/18
AEA2748;VLC;SVQ;BOEING 737-800 WINGLETS;Nubosidad variable;13/04/18
VLG2268;BCN;SVQ;AIRBUS A320;Lluvia;13/04/18
IBB507;ACE;LPA;ATR-72;Nubosidad variable;13/04/18
IBB223;FUE;LPA;ATR-42/72;Nubosidad variable;13/04/18
IBK5805;MAD;LPA;BOEING 737-800 WINGLETS;Chubascos dispersos;13/04/18
IBB158;TFN;LPA;ATR-42/72;Nubosidad variable;13/04/18
VLG3002;BCN;LPA;32B;Lluvia;13/04/18
CNF730;ACE;LPA;ATR-42/72;Nubosidad variable;13/04/18
IBB148;TFN;LPA;ATR-72;Nubosidad variable;13/04/18
AEA9418;TFN;LPA;ATR-72;Nubosidad variable;13/04/18
IBB511;ACE;LPA;ATR-42/72;Nubosidad variable;13/04/18
IBB213;FUE;LPA;ATR-42/72;Nubosidad variable;13/04/18
IBB160;TFN;LPA;BOMBARDIER CRJ-1000;Nubosidad variable;13/04/18
IBB172;TFN;LPA;ATR-42/72;Nubosidad variable;13/04/18
LLX5052;LPA;ACE;AIRBUS A321;Nubosidad variable;13/04/18
VLG2472;BCN;ACE;32B;Lluvia;13/04/18
AEA9449;LPA;ACE;ATR-72;Nubosidad variable;13/04/18
IBB518;LPA;ACE;ATR-72;Nubosidad variable;13/04/18
IBB456;TFN;ACE;ATR-42/72;Nubosidad variable;13/04/18
IBB522;LPA;ACE;ATR-72;Nubosidad variable;13/04/18
IBB532;LPA;ACE;ATR-72;Nubosidad variable;13/04/18
CNF549;TFN;ACE;ATR-72;Nubosidad variable;13/04/18
IBB530;LPA;ACE;ATR-72;Nubosidad variable;13/04/18
IBB524;LPA;ACE;ATR-72;Nubosidad variable;13/04/18
IBB526;LPA;ACE;ATR-72;Nubosidad variable;13/04/18
IBB474;TFN;ACE;ATR-42/72;Nubosidad variable;13/04/18
IBB216;LPA;FUE;ATR-72;Nubosidad variable;13/04/18
IBB214;LPA;FUE;ATR-72;Nubosidad variable;13/04/18
IBB420;TFN;FUE;ATR-42/72;Nubosidad variable;13/04/18
CNF849;LPA;FUE;ATR-72;Nubosidad variable;13/04/18
IBB220;LPA;FUE;ATR-72;Nubosidad variable;13/04/18
AEA9435;LPA;FUE;ATR-72;Nubosidad variable;13/04/18
IBB418;TFN;FUE;ATR-42/72;Nubosidad variable;13/04/18
IBB224;LPA;FUE;BOMBARDIER CRJ-1000;Nubosidad variable;13/04/18
CNF374;TFN;FUE;ATR-42/72;Nubosidad variable;13/04/18
IBB228;LPA;FUE;ATR-72;Nubosidad variable;13/04/18
IBB428;TFN;FUE;ATR-72;Nubosidad variable;13/04/18
IBE2272;TFN;FUE;ATR-72;Despejado;17/04/18
OLY505;LPA;FUE;AIRBUS A319;Nubosidad variable;13/04/18
IBB234;LPA;FUE;BOMBARDIER CRJ-1000;Nubosidad variable;13/04/18
IBB424;TFN;FUE;ATR-42/72;Nubosidad variable;13/04/18
CNF883;LPA;FUE;ATR-72;Nubosidad variable;13/04/18
IBB629;TFN;SPC;ATR-42/72;Nubosidad variable;13/04/18
CNF452;TFN;SPC;ATR-72;Nubosidad variable;13/04/18
IBB631;TFN;SPC;ATR-42/72;Nubosidad variable;13/04/18
AEA9465;TFN;SPC;ATR-72;Nubosidad variable;13/04/18
IBB633;TFN;SPC;ATR-42/72;Nubosidad variable;13/04/18
IBB623;TFN;SPC;ATR-42/72;Nubosidad variable;13/04/18
AEA9479;TFN;SPC;ATR-72;Nubosidad variable;13/04/18
IBB315;LPA;SPC;ATR-72;Nubosidad variable;13/04/18
IBB637;TFN;SPC;ATR-42/72;Nubosidad variable;13/04/18
IBB625;TFN;SPC;ATR-42/72;Nubosidad variable;13/04/18
IBB311;LPA;SPC;ATR-72;Nubosidad variable;13/04/18
IBB639;TFN;SPC;ATR-42/72;Nubosidad variable;13/04/18
IBE2274;TFN;SPC;ATR-42/72;Despejado;17/04/18
CNF467;TFN;SPC;ATR-72;Nubosidad variable;13/04/18
AEA9467;TFN;SPC;ATR-72;Nubosidad variable;13/04/18
IBB627;TFN;SPC;ATR-42/72;Nubosidad variable;13/04/18
IBB641;TFN;SPC;ATR-42/72;Nubosidad variable;13/04/18
IBB317;LPA;SPC;BOMBARDIER CRJ-1000;Nubosidad variable;13/04/18
IBB605;TFN;SPC;ATR-72;Nubosidad variable;14/04/18
IBB309;LPA;SPC;ATR-72;Nubosidad variable;14/04/18
CNF412;TFN;SPC;ATR-72;Nubosidad variable;14/04/18
IBB607;TFN;SPC;ATR-72;Nubosidad variable;14/04/18
AEA9461;TFN;SPC;ATR-72;Nubosidad variable;14/04/18
IBE8221;RJL;MAD;CANADAIR CRJ-200;Nubosidad variable;14/04/18
RYR6321;VLL;BCN;BOEING 737-800 WINGLETS;Abertura de claros;14/04/18
IBB650;GMZ;TFN;ATR-72;Nubes altas;14/04/18
IBB652;GMZ;TFN;ATR-72;Nubes altas;14/04/18
IBE8224;MAD;RJL;CANADAIR CRJ-200;Abertura de claros;13/04/18
IBE8529;PNA;MAD;BOMBARDIER CRJ-1000;Chubascos dispersos;14/04/18
IBE8525;PNA;MAD;CANADAIR CRJ-200;Chubascos dispersos;14/04/18
RYR6320;BCN;VLL;BOEING 737-800 WINGLETS;Lluvia débil;14/04/18
RYR2036;VIT;SVQ;BOEING 737-800 WINGLETS;Nubosidad variable;14/04/18
IBE8661;VIT;MAH;BOMBARDIER CRJ-1000;Nubosidad variable;14/04/18
IBB651;TFN;GMZ;ATR-42/72;Nubosidad variable;14/04/18
IBB653;TFN;GMZ;ATR-42/72;Nubosidad variable;14/04/18
IBE2244;TFN;GMZ;ATR-72;Despejado;17/04/18
RYR7235;ZAZ;BVA;BOEING 737-800 WINGLETS;Lluvia débil;14/04/18
WZZ3192;ZAZ;OTP;AIRBUS A320;Lluvia débil;14/04/18
AEA4032;ZAZ;PMI;EMBRAER ERJ-195;Lluvia débil;14/04/18
WZZ3418;ZAZ;CLJ;AIRBUS A320;Lluvia débil;14/04/18
IBB656;VDE;TFN;ATR-72;Nubosidad variable;14/04/18
IBB660;VDE;TFN;ATR-42/72;Nubosidad variable;14/04/18
IBB664;VDE;TFN;ATR-72;Nubosidad variable;14/04/18
IBB366;VDE;LPA;ATR-72;Nubosidad variable;14/04/18
CNF248;VDE;TFN;ATR-72;Nubosidad variable;14/04/18
IBB674;VDE;TFN;ATR-72;Nubosidad variable;14/04/18
IBE8526;MAD;PNA;BOMBARDIER CRJ-1000;Abertura de claros;13/04/18
IBE8524;MAD;PNA;CANADAIR CRJ-200;Abertura de claros;14/04/18
IBE8526;MAD;PNA;BOMBARDIER CRJ-1000;Abertura de claros;14/04/18
RYR1115;REU;DUB;BOEING 737-800 WINGLETS;Lluvia débil;14/04/18
RYR1865;REU;SNN;BOEING 737-800 WINGLETS;Lluvia débil;14/04/18
RYR3843;REU;STN;BOEING 737-800 WINGLETS;Lluvia débil;14/04/18
EZY2208;REU;LTN;AIRBUS A319;Lluvia débil;14/04/18
RYR2829;REU;CRL;BOEING 737-800 WINGLETS;Lluvia débil;14/04/18
RYR2035;SVQ;VIT;BOEING 737-800 WINGLETS;Abertura de claros;14/04/18
IBE8660;MAH;VIT;BOMBARDIER CRJ-1000;Lluvia moderada;14/04/18
IBE8323;EAS;MAD;ATR-72;Chubascos dispersos;13/04/18
IBE8317;EAS;MAD;ATR-72;Chubascos dispersos;14/04/18
VLG2487;EAS;BCN;AIRBUS A319;Chubascos dispersos;14/04/18
IBE8327;EAS;MAD;ATR-72;Chubascos dispersos;14/04/18
IBE8319;EAS;MAD;ATR-72;Chubascos dispersos;14/04/18
IBE8329;EAS;MAD;ATR-72;Chubascos dispersos;14/04/18
VLG2489;EAS;BCN;AIRBUS A319;Chubascos dispersos;14/04/18
IBE8261;MLN;AGP;ATR-72;Nubosidad variable;14/04/18
IBE8789;MLN;MAD;ATR-72;Nubosidad variable;14/04/18
AEA5002;MLN;AGP;ATR-72;Nubosidad variable;14/04/18
IBE8273;MLN;AGP;ATR-72;Nubosidad variable;14/04/18
IBE8263;MLN;AGP;ATR-72;Nubosidad variable;14/04/18
IBE8269;MLN;AGP;ATR-72;Nubosidad variable;14/04/18
IBE8793;MLN;MAD;ATR-72;Nubosidad variable;14/04/18
IBE8271;MLN;AGP;ATR-72;Nubosidad variable;14/04/18
IBE0407;XRY;MAD;AIRBUS A320;Abertura de claros;14/04/18
LGL688;XRY;LUX;BOEING 737-700 WINGLETS;Abertura de claros;14/04/18
DE1723;XRY;MUC;AIRBUS A320;Abertura de claros;14/04/18
DE1565;XRY;HAM;AIRBUS A320;Abertura de claros;14/04/18
IBE0411;XRY;MAD;32A;Abertura de claros;14/04/18
VLG2615;XRY;BIO;32A;Abertura de claros;14/04/18
VLG2287;XRY;BCN;BOEING 737-800 WINGLETS;Abertura de claros;14/04/18
IBE0405;XRY;MAD;AIRBUS A320;Abertura de claros;14/04/18
RYR1284;XRY;BCN;BOEING 737-800 WINGLETS;Abertura de claros;14/04/18
VLG1705;VGO;BCN;32A;Nubosidad variable;13/04/18
IBE0537;VGO;MAD;AIRBUS A319;Nubosidad variable;14/04/18
AEA7311;VGO;MAD;EMBRAER ERJ-195;Nubosidad variable;14/04/18
VLG1703;VGO;BCN;BOEING 737-800 WINGLETS;Nubosidad variable;14/04/18
IBE0531;VGO;MAD;AIRBUS A320;Nubosidad variable;14/04/18
RYR7142;VGO;EDI;BOEING 737-800 WINGLETS;Nubosidad variable;14/04/18
AEA7315;VGO;MAD;EMBRAER ERJ-195;Nubosidad variable;14/04/18
IBE0533;VGO;MAD;AIRBUS A319;Nubosidad variable;14/04/18
IBE8603;LEI;MAD;BOMBARDIER CRJ-1000;Nubosidad variable;14/04/18
LGL694;LEI;LUX;BOEING 737-800 WINGLETS;Nubosidad variable;14/04/18
JAF6944;LEI;BRU;EMBRAER 190;Nubosidad variable;14/04/18
IBE8595;LEI;MAD;CANADAIR CRJ-900;Nubosidad variable;14/04/18
EZY8164;LEI;LGW;AIRBUS A320;Nubosidad variable;14/04/18
VLG1252;LEI;BCN;32A;Nubosidad variable;14/04/18
IBE8577;LEI;MAD;CANADAIR CRJ-200;Nubosidad variable;14/04/18
IBE8601;LEI;MAD;BOMBARDIER CRJ-1000;Nubosidad variable;14/04/18
BAW421;LEI;LHR;AIRBUS A319;Nubosidad variable;14/04/18
TRA5644;LEI;RTM;BOEING 737-700 WINGLETS;Nubosidad variable;14/04/18
RYR7319;LEI;DUB;BOEING 737-800 WINGLETS;Nubosidad variable;14/04/18
IBE0521;LCG;MAD;AIRBUS A320;Nubosidad variable;13/04/18
VLG1291;LCG;BCN;AIRBUS A320;Nubosidad variable;13/04/18
AEA7232;LCG;MAD;EMBRAER ERJ-195;Nubosidad variable;14/04/18
IBE0511;LCG;MAD;AIRBUS A319;Nubosidad variable;14/04/18
VLG1293;LCG;BCN;32A;Nubosidad variable;14/04/18
TAP1085;LCG;LIS;ATR-72;Nubosidad variable;14/04/18
VLG3971;LCG;PMI;32A;Nubosidad variable;14/04/18
AEA7234;LCG;MAD;EMBRAER ERJ-195;Nubosidad variable;14/04/18
RYR2425;VLC;FRA;BOEING 737-800 WINGLETS;Nubosidad variable;13/04/18
IBE8456;VLC;AGP;CANADAIR CRJ-900;Nubosidad variable;13/04/18
RYR7202;VLC;LPA;BOEING 737-800 WINGLETS;Nubosidad variable;13/04/18
AEA4012;VLC;PMI;EMBRAER ERJ-195;Nubosidad variable;13/04/18
TVS1055;VLC;PRG;BOEING 737-900 WINGLETS;Nubosidad variable;13/04/18
RYR4664;VLC;BGY;BOEING 737-800 WINGLETS;Nubosidad variable;13/04/18
VLG3953;VLC;PMI;AIRBUS A320;Nubosidad variable;13/04/18
ROT432;VLC;OTP;BOEING 737-700 WINGLETS;Nubosidad variable;14/04/18
IBE8999;VLC;MAD;BOMBARDIER CRJ-1000;Nubosidad variable;14/04/18
AVA6095;VLC;MAD;BOMBARDIER CRJ-1000;Nubosidad variable;14/04/18
AEA1005;VLC;CDG;BOEING 737-800 WINGLETS;Nubosidad variable;14/04/18
TAP1095;VLC;LIS;ATR-42/72;Nubosidad variable;14/04/18
VLG1437;BIO;BCN;AIRBUS A320;Chubascos dispersos;13/04/18
VLG2613;BIO;AGP;AIRBUS A320;Chubascos dispersos;13/04/18
EZY3228;BIO;STN;AIRBUS A319;Chubascos dispersos;13/04/18
BEL3716;BIO;BRU;AIRBUS A319;Chubascos dispersos;14/04/18
IBE0443;BIO;MAD;32A;Chubascos dispersos;14/04/18
VOE3516;BIO;MLA;BOEING 717;Chubascos dispersos;14/04/18
KLM1684;BIO;AMS;EMBRAER 190;Chubascos dispersos;14/04/18
DLH1147;BIO;FRA;32A;Chubascos dispersos;14/04/18
VLG2506;BIO;SVQ;AIRBUS A320;Chubascos dispersos;13/04/18
VLG3280;BIO;ACE;AIRBUS A320;Chubascos dispersos;14/04/18
AFR1377;BIO;CDG;EMBRAER 190;Chubascos dispersos;14/04/18
TAP1065;BIO;LIS;ATR-42/72;Chubascos dispersos;14/04/18
VLG3260;BIO;TFN;32A;Chubascos dispersos;14/04/18
TAP1113;OVD;LIS;ATR-42/72;Chubascos dispersos;13/04/18
IBE0481;OVD;MAD;AIRBUS A321;Chubascos dispersos;13/04/18
VLG1572;OVD;BCN;AIRBUS A320;Chubascos dispersos;14/04/18
VOE3590;OVD;PMI;BOEING 717;Chubascos dispersos;14/04/18
VLG1574;OVD;BCN;AIRBUS A320;Chubascos dispersos;14/04/18
IBE0479;OVD;MAD;AIRBUS A320;Chubascos dispersos;14/04/18
IBE0475;OVD;MAD;AIRBUS A320;Chubascos dispersos;14/04/18
VLG3139;OVD;ACE;AIRBUS A320;Chubascos dispersos;14/04/18
IBS3613;OVD;TFN;AIRBUS A320;Chubascos dispersos;14/04/18
IBS3610;OVD;LHR;AIRBUS A320;Chubascos dispersos;14/04/18
TAP1113;OVD;LIS;ATR-72;Chubascos dispersos;14/04/18
IBE0559;SDR;MAD;AIRBUS A319;Chubascos dispersos;13/04/18
RYR2613;SDR;STN;BOEING 737-800 WINGLETS;Chubascos dispersos;13/04/18
IBE8861;SDR;MAD;BOMBARDIER CRJ-1000;Chubascos dispersos;14/04/18
RYR6385;SDR;BCN;BOEING 737-800 WINGLETS;Chubascos dispersos;14/04/18
IBE0555;SDR;MAD;AIRBUS A319;Chubascos dispersos;14/04/18
RYR4793;SDR;BGY;BOEING 737-800 WINGLETS;Chubascos dispersos;14/04/18
RYR2594;SDR;AGP;BOEING 737-800 WINGLETS;Chubascos dispersos;14/04/18
RYR2215;SDR;VLC;BOEING 737-800 WINGLETS;Chubascos dispersos;14/04/18
IBE0557;SDR;MAD;AIRBUS A319;Chubascos dispersos;14/04/18
RYR1573;SDR;SXF;BOEING 737-800 WINGLETS;Chubascos dispersos;14/04/18
IBB655;TFN;VDE;ATR-72;Nubosidad variable;14/04/18
IBB659;TFN;VDE;ATR-42/72;Nubosidad variable;14/04/18
IBB663;TFN;VDE;ATR-42/72;Nubosidad variable;14/04/18
IBB365;LPA;VDE;ATR-72;Cubierto de nubes altas y medias;14/04/18
CNF247;TFN;VDE;ATR-42/72;Nubosidad variable;14/04/18
IBB673;TFN;VDE;ATR-42/72;Nubosidad variable;14/04/18
VLG1673;SCQ;BCN;AIRBUS A320;Nubosidad variable;13/04/18
IBE8359;SCQ;BIO;CANADAIR CRJ-200;Nubosidad variable;13/04/18
RYR5318;SCQ;MAD;BOEING 737-800 WINGLETS;Nubosidad variable;13/04/18
VLG2654;SCQ;AGP;AIRBUS A320;Nubosidad variable;13/04/18
RYR6380;SCQ;BCN;BOEING 737-800 WINGLETS;Nubosidad variable;13/04/18
VLG1456;SCQ;ALC;32A;Nubosidad variable;13/04/18
VLG1640;SCQ;FUE;AIRBUS A320;Nubosidad variable;14/04/18
IBS3895;SCQ;MAD;32A;Nubosidad variable;14/04/18
RYR5316;SCQ;MAD;BOEING 737-800 WINGLETS;Nubosidad variable;14/04/18
RYR6333;SCQ;BCN;BOEING 737-800 WINGLETS;Nubosidad variable;14/04/18
IBS3877;SCQ;MAD;AIRBUS A320;Nubosidad variable;14/04/18
EZS1338;SCQ;GVA;AIRBUS A320;Nubosidad variable;14/04/18
VLG1671;SCQ;BCN;32A;Nubosidad variable;14/04/18
EZY8590;SCQ;LGW;AIRBUS A319;Nubosidad variable;14/04/18
IBE8204;SCQ;TFN;CANADAIR CRJ-900;Nubosidad variable;14/04/18
IBS9517;SCQ;PMI;AIRBUS A320;Nubosidad variable;14/04/18
IBE8324;MAD;EAS;ATR-72;Abertura de claros;13/04/18
VLG2486;BCN;EAS;AIRBUS A319;Lluvia débil;14/04/18
IBE8314;MAD;EAS;ATR-72;Abertura de claros;14/04/18
IBE8316;MAD;EAS;ATR-72;Abertura de claros;14/04/18
IBE8322;MAD;EAS;ATR-72;Abertura de claros;14/04/18
VLG2488;BCN;EAS;AIRBUS A319;Lluvia débil;14/04/18
IBE8324;MAD;EAS;ATR-72;Abertura de claros;14/04/18
EZY3908;MAD;CDG;32A;Abertura de claros;13/04/18
WZZ2372;MAD;BUD;32B;Abertura de claros;13/04/18
IBE3238;MAD;FCO;AIRBUS A321;Abertura de claros;13/04/18
IBE2100;MAD;BCN;32A;Abertura de claros;13/04/18
VLG9770;MAD;BCN;32A;Abertura de claros;13/04/18
LAN7062;MAD;BCN;32A;Abertura de claros;13/04/18
IBE2100S;MAD;BCN;32A;Abertura de claros;13/04/18
JAL6981;MAD;BCN;32A;Abertura de claros;13/04/18
RYR3017;MAD;CGN;BOEING 737-800 WINGLETS;Abertura de claros;13/04/18
IBE8834;MAD;TRN;BOMBARDIER CRJ-1000;Abertura de claros;13/04/18
BEL3730;MAD;BRU;AIRBUS A319;Abertura de claros;13/04/18
IBE8600;MAD;LEI;BOMBARDIER CRJ-1000;Abertura de claros;13/04/18
IBE8756;MAD;NCE;BOMBARDIER CRJ-1000;Abertura de claros;13/04/18
IBS3742;MAD;CDG;32A;Abertura de claros;13/04/18
AEA7231;MAD;LCG;EMBRAER ERJ-195;Abertura de claros;13/04/18
VLG3975;IBZ;BIO;32A;Chubascos dispersos;13/04/18
AEA6028;IBZ;MAD;BOEING 737-800 WINGLETS;Chubascos dispersos;13/04/18
RYR9252;IBZ;STN;BOEING 737-800 WINGLETS;Chubascos dispersos;13/04/18
VLG3519;IBZ;BCN;32B;Chubascos dispersos;13/04/18
AEA2688;IBZ;BCN;BOEING 737-800 WINGLETS;Chubascos dispersos;13/04/18
RYR2085;IBZ;MAD;BOEING 737-800 WINGLETS;Chubascos dispersos;13/04/18
TRA5674;IBZ;AMS;BOEING 737-800 WINGLETS;Chubascos dispersos;13/04/18
RYR7210;IBZ;VLC;BOEING 737-800 WINGLETS;Chubascos dispersos;13/04/18
VLG3547;IBZ;BCN;32A;Chubascos dispersos;13/04/18
VLG3418;IBZ;MAD;AIRBUS A320;Chubascos dispersos;13/04/18
RYR8140;IBZ;BCN;BOEING 737-800 WINGLETS;Chubascos dispersos;13/04/18
EWG547;IBZ;CGN;AIRBUS A320;Chubascos dispersos;13/04/18
VLG3523;IBZ;BCN;32A;Chubascos dispersos;13/04/18
VLG3531;IBZ;BCN;AIRBUS A320;Chubascos dispersos;13/04/18
RYR6457;IBZ;CRL;BOEING 737-800 WINGLETS;Chubascos dispersos;14/04/18
IBE8101;IBZ;PMI;BOMBARDIER CRJ-1000;Chubascos dispersos;14/04/18
BAW451;PMI;LHR;AIRBUS A321;Lluvia moderada;13/04/18
VLG3917;PMI;BCN;32A;Lluvia moderada;13/04/18
RYR9833;PMI;HHN;BOEING 737-800 WINGLETS;Lluvia moderada;13/04/18
RYR6369;PMI;BCN;BOEING 737-800 WINGLETS;Lluvia moderada;13/04/18
RYR6602;PMI;EMA;BOEING 737-800 WINGLETS;Lluvia moderada;13/04/18
IBS3921;PMI;MAD;AIRBUS A321;Lluvia moderada;13/04/18
AEA6096;PMI;MAD;BOEING 737-800 WINGLETS;Lluvia moderada;13/04/18
VLG3952;PMI;VLC;AIRBUS A320;Lluvia moderada;13/04/18
RYR3446;PMI;MAN;BOEING 737-800 WINGLETS;Lluvia moderada;13/04/18
RYR8245;PMI;BRS;BOEING 737-800 WINGLETS;Lluvia moderada;13/04/18
VLG3919;PMI;BCN;AIRBUS A320;Lluvia moderada;13/04/18
RYR2062;PMI;MAD;BOEING 737-800 WINGLETS;Lluvia moderada;13/04/18
EZY8634;PMI;LGW;32A;Lluvia moderada;13/04/18
TRA5626;PMI;AMS;BOEING 737-800 WINGLETS;Lluvia moderada;13/04/18
IBB424;TFN;FUE;ATR-42/72;Nubosidad variable;13/04/18
IBB486;TFN;ACE;ATR-42/72;Nubosidad variable;13/04/18
AEA9408;TFN;LPA;ATR-72;Nubosidad variable;13/04/18
IBB192;TFN;LPA;ATR-72;Nubosidad variable;13/04/18
AEA9422;TFN;LPA;BOEING 737-800 WINGLETS;Nubosidad variable;13/04/18
IBB122;TFN;LPA;ATR-72;Nubosidad variable;13/04/18
IBB190;TFN;LPA;ATR-72;Nubosidad variable;13/04/18
IBS3945;TFN;MAD;AIRBUS A320;Nubosidad variable;14/04/18
VLG3215;TFN;BCN;32B;Nubosidad variable;14/04/18
IBB452;TFN;ACE;ATR-42/72;Nubosidad variable;14/04/18
IBB414;TFN;FUE;ATR-42/72;Nubosidad variable;14/04/18
IBK6378;TFN;MAD;BOEING 737-800 WINGLETS;Nubosidad variable;14/04/18
AEA9045;TFN;MAD;BOEING 737-800 WINGLETS;Nubosidad variable;14/04/18
IBB605;TFN;SPC;ATR-42/72;Nubosidad variable;14/04/18
CNF412;TFN;SPC;ATR-72;Nubosidad variable;14/04/18
IBB655;TFN;VDE;ATR-72;Nubosidad variable;14/04/18
IBE0406;MAD;XRY;AIRBUS A320;Abertura de claros;13/04/18
IBE0410;MAD;XRY;32A;Abertura de claros;14/04/18
VLG2614;BIO;XRY;32A;Chubascos dispersos;14/04/18
VLG2286;BCN;XRY;BOEING 737-800 WINGLETS;Lluvia débil;14/04/18
IBE0404;MAD;XRY;AIRBUS A320;Abertura de claros;14/04/18
RYR1283;BCN;XRY;BOEING 737-800 WINGLETS;Lluvia débil;14/04/18
IBE0406;MAD;XRY;AIRBUS A319;Abertura de claros;14/04/18
RYR4275;GRO;FRA;BOEING 737-800 WINGLETS;Lluvia;13/04/18
ANE2034;GRO;SVQ;BOMBARDIER CRJ-1000;Lluvia;14/04/18
RYR9123;GRO;EIN;BOEING 737-800 WINGLETS;Lluvia;14/04/18
RYR3213;GRO;MAN;BOEING 737-800 WINGLETS;Lluvia;14/04/18
RYR2344;GRO;NCL;BOEING 737-800 WINGLETS;Lluvia;14/04/18
RYR9803;GRO;STN;BOEING 737-800 WINGLETS;Lluvia;14/04/18
RYR4125;GRO;HHN;BOEING 737-800 WINGLETS;Lluvia;14/04/18
RYR6391;GRO;NRN;BOEING 737-800 WINGLETS;Lluvia;14/04/18
RYR9241;GRO;PSA;BOEING 737-800 WINGLETS;Lluvia;14/04/18
RYR9107;GRO;BVA;BOEING 737-800 WINGLETS;Lluvia;14/04/18
RYR6901;GRO;CRL;BOEING 737-800 WINGLETS;Lluvia;14/04/18
RYR9012;GRO;MLA;BOEING 737-800 WINGLETS;Lluvia;14/04/18
RYR6911;GRO;MST;BOEING 737-800 WINGLETS;Lluvia;14/04/18
RYR9375;GRO;TLL;BOEING 737-800 WINGLETS;Lluvia;14/04/18
RYR9002;GRO;BLL;BOEING 737-800 WINGLETS;Lluvia;14/04/18
RYR9307;GRO;PIK;BOEING 737-800 WINGLETS;Lluvia;14/04/18
RYR6393;GRO;NRN;BOEING 737-800 WINGLETS;Lluvia;14/04/18
RYR3653;GRO;BRE;BOEING 737-800 WINGLETS;Lluvia;14/04/18
RYR9911;GRO;BOH;BOEING 737-800 WINGLETS;Lluvia;14/04/18
AEA5001;AGP;MLN;ATR-72;Nubosidad variable;14/04/18
IBE8262;AGP;MLN;ATR-72;Nubosidad variable;14/04/18
IBE8792;MAD;MLN;ATR-72;Abertura de claros;14/04/18
IBE8268;AGP;MLN;ATR-72;Nubosidad variable;14/04/18
IBE8264;AGP;MLN;ATR-72;Nubosidad variable;14/04/18
IBE8270;AGP;MLN;ATR-72;Nubosidad variable;14/04/18
IBE8798;MAD;MLN;ATR-72;Abertura de claros;14/04/18
IBE8272;AGP;MLN;ATR-72;Nubosidad variable;14/04/18
IBE8643;GRX;MAD;BOMBARDIER CRJ-1000;Abertura de claros;13/04/18
VLG2619;GRX;BIO;32A;Abertura de claros;13/04/18
VLG2017;GRX;BCN;32B;Abertura de claros;13/04/18
IBE8639;GRX;MAD;CANADAIR CRJ-900;Abertura de claros;14/04/18
VLG2011;GRX;BCN;32B;Abertura de claros;14/04/18
IBE8641;GRX;MAD;BOMBARDIER CRJ-1000;Abertura de claros;14/04/18
VLG2021;GRX;BCN;AIRBUS A320;Abertura de claros;14/04/18
AEA5200;GRX;PMI;EMBRAER ERJ-195;Abertura de claros;14/04/18
IBE8645;GRX;MAD;BOMBARDIER CRJ-1000;Abertura de claros;14/04/18
IBE8649;GRX;MAD;CANADAIR CRJ-900;Abertura de claros;14/04/18
VLG2015;GRX;BCN;AIRBUS A320;Abertura de claros;14/04/18
VLG8727;GRX;CDG;AIRBUS A320;Abertura de claros;14/04/18
EZY8172;GRX;LGW;AIRBUS A319;Abertura de claros;14/04/18
VLG2017;GRX;BCN;AIRBUS A321;Abertura de claros;14/04/18
EXS822;MJV;EDI;BOEING 737-300 WINGLETS;Nubosidad variable;13/04/18
RYR8027;MJV;STN;BOEING 737-800 WINGLETS;Nubosidad variable;13/04/18
RYR2323;MJV;LBA;BOEING 737-800 WINGLETS;Nubosidad variable;13/04/18
RYR4117;MJV;MAN;BOEING 737-800 WINGLETS;Nubosidad variable;13/04/18
RYR3453;MJV;LTN;BOEING 737-800 WINGLETS;Nubosidad variable;13/04/18
RYR7095;MJV;DUB;BOEING 737-800 WINGLETS;Nubosidad variable;13/04/18
EZY8554;MJV;LGW;32A;Nubosidad variable;13/04/18
JAF6902;MJV;ANR;EMBRAER 190;Nubosidad variable;14/04/18
RYR2155;MJV;BHX;BOEING 737-800 WINGLETS;Nubosidad variable;14/04/18
EZY8550;MJV;LGW;AIRBUS A319;Nubosidad variable;14/04/18
EZY6014;MJV;BRS;AIRBUS A319;Nubosidad variable;14/04/18
RYR1925;MJV;EMA;BOEING 737-800 WINGLETS;Nubosidad variable;14/04/18
RYR4117;MJV;MAN;BOEING 737-800 WINGLETS;Nubosidad variable;14/04/18
NAX1703;MJV;OSL;BOEING 737-800 WINGLETS;Nubosidad variable;14/04/18
RYR3453;MJV;LTN;BOEING 737-800 WINGLETS;Nubosidad variable;14/04/18
EZY7426;MJV;SEN;AIRBUS A319;Nubosidad variable;14/04/18
BAW449;MJV;LHR;32A;Nubosidad variable;14/04/18
RYR8027;MJV;STN;BOEING 737-800 WINGLETS;Nubosidad variable;14/04/18
EZY8554;MJV;LGW;AIRBUS A320;Nubosidad variable;14/04/18
RYR7095;MJV;DUB;BOEING 737-800 WINGLETS;Nubosidad variable;14/04/18
TRA5022;AGP;RTM;BOEING 737-800 WINGLETS;Nubosidad variable;13/04/18
PRI446;AGP;BLL;BOEING 737-800 WINGLETS;Nubosidad variable;13/04/18
RYR4459;AGP;EMA;BOEING 737-800 WINGLETS;Nubosidad variable;13/04/18
EZY7436;AGP;SEN;AIRBUS A319;Nubosidad variable;13/04/18
PRI558;AGP;CPH;BOEING 737-800 WINGLETS;Nubosidad variable;13/04/18
BAW2717;AGP;LGW;AIRBUS A319;Nubosidad variable;13/04/18
RYR2447;AGP;LBA;BOEING 737-800 WINGLETS;Nubosidad variable;13/04/18
RYR2267;AGP;BHX;BOEING 737-800 WINGLETS;Nubosidad variable;13/04/18
VLG2118;AGP;BCN;AIRBUS A320;Nubosidad variable;13/04/18
RYR6653;AGP;EDI;BOEING 737-800 WINGLETS;Nubosidad variable;13/04/18
IBE8827;AGP;MAD;BOMBARDIER CRJ-1000;Nubosidad variable;13/04/18
EZY8612;AGP;LGW;AIRBUS A319;Nubosidad variable;13/04/18
RYR8122;AGP;BRS;BOEING 737-800 WINGLETS;Nubosidad variable;13/04/18
WZZ3416;AGP;CLJ;32A;Nubosidad variable;13/04/18
EZY6864;AGP;GLA;AIRBUS A319;Nubosidad variable;13/04/18
RYR2849;AGP;SNN;BOEING 737-800 WINGLETS;Nubosidad variable;13/04/18
RYR8165;AGP;STN;BOEING 737-800 WINGLETS;Nubosidad variable;13/04/18
RYR3081;AGP;BCN;BOEING 737-800 WINGLETS;Nubosidad variable;13/04/18
IBE8455;AGP;VLC;CANADAIR CRJ-900;Nubosidad variable;13/04/18
AFL2529;AGP;SVO;BOEING 737-800 WINGLETS;Nubosidad variable;13/04/18
BAW2721;AGP;LGW;AIRBUS A320;Nubosidad variable;13/04/18
EZY2410;AGP;LTN;32A;Nubosidad variable;13/04/18
IBK6373;AGP;TFS;BOEING 737-800 WINGLETS;Nubosidad variable;13/04/18
IBB125;LPA;TFS;ATR-72;Cubierto de nubes altas y medias;13/04/18
IBE2217;LPA;TFS;ATR-72;Cubierto de nubes altas y medias;13/04/18
VLG3220;BCN;TFS;AIRBUS A320;Lluvia débil;14/04/18
IBB123;LPA;TFS;ATR-72;Cubierto de nubes altas y medias;14/04/18
AFR1049;BCN;CDG;AIRBUS A320;Lluvia débil;13/04/18
WZZ2564;BCN;RIX;AIRBUS A320;Lluvia débil;13/04/18
RYR6365;BCN;BGY;BOEING 737-800 WINGLETS;Lluvia débil;13/04/18
TAP1045;BCN;LIS;EMBRAER 190;Lluvia débil;13/04/18
VLG3218;BCN;TFN;32B;Lluvia débil;13/04/18
EWG527;BCN;CGN;AIRBUS A320;Lluvia débil;13/04/18
AFR1249;BCN;CDG;AIRBUS A320;Lluvia débil;13/04/18
RYR2939;BCN;BRU;BOEING 737-800 WINGLETS;Lluvia débil;13/04/18
EWG5923;BCN;VIE;32A;Lluvia débil;13/04/18
EZS1078;BCN;BSL;32A;Lluvia débil;13/04/18
RYR2958;BCN;SVQ;BOEING 737-800 WINGLETS;Lluvia débil;13/04/18
VLG3718;BCN;MAH;32B;Lluvia débil;13/04/18
EZS1410;BCN;GVA;AIRBUS A320;Lluvia débil;13/04/18
EZY7382;BCN;SEN;AIRBUS A319;Lluvia débil;13/04/18
IBE2101;BCN;MAD;AIRBUS A320;Lluvia débil;13/04/18
VLG9771;BCN;MAD;AIRBUS A320;Lluvia débil;13/04/18
VLG7392;ALC;ORN;32A;Nubosidad variable;13/04/18
BEE4322;ALC;EXT;EMBRAER ERJ-195;Nubosidad variable;13/04/18
EXS882;ALC;MAN;BOEING 737-800 WINGLETS;Nubosidad variable;13/04/18
EZY6706;ALC;BFS;AIRBUS A319;Nubosidad variable;13/04/18
RYR9082;ALC;BOH;BOEING 737-800 WINGLETS;Nubosidad variable;13/04/18
EZY8668;ALC;LGW;32A;Nubosidad variable;13/04/18
TRA6146;ALC;AMS;BOEING 737-800 WINGLETS;Nubosidad variable;13/04/18
RYR9184;ALC;EMA;BOEING 737-800 WINGLETS;Nubosidad variable;13/04/18
RYR8297;ALC;BRS;BOEING 737-800 WINGLETS;Nubosidad variable;13/04/18
EZY6420;ALC;NCL;AIRBUS A319;Nubosidad variable;13/04/18
EIN575;ALC;DUB;AIRBUS A320;Nubosidad variable;13/04/18
EZY7122;ALC;LPL;32A;Nubosidad variable;13/04/18
EZY6076;ALC;BRS;32A;Nubosidad variable;13/04/18
EZY2228;ALC;LTN;AIRBUS A319;Nubosidad variable;13/04/18
EZY8672;ALC;LGW;AIRBUS A319;Nubosidad variable;13/04/18
FIN1726;ALC;HEL;AIRBUS A319;Nubosidad variable;14/04/18
ANE8397;ALC;MAD;BOMBARDIER CRJ-1000;Nubosidad variable;14/04/18
FIN5584;ALC;MAD;BOMBARDIER CRJ-1000;Nubosidad variable;14/04/18
VLG7396;ALC;ALG;32A;Nubosidad variable;14/04/18
IBK5350;ALC;ARN;BOEING 737-800 WINGLETS;Nubosidad variable;14/04/18
AEA9468;SPC;TFN;ATR-72;Cubierto de nubes altas y medias;13/04/18
IBB642;SPC;TFN;ATR-42/72;Cubierto de nubes altas y medias;13/04/18
IBB318;SPC;LPA;BOMBARDIER CRJ-1000;Cubierto de nubes altas y medias;13/04/18
IBB604;SPC;TFN;ATR-42/72;Cubierto de nubes altas y medias;14/04/18
IBB606;SPC;TFN;ATR-42/72;Cubierto de nubes altas y medias;14/04/18
IBE2282;SPC;TFN;ATR-42/72;Cubierto de nubes altas y medias;14/04/18
IBB304;SPC;LPA;ATR-72;Cubierto de nubes altas y medias;14/04/18
CNF413;SPC;TFN;ATR-72;Cubierto de nubes altas y medias;14/04/18
IBB608;SPC;TFN;ATR-42/72;Cubierto de nubes altas y medias;14/04/18
AEA9462;SPC;TFN;ATR-72;Cubierto de nubes altas y medias;14/04/18
IBB612;SPC;TFN;ATR-72;Cubierto de nubes altas y medias;14/04/18
CNF419;SPC;TFN;ATR-72;Cubierto de nubes altas y medias;14/04/18
IBB610;SPC;TFN;ATR-42/72;Cubierto de nubes altas y medias;14/04/18
EZY8712;SPC;LGW;AIRBUS A320;Cubierto de nubes altas y medias;14/04/18
AEA9464;SPC;TFN;ATR-72;Cubierto de nubes altas y medias;14/04/18
IBB620;SPC;TFN;ATR-72;Cubierto de nubes altas y medias;14/04/18
EWG9545;SPC;DUS;32A;Cubierto de nubes altas y medias;14/04/18
GMI3953;SPC;HAM;AIRBUS A319;Cubierto de nubes altas y medias;14/04/18
EWG7529;SPC;HAM;32A;Cubierto de nubes altas y medias;14/04/18
IBB622;SPC;TFN;ATR-72;Cubierto de nubes altas y medias;14/04/18
IBS3843;SPC;MAD;AIRBUS A320;Cubierto de nubes altas y medias;14/04/18
CNF453;SPC;TFN;ATR-72;Cubierto de nubes altas y medias;14/04/18
IBB632;SPC;TFN;ATR-42/72;Cubierto de nubes altas y medias;14/04/18
IBE7265;SPC;TFN;ATR-42/72;Cubierto de nubes altas y medias;14/04/18
VLG1290;BCN;LCG;AIRBUS A320;Lluvia débil;13/04/18
AEA7231;MAD;LCG;EMBRAER ERJ-195;Abertura de claros;13/04/18
IBE0516;MAD;LCG;AIRBUS A319;Abertura de claros;13/04/18
VLG1292;BCN;LCG;32A;Lluvia débil;14/04/18
AEA7233;MAD;LCG;EMBRAER ERJ-195;Abertura de claros;14/04/18
IBE0512;MAD;LCG;AIRBUS A320;Abertura de claros;14/04/18
AEA7235;MAD;LCG;EMBRAER ERJ-195;Abertura de claros;14/04/18
JAF5626;FUE;NTE;BOEING 737-800 WINGLETS;Cubierto de nubes altas y medias;13/04/18
IBB231;FUE;LPA;ATR-42/72;Cubierto de nubes altas y medias;13/04/18
IBB429;FUE;TFN;ATR-72;Cubierto de nubes altas y medias;13/04/18
IBB235;FUE;LPA;BOMBARDIER CRJ-1000;Cubierto de nubes altas y medias;13/04/18
OLY505;LPA;FUE;AIRBUS A319;Cubierto de nubes altas y medias;13/04/18
JAF5866;FUE;CDG;BOEING 737-800 WINGLETS;Cubierto de nubes altas y medias;13/04/18
CNF884;FUE;LPA;ATR-72;Cubierto de nubes altas y medias;13/04/18
IBB425;FUE;TFN;ATR-42/72;Cubierto de nubes altas y medias;13/04/18
IBB233;FUE;LPA;ATR-42/72;Cubierto de nubes altas y medias;13/04/18
IBB203;FUE;LPA;ATR-72;Cubierto de nubes altas y medias;14/04/18
AEA9432;FUE;LPA;ATR-72;Cubierto de nubes altas y medias;14/04/18
IBB415;FUE;TFN;ATR-42/72;Cubierto de nubes altas y medias;14/04/18
VLG3165;FUE;SVQ;AIRBUS A320;Cubierto de nubes altas y medias;14/04/18
VLG1641;FUE;SCQ;AIRBUS A320;Cubierto de nubes altas y medias;14/04/18
TUI2279;FUE;CGN;7S8;Cubierto de nubes altas y medias;14/04/18
TUI2863;FUE;BSL;7S8;Cubierto de nubes altas y medias;14/04/18
OLY627;FUE;STR;AIRBUS A321;Cubierto de nubes altas y medias;14/04/18
CNF804;FUE;LPA;ATR-72;Cubierto de nubes altas y medias;14/04/18
IBB209;FUE;LPA;ATR-72;Cubierto de nubes altas y medias;14/04/18
TUI2117;FUE;DUS;BOEING 737-700;Cubierto de nubes altas y medias;14/04/18
LLX5052;LPA;ACE;AIRBUS A321;Cubierto de nubes altas y medias;13/04/18
IBK6303;LPA;MAD;BOEING 737-800 WINGLETS;Cubierto de nubes altas y medias;13/04/18
AEA9407;LPA;TFN;ATR-72;Cubierto de nubes altas y medias;13/04/18
OLY505;LPA;FUE;AIRBUS A319;Cubierto de nubes altas y medias;13/04/18
VLG3047;LPA;SVQ;AIRBUS A320;Cubierto de nubes altas y medias;13/04/18
IBB317;LPA;SPC;BOMBARDIER CRJ-1000;Cubierto de nubes altas y medias;13/04/18
IBB234;LPA;FUE;BOMBARDIER CRJ-1000;Cubierto de nubes altas y medias;13/04/18
IBB121;LPA;TFN;ATR-72;Cubierto de nubes altas y medias;13/04/18
RAM999;LPA;EUN;BOEING 737-800;Cubierto de nubes altas y medias;13/04/18
CNF883;LPA;FUE;ATR-72;Cubierto de nubes altas y medias;13/04/18
EIN783;LPA;DUB;AIRBUS A320;Cubierto de nubes altas y medias;13/04/18
IBB230;LPA;FUE;ATR-72;Cubierto de nubes altas y medias;13/04/18
CNF783;LPA;ACE;ATR-72;Cubierto de nubes altas y medias;13/04/18
IBB538;LPA;ACE;ATR-72;Cubierto de nubes altas y medias;13/04/18
IBB195;LPA;TFN;BOMBARDIER CRJ-1000;Cubierto de nubes altas y medias;13/04/18
IBB125;LPA;TFS;ATR-72;Cubierto de nubes altas y medias;13/04/18
IBE2217;LPA;TFS;ATR-72;Cubierto de nubes altas y medias;13/04/18
IBB193;LPA;TFN;ATR-72;Cubierto de nubes altas y medias;13/04/18
IBS3835;LPA;MAD;AIRBUS A321;Cubierto de nubes altas y medias;14/04/18
RYR4504;LPA;KRK;BOEING 737-800 WINGLETS;Cubierto de nubes altas y medias;14/04/18
RYR2565;LPA;HAM;BOEING 737-800 WINGLETS;Cubierto de nubes altas y medias;14/04/18
RYR3163;LPA;EMA;BOEING 737-800 WINGLETS;Cubierto de nubes altas y medias;14/04/18
IBE8933;SVQ;LEI;CANADAIR CRJ-200;Abertura de claros;13/04/18
IBE8600;MAD;LEI;BOMBARDIER CRJ-1000;Abertura de claros;13/04/18
IBE8594;MAD;LEI;CANADAIR CRJ-900;Abertura de claros;14/04/18
VLG1251;BCN;LEI;32A;Lluvia débil;14/04/18
IBE8598;MAD;LEI;CANADAIR CRJ-200;Abertura de claros;14/04/18
IBE8592;MAD;LEI;BOMBARDIER CRJ-1000;Abertura de claros;14/04/18
LLX5052;LPA;ACE;AIRBUS A321;Cubierto de nubes altas y medias;13/04/18
IBK2449;ACE;LGW;BOEING 737-800 WINGLETS;Cubierto de nubes altas y medias;13/04/18
IBB537;ACE;LPA;ATR-72;Cubierto de nubes altas y medias;13/04/18
IBB485;ACE;TFN;ATR-42/72;Cubierto de nubes altas y medias;13/04/18
EIN779;ACE;DUB;AIRBUS A320;Cubierto de nubes altas y medias;13/04/18
AEA9446;ACE;LPA;ATR-72;Cubierto de nubes altas y medias;13/04/18
IBB487;ACE;TFN;ATR-42/72;Cubierto de nubes altas y medias;13/04/18
CNF784;ACE;LPA;ATR-42/72;Cubierto de nubes altas y medias;13/04/18
IBB549;ACE;LPA;ATR-42/72;Cubierto de nubes altas y medias;13/04/18
RYR2047;ACE;LBA;BOEING 737-800 WINGLETS;Cubierto de nubes altas y medias;14/04/18
RYR6154;ACE;PIK;BOEING 737-800 WINGLETS;Cubierto de nubes altas y medias;14/04/18
RYR3491;ACE;NCL;BOEING 737-800 WINGLETS;Cubierto de nubes altas y medias;14/04/18
TVS3439;ACE;BES;BOEING 737-800 WINGLETS;Cubierto de nubes altas y medias;14/04/18
IBB501;ACE;LPA;ATR-72;Cubierto de nubes altas y medias;14/04/18
IBB453;ACE;TFN;ATR-42/72;Cubierto de nubes altas y medias;14/04/18
IBE2277;ACE;TFN;ATR-42/72;Cubierto de nubes altas y medias;14/04/18
TVS3441;ACE;LIL;BOEING 737-800 WINGLETS;Cubierto de nubes altas y medias;14/04/18
CNF704;ACE;LPA;ATR-42/72;Cubierto de nubes altas y medias;14/04/18
VLG3161;ACE;SVQ;AIRBUS A320;Cubierto de nubes altas y medias;14/04/18
TVS2415;ACE;DOL;BOEING 737-800 WINGLETS;Cubierto de nubes altas y medias;14/04/18
TVP7307;ACE;WAW;BOEING 737-800 WINGLETS;Cubierto de nubes altas y medias;14/04/18
VLG3281;ACE;BIO;AIRBUS A320;Cubierto de nubes altas y medias;14/04/18
IBB505;ACE;LPA;ATR-42/72;Cubierto de nubes altas y medias;14/04/18
RYR2076;MAH;EMA;BOEING 737-800 WINGLETS;Lluvia moderada;13/04/18
VLG3719;MAH;BCN;32B;Lluvia moderada;13/04/18
IBE8481;MAH;PMI;CANADAIR CRJ-900;Lluvia moderada;14/04/18
IBE8951;MAH;MAD;BOMBARDIER CRJ-1000;Lluvia moderada;14/04/18
AAL8615;MAH;MAD;BOMBARDIER CRJ-1000;Lluvia moderada;14/04/18
IBE8495;MAH;PMI;ATR-42/72;Lluvia moderada;14/04/18
VLG3713;MAH;BCN;AIRBUS A320;Lluvia moderada;14/04/18
IBE8483;MAH;PMI;BOMBARDIER CRJ-1000;Lluvia moderada;14/04/18
VLG3715;MAH;BCN;32A;Lluvia moderada;14/04/18
IBE8660;MAH;VIT;BOMBARDIER CRJ-1000;Lluvia moderada;14/04/18
VLG1341;MAH;ALC;32A;Lluvia moderada;14/04/18
AEA4532;MAH;PMI;ATR-72;Lluvia moderada;14/04/18
VLG2433;MAH;SVQ;AIRBUS A320;Lluvia moderada;14/04/18
IBE8499;MAH;PMI;ATR-42/72;Lluvia moderada;14/04/18
EZY8304;MAH;LGW;AIRBUS A319;Lluvia moderada;14/04/18
AEA4530;MAH;PMI;ATR-72;Lluvia moderada;14/04/18
IBE8493;MAH;PMI;BOMBARDIER CRJ-1000;Lluvia moderada;14/04/18
RYR6384;BCN;SDR;BOEING 737-800 WINGLETS;Lluvia débil;14/04/18
IBE0554;MAD;SDR;AIRBUS A319;Abertura de claros;14/04/18
RYR2593;AGP;SDR;BOEING 737-800 WINGLETS;Nubosidad variable;14/04/18
RYR2214;VLC;SDR;BOEING 737-800 WINGLETS;Nubosidad variable;14/04/18
IBE0556;MAD;SDR;AIRBUS A319;Abertura de claros;14/04/18
VLG1704;BCN;VGO;32A;Lluvia débil;13/04/18
IBE0536;MAD;VGO;AIRBUS A319;Abertura de claros;13/04/18
AEA7308;MAD;VGO;EMBRAER ERJ-195;Abertura de claros;14/04/18
VLG1702;BCN;VGO;BOEING 737-800 WINGLETS;Lluvia débil;14/04/18
IBE0530;MAD;VGO;AIRBUS A320;Abertura de claros;14/04/18
AEA7302;MAD;VGO;EMBRAER ERJ-195;Abertura de claros;14/04/18
IBE0532;MAD;VGO;AIRBUS A319;Abertura de claros;14/04/18
EVE1123;ALC;VGO;32A;Nubosidad variable;14/04/18
AEA7300;MAD;VGO;EMBRAER ERJ-195;Abertura de claros;14/04/18
LZF440;LCG;BIO;ATR 42-300/320;Nubosidad variable;13/04/18
VOE3513;AGP;BIO;BOEING 717;Nubosidad variable;13/04/18
VLG1424;BCN;BIO;AIRBUS A320;Lluvia débil;13/04/18
IBE8359;SCQ;BIO;CANADAIR CRJ-200;Nubosidad variable;13/04/18
VLG2619;GRX;BIO;32A;Abertura de claros;13/04/18
VLG2505;SVQ;BIO;AIRBUS A320;Abertura de claros;13/04/18
VLG3975;IBZ;BIO;32A;Chubascos dispersos;13/04/18
RYR2016;ACE;MAD;BOEING 737-800 WINGLETS;Cubierto de nubes altas y medias;13/04/18
IBS3955;TFN;MAD;AIRBUS A320;Nubosidad variable;13/04/18
IBS3829;LPA;MAD;AIRBUS A320;Cubierto de nubes altas y medias;13/04/18
IBK6776;PMI;MAD;BOEING 737-800 WINGLETS;Lluvia moderada;13/04/18
VLG2506;BIO;SVQ;AIRBUS A320;Chubascos dispersos;13/04/18
VOE3831;OVD;SVQ;BOEING 717;Chubascos dispersos;13/04/18
VLG2256;BCN;SVQ;32A;Lluvia débil;13/04/18
RYR2958;BCN;SVQ;BOEING 737-800 WINGLETS;Lluvia débil;13/04/18
VLG3047;LPA;SVQ;AIRBUS A320;Cubierto de nubes altas y medias;13/04/18
RYR6398;BCN;SVQ;BOEING 737-800 WINGLETS;Lluvia débil;13/04/18
VLG2220;BCN;SVQ;AIRBUS A320;Lluvia débil;13/04/18
ANE2034;GRO;SVQ;BOMBARDIER CRJ-1000;Lluvia;14/04/18
VLG2506;BIO;SVQ;AIRBUS A320;Chubascos dispersos;13/04/18
IBE8840;VLC;SVQ;ATR-72;Nubosidad variable;14/04/18
IBS3954;MAD;SVQ;AIRBUS A320;Abertura de claros;14/04/18
VLG2212;BCN;SVQ;32A;Lluvia débil;14/04/18
VLG2216;BCN;SVQ;32B;Lluvia débil;14/04/18
RYR6396;BCN;SVQ;BOEING 737-800 WINGLETS;Lluvia débil;14/04/18
IBE0482;MAD;OVD;AIRBUS A320;Abertura de claros;13/04/18
VOE3830;SVQ;OVD;BOEING 717;Abertura de claros;13/04/18
VLG1571;BCN;OVD;AIRBUS A320;Lluvia débil;13/04/18
VLG1573;BCN;OVD;AIRBUS A320;Lluvia débil;14/04/18
IBE0488;MAD;OVD;AIRBUS A320;Abertura de claros;14/04/18
VLG1579;BCN;OVD;32A;Lluvia débil;14/04/18
VOE3591;PMI;OVD;BOEING 717;Lluvia moderada;14/04/18
IBS3612;TFN;OVD;AIRBUS A320;Nubosidad variable;14/04/18
IBS3980;MAD;OVD;AIRBUS A320;Abertura de claros;14/04/18
IBE0480;MAD;OVD;AIRBUS A321;Abertura de claros;14/04/18
VLG3138;ACE;OVD;AIRBUS A320;Cubierto de nubes altas y medias;14/04/18
VLG2655;AGP;SCQ;AIRBUS A320;Nubosidad variable;13/04/18
RYR5317;MAD;SCQ;BOEING 737-800 WINGLETS;Abertura de claros;13/04/18
RYR6381;BCN;SCQ;BOEING 737-800 WINGLETS;Lluvia débil;13/04/18
VLG1457;ALC;SCQ;32A;Nubosidad variable;13/04/18
IBS3894;MAD;SCQ;32A;Abertura de claros;13/04/18
RYR6332;BCN;SCQ;BOEING 737-800 WINGLETS;Lluvia débil;14/04/18
IBS3876;MAD;SCQ;AIRBUS A320;Abertura de claros;14/04/18
VLG1670;BCN;SCQ;32A;Lluvia débil;14/04/18
RYR5315;MAD;SCQ;BOEING 737-800 WINGLETS;Abertura de claros;14/04/18
IBS9508;PMI;SCQ;AIRBUS A320;Lluvia moderada;14/04/18
IBE8366;PMI;SCQ;CANADAIR CRJ-900;Despejado;17/04/18
AEA7136;LPA;SCQ;BOEING 737-800 WINGLETS;Cubierto de nubes altas y medias;14/04/18
IBE8678;IBZ;SCQ;BOMBARDIER CRJ-1000;Chubascos dispersos;14/04/18
VLG1641;FUE;SCQ;AIRBUS A320;Cubierto de nubes altas y medias;14/04/18
VLG2016;BCN;GRX;32B;Lluvia débil;13/04/18
IBE8648;MAD;GRX;CANADAIR CRJ-900;Abertura de claros;13/04/18
VLG2010;BCN;GRX;32B;Lluvia débil;14/04/18
IBE8640;MAD;GRX;BOMBARDIER CRJ-1000;Abertura de claros;14/04/18
VLG2020;BCN;GRX;32A;Lluvia débil;14/04/18
AEA5201;PMI;GRX;EMBRAER ERJ-195;Lluvia moderada;14/04/18
IBE8646;MAD;GRX;BOMBARDIER CRJ-1000;Abertura de claros;14/04/18
IBE8642;MAD;GRX;CANADAIR CRJ-900;Abertura de claros;14/04/18
VLG2014;BCN;GRX;AIRBUS A320;Lluvia débil;14/04/18
VLG2016;BCN;GRX;32B;Lluvia débil;14/04/18
IBE8648;MAD;GRX;BOMBARDIER CRJ-1000;Abertura de claros;14/04/18
AEA6097;MAD;PMI;BOEING 737-800 WINGLETS;Abertura de claros;13/04/18
IBS3920;MAD;PMI;AIRBUS A321;Abertura de claros;13/04/18
RYR2061;MAD;PMI;BOEING 737-800 WINGLETS;Abertura de claros;13/04/18
ANE8487;MAH;PMI;ATR-42/72;Despejado;17/04/18
RYR7214;VLC;PMI;BOEING 737-800 WINGLETS;Nubosidad variable;13/04/18
RYR7201;LPA;VLC;BOEING 737-800 WINGLETS;Cubierto de nubes altas y medias;13/04/18
IBE8849;SVQ;VLC;CANADAIR CRJ-900;Abertura de claros;13/04/18
VLG3952;PMI;VLC;AIRBUS A320;Lluvia moderada;13/04/18
IBE8996;MAD;VLC;ATR-72;Abertura de claros;13/04/18
QTR6970;MAD;VLC;ATR-72;Abertura de claros;13/04/18
RYR7210;IBZ;VLC;BOEING 737-800 WINGLETS;Chubascos dispersos;13/04/18
RYR7215;PMI;VLC;BOEING 737-800 WINGLETS;Lluvia moderada;13/04/18
IBE8455;AGP;VLC;CANADAIR CRJ-900;Nubosidad variable;13/04/18
IBE8988;MAD;VLC;BOMBARDIER CRJ-1000;Abertura de claros;13/04/18
AEA4063;MAD;VLC;ATR-72;Abertura de claros;14/04/18
AEA4005;PMI;VLC;EMBRAER ERJ-195;Lluvia moderada;14/04/18
AEA9407;LPA;TFN;ATR-72;Cubierto de nubes altas y medias;13/04/18
IBB475;ACE;TFN;ATR-42/72;Cubierto de nubes altas y medias;13/04/18
AEA9057;MAD;TFN;BOEING 737-800 WINGLETS;Abertura de claros;13/04/18
IBB640;SPC;TFN;ATR-42/72;Cubierto de nubes altas y medias;13/04/18
CNF375;FUE;TFN;ATR-42/72;Cubierto de nubes altas y medias;13/04/18
IBB191;LPA;TFN;ATR-72;Cubierto de nubes altas y medias;13/04/18
CNF468;SPC;TFN;ATR-72;Cubierto de nubes altas y medias;13/04/18
IBB121;LPA;TFN;ATR-72;Cubierto de nubes altas y medias;13/04/18
AEA9468;SPC;TFN;ATR-72;Cubierto de nubes altas y medias;13/04/18
IBB429;FUE;TFN;ATR-72;Cubierto de nubes altas y medias;13/04/18
IBB485;ACE;TFN;ATR-42/72;Cubierto de nubes altas y medias;13/04/18
IBB642;SPC;TFN;ATR-42/72;Cubierto de nubes altas y medias;13/04/18
IBB195;LPA;TFN;BOMBARDIER CRJ-1000;Cubierto de nubes altas y medias;13/04/18
AEA2681;BCN;TFN;BOEING 737-800 WINGLETS;Lluvia débil;13/04/18
IBK6381;MAD;TFN;BOEING 737-800 WINGLETS;Abertura de claros;13/04/18
IBB193;LPA;TFN;ATR-72;Cubierto de nubes altas y medias;13/04/18
IBB425;FUE;TFN;ATR-42/72;Cubierto de nubes altas y medias;13/04/18
VLG3218;BCN;TFN;32B;Lluvia débil;13/04/18
VLG3518;BCN;IBZ;32B;Lluvia débil;13/04/18
RYR2084;MAD;IBZ;BOEING 737-800 WINGLETS;Abertura de claros;13/04/18
IBE8120;PMI;IBZ;BOMBARDIER CRJ-1000;Despejado;17/04/18
AEA1712;PMI;IBZ;ATR-72;Lluvia moderada;13/04/18
RYR7209;VLC;IBZ;BOEING 737-800 WINGLETS;Nubosidad variable;13/04/18
VLG3546;BCN;IBZ;32A;Lluvia débil;13/04/18
VLG3417;MAD;IBZ;AIRBUS A320;Abertura de claros;13/04/18
RYR8141;BCN;IBZ;BOEING 737-800 WINGLETS;Lluvia débil;13/04/18
VLG3522;BCN;IBZ;32A;Lluvia débil;13/04/18
VLG3530;BCN;IBZ;AIRBUS A320;Lluvia débil;13/04/18
RYR8136;BCN;IBZ;BOEING 737-800 WINGLETS;Lluvia débil;14/04/18
VLG3540;BCN;IBZ;32A;Lluvia débil;14/04/18
IBE8496;PMI;MAH;CANADAIR CRJ-900;Despejado;17/04/18
VLG3718;BCN;MAH;32B;Lluvia débil;13/04/18
IBE8954;MAD;MAH;BOMBARDIER CRJ-1000;Abertura de claros;13/04/18
QTR6553;MAH;MAD;BOMBARDIER CRJ-1000;Lluvia moderada;13/04/18
IBE8494;PMI;MAH;ATR-42/72;Despejado;17/04/18
VLG3712;BCN;MAH;AIRBUS A320;Lluvia débil;14/04/18
IBE8480;PMI;MAH;BOMBARDIER CRJ-1000;Despejado;17/04/18
VLG3714;BCN;MAH;32A;Lluvia débil;14/04/18
IBE8482;PMI;MAH;BOMBARDIER CRJ-1000;Despejado;17/04/18
VLG1340;ALC;MAH;32A;Nubosidad variable;14/04/18
AEA4537;PMI;MAH;ATR-72;Lluvia moderada;14/04/18
VLG2432;SVQ;MAH;AIRBUS A320;Abertura de claros;14/04/18
IBE8498;PMI;MAH;ATR-42/72;Despejado;17/04/18
IBE8661;VIT;MAH;BOMBARDIER CRJ-1000;Nubosidad variable;14/04/18
AEA4531;PMI;MAH;ATR-72;Lluvia moderada;14/04/18
AEA9420;TFN;LPA;ATR-72;Nubosidad variable;13/04/18
IBB227;FUE;LPA;BOMBARDIER CRJ-1000;Cubierto de nubes altas y medias;13/04/18
IBB528;ACE;LPA;BOMBARDIER CRJ-1000;Cubierto de nubes altas y medias;13/04/18
IBB312;SPC;LPA;ATR-42/72;Cubierto de nubes altas y medias;13/04/18
IBB188;TFN;LPA;ATR-42/72;Nubosidad variable;13/04/18
CNF766;ACE;LPA;ATR-42/72;Cubierto de nubes altas y medias;13/04/18
IBB533;ACE;LPA;ATR-42/72;Cubierto de nubes altas y medias;13/04/18
IBB231;FUE;LPA;ATR-42/72;Cubierto de nubes altas y medias;13/04/18
AEA9408;TFN;LPA;ATR-72;Nubosidad variable;13/04/18
IBB537;ACE;LPA;ATR-72;Cubierto de nubes altas y medias;13/04/18
IBB192;TFN;LPA;ATR-72;Nubosidad variable;13/04/18
AEA9446;ACE;LPA;ATR-72;Cubierto de nubes altas y medias;13/04/18
AEA9172;MAD;LPA;BOEING 737-800 WINGLETS;Abertura de claros;13/04/18
IBB122;TFN;LPA;ATR-72;Nubosidad variable;13/04/18
IBB235;FUE;LPA;BOMBARDIER CRJ-1000;Cubierto de nubes altas y medias;13/04/18
IBB318;SPC;LPA;BOMBARDIER CRJ-1000;Cubierto de nubes altas y medias;13/04/18
AEA9422;TFN;LPA;BOEING 737-800 WINGLETS;Nubosidad variable;13/04/18
VLG2119;BCN;AGP;AIRBUS A320;Lluvia débil;13/04/18
RYR3080;BCN;AGP;BOEING 737-800 WINGLETS;Lluvia débil;13/04/18
IBE8456;VLC;AGP;CANADAIR CRJ-900;Nubosidad variable;13/04/18
VLG2489;EAS;BCN;AIRBUS A319;Chubascos dispersos;13/04/18
VLG1900;MAD;BCN;AIRBUS A320;Abertura de claros;13/04/18
VLG3911;PMI;BCN;32B;Lluvia moderada;13/04/18
VLG2112;AGP;BCN;32A;Nubosidad variable;13/04/18
VLG2215;SVQ;BCN;BOEING 737-800 WINGLETS;Abertura de claros;13/04/18
RYR6399;SVQ;BCN;BOEING 737-800 WINGLETS;Abertura de claros;13/04/18
AEA6102;PMI;BCN;BOEING 737-800 WINGLETS;Lluvia moderada;13/04/18
ANE8396;MAD;ALC;BOMBARDIER CRJ-1000;Despejado;17/04/18
LLX5052;LPA;ACE;AIRBUS A321;Cubierto de nubes altas y medias;13/04/18
IBB536;LPA;ACE;ATR-72;Cubierto de nubes altas y medias;13/04/18
AEA9445;LPA;ACE;ATR-72;Cubierto de nubes altas y medias;13/04/18
IBB486;TFN;ACE;ATR-42/72;Nubosidad variable;13/04/18
IBB538;LPA;ACE;ATR-72;Cubierto de nubes altas y medias;13/04/18
CNF783;LPA;ACE;ATR-72;Cubierto de nubes altas y medias;13/04/18
RYR2554;SVQ;ACE;BOEING 737-800 WINGLETS;Abertura de claros;13/04/18
RYR3489;VLC;ACE;BOEING 737-800 WINGLETS;Nubosidad variable;13/04/18
RYR2015;MAD;ACE;BOEING 737-800 WINGLETS;Abertura de claros;13/04/18
IBB500;LPA;ACE;BOMBARDIER CRJ-1000;Cubierto de nubes altas y medias;14/04/18
IBB452;TFN;ACE;ATR-42/72;Nubosidad variable;14/04/18
CNF703;LPA;ACE;ATR-72;Cubierto de nubes altas y medias;14/04/18
VLG3160;SVQ;ACE;AIRBUS A320;Abertura de claros;14/04/18
VLG3280;BIO;ACE;AIRBUS A320;Chubascos dispersos;14/04/18
IBB506;LPA;ACE;ATR-72;Cubierto de nubes altas y medias;14/04/18
AEA9073;MAD;ACE;BOEING 737-800 WINGLETS;Abertura de claros;14/04/18
IBB228;LPA;FUE;ATR-72;Cubierto de nubes altas y medias;13/04/18
OLY505;LPA;FUE;AIRBUS A319;Cubierto de nubes altas y medias;13/04/18
IBB234;LPA;FUE;BOMBARDIER CRJ-1000;Cubierto de nubes altas y medias;13/04/18
CNF883;LPA;FUE;ATR-72;Cubierto de nubes altas y medias;13/04/18
IBB424;TFN;FUE;ATR-42/72;Nubosidad variable;13/04/18
IBB230;LPA;FUE;ATR-72;Cubierto de nubes altas y medias;13/04/18
AEA9431;LPA;FUE;ATR-72;Cubierto de nubes altas y medias;14/04/18
IBB200;LPA;FUE;ATR-72;Cubierto de nubes altas y medias;14/04/18
VLG3164;SVQ;FUE;AIRBUS A320;Abertura de claros;14/04/18
VLG1640;SCQ;FUE;AIRBUS A320;Nubosidad variable;14/04/18
IBB414;TFN;FUE;ATR-42/72;Nubosidad variable;14/04/18
CNF803;LPA;FUE;ATR-72;Cubierto de nubes altas y medias;14/04/18
IBB236;LPA;FUE;ATR-72;Cubierto de nubes altas y medias;14/04/18
IBB208;LPA;FUE;ATR-72;Cubierto de nubes altas y medias;14/04/18
IBB627;TFN;SPC;ATR-42/72;Nubosidad variable;13/04/18
IBB641;TFN;SPC;ATR-42/72;Nubosidad variable;13/04/18
IBB317;LPA;SPC;BOMBARDIER CRJ-1000;Cubierto de nubes altas y medias;13/04/18
IBB605;TFN;SPC;ATR-42/72;Nubosidad variable;14/04/18
IBB309;LPA;SPC;ATR-72;Cubierto de nubes altas y medias;14/04/18
CNF412;TFN;SPC;ATR-72;Nubosidad variable;14/04/18
IBB607;TFN;SPC;ATR-42/72;Nubosidad variable;14/04/18
AEA9461;TFN;SPC;ATR-72;Nubosidad variable;14/04/18
IBB611;TFN;SPC;ATR-42/72;Nubosidad variable;14/04/18
CNF418;TFN;SPC;ATR-72;Nubosidad variable;14/04/18
IBB609;TFN;SPC;ATR-42/72;Nubosidad variable;14/04/18
AEA9463;TFN;SPC;ATR-72;Nubosidad variable;14/04/18
IBB619;TFN;SPC;ATR-72;Nubosidad variable;14/04/18
IBB621;TFN;SPC;ATR-72;Nubosidad variable;14/04/18
IBS3842;MAD;SPC;AIRBUS A320;Abertura de claros;14/04/18
CNF452;TFN;SPC;ATR-72;Nubosidad variable;14/04/18
IBB631;TFN;SPC;ATR-42/72;Nubosidad variable;14/04/18
IBE2228;TFN;SPC;ATR-42/72;Despejado;17/04/18
VLG3248;BCN;SPC;AIRBUS A320;Lluvia débil;14/04/18
IBE8221;RJL;MAD;CANADAIR CRJ-200;Nubosidad variable;14/04/18
RYR6321;VLL;BCN;BOEING 737-800 WINGLETS;Abertura de claros;14/04/18
IBB650;GMZ;TFN;ATR-72;Nubes altas;14/04/18
IBB652;GMZ;TFN;ATR-72;Nubes altas;14/04/18
RYR2036;VIT;SVQ;BOEING 737-800 WINGLETS;Nubosidad variable;14/04/18
IBE8661;VIT;MAH;BOMBARDIER CRJ-1000;Nubosidad variable;14/04/18
IBE8529;PNA;MAD;BOMBARDIER CRJ-1000;Chubascos dispersos;14/04/18
IBE8525;PNA;MAD;CANADAIR CRJ-200;Chubascos dispersos;14/04/18
RYR6320;BCN;VLL;BOEING 737-800 WINGLETS;Lluvia débil;14/04/18
RYR7235;ZAZ;BVA;BOEING 737-800 WINGLETS;Lluvia débil;14/04/18
WZZ3192;ZAZ;OTP;AIRBUS A320;Lluvia débil;14/04/18
AEA4032;ZAZ;PMI;EMBRAER ERJ-195;Lluvia débil;14/04/18
WZZ3418;ZAZ;CLJ;AIRBUS A320;Lluvia débil;14/04/18
RYR2635;ZAZ;STN;BOEING 737-800 WINGLETS;Lluvia débil;14/04/18
IBB651;TFN;GMZ;ATR-42/72;Nubosidad variable;14/04/18
IBB653;TFN;GMZ;ATR-42/72;Nubosidad variable;14/04/18
IBE2244;TFN;GMZ;ATR-72;Despejado;17/04/18
RYR2035;SVQ;VIT;BOEING 737-800 WINGLETS;Abertura de claros;14/04/18
IBE8660;MAH;VIT;BOMBARDIER CRJ-1000;Lluvia moderada;14/04/18
RYR2212;REU;EIN;BOEING 737-800 WINGLETS;Lluvia débil;14/04/18
RYR1115;REU;DUB;BOEING 737-800 WINGLETS;Lluvia débil;14/04/18
RYR1865;REU;SNN;BOEING 737-800 WINGLETS;Lluvia débil;14/04/18
RYR3843;REU;STN;BOEING 737-800 WINGLETS;Lluvia débil;14/04/18
EZY2208;REU;LTN;AIRBUS A319;Lluvia débil;14/04/18
RYR2829;REU;CRL;BOEING 737-800 WINGLETS;Lluvia débil;14/04/18
IBE8526;MAD;PNA;BOMBARDIER CRJ-1000;Abertura de claros;13/04/18
IBE8524;MAD;PNA;CANADAIR CRJ-200;Abertura de claros;14/04/18
IBE8526;MAD;PNA;BOMBARDIER CRJ-1000;Abertura de claros;14/04/18
IBE8317;EAS;MAD;ATR-72;Chubascos dispersos;14/04/18
VLG2487;EAS;BCN;AIRBUS A319;Chubascos dispersos;14/04/18
IBE8327;EAS;MAD;ATR-72;Chubascos dispersos;14/04/18
IBE8319;EAS;MAD;ATR-72;Chubascos dispersos;14/04/18
IBE8329;EAS;MAD;ATR-72;Chubascos dispersos;14/04/18
VLG2489;EAS;BCN;AIRBUS A319;Chubascos dispersos;14/04/18
AEA4033;PMI;ZAZ;EMBRAER ERJ-195;Lluvia moderada;14/04/18
VLG1705;VGO;BCN;32A;Nubosidad variable;13/04/18
IBE0537;VGO;MAD;AIRBUS A319;Nubosidad variable;14/04/18
AEA7311;VGO;MAD;EMBRAER ERJ-195;Nubosidad variable;14/04/18
VLG1703;VGO;BCN;BOEING 737-800 WINGLETS;Nubosidad variable;14/04/18
IBE0531;VGO;MAD;AIRBUS A319;Nubosidad variable;14/04/18
RYR7142;VGO;EDI;BOEING 737-800 WINGLETS;Nubosidad variable;14/04/18
AEA7315;VGO;MAD;EMBRAER ERJ-195;Nubosidad variable;14/04/18
IBE0533;VGO;MAD;AIRBUS A319;Nubosidad variable;14/04/18
VLG1291;LCG;BCN;AIRBUS A320;Nubosidad variable;13/04/18
AEA7232;LCG;MAD;EMBRAER ERJ-195;Nubosidad variable;14/04/18
IBE0511;LCG;MAD;AIRBUS A319;Nubosidad variable;14/04/18
VLG1293;LCG;BCN;32A;Nubosidad variable;14/04/18
TAP1085;LCG;LIS;ATR-72;Nubosidad variable;14/04/18
VLG3971;LCG;PMI;32A;Nubosidad variable;14/04/18
AEA7234;LCG;MAD;EMBRAER ERJ-195;Nubosidad variable;14/04/18
IBB656;VDE;TFN;ATR-72;Nubosidad variable;14/04/18
IBB660;VDE;TFN;ATR-42/72;Nubosidad variable;14/04/18
IBB664;VDE;TFN;ATR-72;Nubosidad variable;14/04/18
IBB366;VDE;LPA;ATR-72;Nubosidad variable;14/04/18
CNF248;VDE;TFN;ATR-72;Nubosidad variable;14/04/18
IBB674;VDE;TFN;ATR-72;Nubosidad variable;14/04/18
RYR2613;SDR;STN;BOEING 737-800 WINGLETS;Chubascos dispersos;13/04/18
IBE8861;SDR;MAD;BOMBARDIER CRJ-1000;Chubascos dispersos;14/04/18
RYR6385;SDR;BCN;BOEING 737-800 WINGLETS;Chubascos dispersos;14/04/18
IBE0555;SDR;MAD;AIRBUS A319;Chubascos dispersos;14/04/18
RYR4793;SDR;BGY;BOEING 737-800 WINGLETS;Chubascos dispersos;14/04/18
RYR2594;SDR;AGP;BOEING 737-800 WINGLETS;Chubascos dispersos;14/04/18
RYR2215;SDR;VLC;BOEING 737-800 WINGLETS;Chubascos dispersos;14/04/18
IBE0557;SDR;MAD;AIRBUS A319;Chubascos dispersos;14/04/18
RYR1573;SDR;SXF;BOEING 737-800 WINGLETS;Chubascos dispersos;14/04/18
VLG1572;OVD;BCN;AIRBUS A320;Chubascos dispersos;14/04/18
VOE3590;OVD;PMI;BOEING 717;Chubascos dispersos;14/04/18
VLG1574;OVD;BCN;AIRBUS A320;Chubascos dispersos;14/04/18
IBE0479;OVD;MAD;AIRBUS A320;Chubascos dispersos;14/04/18
IBE0475;OVD;MAD;AIRBUS A320;Chubascos dispersos;14/04/18
VLG3139;OVD;ACE;AIRBUS A320;Chubascos dispersos;14/04/18
IBS3613;OVD;TFN;AIRBUS A320;Chubascos dispersos;14/04/18
IBS3610;OVD;LHR;AIRBUS A320;Chubascos dispersos;14/04/18
TAP1113;OVD;LIS;ATR-72;Chubascos dispersos;14/04/18
IBE8603;LEI;MAD;BOMBARDIER CRJ-1000;Nubosidad variable;14/04/18
LGL694;LEI;LUX;BOEING 737-800 WINGLETS;Nubosidad variable;14/04/18
JAF6944;LEI;BRU;EMBRAER 190;Nubosidad variable;14/04/18
IBE8595;LEI;MAD;CANADAIR CRJ-900;Nubosidad variable;14/04/18
EZY8164;LEI;LGW;AIRBUS A320;Nubosidad variable;14/04/18
VLG1252;LEI;BCN;32A;Nubosidad variable;14/04/18
IBE8577;LEI;MAD;CANADAIR CRJ-200;Nubosidad variable;14/04/18
IBE8601;LEI;MAD;BOMBARDIER CRJ-1000;Nubosidad variable;14/04/18
BAW421;LEI;LHR;AIRBUS A319;Nubosidad variable;14/04/18
TRA5644;LEI;RTM;BOEING 737-700 WINGLETS;Nubosidad variable;14/04/18
RYR7319;LEI;DUB;BOEING 737-800 WINGLETS;Nubosidad variable;14/04/18
IBE8261;MLN;AGP;ATR-72;Nubosidad variable;14/04/18
IBE8789;MLN;MAD;ATR-72;Nubosidad variable;14/04/18
AEA5002;MLN;AGP;ATR-72;Nubosidad variable;14/04/18
IBE8273;MLN;AGP;ATR-72;Nubosidad variable;14/04/18
IBE8263;MLN;AGP;ATR-72;Nubosidad variable;14/04/18
IBE8269;MLN;AGP;ATR-72;Nubosidad variable;14/04/18
IBE8793;MLN;MAD;ATR-72;Nubosidad variable;14/04/18
IBE8271;MLN;AGP;ATR-72;Nubosidad variable;14/04/18
VLG2017;GRX;BCN;32B;Abertura de claros;13/04/18
IBE8639;GRX;MAD;CANADAIR CRJ-900;Abertura de claros;14/04/18
VLG2011;GRX;BCN;32B;Abertura de claros;14/04/18
IBE8641;GRX;MAD;BOMBARDIER CRJ-1000;Abertura de claros;14/04/18
VLG2021;GRX;BCN;AIRBUS A320;Abertura de claros;14/04/18
AEA5200;GRX;PMI;EMBRAER ERJ-195;Abertura de claros;14/04/18
IBE8645;GRX;MAD;BOMBARDIER CRJ-1000;Abertura de claros;14/04/18
IBE8649;GRX;MAD;CANADAIR CRJ-900;Abertura de claros;14/04/18
VLG2015;GRX;BCN;AIRBUS A320;Abertura de claros;14/04/18
VLG8727;GRX;CDG;AIRBUS A320;Abertura de claros;14/04/18
EZY8172;GRX;LGW;AIRBUS A319;Abertura de claros;14/04/18
VLG2017;GRX;BCN;AIRBUS A321;Abertura de claros;14/04/18
IBE0407;XRY;MAD;AIRBUS A320;Abertura de claros;14/04/18
LGL688;XRY;LUX;BOEING 737-700 WINGLETS;Abertura de claros;14/04/18
DE1723;XRY;MUC;AIRBUS A320;Abertura de claros;14/04/18
DE1565;XRY;HAM;AIRBUS A320;Abertura de claros;14/04/18
IBE0411;XRY;MAD;32A;Abertura de claros;14/04/18
VLG2615;XRY;BIO;32A;Abertura de claros;14/04/18
VLG2287;XRY;BCN;BOEING 737-800 WINGLETS;Abertura de claros;14/04/18
IBE0405;XRY;MAD;AIRBUS A320;Abertura de claros;14/04/18
RYR1284;XRY;BCN;BOEING 737-800 WINGLETS;Abertura de claros;14/04/18
VLG2486;BCN;EAS;AIRBUS A319;Lluvia débil;14/04/18
IBE8314;MAD;EAS;ATR-72;Abertura de claros;14/04/18
IBE8316;MAD;EAS;ATR-72;Abertura de claros;14/04/18
IBE8322;MAD;EAS;ATR-72;Abertura de claros;14/04/18
VLG2488;BCN;EAS;AIRBUS A319;Lluvia débil;14/04/18
IBE8324;MAD;EAS;ATR-72;Abertura de claros;14/04/18
VLG2613;BIO;AGP;AIRBUS A320;Chubascos dispersos;13/04/18
EZY3228;BIO;STN;AIRBUS A319;Chubascos dispersos;13/04/18
BEL3716;BIO;BRU;AIRBUS A319;Chubascos dispersos;14/04/18
IBE0443;BIO;MAD;32A;Chubascos dispersos;14/04/18
VOE3516;BIO;MLA;BOEING 717;Chubascos dispersos;14/04/18
KLM1684;BIO;AMS;EMBRAER 190;Chubascos dispersos;14/04/18
DLH1147;BIO;FRA;32A;Chubascos dispersos;14/04/18
VLG2506;BIO;SVQ;AIRBUS A320;Chubascos dispersos;13/04/18
VLG3280;BIO;ACE;AIRBUS A320;Chubascos dispersos;14/04/18
AFR1377;BIO;CDG;EMBRAER 190;Chubascos dispersos;14/04/18
TAP1065;BIO;LIS;ATR-42/72;Chubascos dispersos;14/04/18
VLG3260;BIO;TFN;32A;Chubascos dispersos;14/04/18
DLH1829;BIO;MUC;AIRBUS A320;Chubascos dispersos;14/04/18
VLG1439;BIO;BCN;32A;Chubascos dispersos;14/04/18
RYR7202;VLC;LPA;BOEING 737-800 WINGLETS;Nubosidad variable;13/04/18
TVS1055;VLC;PRG;BOEING 737-900 WINGLETS;Nubosidad variable;13/04/18
RYR4664;VLC;BGY;BOEING 737-800 WINGLETS;Nubosidad variable;13/04/18
VLG3953;VLC;PMI;AIRBUS A320;Nubosidad variable;13/04/18
ROT432;VLC;OTP;BOEING 737-700 WINGLETS;Nubosidad variable;14/04/18
IBE8999;VLC;MAD;BOMBARDIER CRJ-1000;Nubosidad variable;14/04/18
BAW7149;VLC;MAD;BOMBARDIER CRJ-1000;Nubosidad variable;14/04/18
AEA1005;VLC;CDG;BOEING 737-800 WINGLETS;Nubosidad variable;14/04/18
TAP1095;VLC;LIS;ATR-42/72;Nubosidad variable;14/04/18
RYR4632;VLC;BGY;BOEING 737-800 WINGLETS;Nubosidad variable;14/04/18
RYR2256;VLC;CGN;BOEING 737-800 WINGLETS;Nubosidad variable;14/04/18
DLH1165;VLC;FRA;AIRBUS A321;Nubosidad variable;14/04/18
IBE2100;MAD;BCN;32A;Abertura de claros;13/04/18
IBE2100S;MAD;BCN;32A;Abertura de claros;13/04/18
VLG9770;MAD;BCN;32A;Abertura de claros;13/04/18
JAL6981;MAD;BCN;32A;Abertura de claros;13/04/18
LAN7062;MAD;BCN;32A;Abertura de claros;13/04/18
WZZ4402;MAD;SOF;32B;Abertura de claros;13/04/18
WZZ3172;MAD;OTP;32B;Abertura de claros;13/04/18
IBE8772;MAD;TLS;BOMBARDIER CRJ-1000;Abertura de claros;13/04/18
IBS3894;MAD;SCQ;32A;Abertura de claros;13/04/18
IBE8396;MAD;ALC;BOMBARDIER CRJ-1000;Abertura de claros;13/04/18
TAP1009;MAD;OPO;EMBRAER 190;Abertura de claros;13/04/18
IBE3118;MAD;LIS;32A;Abertura de claros;13/04/18
TAM8065;MAD;GRU;BOEING 777-300ER;Abertura de claros;13/04/18
IBE8988;MAD;VLC;BOMBARDIER CRJ-1000;Abertura de claros;13/04/18
AFL2605;MAD;SVO;32B;Abertura de claros;13/04/18
LLX5052;LPA;ACE;AIRBUS A321;Cubierto de nubes altas y medias;13/04/18
IBB234;LPA;FUE;BOMBARDIER CRJ-1000;Cubierto de nubes altas y medias;13/04/18
IBB193;LPA;TFN;ATR-72;Cubierto de nubes altas y medias;13/04/18
IBS3835;LPA;MAD;AIRBUS A321;Cubierto de nubes altas y medias;14/04/18
RYR4504;LPA;KRK;BOEING 737-800 WINGLETS;Cubierto de nubes altas y medias;14/04/18
RYR3163;LPA;EMA;BOEING 737-800 WINGLETS;Cubierto de nubes altas y medias;14/04/18
RYR2565;LPA;HAM;BOEING 737-800 WINGLETS;Cubierto de nubes altas y medias;14/04/18
VLG3186;LPA;NTE;AIRBUS A320;Cubierto de nubes altas y medias;14/04/18
AEA9403;LPA;TFN;ATR-72;Cubierto de nubes altas y medias;14/04/18
AEA9431;LPA;FUE;ATR-72;Cubierto de nubes altas y medias;14/04/18
VLG3001;LPA;BCN;AIRBUS A321;Cubierto de nubes altas y medias;14/04/18
AEA9018;LPA;MAD;BOEING 737-800 WINGLETS;Cubierto de nubes altas y medias;14/04/18
IBB200;LPA;FUE;ATR-72;Cubierto de nubes altas y medias;14/04/18
RYR3802;LPA;LPL;BOEING 737-800 WINGLETS;Cubierto de nubes altas y medias;14/04/18
IBB500;LPA;ACE;BOMBARDIER CRJ-1000;Cubierto de nubes altas y medias;14/04/18
AEA9408;TFN;LPA;ATR-72;Nubosidad variable;13/04/18
IBB122;TFN;LPA;ATR-72;Nubosidad variable;13/04/18
AEA9422;TFN;LPA;BOEING 737-800 WINGLETS;Nubosidad variable;13/04/18
IBB190;TFN;LPA;ATR-72;Nubosidad variable;13/04/18
IBS3945;TFN;MAD;AIRBUS A320;Nubosidad variable;14/04/18
IBB452;TFN;ACE;ATR-42/72;Nubosidad variable;14/04/18
IBB414;TFN;FUE;ATR-42/72;Nubosidad variable;14/04/18
IBK6378;TFN;MAD;BOEING 737-800 WINGLETS;Nubosidad variable;14/04/18
AEA9045;TFN;MAD;BOEING 737-800 WINGLETS;Nubosidad variable;14/04/18
IBB605;TFN;SPC;ATR-42/72;Nubosidad variable;14/04/18
CNF412;TFN;SPC;ATR-72;Nubosidad variable;14/04/18
IBB655;TFN;VDE;ATR-42/72;Nubosidad variable;14/04/18
AEA9404;TFN;LPA;ATR-72;Nubosidad variable;14/04/18
CNF612;TFN;LPA;ATR-42/72;Nubosidad variable;14/04/18
IBB607;TFN;SPC;ATR-42/72;Nubosidad variable;14/04/18
RYR2076;MAH;EMA;BOEING 737-800 WINGLETS;Lluvia moderada;13/04/18
VLG3719;MAH;BCN;32B;Lluvia moderada;13/04/18
IBE8481;MAH;PMI;CANADAIR CRJ-900;Lluvia moderada;14/04/18
IBE8951;MAH;MAD;BOMBARDIER CRJ-1000;Lluvia moderada;14/04/18
AAL8615;MAH;MAD;BOMBARDIER CRJ-1000;Lluvia moderada;14/04/18
IBE8495;MAH;PMI;ATR-42/72;Lluvia moderada;14/04/18
VLG3713;MAH;BCN;AIRBUS A320;Lluvia moderada;14/04/18
IBE8483;MAH;PMI;BOMBARDIER CRJ-1000;Lluvia moderada;14/04/18
VLG3715;MAH;BCN;32A;Lluvia moderada;14/04/18
IBE8660;MAH;VIT;BOMBARDIER CRJ-1000;Lluvia moderada;14/04/18
VLG1341;MAH;ALC;32A;Lluvia moderada;14/04/18
AEA4532;MAH;PMI;ATR-72;Lluvia moderada;14/04/18
VLG2433;MAH;SVQ;AIRBUS A320;Lluvia moderada;14/04/18
IBE8499;MAH;PMI;ATR-42/72;Lluvia moderada;14/04/18
EZY8304;MAH;LGW;AIRBUS A319;Lluvia moderada;14/04/18
AEA4530;MAH;PMI;ATR-72;Lluvia moderada;14/04/18
IBE8493;MAH;PMI;BOMBARDIER CRJ-1000;Lluvia moderada;14/04/18
WZZ2564;BCN;RIX;AIRBUS A320;Lluvia débil;13/04/18
VLG3718;BCN;MAH;32B;Lluvia débil;13/04/18
EZS1410;BCN;GVA;AIRBUS A320;Lluvia débil;13/04/18
SWR1947;BCN;GVA;CS3;Lluvia débil;13/04/18
VLG8744;BCN;MLA;AIRBUS A320;Lluvia débil;13/04/18
VLG3900;BCN;PMI;32B;Lluvia débil;13/04/18
BEL3706;BCN;BRU;AIRBUS A320;Lluvia débil;13/04/18
VLG2131;BCN;MAD;AIRBUS A320;Lluvia débil;13/04/18
RYR6398;BCN;SVQ;BOEING 737-800 WINGLETS;Lluvia débil;13/04/18
VLG3000;BCN;LPA;32B;Lluvia débil;13/04/18
VLG2113;BCN;AGP;AIRBUS A320;Lluvia débil;13/04/18
VLG3522;BCN;IBZ;32A;Lluvia débil;13/04/18
RYR6370;BCN;LPA;BOEING 737-800 WINGLETS;Lluvia débil;13/04/18
EZY2768;BCN;MXP;32A;Lluvia débil;13/04/18
VLG2257;SVQ;BCN;32A;Abertura de claros;13/04/18
RYR2959;SVQ;BCN;BOEING 737-800 WINGLETS;Abertura de claros;13/04/18
RYR6397;SVQ;BCN;BOEING 737-800 WINGLETS;Abertura de claros;14/04/18
VLG3164;SVQ;FUE;AIRBUS A320;Abertura de claros;14/04/18
RYR5201;SVQ;SXF;BOEING 737-800 WINGLETS;Abertura de claros;14/04/18
VLG3941;SVQ;PMI;AIRBUS A320;Abertura de claros;13/04/18
TAP1101;SVQ;LIS;ATR-42/72;Abertura de claros;14/04/18
VLG3160;SVQ;ACE;AIRBUS A320;Abertura de claros;14/04/18
RYR4471;SVQ;CPH;BOEING 737-800 WINGLETS;Abertura de claros;14/04/18
IBE8841;SVQ;VLC;ATR-72;Abertura de claros;14/04/18
IBS3947;SVQ;MAD;AIRBUS A320;Abertura de claros;14/04/18
VLG2505;SVQ;BIO;AIRBUS A320;Abertura de claros;13/04/18
TVF3101;SVQ;ORY;BOEING 737-800 WINGLETS;Abertura de claros;14/04/18
VLG2211;SVQ;BCN;32A;Abertura de claros;14/04/18
VLG2251;SVQ;BCN;32B;Abertura de claros;14/04/18
AEA5001;AGP;MLN;ATR-72;Nubosidad variable;14/04/18
IBE8262;AGP;MLN;ATR-72;Nubosidad variable;14/04/18
IBE8792;MAD;MLN;ATR-72;Abertura de claros;14/04/18
IBE8268;AGP;MLN;ATR-72;Nubosidad variable;14/04/18
IBE8264;AGP;MLN;ATR-72;Nubosidad variable;14/04/18
IBE8270;AGP;MLN;ATR-72;Nubosidad variable;14/04/18
IBE8798;MAD;MLN;ATR-72;Abertura de claros;14/04/18
IBE8272;AGP;MLN;ATR-72;Nubosidad variable;14/04/18
WZZ3416;AGP;CLJ;32A;Nubosidad variable;13/04/18
RYR3081;AGP;BCN;BOEING 737-800 WINGLETS;Nubosidad variable;13/04/18
IBE8455;AGP;VLC;CANADAIR CRJ-900;Nubosidad variable;13/04/18
AFL2529;AGP;SVO;BOEING 737-800 WINGLETS;Nubosidad variable;13/04/18
BAW2721;AGP;LGW;AIRBUS A320;Nubosidad variable;13/04/18
EZY2410;AGP;LTN;32A;Nubosidad variable;13/04/18
EZY6058;AGP;BRS;AIRBUS A319;Nubosidad variable;13/04/18
EZY8616;AGP;LGW;AIRBUS A319;Nubosidad variable;13/04/18
FIN1676;AGP;HEL;32B;Nubosidad variable;14/04/18
VLG1876;AGP;CPH;AIRBUS A320;Nubosidad variable;14/04/18
SAS6232;AGP;AAR;32A;Nubosidad variable;14/04/18
SAS6354;AGP;OSL;32A;Nubosidad variable;14/04/18
VLG8366;AGP;AMS;AIRBUS A320;Nubosidad variable;14/04/18
IBK5108;AGP;HAM;BOEING 737-800 WINGLETS;Nubosidad variable;14/04/18
AEA1039;AGP;CDG;BOEING 737-800 WINGLETS;Nubosidad variable;14/04/18
IBK5140;AGP;WAW;BOEING 737-800 WINGLETS;Nubosidad variable;14/04/18
RYR2044;AGP;DTM;BOEING 737-800 WINGLETS;Nubosidad variable;14/04/18
IBE8878;MAD;SDR;BOMBARDIER CRJ-1000;Abertura de claros;13/04/18
RYR6384;BCN;SDR;BOEING 737-800 WINGLETS;Lluvia débil;14/04/18
IBE0554;MAD;SDR;AIRBUS A319;Abertura de claros;14/04/18
RYR2593;AGP;SDR;BOEING 737-800 WINGLETS;Nubosidad variable;14/04/18
RYR2214;VLC;SDR;BOEING 737-800 WINGLETS;Nubosidad variable;14/04/18
IBE0556;MAD;SDR;AIRBUS A319;Abertura de claros;14/04/18
RYR3453;MJV;LTN;BOEING 737-800 WINGLETS;Nubosidad variable;13/04/18
RYR7095;MJV;DUB;BOEING 737-800 WINGLETS;Nubosidad variable;13/04/18
EZY8554;MJV;LGW;32A;Nubosidad variable;13/04/18
JAF6902;MJV;ANR;EMBRAER 190;Nubosidad variable;14/04/18
RYR2155;MJV;BHX;BOEING 737-800 WINGLETS;Nubosidad variable;14/04/18
EZY8550;MJV;LGW;AIRBUS A319;Nubosidad variable;14/04/18
EZY6014;MJV;BRS;AIRBUS A319;Nubosidad variable;14/04/18
RYR1925;MJV;EMA;BOEING 737-800 WINGLETS;Nubosidad variable;14/04/18
RYR4117;MJV;MAN;BOEING 737-800 WINGLETS;Nubosidad variable;14/04/18
NAX1703;MJV;OSL;BOEING 737-800 WINGLETS;Nubosidad variable;14/04/18
RYR3453;MJV;LTN;BOEING 737-800 WINGLETS;Nubosidad variable;14/04/18
EZY7426;MJV;SEN;AIRBUS A319;Nubosidad variable;14/04/18
BAW449;MJV;LHR;32A;Nubosidad variable;14/04/18
RYR8027;MJV;STN;BOEING 737-800 WINGLETS;Nubosidad variable;14/04/18
EZY8554;MJV;LGW;AIRBUS A320;Nubosidad variable;14/04/18
RYR7095;MJV;DUB;BOEING 737-800 WINGLETS;Nubosidad variable;14/04/18
AEA7231;MAD;LCG;EMBRAER ERJ-195;Abertura de claros;13/04/18
IBE0516;MAD;LCG;AIRBUS A319;Abertura de claros;13/04/18
VLG1292;BCN;LCG;32A;Lluvia débil;14/04/18
AEA7233;MAD;LCG;EMBRAER ERJ-195;Abertura de claros;14/04/18
IBE0512;MAD;LCG;AIRBUS A320;Abertura de claros;14/04/18
AEA7235;MAD;LCG;EMBRAER ERJ-195;Abertura de claros;14/04/18
TVS1165;PMI;PRG;BOEING 737-800 WINGLETS;Lluvia moderada;13/04/18
VLG3952;PMI;VLC;AIRBUS A320;Lluvia moderada;13/04/18
RYR3446;PMI;MAN;BOEING 737-800 WINGLETS;Lluvia moderada;13/04/18
VLG3919;PMI;BCN;AIRBUS A320;Lluvia moderada;13/04/18
TRA5626;PMI;AMS;BOEING 737-800 WINGLETS;Lluvia moderada;13/04/18
EWG4173;PMI;NUE;BOEING 737-800 WINGLETS;Lluvia moderada;13/04/18
RYR7215;PMI;VLC;BOEING 737-800 WINGLETS;Lluvia moderada;13/04/18
EZY7144;PMI;LPL;32A;Lluvia moderada;13/04/18
VLG3901;PMI;BCN;32B;Lluvia moderada;13/04/18
RYR5431;PMI;MAD;BOEING 737-800 WINGLETS;Lluvia moderada;13/04/18
EWG589;PMI;CGN;BOEING 737-800 WINGLETS;Lluvia moderada;13/04/18
EWG6806;PMI;FMO;AIRBUS A320;Lluvia moderada;13/04/18
EZY6046;PMI;BRS;32A;Lluvia moderada;13/04/18
EZY1910;PMI;MAN;AIRBUS A320;Lluvia moderada;13/04/18
EZY3216;PMI;STN;AIRBUS A319;Lluvia moderada;13/04/18
GMI5729;PMI;FMO;AIRBUS A319;Lluvia moderada;14/04/18
VLG2854;PMI;ORY;AIRBUS A320;Lluvia moderada;14/04/18
EZY1514;PMI;GVA;32A;Lluvia moderada;14/04/18
IBB655;TFN;VDE;ATR-42/72;Nubosidad variable;14/04/18
IBB659;TFN;VDE;ATR-42/72;Nubosidad variable;14/04/18
IBB663;TFN;VDE;ATR-42/72;Nubosidad variable;14/04/18
IBB365;LPA;VDE;ATR-72;Cubierto de nubes altas y medias;14/04/18
CNF247;TFN;VDE;ATR-42/72;Nubosidad variable;14/04/18
IBB673;TFN;VDE;ATR-42/72;Nubosidad variable;14/04/18
TRA6146;ALC;AMS;BOEING 737-800 WINGLETS;Nubosidad variable;13/04/18
RYR8297;ALC;BRS;BOEING 737-800 WINGLETS;Nubosidad variable;13/04/18
EZY6420;ALC;NCL;AIRBUS A319;Nubosidad variable;13/04/18
EIN575;ALC;DUB;AIRBUS A320;Nubosidad variable;13/04/18
EZY6076;ALC;BRS;32A;Nubosidad variable;13/04/18
EZY2228;ALC;LTN;AIRBUS A319;Nubosidad variable;13/04/18
EZY8672;ALC;LGW;AIRBUS A319;Nubosidad variable;13/04/18
FIN1726;ALC;HEL;AIRBUS A319;Nubosidad variable;14/04/18
ANE8397;ALC;MAD;BOMBARDIER CRJ-1000;Nubosidad variable;14/04/18
FIN5584;ALC;MAD;BOMBARDIER CRJ-1000;Nubosidad variable;14/04/18
VLG7396;ALC;ALG;32A;Nubosidad variable;14/04/18
IBK5350;ALC;ARN;BOEING 737-800 WINGLETS;Nubosidad variable;14/04/18
RYR2408;ALC;FMM;BOEING 737-800 WINGLETS;Nubosidad variable;14/04/18
VLG8253;ALC;ORY;AIRBUS A320;Nubosidad variable;14/04/18
RYR7522;ALC;EIN;BOEING 737-800 WINGLETS;Nubosidad variable;14/04/18
VLG3934;ALC;PMI;32A;Nubosidad variable;14/04/18
VLG1311;ALC;BCN;32A;Nubosidad variable;14/04/18
EZY8710;TFS;LGW;32A;Nubosidad variable;13/04/18
IBB154;TFS;LPA;ATR-42/72;Nubosidad variable;13/04/18
RYR1038;TFS;FMM;BOEING 737-800 WINGLETS;Nubosidad variable;14/04/18
RYR654;TFS;PIK;BOEING 737-800 WINGLETS;Nubosidad variable;14/04/18
RYR4067;TFS;SXF;BOEING 737-800 WINGLETS;Nubosidad variable;14/04/18
RYR2493;TFS;LBA;BOEING 737-800 WINGLETS;Nubosidad variable;14/04/18
TOM1609;TFS;ABZ;BOEING 737-800 WINGLETS;Nubosidad variable;14/04/18
IBK6472;TFS;CPH;BOEING 737-800 WINGLETS;Nubosidad variable;14/04/18
IBK6410;TFS;EDI;BOEING 737-800 WINGLETS;Nubosidad variable;14/04/18
TVF1151;TFS;ORY;BOEING 737-800 WINGLETS;Nubosidad variable;14/04/18
IBK6512;TFS;MUC;BOEING 737-800 WINGLETS;Nubosidad variable;14/04/18
EDW215;TFS;ZRH;AIRBUS A320;Nubosidad variable;14/04/18
JAF6114;TFS;BRU;7M8;Nubosidad variable;14/04/18
TUI2197;TFS;MUC;BOEING 737-800 WINGLETS;Nubosidad variable;14/04/18
IBB152;TFS;LPA;ATR-72;Nubosidad variable;14/04/18
IBE2233;TFS;LPA;ATR-72;Nubosidad variable;14/04/18
RYR4754;TFS;BRS;BOEING 737-800 WINGLETS;Nubosidad variable;14/04/18
VLG3135;TFS;ORY;32B;Nubosidad variable;14/04/18
VLG3221;TFS;BCN;AIRBUS A320;Nubosidad variable;14/04/18
RYR8167;TFS;STN;BOEING 737-800 WINGLETS;Nubosidad variable;14/04/18
JAF5626;FUE;NTE;BOEING 737-800 WINGLETS;Cubierto de nubes altas y medias;13/04/18
IBB235;FUE;LPA;BOMBARDIER CRJ-1000;Cubierto de nubes altas y medias;13/04/18
OLY505;LPA;FUE;AIRBUS A319;Cubierto de nubes altas y medias;13/04/18
CNF884;FUE;LPA;ATR-72;Cubierto de nubes altas y medias;13/04/18
IBB425;FUE;TFN;ATR-42/72;Cubierto de nubes altas y medias;13/04/18
IBB233;FUE;LPA;ATR-42/72;Cubierto de nubes altas y medias;13/04/18
IBB203;FUE;LPA;ATR-72;Cubierto de nubes altas y medias;14/04/18
AEA9432;FUE;LPA;ATR-72;Cubierto de nubes altas y medias;14/04/18
VLG3165;FUE;SVQ;AIRBUS A320;Cubierto de nubes altas y medias;14/04/18
IBB415;FUE;TFN;ATR-42/72;Cubierto de nubes altas y medias;14/04/18
VLG1641;FUE;SCQ;AIRBUS A320;Cubierto de nubes altas y medias;14/04/18
TUI2279;FUE;CGN;7S8;Cubierto de nubes altas y medias;14/04/18
TUI2863;FUE;BSL;7S8;Cubierto de nubes altas y medias;14/04/18
IBB237;FUE;LPA;ATR-42/72;Cubierto de nubes altas y medias;14/04/18
OLY627;FUE;STR;AIRBUS A321;Cubierto de nubes altas y medias;14/04/18
CNF804;FUE;LPA;ATR-72;Cubierto de nubes altas y medias;14/04/18
IBB209;FUE;LPA;ATR-72;Cubierto de nubes altas y medias;14/04/18
TUI2117;FUE;DUS;BOEING 737-700;Cubierto de nubes altas y medias;14/04/18
TUI2873;FUE;TXL;BOEING 737-700;Cubierto de nubes altas y medias;14/04/18
RYR1102;FUE;SXF;BOEING 737-800 WINGLETS;Cubierto de nubes altas y medias;14/04/18
LLX5052;LPA;ACE;AIRBUS A321;Cubierto de nubes altas y medias;13/04/18
IBB487;ACE;TFN;ATR-42/72;Cubierto de nubes altas y medias;13/04/18
CNF784;ACE;LPA;ATR-42/72;Cubierto de nubes altas y medias;13/04/18
IBB549;ACE;LPA;ATR-42/72;Cubierto de nubes altas y medias;13/04/18
RYR6154;ACE;PIK;BOEING 737-800 WINGLETS;Cubierto de nubes altas y medias;14/04/18
RYR2047;ACE;LBA;BOEING 737-800 WINGLETS;Cubierto de nubes altas y medias;14/04/18
RYR3491;ACE;NCL;BOEING 737-800 WINGLETS;Cubierto de nubes altas y medias;14/04/18
TVS3439;ACE;BES;BOEING 737-800 WINGLETS;Cubierto de nubes altas y medias;14/04/18
IBB501;ACE;LPA;ATR-72;Cubierto de nubes altas y medias;14/04/18
IBB453;ACE;TFN;ATR-42/72;Cubierto de nubes altas y medias;14/04/18
IBE2277;ACE;TFN;ATR-42/72;Cubierto de nubes altas y medias;14/04/18
TVS3441;ACE;LIL;BOEING 737-800 WINGLETS;Cubierto de nubes altas y medias;14/04/18
CNF704;ACE;LPA;ATR-42/72;Cubierto de nubes altas y medias;14/04/18
VLG3161;ACE;SVQ;AIRBUS A320;Cubierto de nubes altas y medias;14/04/18
TVP7307;ACE;WAW;BOEING 737-800 WINGLETS;Cubierto de nubes altas y medias;14/04/18
TVS2415;ACE;DOL;BOEING 737-800 WINGLETS;Cubierto de nubes altas y medias;14/04/18
VLG3281;ACE;BIO;AIRBUS A320;Cubierto de nubes altas y medias;14/04/18
IBB505;ACE;LPA;ATR-42/72;Cubierto de nubes altas y medias;14/04/18
IBB507;ACE;LPA;ATR-42/72;Cubierto de nubes altas y medias;14/04/18
AEA9076;ACE;MAD;BOEING 737-800 WINGLETS;Cubierto de nubes altas y medias;14/04/18
IBE8648;MAD;GRX;CANADAIR CRJ-900;Abertura de claros;13/04/18
VLG2010;BCN;GRX;32B;Lluvia débil;14/04/18
IBE8640;MAD;GRX;BOMBARDIER CRJ-1000;Abertura de claros;14/04/18
VLG2020;BCN;GRX;32A;Lluvia débil;14/04/18
AEA5201;PMI;GRX;EMBRAER ERJ-195;Lluvia moderada;14/04/18
IBE8646;MAD;GRX;BOMBARDIER CRJ-1000;Abertura de claros;14/04/18
IBE8642;MAD;GRX;CANADAIR CRJ-900;Abertura de claros;14/04/18
VLG2014;BCN;GRX;AIRBUS A320;Lluvia débil;14/04/18
VLG2016;BCN;GRX;32B;Lluvia débil;14/04/18
IBE8648;MAD;GRX;BOMBARDIER CRJ-1000;Abertura de claros;14/04/18
ANE2034;GRO;SVQ;BOMBARDIER CRJ-1000;Lluvia;14/04/18
RYR9123;GRO;EIN;BOEING 737-800 WINGLETS;Lluvia;14/04/18
RYR3213;GRO;MAN;BOEING 737-800 WINGLETS;Lluvia;14/04/18
RYR2344;GRO;NCL;BOEING 737-800 WINGLETS;Lluvia;14/04/18
RYR9803;GRO;STN;BOEING 737-800 WINGLETS;Lluvia;14/04/18
RYR4125;GRO;HHN;BOEING 737-800 WINGLETS;Lluvia;14/04/18
RYR6391;GRO;NRN;BOEING 737-800 WINGLETS;Lluvia;14/04/18
RYR9241;GRO;PSA;BOEING 737-800 WINGLETS;Lluvia;14/04/18
RYR9107;GRO;BVA;BOEING 737-800 WINGLETS;Lluvia;14/04/18
RYR6901;GRO;CRL;BOEING 737-800 WINGLETS;Lluvia;14/04/18
RYR9012;GRO;MLA;BOEING 737-800 WINGLETS;Lluvia;14/04/18
RYR6911;GRO;MST;BOEING 737-800 WINGLETS;Lluvia;14/04/18
RYR9375;GRO;TLL;BOEING 737-800 WINGLETS;Lluvia;14/04/18
RYR9002;GRO;BLL;BOEING 737-800 WINGLETS;Lluvia;14/04/18
RYR9307;GRO;PIK;BOEING 737-800 WINGLETS;Lluvia;14/04/18
RYR6393;GRO;NRN;BOEING 737-800 WINGLETS;Lluvia;14/04/18
RYR3653;GRO;BRE;BOEING 737-800 WINGLETS;Lluvia;14/04/18
RYR9911;GRO;BOH;BOEING 737-800 WINGLETS;Lluvia;14/04/18
VOE3830;SVQ;OVD;BOEING 717;Abertura de claros;13/04/18
IBE0482;MAD;OVD;AIRBUS A320;Abertura de claros;13/04/18
VLG1571;BCN;OVD;AIRBUS A320;Lluvia débil;13/04/18
VLG1573;BCN;OVD;AIRBUS A320;Lluvia débil;14/04/18
IBE0488;MAD;OVD;AIRBUS A320;Abertura de claros;14/04/18
VLG1579;BCN;OVD;32A;Lluvia débil;14/04/18
VOE3591;PMI;OVD;BOEING 717;Lluvia moderada;14/04/18
IBS3612;TFN;OVD;AIRBUS A320;Nubosidad variable;14/04/18
IBS3980;MAD;OVD;AIRBUS A320;Abertura de claros;14/04/18
IBE0480;MAD;OVD;32A;Abertura de claros;14/04/18
VLG3138;ACE;OVD;AIRBUS A320;Cubierto de nubes altas y medias;14/04/18
IBE8600;MAD;LEI;BOMBARDIER CRJ-1000;Abertura de claros;13/04/18
IBE8594;MAD;LEI;CANADAIR CRJ-900;Abertura de claros;14/04/18
VLG1251;BCN;LEI;32A;Lluvia débil;14/04/18
IBE8598;MAD;LEI;CANADAIR CRJ-200;Abertura de claros;14/04/18
IBE8592;MAD;LEI;BOMBARDIER CRJ-1000;Abertura de claros;14/04/18
RYR5318;SCQ;MAD;BOEING 737-800 WINGLETS;Nubosidad variable;13/04/18
VLG2654;SCQ;AGP;AIRBUS A320;Nubosidad variable;13/04/18
RYR6380;SCQ;BCN;BOEING 737-800 WINGLETS;Nubosidad variable;13/04/18
VLG1456;SCQ;ALC;32A;Nubosidad variable;13/04/18
VLG1640;SCQ;FUE;AIRBUS A320;Nubosidad variable;14/04/18
IBS3895;SCQ;MAD;32A;Nubosidad variable;14/04/18
RYR5316;SCQ;MAD;BOEING 737-800 WINGLETS;Nubosidad variable;14/04/18
RYR6333;SCQ;BCN;BOEING 737-800 WINGLETS;Nubosidad variable;14/04/18
IBS3877;SCQ;MAD;AIRBUS A320;Nubosidad variable;14/04/18
EZS1338;SCQ;GVA;AIRBUS A320;Nubosidad variable;14/04/18
VLG1671;SCQ;BCN;32A;Nubosidad variable;14/04/18
EZY8590;SCQ;LGW;AIRBUS A319;Nubosidad variable;14/04/18
IBE8204;SCQ;TFN;CANADAIR CRJ-900;Nubosidad variable;14/04/18
IBS9517;SCQ;PMI;AIRBUS A320;Nubosidad variable;14/04/18
RYR724;SCQ;PMI;BOEING 737-800 WINGLETS;Nubosidad variable;14/04/18
AEA7116;SCQ;ACE;BOEING 737-800 WINGLETS;Nubosidad variable;14/04/18
IBE8679;SCQ;IBZ;BOMBARDIER CRJ-1000;Nubosidad variable;14/04/18
VLG7515;SCQ;ZRH;AIRBUS A320;Nubosidad variable;14/04/18
IBE0406;MAD;XRY;AIRBUS A320;Abertura de claros;13/04/18
IBE0410;MAD;XRY;32A;Abertura de claros;14/04/18
VLG2614;BIO;XRY;32A;Chubascos dispersos;14/04/18
VLG2286;BCN;XRY;BOEING 737-800 WINGLETS;Lluvia débil;14/04/18
IBE0404;MAD;XRY;AIRBUS A320;Abertura de claros;14/04/18
RYR1283;BCN;XRY;BOEING 737-800 WINGLETS;Lluvia débil;14/04/18
IBE0406;MAD;XRY;AIRBUS A319;Abertura de claros;14/04/18
IBB318;SPC;LPA;BOMBARDIER CRJ-1000;Cubierto de nubes altas y medias;13/04/18
IBB604;SPC;TFN;ATR-42/72;Cubierto de nubes altas y medias;14/04/18
IBB606;SPC;TFN;ATR-42/72;Cubierto de nubes altas y medias;14/04/18
IBE2282;SPC;TFN;ATR-42/72;Cubierto de nubes altas y medias;14/04/18
IBB304;SPC;LPA;ATR-72;Cubierto de nubes altas y medias;14/04/18
CNF413;SPC;TFN;ATR-72;Cubierto de nubes altas y medias;14/04/18
IBB608;SPC;TFN;ATR-42/72;Cubierto de nubes altas y medias;14/04/18
AEA9462;SPC;TFN;ATR-72;Cubierto de nubes altas y medias;14/04/18
IBB612;SPC;TFN;ATR-72;Cubierto de nubes altas y medias;14/04/18
CNF419;SPC;TFN;ATR-72;Cubierto de nubes altas y medias;14/04/18
IBB610;SPC;TFN;ATR-42/72;Cubierto de nubes altas y medias;14/04/18
EZY8712;SPC;LGW;AIRBUS A320;Cubierto de nubes altas y medias;14/04/18
AEA9464;SPC;TFN;ATR-72;Cubierto de nubes altas y medias;14/04/18
IBB620;SPC;TFN;ATR-72;Cubierto de nubes altas y medias;14/04/18
EWG9545;SPC;DUS;32A;Cubierto de nubes altas y medias;14/04/18
GMI3953;SPC;HAM;AIRBUS A319;Cubierto de nubes altas y medias;14/04/18
EWG7529;SPC;HAM;32A;Cubierto de nubes altas y medias;14/04/18
IBB622;SPC;TFN;ATR-42/72;Cubierto de nubes altas y medias;14/04/18
IBS3843;SPC;MAD;AIRBUS A320;Cubierto de nubes altas y medias;14/04/18
CNF453;SPC;TFN;ATR-72;Cubierto de nubes altas y medias;14/04/18
IBB632;SPC;TFN;ATR-42/72;Cubierto de nubes altas y medias;14/04/18
IBE7265;SPC;TFN;ATR-42/72;Cubierto de nubes altas y medias;14/04/18
AEA9466;SPC;TFN;ATR-72;Cubierto de nubes altas y medias;14/04/18
VLG3249;SPC;BCN;AIRBUS A320;Cubierto de nubes altas y medias;14/04/18
IBE2101;BCN;MAD;AIRBUS A320;Lluvia débil;13/04/18
IBS3953;SVQ;MAD;AIRBUS A320;Abertura de claros;13/04/18
VLG2619;GRX;BIO;32A;Abertura de claros;13/04/18
VLG2505;SVQ;BIO;AIRBUS A320;Abertura de claros;13/04/18
VLG3975;IBZ;BIO;32A;Chubascos dispersos;13/04/18
IBE0442;MAD;BIO;32A;Abertura de claros;13/04/18
AEA7161;MAD;BIO;EMBRAER ERJ-195;Abertura de claros;14/04/18
VLG2608;AGP;BIO;AIRBUS A320;Nubosidad variable;14/04/18
VLG1420;BCN;BIO;32B;Lluvia débil;14/04/18
IBE0536;MAD;VGO;AIRBUS A319;Abertura de claros;13/04/18
AEA7308;MAD;VGO;EMBRAER ERJ-195;Abertura de claros;14/04/18
VLG1702;BCN;VGO;BOEING 737-800 WINGLETS;Lluvia débil;14/04/18
IBE0530;MAD;VGO;AIRBUS A319;Abertura de claros;14/04/18
AEA7302;MAD;VGO;EMBRAER ERJ-195;Abertura de claros;14/04/18
IBE0532;MAD;VGO;AIRBUS A319;Abertura de claros;14/04/18
EVE1123;ALC;VGO;32A;Nubosidad variable;14/04/18
AEA7300;MAD;VGO;EMBRAER ERJ-195;Abertura de claros;14/04/18
VLG3519;IBZ;BCN;32B;Chubascos dispersos;13/04/18
AEA2688;IBZ;BCN;BOEING 737-800 WINGLETS;Chubascos dispersos;13/04/18
RYR2085;IBZ;MAD;BOEING 737-800 WINGLETS;Chubascos dispersos;13/04/18
TRA5674;IBZ;AMS;BOEING 737-800 WINGLETS;Chubascos dispersos;13/04/18
RYR7210;IBZ;VLC;BOEING 737-800 WINGLETS;Chubascos dispersos;13/04/18
VLG3547;IBZ;BCN;32A;Chubascos dispersos;13/04/18
VLG3418;IBZ;MAD;AIRBUS A320;Chubascos dispersos;13/04/18
RYR8140;IBZ;BCN;BOEING 737-800 WINGLETS;Chubascos dispersos;13/04/18
EWG547;IBZ;CGN;AIRBUS A320;Chubascos dispersos;13/04/18
VLG3523;IBZ;BCN;32A;Chubascos dispersos;13/04/18
VLG3531;IBZ;BCN;AIRBUS A320;Chubascos dispersos;13/04/18
RYR6457;IBZ;CRL;BOEING 737-800 WINGLETS;Chubascos dispersos;14/04/18
IBE8101;IBZ;PMI;BOMBARDIER CRJ-1000;Chubascos dispersos;14/04/18
AEA1701;IBZ;PMI;ATR-72;Chubascos dispersos;14/04/18
EWG5861;IBZ;VIE;32A;Chubascos dispersos;14/04/18
RYR8137;IBZ;BCN;BOEING 737-800 WINGLETS;Chubascos dispersos;14/04/18
VLG3541;IBZ;BCN;32A;Chubascos dispersos;14/04/18
VLG3900;BCN;PMI;32B;Lluvia débil;13/04/18
RYR5430;MAD;PMI;BOEING 737-800 WINGLETS;Abertura de claros;13/04/18
AEA4012;VLC;PMI;EMBRAER ERJ-195;Nubosidad variable;13/04/18
AEA6103;BCN;PMI;BOEING 737-800 WINGLETS;Lluvia débil;13/04/18
AEA6049;MAD;PMI;BOEING 737-800 WINGLETS;Abertura de claros;13/04/18
VLG3941;SVQ;PMI;AIRBUS A320;Abertura de claros;13/04/18
IBS3916;MAD;PMI;AIRBUS A320;Abertura de claros;13/04/18
AEA9407;LPA;TFN;ATR-72;Cubierto de nubes altas y medias;13/04/18
AEA9468;SPC;TFN;ATR-72;Cubierto de nubes altas y medias;13/04/18
IBB485;ACE;TFN;ATR-42/72;Cubierto de nubes altas y medias;13/04/18
IBB642;SPC;TFN;ATR-42/72;Cubierto de nubes altas y medias;13/04/18
IBB195;LPA;TFN;BOMBARDIER CRJ-1000;Cubierto de nubes altas y medias;13/04/18
AEA2681;BCN;TFN;BOEING 737-800 WINGLETS;Lluvia débil;13/04/18
IBK6381;MAD;TFN;BOEING 737-800 WINGLETS;Abertura de claros;13/04/18
IBB193;LPA;TFN;ATR-72;Cubierto de nubes altas y medias;13/04/18
IBB425;FUE;TFN;ATR-42/72;Cubierto de nubes altas y medias;13/04/18
VLG3218;BCN;TFN;32B;Lluvia débil;13/04/18
IBS3938;MAD;TFN;AIRBUS A320;Abertura de claros;13/04/18
IBB487;ACE;TFN;ATR-42/72;Cubierto de nubes altas y medias;13/04/18
AEA9403;LPA;TFN;ATR-72;Cubierto de nubes altas y medias;14/04/18
IBB107;LPA;TFN;BOMBARDIER CRJ-1000;Cubierto de nubes altas y medias;14/04/18
IBB604;SPC;TFN;ATR-42/72;Cubierto de nubes altas y medias;14/04/18
AEA9059;MAD;TFN;BOEING 737-800 WINGLETS;Abertura de claros;14/04/18
IBB606;SPC;TFN;ATR-42/72;Cubierto de nubes altas y medias;14/04/18
RYR3063;BCN;TFN;BOEING 737-800 WINGLETS;Lluvia débil;14/04/18
RYR5278;MAD;TFN;BOEING 737-800 WINGLETS;Abertura de claros;14/04/18
IBB453;ACE;TFN;ATR-42/72;Cubierto de nubes altas y medias;14/04/18
IBB231;FUE;LPA;ATR-42/72;Cubierto de nubes altas y medias;13/04/18
AEA9408;TFN;LPA;ATR-72;Nubosidad variable;13/04/18
IBB192;TFN;LPA;ATR-72;Nubosidad variable;13/04/18
AEA9446;ACE;LPA;ATR-72;Cubierto de nubes altas y medias;13/04/18
AEA9172;MAD;LPA;BOEING 737-800 WINGLETS;Abertura de claros;13/04/18
IBB235;FUE;LPA;BOMBARDIER CRJ-1000;Cubierto de nubes altas y medias;13/04/18
IBB122;TFN;LPA;ATR-72;Nubosidad variable;13/04/18
IBB318;SPC;LPA;BOMBARDIER CRJ-1000;Cubierto de nubes altas y medias;13/04/18
AEA9422;TFN;LPA;BOEING 737-800 WINGLETS;Nubosidad variable;13/04/18
CNF884;FUE;LPA;ATR-72;Cubierto de nubes altas y medias;13/04/18
IBB190;TFN;LPA;ATR-72;Nubosidad variable;13/04/18
IBS3834;MAD;LPA;AIRBUS A321;Abertura de claros;13/04/18
IBB233;FUE;LPA;ATR-42/72;Cubierto de nubes altas y medias;13/04/18
CNF784;ACE;LPA;ATR-42/72;Cubierto de nubes altas y medias;13/04/18
IBK5803;BCN;LPA;BOEING 737-800 WINGLETS;Lluvia débil;13/04/18
IBB154;TFS;LPA;ATR-42/72;Nubosidad variable;13/04/18
IBE8456;VLC;AGP;CANADAIR CRJ-900;Nubosidad variable;13/04/18
VLG2113;BCN;AGP;AIRBUS A320;Lluvia débil;13/04/18
VLG2613;BIO;AGP;AIRBUS A320;Chubascos dispersos;13/04/18
VLG2654;SCQ;AGP;AIRBUS A320;Nubosidad variable;13/04/18
VLG2489;EAS;BCN;AIRBUS A319;Chubascos dispersos;13/04/18
VLG2215;SVQ;BCN;BOEING 737-800 WINGLETS;Abertura de claros;13/04/18
RYR6399;SVQ;BCN;BOEING 737-800 WINGLETS;Abertura de claros;13/04/18
VLG1578;OVD;BCN;AIRBUS A320;Chubascos dispersos;13/04/18
VLG3917;PMI;BCN;32A;Lluvia moderada;13/04/18
RYR6369;PMI;BCN;BOEING 737-800 WINGLETS;Lluvia moderada;13/04/18
IBE2100;MAD;BCN;32A;Abertura de claros;13/04/18
JAL6981;MAD;BCN;32A;Abertura de claros;13/04/18
LAN7062;MAD;BCN;32A;Abertura de claros;13/04/18
IBE2100S;MAD;BCN;32A;Abertura de claros;13/04/18
VLG3718;BCN;MAH;32B;Lluvia débil;13/04/18
IBE8494;PMI;MAH;ATR-42/72;Despejado;17/04/18
VLG3712;BCN;MAH;AIRBUS A320;Lluvia débil;14/04/18
IBE8480;PMI;MAH;BOMBARDIER CRJ-1000;Despejado;17/04/18
VLG3714;BCN;MAH;32A;Lluvia débil;14/04/18
IBE8482;PMI;MAH;BOMBARDIER CRJ-1000;Despejado;17/04/18
VLG1340;ALC;MAH;32A;Nubosidad variable;14/04/18
AEA4537;PMI;MAH;ATR-72;Lluvia moderada;14/04/18
VLG2432;SVQ;MAH;AIRBUS A320;Abertura de claros;14/04/18
IBE8498;PMI;MAH;ATR-42/72;Despejado;17/04/18
IBE8661;VIT;MAH;BOMBARDIER CRJ-1000;Nubosidad variable;14/04/18
AEA4531;PMI;MAH;ATR-72;Lluvia moderada;14/04/18
RYR6881;BCN;MAH;BOEING 737-800 WINGLETS;Lluvia débil;14/04/18
VLG3716;BCN;MAH;AIRBUS A320;Lluvia débil;14/04/18
ANE8396;MAD;ALC;BOMBARDIER CRJ-1000;Despejado;17/04/18
VLG1456;SCQ;ALC;32A;Nubosidad variable;13/04/18
LLX5052;LPA;ACE;AIRBUS A321;Cubierto de nubes altas y medias;13/04/18
IBB486;TFN;ACE;ATR-42/72;Nubosidad variable;13/04/18
CNF783;LPA;ACE;ATR-72;Cubierto de nubes altas y medias;13/04/18
RYR2554;SVQ;ACE;BOEING 737-800 WINGLETS;Abertura de claros;13/04/18
RYR3489;VLC;ACE;BOEING 737-800 WINGLETS;Nubosidad variable;13/04/18
RYR2015;MAD;ACE;BOEING 737-800 WINGLETS;Abertura de claros;13/04/18
IBB500;LPA;ACE;BOMBARDIER CRJ-1000;Cubierto de nubes altas y medias;14/04/18
IBB452;TFN;ACE;ATR-42/72;Nubosidad variable;14/04/18
CNF703;LPA;ACE;ATR-72;Cubierto de nubes altas y medias;14/04/18
VLG3160;SVQ;ACE;AIRBUS A320;Abertura de claros;14/04/18
VLG3280;BIO;ACE;AIRBUS A320;Chubascos dispersos;14/04/18
IBB506;LPA;ACE;ATR-72;Cubierto de nubes altas y medias;14/04/18
AEA9073;MAD;ACE;BOEING 737-800 WINGLETS;Abertura de claros;14/04/18
VLG2256;BCN;SVQ;32A;Lluvia débil;13/04/18
RYR2958;BCN;SVQ;BOEING 737-800 WINGLETS;Lluvia débil;13/04/18
VLG3047;LPA;SVQ;AIRBUS A320;Cubierto de nubes altas y medias;13/04/18
RYR6398;BCN;SVQ;BOEING 737-800 WINGLETS;Lluvia débil;13/04/18
VLG2220;BCN;SVQ;AIRBUS A320;Lluvia débil;13/04/18
ANE2034;GRO;SVQ;BOMBARDIER CRJ-1000;Lluvia;14/04/18
VLG2506;BIO;SVQ;AIRBUS A320;Chubascos dispersos;13/04/18
IBE8840;VLC;SVQ;ATR-72;Nubosidad variable;14/04/18
IBS3954;MAD;SVQ;AIRBUS A320;Abertura de claros;14/04/18
VLG2212;BCN;SVQ;32A;Lluvia débil;14/04/18
VLG2216;BCN;SVQ;32B;Lluvia débil;14/04/18
RYR6396;BCN;SVQ;BOEING 737-800 WINGLETS;Lluvia débil;14/04/18
VLG3940;SVQ;PMI;AIRBUS A320;Abertura de claros;13/04/18
VLG3165;FUE;SVQ;AIRBUS A320;Cubierto de nubes altas y medias;14/04/18
RYR7201;LPA;VLC;BOEING 737-800 WINGLETS;Cubierto de nubes altas y medias;13/04/18
VLG3952;PMI;VLC;AIRBUS A320;Lluvia moderada;13/04/18
IBE8996;MAD;VLC;ATR-72;Abertura de claros;13/04/18
RYR7210;IBZ;VLC;BOEING 737-800 WINGLETS;Chubascos dispersos;13/04/18
RYR7215;PMI;VLC;BOEING 737-800 WINGLETS;Lluvia moderada;13/04/18
IBE8455;AGP;VLC;CANADAIR CRJ-900;Nubosidad variable;13/04/18
IBE8988;MAD;VLC;BOMBARDIER CRJ-1000;Abertura de claros;13/04/18
AEA4063;MAD;VLC;ATR-72;Abertura de claros;14/04/18
AEA4005;PMI;VLC;EMBRAER ERJ-195;Lluvia moderada;14/04/18
IBE8986;MAD;VLC;BOMBARDIER CRJ-1000;Abertura de claros;14/04/18
IBB125;LPA;TFS;ATR-72;Cubierto de nubes altas y medias;13/04/18
VLG3220;BCN;TFS;AIRBUS A320;Lluvia débil;14/04/18
IBB123;LPA;TFS;ATR-72;Cubierto de nubes altas y medias;14/04/18
VLG2655;AGP;SCQ;AIRBUS A320;Nubosidad variable;13/04/18
RYR6381;BCN;SCQ;BOEING 737-800 WINGLETS;Lluvia débil;13/04/18
RYR5317;MAD;SCQ;BOEING 737-800 WINGLETS;Abertura de claros;13/04/18
IBS3894;MAD;SCQ;32A;Abertura de claros;13/04/18
RYR6332;BCN;SCQ;BOEING 737-800 WINGLETS;Lluvia débil;14/04/18
IBS3876;MAD;SCQ;AIRBUS A320;Abertura de claros;14/04/18
VLG1670;BCN;SCQ;32A;Lluvia débil;14/04/18
IBS9508;PMI;SCQ;AIRBUS A320;Lluvia moderada;14/04/18
RYR5315;MAD;SCQ;BOEING 737-800 WINGLETS;Abertura de claros;14/04/18
IBE8366;PMI;SCQ;CANADAIR CRJ-900;Despejado;17/04/18
AEA7136;LPA;SCQ;BOEING 737-800 WINGLETS;Cubierto de nubes altas y medias;14/04/18
IBE8678;IBZ;SCQ;BOMBARDIER CRJ-1000;Chubascos dispersos;14/04/18
VLG1641;FUE;SCQ;AIRBUS A320;Cubierto de nubes altas y medias;14/04/18
IBS3874;MAD;SCQ;AIRBUS A320;Abertura de claros;14/04/18
IBB605;TFN;SPC;ATR-42/72;Nubosidad variable;14/04/18
IBB309;LPA;SPC;ATR-72;Cubierto de nubes altas y medias;14/04/18
CNF412;TFN;SPC;ATR-72;Nubosidad variable;14/04/18
IBB607;TFN;SPC;ATR-42/72;Nubosidad variable;14/04/18
AEA9461;TFN;SPC;ATR-72;Nubosidad variable;14/04/18
IBB611;TFN;SPC;ATR-42/72;Nubosidad variable;14/04/18
CNF418;TFN;SPC;ATR-72;Nubosidad variable;14/04/18
IBB609;TFN;SPC;ATR-42/72;Nubosidad variable;14/04/18
AEA9463;TFN;SPC;ATR-72;Nubosidad variable;14/04/18
IBB619;TFN;SPC;ATR-72;Nubosidad variable;14/04/18
IBB621;TFN;SPC;ATR-42/72;Nubosidad variable;14/04/18
IBS3842;MAD;SPC;AIRBUS A320;Abertura de claros;14/04/18
CNF452;TFN;SPC;ATR-72;Nubosidad variable;14/04/18
IBB631;TFN;SPC;ATR-42/72;Nubosidad variable;14/04/18
IBE2228;TFN;SPC;ATR-42/72;Despejado;17/04/18
VLG3248;BCN;SPC;AIRBUS A320;Lluvia débil;14/04/18
AEA9465;TFN;SPC;ATR-72;Nubosidad variable;14/04/18
IBB234;LPA;FUE;BOMBARDIER CRJ-1000;Cubierto de nubes altas y medias;13/04/18
IBB424;TFN;FUE;ATR-42/72;Nubosidad variable;13/04/18
CNF883;LPA;FUE;ATR-72;Cubierto de nubes altas y medias;13/04/18
IBB230;LPA;FUE;ATR-72;Cubierto de nubes altas y medias;13/04/18
AEA9431;LPA;FUE;ATR-72;Cubierto de nubes altas y medias;14/04/18
IBB200;LPA;FUE;ATR-72;Cubierto de nubes altas y medias;14/04/18
VLG1640;SCQ;FUE;AIRBUS A320;Nubosidad variable;14/04/18
VLG3164;SVQ;FUE;AIRBUS A320;Abertura de claros;14/04/18
IBB414;TFN;FUE;ATR-42/72;Nubosidad variable;14/04/18
CNF803;LPA;FUE;ATR-72;Cubierto de nubes altas y medias;14/04/18
IBB236;LPA;FUE;ATR-72;Cubierto de nubes altas y medias;14/04/18
IBB208;LPA;FUE;ATR-72;Cubierto de nubes altas y medias;14/04/18
VLG3546;BCN;IBZ;32A;Lluvia débil;13/04/18
VLG3417;MAD;IBZ;AIRBUS A320;Abertura de claros;13/04/18
RYR8141;BCN;IBZ;BOEING 737-800 WINGLETS;Lluvia débil;13/04/18
VLG3522;BCN;IBZ;32A;Lluvia débil;13/04/18
VLG3530;BCN;IBZ;AIRBUS A320;Lluvia débil;13/04/18
RYR8136;BCN;IBZ;BOEING 737-800 WINGLETS;Lluvia débil;14/04/18
VLG3540;BCN;IBZ;32A;Lluvia débil;14/04/18
RYR5354;MAD;IBZ;BOEING 737-800 WINGLETS;Abertura de claros;14/04/18
VLG3447;MAD;IBZ;AIRBUS A320;Abertura de claros;14/04/18
RYR2036;VIT;SVQ;BOEING 737-800 WINGLETS;Abertura de claros;14/04/18
IBE8661;VIT;MAH;BOMBARDIER CRJ-1000;Abertura de claros;14/04/18
IBE8221;RJL;MAD;CANADAIR CRJ-200;Nubes altas;14/04/18
RYR6321;VLL;BCN;BOEING 737-800 WINGLETS;Nubes altas;14/04/18
IBB650;GMZ;TFN;ATR-72;Despejado;14/04/18
IBB652;GMZ;TFN;ATR-72;Despejado;14/04/18
RYR6320;BCN;VLL;BOEING 737-800 WINGLETS;Abertura de claros;14/04/18
IBE8529;PNA;MAD;BOMBARDIER CRJ-1000;Nubes altas;14/04/18
IBE8525;PNA;MAD;CANADAIR CRJ-200;Nubes altas;14/04/18
RYR2035;SVQ;VIT;BOEING 737-800 WINGLETS;Nubes altas;14/04/18
IBE8660;MAH;VIT;BOMBARDIER CRJ-1000;Lluvia moderada;14/04/18
IBB651;TFN;GMZ;ATR-42/72;Despejado;14/04/18
IBB653;TFN;GMZ;ATR-42/72;Despejado;14/04/18
IBE2244;TFN;GMZ;ATR-72;Despejado;17/04/18
RYR2212;REU;EIN;BOEING 737-800 WINGLETS;Cubierto de nubes altas y medias;14/04/18
RYR1115;REU;DUB;BOEING 737-800 WINGLETS;Cubierto de nubes altas y medias;14/04/18
RYR1865;REU;SNN;BOEING 737-800 WINGLETS;Cubierto de nubes altas y medias;14/04/18
RYR3843;REU;STN;BOEING 737-800 WINGLETS;Cubierto de nubes altas y medias;14/04/18
EZY2208;REU;LTN;AIRBUS A319;Cubierto de nubes altas y medias;14/04/18
RYR2829;REU;CRL;BOEING 737-800 WINGLETS;Cubierto de nubes altas y medias;14/04/18
IBE8524;MAD;PNA;CANADAIR CRJ-200;Nubes altas;14/04/18
IBE8526;MAD;PNA;BOMBARDIER CRJ-1000;Nubes altas;14/04/18
IBE8317;EAS;MAD;ATR-72;Nubes altas;14/04/18
VLG2487;EAS;BCN;AIRBUS A319;Nubes altas;14/04/18
IBE8327;EAS;MAD;ATR-72;Nubes altas;14/04/18
IBE8319;EAS;MAD;ATR-72;Nubes altas;14/04/18
IBE8329;EAS;MAD;ATR-72;Nubes altas;14/04/18
VLG2489;EAS;BCN;AIRBUS A319;Nubes altas;14/04/18
RYR7235;ZAZ;BVA;BOEING 737-800 WINGLETS;Nubes altas;14/04/18
WZZ3192;ZAZ;OTP;AIRBUS A320;Nubes altas;14/04/18
AEA4032;ZAZ;PMI;EMBRAER ERJ-195;Nubes altas;14/04/18
WZZ3418;ZAZ;CLJ;AIRBUS A320;Nubes altas;14/04/18
RYR2635;ZAZ;STN;BOEING 737-800 WINGLETS;Nubes altas;14/04/18
IBB656;VDE;TFN;ATR-72;Despejado;14/04/18
IBB660;VDE;TFN;ATR-42/72;Despejado;14/04/18
IBB664;VDE;TFN;ATR-72;Despejado;14/04/18
IBB366;VDE;LPA;ATR-72;Despejado;14/04/18
CNF248;VDE;TFN;ATR-72;Despejado;14/04/18
IBB674;VDE;TFN;ATR-72;Despejado;14/04/18
IBE8261;MLN;AGP;ATR-72;Despejado;14/04/18
IBE8789;MLN;MAD;ATR-72;Despejado;14/04/18
AEA5002;MLN;AGP;ATR-72;Despejado;14/04/18
IBE8273;MLN;AGP;ATR-72;Despejado;14/04/18
IBE8263;MLN;AGP;ATR-72;Despejado;14/04/18
IBE8269;MLN;AGP;ATR-72;Despejado;14/04/18
IBE8793;MLN;MAD;ATR-72;Despejado;14/04/18
IBE8271;MLN;AGP;ATR-72;Despejado;14/04/18
IBE0537;VGO;MAD;AIRBUS A319;Lluvia débil;14/04/18
AEA7311;VGO;MAD;EMBRAER ERJ-195;Lluvia débil;14/04/18
VLG1703;VGO;BCN;BOEING 737-800 WINGLETS;Lluvia débil;14/04/18
IBE0531;VGO;MAD;AIRBUS A319;Lluvia débil;14/04/18
RYR7142;VGO;EDI;BOEING 737-800 WINGLETS;Lluvia débil;14/04/18
AEA7315;VGO;MAD;EMBRAER ERJ-195;Lluvia débil;14/04/18
IBE0533;VGO;MAD;AIRBUS A319;Lluvia débil;14/04/18
EVE1124;VGO;ALC;AIRBUS A320;Lluvia débil;14/04/18
TAP1141;VGO;LIS;ATR-72;Lluvia débil;14/04/18
AEA7317;VGO;MAD;EMBRAER ERJ-195;Lluvia débil;14/04/18
IBE0407;XRY;MAD;AIRBUS A320;Nubes altas;14/04/18
LGL688;XRY;LUX;BOEING 737-700 WINGLETS;Nubes altas;14/04/18
DE1723;XRY;MUC;AIRBUS A320;Nubes altas;14/04/18
DE1565;XRY;HAM;AIRBUS A320;Nubes altas;14/04/18
IBE0411;XRY;MAD;32A;Nubes altas;14/04/18
VLG2615;XRY;BIO;32A;Nubes altas;14/04/18
VLG2287;XRY;BCN;BOEING 737-800 WINGLETS;Nubes altas;14/04/18
IBE0405;XRY;MAD;AIRBUS A320;Nubes altas;14/04/18
RYR1284;XRY;BCN;BOEING 737-800 WINGLETS;Nubes altas;14/04/18
IBE8861;SDR;MAD;BOMBARDIER CRJ-1000;Nubes altas;14/04/18
RYR6385;SDR;BCN;BOEING 737-800 WINGLETS;Nubes altas;14/04/18
IBE0555;SDR;MAD;AIRBUS A319;Nubes altas;14/04/18
RYR4793;SDR;BGY;BOEING 737-800 WINGLETS;Nubes altas;14/04/18
RYR2594;SDR;AGP;BOEING 737-800 WINGLETS;Nubes altas;14/04/18
RYR2215;SDR;VLC;BOEING 737-800 WINGLETS;Nubes altas;14/04/18
IBE0557;SDR;MAD;AIRBUS A319;Nubes altas;14/04/18
RYR1573;SDR;SXF;BOEING 737-800 WINGLETS;Nubes altas;14/04/18
AEA7232;LCG;MAD;EMBRAER ERJ-195;Chubascos dispersos;14/04/18
IBE0511;LCG;MAD;AIRBUS A319;Chubascos dispersos;14/04/18
VLG1293;LCG;BCN;32A;Chubascos dispersos;14/04/18
TAP1085;LCG;LIS;ATR-72;Chubascos dispersos;14/04/18
VLG3971;LCG;PMI;32A;Chubascos dispersos;14/04/18
AEA7234;LCG;MAD;EMBRAER ERJ-195;Chubascos dispersos;14/04/18
IBE0513;LCG;MAD;AIRBUS A320;Chubascos dispersos;14/04/18
AEA7236;LCG;MAD;EMBRAER ERJ-195;Chubascos dispersos;14/04/18
IBE8639;GRX;MAD;CANADAIR CRJ-900;Cubierto de nubes altas y medias;14/04/18
VLG2011;GRX;BCN;32B;Cubierto de nubes altas y medias;14/04/18
IBE8641;GRX;MAD;BOMBARDIER CRJ-1000;Cubierto de nubes altas y medias;14/04/18
VLG2021;GRX;BCN;AIRBUS A320;Cubierto de nubes altas y medias;14/04/18
AEA5200;GRX;PMI;EMBRAER ERJ-195;Cubierto de nubes altas y medias;14/04/18
IBE8645;GRX;MAD;BOMBARDIER CRJ-1000;Cubierto de nubes altas y medias;14/04/18
IBE8649;GRX;MAD;CANADAIR CRJ-900;Cubierto de nubes altas y medias;14/04/18
VLG2015;GRX;BCN;AIRBUS A320;Cubierto de nubes altas y medias;14/04/18
VLG8727;GRX;CDG;AIRBUS A320;Cubierto de nubes altas y medias;14/04/18
EZY8172;GRX;LGW;AIRBUS A319;Cubierto de nubes altas y medias;14/04/18
VLG2017;GRX;BCN;AIRBUS A321;Cubierto de nubes altas y medias;14/04/18
VLG1572;OVD;BCN;AIRBUS A320;Nubes altas;14/04/18
VOE3590;OVD;PMI;BOEING 717;Nubes altas;14/04/18
VLG1574;OVD;BCN;AIRBUS A320;Nubes altas;14/04/18
IBE0479;OVD;MAD;AIRBUS A320;Nubes altas;14/04/18
IBE0475;OVD;MAD;AIRBUS A320;Nubes altas;14/04/18
VLG3139;OVD;ACE;AIRBUS A320;Nubes altas;14/04/18
IBS3613;OVD;TFN;AIRBUS A320;Nubes altas;14/04/18
IBS3610;OVD;LHR;AIRBUS A320;Nubes altas;14/04/18
TAP1113;OVD;LIS;ATR-72;Nubes altas;14/04/18
AEA4033;PMI;ZAZ;EMBRAER ERJ-195;Lluvia;14/04/18
JAF6902;MJV;ANR;EMBRAER 190;Abertura de claros;14/04/18
RYR2155;MJV;BHX;BOEING 737-800 WINGLETS;Abertura de claros;14/04/18
EZY8550;MJV;LGW;AIRBUS A319;Abertura de claros;14/04/18
EZY6014;MJV;BRS;AIRBUS A319;Abertura de claros;14/04/18
RYR1925;MJV;EMA;BOEING 737-800 WINGLETS;Abertura de claros;14/04/18
RYR4117;MJV;MAN;BOEING 737-800 WINGLETS;Abertura de claros;14/04/18
NAX1703;MJV;OSL;BOEING 737-800 WINGLETS;Abertura de claros;14/04/18
RYR3453;MJV;LTN;BOEING 737-800 WINGLETS;Abertura de claros;14/04/18
EZY7426;MJV;SEN;AIRBUS A319;Abertura de claros;14/04/18
BAW449;MJV;LHR;32A;Abertura de claros;14/04/18
RYR8027;MJV;STN;BOEING 737-800 WINGLETS;Abertura de claros;14/04/18
EZY8554;MJV;LGW;AIRBUS A320;Abertura de claros;14/04/18
RYR7095;MJV;DUB;BOEING 737-800 WINGLETS;Abertura de claros;14/04/18
VLG2486;BCN;EAS;AIRBUS A319;Abertura de claros;14/04/18
IBE8314;MAD;EAS;ATR-72;Nubes altas;14/04/18
IBE8316;MAD;EAS;ATR-72;Nubes altas;14/04/18
IBE8322;MAD;EAS;ATR-72;Nubes altas;14/04/18
VLG2488;BCN;EAS;AIRBUS A319;Abertura de claros;14/04/18
IBE8324;MAD;EAS;ATR-72;Nubes altas;14/04/18
IBE8603;LEI;MAD;BOMBARDIER CRJ-1000;Despejado;14/04/18
LGL694;LEI;LUX;BOEING 737-800 WINGLETS;Despejado;14/04/18
JAF6944;LEI;BRU;EMBRAER 190;Despejado;14/04/18
EZY8164;LEI;LGW;AIRBUS A320;Despejado;14/04/18
VLG1252;LEI;BCN;32A;Despejado;14/04/18
IBE8577;LEI;MAD;CANADAIR CRJ-200;Despejado;14/04/18
IBE8601;LEI;MAD;BOMBARDIER CRJ-1000;Despejado;14/04/18
BAW421;LEI;LHR;AIRBUS A319;Despejado;14/04/18
TRA5644;LEI;RTM;BOEING 737-700 WINGLETS;Despejado;14/04/18
RYR7319;LEI;DUB;BOEING 737-800 WINGLETS;Despejado;14/04/18
BEL3716;BIO;BRU;AIRBUS A319;Nubes altas;14/04/18
IBE0443;BIO;MAD;32A;Nubes altas;14/04/18
VOE3516;BIO;MLA;BOEING 717;Nubes altas;14/04/18
KLM1684;BIO;AMS;EMBRAER 190;Nubes altas;14/04/18
DLH1147;BIO;FRA;32A;Nubes altas;14/04/18
VLG3280;BIO;ACE;AIRBUS A320;Nubes altas;14/04/18
VLG2506;BIO;SVQ;AIRBUS A320;Nubes altas;13/04/18
AFR1377;BIO;CDG;EMBRAER 190;Nubes altas;14/04/18
TAP1065;BIO;LIS;ATR-42/72;Nubes altas;14/04/18
VLG3260;BIO;TFN;32A;Nubes altas;14/04/18
DLH1829;BIO;MUC;AIRBUS A320;Nubes altas;14/04/18
VLG1439;BIO;BCN;32A;Nubes altas;14/04/18
AEA7505;BIO;PMI;EMBRAER ERJ-195;Nubes altas;14/04/18
TAP1009;MAD;OPO;EMBRAER 190;Nubes altas;13/04/18
TAM8065;MAD;GRU;BOEING 777-300ER;Nubes altas;13/04/18
IBE8988;MAD;VLC;BOMBARDIER CRJ-1000;Nubes altas;13/04/18
AFL2605;MAD;SVO;32B;Nubes altas;13/04/18
AEA023;MAD;COR;AIRBUS A330-200;Nubes altas;13/04/18
IBE6409;MAD;MEX;AIRBUS A340-600;Nubes altas;13/04/18
IBE6827;MAD;GRU;AIRBUS A330-300;Nubes altas;13/04/18
AEA057;MAD;GRU;BOEING 787-8;Nubes altas;13/04/18
AEA041;MAD;EZE;BOEING 787-9;Nubes altas;13/04/18
AEA045;MAD;MVD;AIRBUS A330-200;Nubes altas;13/04/18
AEA175;MAD;LIM;BOEING 787-8;Nubes altas;13/04/18
IBE6843;MAD;EZE;AIRBUS A340-600;Nubes altas;14/04/18
IBE6833;MAD;SCL;AIRBUS A340-600;Nubes altas;14/04/18
IBB655;TFN;VDE;ATR-42/72;Despejado;14/04/18
IBB659;TFN;VDE;ATR-42/72;Despejado;14/04/18
IBB663;TFN;VDE;ATR-42/72;Despejado;14/04/18
IBB365;LPA;VDE;ATR-72;Nubes altas;14/04/18
CNF247;TFN;VDE;ATR-42/72;Despejado;14/04/18
IBB673;TFN;VDE;ATR-42/72;Despejado;14/04/18
VLG2257;SVQ;BCN;32A;Nubes altas;13/04/18
RYR2959;SVQ;BCN;BOEING 737-800 WINGLETS;Nubes altas;13/04/18
RYR6397;SVQ;BCN;BOEING 737-800 WINGLETS;Nubes altas;14/04/18
VLG3164;SVQ;FUE;AIRBUS A320;Nubes altas;14/04/18
RYR5201;SVQ;SXF;BOEING 737-800 WINGLETS;Nubes altas;14/04/18
VLG3941;SVQ;PMI;AIRBUS A320;Nubes altas;13/04/18
TAP1101;SVQ;LIS;ATR-42/72;Nubes altas;14/04/18
VLG3160;SVQ;ACE;AIRBUS A320;Nubes altas;14/04/18
RYR4471;SVQ;CPH;BOEING 737-800 WINGLETS;Nubes altas;14/04/18
IBE8841;SVQ;VLC;ATR-72;Nubes altas;14/04/18
VLG2505;SVQ;BIO;AIRBUS A320;Nubes altas;13/04/18
IBS3947;SVQ;MAD;AIRBUS A320;Nubes altas;14/04/18
TVF3101;SVQ;ORY;BOEING 737-800 WINGLETS;Nubes altas;14/04/18
VLG2211;SVQ;BCN;32A;Nubes altas;14/04/18
VLG2251;SVQ;BCN;32B;Nubes altas;14/04/18
IBS3835;LPA;MAD;AIRBUS A321;Nubes altas;14/04/18
RYR4504;LPA;KRK;BOEING 737-800 WINGLETS;Nubes altas;14/04/18
RYR2565;LPA;HAM;BOEING 737-800 WINGLETS;Nubes altas;14/04/18
RYR3163;LPA;EMA;BOEING 737-800 WINGLETS;Nubes altas;14/04/18
VLG3186;LPA;NTE;AIRBUS A320;Nubes altas;14/04/18
AEA9403;LPA;TFN;ATR-72;Nubes altas;14/04/18
AEA9431;LPA;FUE;ATR-72;Nubes altas;14/04/18
AEA9018;LPA;MAD;BOEING 737-800 WINGLETS;Nubes altas;14/04/18
VLG3001;LPA;BCN;AIRBUS A321;Nubes altas;14/04/18
IBB500;LPA;ACE;BOMBARDIER CRJ-1000;Nubes altas;14/04/18
RYR3802;LPA;LPL;BOEING 737-800 WINGLETS;Nubes altas;14/04/18
IBB200;LPA;FUE;ATR-72;Nubes altas;14/04/18
DK1507;LPA;SVG;32B;Nubes altas;14/04/18
IBB309;LPA;SPC;ATR-72;Nubes altas;14/04/18
IBK5800;LPA;BCN;BOEING 737-800 WINGLETS;Nubes altas;14/04/18
ANE2034;GRO;SVQ;BOMBARDIER CRJ-1000;Nubosidad variable;14/04/18
RYR9123;GRO;EIN;BOEING 737-800 WINGLETS;Nubosidad variable;14/04/18
RYR3213;GRO;MAN;BOEING 737-800 WINGLETS;Nubosidad variable;14/04/18
RYR2344;GRO;NCL;BOEING 737-800 WINGLETS;Nubosidad variable;14/04/18
RYR9803;GRO;STN;BOEING 737-800 WINGLETS;Nubosidad variable;14/04/18
RYR4125;GRO;HHN;BOEING 737-800 WINGLETS;Nubosidad variable;14/04/18
RYR9241;GRO;PSA;BOEING 737-800 WINGLETS;Nubosidad variable;14/04/18
RYR9107;GRO;BVA;BOEING 737-800 WINGLETS;Nubosidad variable;14/04/18
RYR6901;GRO;CRL;BOEING 737-800 WINGLETS;Nubosidad variable;14/04/18
RYR9012;GRO;MLA;BOEING 737-800 WINGLETS;Nubosidad variable;14/04/18
RYR6911;GRO;MST;BOEING 737-800 WINGLETS;Nubosidad variable;14/04/18
RYR9375;GRO;TLL;BOEING 737-800 WINGLETS;Nubosidad variable;14/04/18
RYR9002;GRO;BLL;BOEING 737-800 WINGLETS;Nubosidad variable;14/04/18
RYR9307;GRO;PIK;BOEING 737-800 WINGLETS;Nubosidad variable;14/04/18
RYR6393;GRO;NRN;BOEING 737-800 WINGLETS;Nubosidad variable;14/04/18
RYR3653;GRO;BRE;BOEING 737-800 WINGLETS;Nubosidad variable;14/04/18
RYR9911;GRO;BOH;BOEING 737-800 WINGLETS;Nubosidad variable;14/04/18
VLG1640;SCQ;FUE;AIRBUS A320;Chubascos dispersos;14/04/18
IBS3895;SCQ;MAD;32A;Chubascos dispersos;14/04/18
RYR5316;SCQ;MAD;BOEING 737-800 WINGLETS;Chubascos dispersos;14/04/18
RYR6333;SCQ;BCN;BOEING 737-800 WINGLETS;Chubascos dispersos;14/04/18
IBS3877;SCQ;MAD;AIRBUS A320;Chubascos dispersos;14/04/18
VLG1671;SCQ;BCN;32A;Chubascos dispersos;14/04/18
EZY8590;SCQ;LGW;AIRBUS A319;Chubascos dispersos;14/04/18
IBE8204;SCQ;TFN;CANADAIR CRJ-900;Chubascos dispersos;14/04/18
IBS9517;SCQ;PMI;AIRBUS A320;Chubascos dispersos;14/04/18
RYR724;SCQ;PMI;BOEING 737-800 WINGLETS;Chubascos dispersos;14/04/18
AEA7116;SCQ;ACE;BOEING 737-800 WINGLETS;Chubascos dispersos;14/04/18
IBE8679;SCQ;IBZ;BOMBARDIER CRJ-1000;Chubascos dispersos;14/04/18
VLG7515;SCQ;ZRH;AIRBUS A320;Chubascos dispersos;14/04/18
EZY2682;SCQ;MXP;AIRBUS A319;Chubascos dispersos;14/04/18
IBS3875;SCQ;MAD;AIRBUS A320;Chubascos dispersos;14/04/18
SWR2553;SCQ;ZRH;AIRBUS A320;Chubascos dispersos;14/04/18
RYR2574;SCQ;AGP;BOEING 737-800 WINGLETS;Chubascos dispersos;14/04/18
VLG3519;IBZ;BCN;32B;Llovizna;13/04/18
VLG3547;IBZ;BCN;32A;Llovizna;13/04/18
RYR8140;IBZ;BCN;BOEING 737-800 WINGLETS;Llovizna;13/04/18
EWG547;IBZ;CGN;AIRBUS A320;Llovizna;13/04/18
VLG3523;IBZ;BCN;32A;Llovizna;13/04/18
VLG3531;IBZ;BCN;AIRBUS A320;Llovizna;13/04/18
RYR6457;IBZ;CRL;BOEING 737-800 WINGLETS;Llovizna;14/04/18
IBE8101;IBZ;PMI;BOMBARDIER CRJ-1000;Llovizna;14/04/18
AEA1701;IBZ;PMI;ATR-72;Llovizna;14/04/18
EWG5861;IBZ;VIE;32A;Llovizna;14/04/18
RYR8137;IBZ;BCN;BOEING 737-800 WINGLETS;Llovizna;14/04/18
VLG3541;IBZ;BCN;32A;Llovizna;14/04/18
RYR5355;IBZ;MAD;BOEING 737-800 WINGLETS;Llovizna;14/04/18
EWG545;IBZ;CGN;BOEING 737-800 WINGLETS;Llovizna;14/04/18
VLG3434;IBZ;MAD;AIRBUS A320;Llovizna;14/04/18
EZY2692;IBZ;MXP;32A;Llovizna;14/04/18
RYR8333;IBZ;BGY;BOEING 737-800 WINGLETS;Llovizna;14/04/18
VLG3718;BCN;MAH;32B;Abertura de claros;13/04/18
RYR6398;BCN;SVQ;BOEING 737-800 WINGLETS;Abertura de claros;13/04/18
EZY2768;BCN;MXP;32A;Abertura de claros;13/04/18
VLG1571;BCN;OVD;AIRBUS A320;Abertura de claros;13/04/18
WZZ4406;BCN;SOF;32B;Abertura de claros;13/04/18
EZY6030;BCN;BRS;AIRBUS A319;Abertura de claros;13/04/18
MAC374;BCN;CMN;AIRBUS A320;Abertura de claros;13/04/18
VLG6102;BCN;FCO;AIRBUS A320;Abertura de claros;13/04/18
RYR4587;BCN;OPO;BOEING 737-800 WINGLETS;Abertura de claros;13/04/18
QTR142;BCN;DOH;BOEING 787-8;Abertura de claros;13/04/18
VLG2220;BCN;SVQ;AIRBUS A320;Abertura de claros;13/04/18
RYR6368;BCN;PMI;BOEING 737-800 WINGLETS;Abertura de claros;13/04/18
TAP1047;BCN;LIS;AIRBUS A320;Abertura de claros;13/04/18
UAE0188;BCN;DXB;AIRBUS A380-800;Abertura de claros;13/04/18
VLG3914;BCN;PMI;AIRBUS A320;Abertura de claros;13/04/18
RYR7202;VLC;LPA;BOEING 737-800 WINGLETS;Abertura de claros;13/04/18
VLG3953;VLC;PMI;AIRBUS A320;Abertura de claros;13/04/18
ROT432;VLC;OTP;BOEING 737-700 WINGLETS;Abertura de claros;14/04/18
IBE8999;VLC;MAD;BOMBARDIER CRJ-1000;Abertura de claros;14/04/18
AAL8566;VLC;MAD;BOMBARDIER CRJ-1000;Abertura de claros;14/04/18
AEA1005;VLC;CDG;BOEING 737-800 WINGLETS;Abertura de claros;14/04/18
TAP1095;VLC;LIS;ATR-42/72;Abertura de claros;14/04/18
RYR4632;VLC;BGY;BOEING 737-800 WINGLETS;Abertura de claros;14/04/18
RYR2256;VLC;CGN;BOEING 737-800 WINGLETS;Abertura de claros;14/04/18
DLH1165;VLC;FRA;AIRBUS A321;Abertura de claros;14/04/18
IBE8636;VLC;PMI;CANADAIR CRJ-900;Abertura de claros;14/04/18
RYR9678;VLC;CIA;BOEING 737-800 WINGLETS;Abertura de claros;14/04/18
IBE8840;VLC;SVQ;ATR-72;Abertura de claros;14/04/18
VLG3215;TFN;BCN;32B;Despejado;14/04/18
IBS3945;TFN;MAD;AIRBUS A320;Despejado;14/04/18
IBB452;TFN;ACE;ATR-42/72;Despejado;14/04/18
IBB414;TFN;FUE;ATR-42/72;Despejado;14/04/18
IBK6378;TFN;MAD;BOEING 737-800 WINGLETS;Despejado;14/04/18
AEA9045;TFN;MAD;BOEING 737-800 WINGLETS;Despejado;14/04/18
IBB605;TFN;SPC;ATR-42/72;Despejado;14/04/18
CNF412;TFN;SPC;ATR-72;Despejado;14/04/18
IBB655;TFN;VDE;ATR-42/72;Despejado;14/04/18
AEA9404;TFN;LPA;ATR-72;Despejado;14/04/18
CNF612;TFN;LPA;ATR-42/72;Despejado;14/04/18
IBB102;TFN;LPA;BOMBARDIER CRJ-1000;Despejado;14/04/18
IBB607;TFN;SPC;ATR-42/72;Despejado;14/04/18
AEA9461;TFN;SPC;ATR-72;Despejado;14/04/18
IBB108;TFN;LPA;BOMBARDIER CRJ-1000;Despejado;14/04/18
IBB611;TFN;SPC;ATR-42/72;Despejado;14/04/18
EZY6420;ALC;NCL;AIRBUS A319;Nubes altas;13/04/18
EIN575;ALC;DUB;AIRBUS A320;Nubes altas;13/04/18
EZY7122;ALC;LPL;32A;Nubes altas;13/04/18
EZY6076;ALC;BRS;32A;Nubes altas;13/04/18
EZY2228;ALC;LTN;AIRBUS A319;Nubes altas;13/04/18
EZY8672;ALC;LGW;AIRBUS A319;Nubes altas;13/04/18
FIN1726;ALC;HEL;AIRBUS A319;Nubes altas;14/04/18
ANE8397;ALC;MAD;BOMBARDIER CRJ-1000;Nubes altas;14/04/18
FIN5584;ALC;MAD;BOMBARDIER CRJ-1000;Nubes altas;14/04/18
VLG7396;ALC;ALG;32A;Nubes altas;14/04/18
IBK5350;ALC;ARN;BOEING 737-800 WINGLETS;Nubes altas;14/04/18
RYR2408;ALC;FMM;BOEING 737-800 WINGLETS;Nubes altas;14/04/18
VLG8253;ALC;ORY;AIRBUS A320;Nubes altas;14/04/18
RYR7522;ALC;EIN;BOEING 737-800 WINGLETS;Nubes altas;14/04/18
VLG1311;ALC;BCN;32A;Nubes altas;14/04/18
VLG3934;ALC;PMI;32A;Nubes altas;14/04/18
IBK5376;ALC;BLL;BOEING 737-800 WINGLETS;Nubes altas;14/04/18
RYR5598;ALC;HAU;BOEING 737-800 WINGLETS;Nubes altas;14/04/18
IBK5358;ALC;GOT;BOEING 737-800 WINGLETS;Nubes altas;14/04/18
VLG3719;MAH;BCN;32B;Lluvia moderada;13/04/18
IBE8481;MAH;PMI;CANADAIR CRJ-900;Lluvia moderada;14/04/18
IBE8951;MAH;MAD;BOMBARDIER CRJ-1000;Lluvia moderada;14/04/18
AAL8615;MAH;MAD;BOMBARDIER CRJ-1000;Lluvia moderada;14/04/18
IBE8495;MAH;PMI;ATR-42/72;Lluvia moderada;14/04/18
VLG3713;MAH;BCN;AIRBUS A320;Lluvia moderada;14/04/18
IBE8483;MAH;PMI;BOMBARDIER CRJ-1000;Lluvia moderada;14/04/18
VLG3715;MAH;BCN;32A;Lluvia moderada;14/04/18
IBE8660;MAH;VIT;BOMBARDIER CRJ-1000;Lluvia moderada;14/04/18
VLG1341;MAH;ALC;32A;Lluvia moderada;14/04/18
AEA4532;MAH;PMI;ATR-72;Lluvia moderada;14/04/18
VLG2433;MAH;SVQ;AIRBUS A320;Lluvia moderada;14/04/18
IBE8499;MAH;PMI;ATR-42/72;Lluvia moderada;14/04/18
EZY8304;MAH;LGW;AIRBUS A319;Lluvia moderada;14/04/18
AEA4530;MAH;PMI;ATR-72;Lluvia moderada;14/04/18
IBE8493;MAH;PMI;BOMBARDIER CRJ-1000;Lluvia moderada;14/04/18
RYR6882;MAH;BCN;BOEING 737-800 WINGLETS;Lluvia moderada;14/04/18
IBE0410;MAD;XRY;32A;Nubes altas;14/04/18
VLG2614;BIO;XRY;32A;Nubes altas;14/04/18
VLG2286;BCN;XRY;BOEING 737-800 WINGLETS;Abertura de claros;14/04/18
IBE0404;MAD;XRY;AIRBUS A319;Nubes altas;14/04/18
RYR1283;BCN;XRY;BOEING 737-800 WINGLETS;Abertura de claros;14/04/18
IBE0406;MAD;XRY;AIRBUS A319;Nubes altas;14/04/18
AFL2529;AGP;SVO;BOEING 737-800 WINGLETS;Despejado;13/04/18
BAW2721;AGP;LGW;AIRBUS A320;Despejado;13/04/18
EZY2410;AGP;LTN;32A;Despejado;13/04/18
EZY6058;AGP;BRS;AIRBUS A319;Despejado;13/04/18
EZY8616;AGP;LGW;AIRBUS A319;Despejado;13/04/18
FIN1676;AGP;HEL;32B;Despejado;14/04/18
VLG1876;AGP;CPH;AIRBUS A320;Despejado;14/04/18
SAS6354;AGP;OSL;32A;Despejado;14/04/18
SAS6232;AGP;AAR;32A;Despejado;14/04/18
VLG8366;AGP;AMS;AIRBUS A320;Despejado;14/04/18
IBK5108;AGP;HAM;BOEING 737-800 WINGLETS;Despejado;14/04/18
AEA1039;AGP;CDG;BOEING 737-800 WINGLETS;Despejado;14/04/18
RYR2044;AGP;DTM;BOEING 737-800 WINGLETS;Despejado;14/04/18
IBK5140;AGP;WAW;BOEING 737-800 WINGLETS;Despejado;14/04/18
RYR2588;AGP;KRK;BOEING 737-800 WINGLETS;Despejado;14/04/18
RYR9893;AGP;LPL;BOEING 737-800 WINGLETS;Despejado;14/04/18
VLG2985;AGP;NTE;AIRBUS A320;Despejado;14/04/18
LLX5052;LPA;ACE;AIRBUS A321;Nubes altas;13/04/18
IBB549;ACE;LPA;ATR-42/72;Nubes altas;13/04/18
RYR6154;ACE;PIK;BOEING 737-800 WINGLETS;Nubes altas;14/04/18
RYR2047;ACE;LBA;BOEING 737-800 WINGLETS;Nubes altas;14/04/18
RYR3491;ACE;NCL;BOEING 737-800 WINGLETS;Nubes altas;14/04/18
TVS3439;ACE;BES;BOEING 737-800 WINGLETS;Nubes altas;14/04/18
IBB501;ACE;LPA;ATR-72;Nubes altas;14/04/18
IBB453;ACE;TFN;ATR-42/72;Nubes altas;14/04/18
IBE2277;ACE;TFN;ATR-42/72;Nubes altas;14/04/18
TVS3441;ACE;LIL;BOEING 737-800 WINGLETS;Nubes altas;14/04/18
CNF704;ACE;LPA;ATR-42/72;Nubes altas;14/04/18
VLG3161;ACE;SVQ;AIRBUS A320;Nubes altas;14/04/18
TVS2415;ACE;DOL;BOEING 737-800 WINGLETS;Nubes altas;14/04/18
TVP7307;ACE;WAW;BOEING 737-800 WINGLETS;Nubes altas;14/04/18
VLG3281;ACE;BIO;AIRBUS A320;Nubes altas;14/04/18
IBB505;ACE;LPA;ATR-42/72;Nubes altas;14/04/18
IBB507;ACE;LPA;ATR-42/72;Nubes altas;14/04/18
AEA9076;ACE;MAD;BOEING 737-800 WINGLETS;Nubes altas;14/04/18
EZS1250;ACE;BSL;AIRBUS A320;Nubes altas;14/04/18
AEA5001;AGP;MLN;ATR-72;Despejado;14/04/18
IBE8262;AGP;MLN;ATR-72;Despejado;14/04/18
IBE8792;MAD;MLN;ATR-72;Nubes altas;14/04/18
IBE8268;AGP;MLN;ATR-72;Despejado;14/04/18
IBE8264;AGP;MLN;ATR-72;Despejado;14/04/18
IBE8270;AGP;MLN;ATR-72;Despejado;14/04/18
IBE8798;MAD;MLN;ATR-72;Nubes altas;14/04/18
IBE8272;AGP;MLN;ATR-72;Despejado;14/04/18
IBE0516;MAD;LCG;AIRBUS A319;Nubes altas;13/04/18
VLG1292;BCN;LCG;32A;Abertura de claros;14/04/18
AEA7233;MAD;LCG;EMBRAER ERJ-195;Nubes altas;14/04/18
IBE0512;MAD;LCG;AIRBUS A320;Nubes altas;14/04/18
AEA7235;MAD;LCG;EMBRAER ERJ-195;Nubes altas;14/04/18
VLG3970;PMI;LCG;32A;Lluvia;14/04/18
AEA7237;MAD;LCG;EMBRAER ERJ-195;Nubes altas;14/04/18
VLG3901;PMI;BCN;32B;Lluvia;13/04/18
EZY6046;PMI;BRS;32A;Lluvia;13/04/18
EZY1910;PMI;MAN;AIRBUS A320;Lluvia;13/04/18
EZY3216;PMI;STN;AIRBUS A319;Lluvia;13/04/18
GMI5729;PMI;FMO;AIRBUS A319;Lluvia;14/04/18
VLG2854;PMI;ORY;AIRBUS A320;Lluvia;14/04/18
EZY1514;PMI;GVA;32A;Lluvia;14/04/18
RYR2052;PMI;MAD;BOEING 737-800 WINGLETS;Lluvia;14/04/18
IBS3917;PMI;MAD;AIRBUS A320;Lluvia;14/04/18
VLG1225;PMI;LYS;AIRBUS A320;Lluvia;14/04/18
IBK6700;PMI;DUS;BOEING 737-800 WINGLETS;Lluvia;14/04/18
RYR6363;PMI;BCN;BOEING 737-800 WINGLETS;Lluvia;14/04/18
IBK6650;PMI;ARN;BOEING 737-800 WINGLETS;Lluvia;14/04/18
RYR8235;PMI;BRS;BOEING 737-800 WINGLETS;Lluvia;14/04/18
RYR716;PMI;BVA;BOEING 737-800 WINGLETS;Lluvia;14/04/18
AEA6006;PMI;BCN;BOEING 737-800 WINGLETS;Lluvia;14/04/18
VLG1571;BCN;OVD;AIRBUS A320;Abertura de claros;13/04/18
VLG1573;BCN;OVD;AIRBUS A320;Abertura de claros;14/04/18
IBE0488;MAD;OVD;AIRBUS A320;Nubes altas;14/04/18
VLG1579;BCN;OVD;32A;Abertura de claros;14/04/18
VOE3591;PMI;OVD;BOEING 717;Lluvia;14/04/18
IBS3612;TFN;OVD;AIRBUS A320;Despejado;14/04/18
IBS3980;MAD;OVD;AIRBUS A320;Nubes altas;14/04/18
IBE0480;MAD;OVD;32A;Nubes altas;14/04/18
VLG3138;ACE;OVD;AIRBUS A320;Nubes altas;14/04/18
AEA7308;MAD;VGO;EMBRAER ERJ-195;Nubes altas;14/04/18
VLG1702;BCN;VGO;BOEING 737-800 WINGLETS;Abertura de claros;14/04/18
IBE0530;MAD;VGO;AIRBUS A319;Nubes altas;14/04/18
AEA7302;MAD;VGO;EMBRAER ERJ-195;Nubes altas;14/04/18
IBE0532;MAD;VGO;AIRBUS A319;Nubes altas;14/04/18
EVE1123;ALC;VGO;32A;Nubes altas;14/04/18
AEA7300;MAD;VGO;EMBRAER ERJ-195;Nubes altas;14/04/18
RYR6384;BCN;SDR;BOEING 737-800 WINGLETS;Abertura de claros;14/04/18
IBE0554;MAD;SDR;AIRBUS A319;Nubes altas;14/04/18
RYR2593;AGP;SDR;BOEING 737-800 WINGLETS;Despejado;14/04/18
RYR2214;VLC;SDR;BOEING 737-800 WINGLETS;Abertura de claros;14/04/18
IBE0556;MAD;SDR;AIRBUS A319;Nubes altas;14/04/18
IBB604;SPC;TFN;ATR-42/72;Nubes altas;14/04/18
IBB606;SPC;TFN;ATR-42/72;Nubes altas;14/04/18
IBE2282;SPC;TFN;ATR-42/72;Nubes altas;14/04/18
IBB304;SPC;LPA;ATR-72;Nubes altas;14/04/18
CNF413;SPC;TFN;ATR-72;Nubes altas;14/04/18
IBB608;SPC;TFN;ATR-42/72;Nubes altas;14/04/18
AEA9462;SPC;TFN;ATR-72;Nubes altas;14/04/18
IBB612;SPC;TFN;ATR-72;Nubes altas;14/04/18
CNF419;SPC;TFN;ATR-72;Nubes altas;14/04/18
IBB610;SPC;TFN;ATR-42/72;Nubes altas;14/04/18
EZY8712;SPC;LGW;AIRBUS A320;Nubes altas;14/04/18
AEA9464;SPC;TFN;ATR-72;Nubes altas;14/04/18
IBB620;SPC;TFN;ATR-72;Nubes altas;14/04/18
EWG9545;SPC;DUS;32A;Nubes altas;14/04/18
GMI3953;SPC;HAM;AIRBUS A319;Nubes altas;14/04/18
EWG7529;SPC;HAM;32A;Nubes altas;14/04/18
IBB622;SPC;TFN;ATR-42/72;Nubes altas;14/04/18
IBS3843;SPC;MAD;AIRBUS A320;Nubes altas;14/04/18
CNF453;SPC;TFN;ATR-72;Nubes altas;14/04/18
IBB632;SPC;TFN;ATR-42/72;Nubes altas;14/04/18
IBE7265;SPC;TFN;ATR-42/72;Nubes altas;14/04/18
AEA9466;SPC;TFN;ATR-72;Nubes altas;14/04/18
VLG3249;SPC;BCN;AIRBUS A320;Nubes altas;14/04/18
JAF5626;FUE;NTE;BOEING 737-800 WINGLETS;Nubes altas;13/04/18
IBB235;FUE;LPA;BOMBARDIER CRJ-1000;Nubes altas;13/04/18
IBB203;FUE;LPA;ATR-72;Nubes altas;14/04/18
AEA9432;FUE;LPA;ATR-72;Nubes altas;14/04/18
VLG3165;FUE;SVQ;AIRBUS A320;Nubes altas;14/04/18
IBB415;FUE;TFN;ATR-42/72;Nubes altas;14/04/18
VLG1641;FUE;SCQ;AIRBUS A320;Nubes altas;14/04/18
TUI2279;FUE;CGN;7S8;Nubes altas;14/04/18
TUI2863;FUE;BSL;7S8;Nubes altas;14/04/18
IBB237;FUE;LPA;ATR-42/72;Nubes altas;14/04/18
OLY627;FUE;STR;AIRBUS A321;Nubes altas;14/04/18
CNF804;FUE;LPA;ATR-72;Nubes altas;14/04/18
IBB209;FUE;LPA;ATR-72;Nubes altas;14/04/18
TUI2117;FUE;DUS;BOEING 737-700;Nubes altas;14/04/18
TUI2873;FUE;TXL;BOEING 737-700;Nubes altas;14/04/18
RYR1102;FUE;SXF;BOEING 737-800 WINGLETS;Nubes altas;14/04/18
VLG3197;FUE;CDG;AIRBUS A320;Nubes altas;14/04/18
TUI2353;FUE;HAM;7S8;Nubes altas;14/04/18
IBB211;FUE;LPA;ATR-72;Nubes altas;14/04/18
VLG2131;BCN;MAD;AIRBUS A320;Abertura de claros;13/04/18
AEA6096;PMI;MAD;BOEING 737-800 WINGLETS;Lluvia;13/04/18
IBK6303;LPA;MAD;BOEING 737-800 WINGLETS;Nubes altas;13/04/18
RYR2085;IBZ;MAD;BOEING 737-800 WINGLETS;Llovizna;13/04/18
RYR2062;PMI;MAD;BOEING 737-800 WINGLETS;Lluvia;13/04/18
VLG2010;BCN;GRX;32B;Abertura de claros;14/04/18
IBE8640;MAD;GRX;BOMBARDIER CRJ-1000;Nubes altas;14/04/18
VLG2020;BCN;GRX;32A;Abertura de claros;14/04/18
AEA5201;PMI;GRX;EMBRAER ERJ-195;Lluvia;14/04/18
IBE8646;MAD;GRX;BOMBARDIER CRJ-1000;Nubes altas;14/04/18
IBE8642;MAD;GRX;CANADAIR CRJ-900;Nubes altas;14/04/18
VLG2014;BCN;GRX;AIRBUS A320;Abertura de claros;14/04/18
VLG2016;BCN;GRX;32B;Abertura de claros;14/04/18
IBE8648;MAD;GRX;BOMBARDIER CRJ-1000;Nubes altas;14/04/18
AEA7161;MAD;BIO;EMBRAER ERJ-195;Nubes altas;14/04/18
VLG1420;BCN;BIO;32B;Abertura de claros;14/04/18
VLG2608;AGP;BIO;AIRBUS A320;Despejado;14/04/18
IBE8948;VLC;BIO;BOMBARDIER CRJ-1000;Abertura de claros;14/04/18
IBE0448;MAD;BIO;AIRBUS A319;Nubes altas;14/04/18
VLG2505;SVQ;BIO;AIRBUS A320;Nubes altas;13/04/18
VLG1440;BCN;BIO;32A;Abertura de claros;14/04/18
AEA2659;BCN;BIO;BOEING 737-800 WINGLETS;Abertura de claros;14/04/18
IBE8594;MAD;LEI;CANADAIR CRJ-900;Nubes altas;14/04/18
VLG1251;BCN;LEI;32A;Abertura de claros;14/04/18
IBE8598;MAD;LEI;CANADAIR CRJ-200;Nubes altas;14/04/18
IBE8592;MAD;LEI;BOMBARDIER CRJ-1000;Nubes altas;14/04/18
IBB154;TFS;LPA;ATR-42/72;Despejado;13/04/18
RYR1038;TFS;FMM;BOEING 737-800 WINGLETS;Despejado;14/04/18
RYR654;TFS;PIK;BOEING 737-800 WINGLETS;Despejado;14/04/18
RYR4067;TFS;SXF;BOEING 737-800 WINGLETS;Despejado;14/04/18
RYR2493;TFS;LBA;BOEING 737-800 WINGLETS;Despejado;14/04/18
TOM1609;TFS;ABZ;BOEING 737-800 WINGLETS;Despejado;14/04/18
IBK6472;TFS;CPH;BOEING 737-800 WINGLETS;Despejado;14/04/18
IBK6410;TFS;EDI;BOEING 737-800 WINGLETS;Despejado;14/04/18
TVF1151;TFS;ORY;BOEING 737-800 WINGLETS;Despejado;14/04/18
IBK6512;TFS;MUC;BOEING 737-800 WINGLETS;Despejado;14/04/18
EDW215;TFS;ZRH;AIRBUS A320;Despejado;14/04/18
JAF6114;TFS;BRU;7M8;Despejado;14/04/18
TUI2197;TFS;MUC;BOEING 737-800 WINGLETS;Despejado;14/04/18
IBB152;TFS;LPA;ATR-72;Despejado;14/04/18
IBE2233;TFS;LPA;ATR-72;Despejado;14/04/18
RYR4754;TFS;BRS;BOEING 737-800 WINGLETS;Despejado;14/04/18
VLG3221;TFS;BCN;AIRBUS A320;Despejado;14/04/18
VLG3135;TFS;ORY;32B;Despejado;14/04/18
RYR8167;TFS;STN;BOEING 737-800 WINGLETS;Despejado;14/04/18
RYR1589;TFS;FRA;BOEING 737-800 WINGLETS;Despejado;14/04/18
VLG3718;BCN;MAH;32B;Abertura de claros;13/04/18
IBE8494;PMI;MAH;ATR-42/72;Despejado;17/04/18
VLG3712;BCN;MAH;AIRBUS A320;Abertura de claros;14/04/18
IBE8480;PMI;MAH;BOMBARDIER CRJ-1000;Despejado;17/04/18
VLG3714;BCN;MAH;32A;Abertura de claros;14/04/18
IBE8482;PMI;MAH;BOMBARDIER CRJ-1000;Despejado;17/04/18
VLG1340;ALC;MAH;32A;Nubes altas;14/04/18
AEA4537;PMI;MAH;ATR-72;Lluvia;14/04/18
VLG2432;SVQ;MAH;AIRBUS A320;Nubes altas;14/04/18
IBE8498;PMI;MAH;ATR-42/72;Despejado;17/04/18
IBE8661;VIT;MAH;BOMBARDIER CRJ-1000;Abertura de claros;14/04/18
AEA4531;PMI;MAH;ATR-72;Lluvia;14/04/18
RYR6881;BCN;MAH;BOEING 737-800 WINGLETS;Abertura de claros;14/04/18
VLG3716;BCN;MAH;AIRBUS A320;Abertura de claros;14/04/18
VLG3522;BCN;IBZ;32A;Abertura de claros;13/04/18
VLG3530;BCN;IBZ;AIRBUS A320;Abertura de claros;13/04/18
RYR8136;BCN;IBZ;BOEING 737-800 WINGLETS;Abertura de claros;14/04/18
VLG3540;BCN;IBZ;32A;Abertura de claros;14/04/18
RYR5354;MAD;IBZ;BOEING 737-800 WINGLETS;Nubes altas;14/04/18
VLG3447;MAD;IBZ;AIRBUS A320;Nubes altas;14/04/18
IBE8104;PMI;IBZ;BOMBARDIER CRJ-1000;Despejado;17/04/18
ANE8396;MAD;ALC;BOMBARDIER CRJ-1000;Despejado;17/04/18
VLG1456;SCQ;ALC;32A;Chubascos dispersos;13/04/18
VLG1302;BCN;ALC;32A;Abertura de claros;14/04/18
AEA4047;MAD;ALC;ATR-72;Nubes altas;14/04/18
VLG2113;BCN;AGP;AIRBUS A320;Abertura de claros;13/04/18
VLG2613;BIO;AGP;AIRBUS A320;Nubes altas;13/04/18
VLG2654;SCQ;AGP;AIRBUS A320;Chubascos dispersos;13/04/18
IBE2100;MAD;BCN;32A;Nubes altas;13/04/18
LAN7062;MAD;BCN;32A;Nubes altas;13/04/18
VLG9770;MAD;BCN;32A;Nubes altas;13/04/18
IBE2100S;MAD;BCN;32A;Nubes altas;13/04/18
JAL6981;MAD;BCN;32A;Nubes altas;13/04/18
VLG3919;PMI;BCN;AIRBUS A320;Lluvia;13/04/18
AEA2688;IBZ;BCN;BOEING 737-800 WINGLETS;Llovizna;13/04/18
VLG3519;IBZ;BCN;32B;Llovizna;13/04/18
LLX5052;LPA;ACE;AIRBUS A321;Despejado;17/04/18
RYR2554;SVQ;ACE;BOEING 737-800 WINGLETS;Nubes altas;13/04/18
RYR3489;VLC;ACE;BOEING 737-800 WINGLETS;Abertura de claros;13/04/18
RYR2015;MAD;ACE;BOEING 737-800 WINGLETS;Nubes altas;13/04/18
IBB500;LPA;ACE;BOMBARDIER CRJ-1000;Nubes altas;14/04/18
IBB452;TFN;ACE;ATR-42/72;Despejado;14/04/18
CNF703;LPA;ACE;ATR-72;Nubes altas;14/04/18
VLG3160;SVQ;ACE;AIRBUS A320;Nubes altas;14/04/18
VLG3280;BIO;ACE;AIRBUS A320;Nubes altas;14/04/18
IBB506;LPA;ACE;ATR-72;Nubes altas;14/04/18
AEA9073;MAD;ACE;BOEING 737-800 WINGLETS;Nubes altas;14/04/18
AEA9447;LPA;ACE;ATR-72;Nubes altas;14/04/18
VLG2480;BCN;ACE;32A;Abertura de claros;14/04/18
AEA6103;BCN;PMI;BOEING 737-800 WINGLETS;Abertura de claros;13/04/18
IBS3916;MAD;PMI;AIRBUS A320;Nubes altas;13/04/18
VLG3914;BCN;PMI;AIRBUS A320;Abertura de claros;13/04/18
IBK6777;MAD;PMI;BOEING 737-800 WINGLETS;Nubes altas;13/04/18
RYR6368;BCN;PMI;BOEING 737-800 WINGLETS;Abertura de claros;13/04/18
VLG3953;VLC;PMI;AIRBUS A320;Abertura de claros;13/04/18
IBS3894;MAD;SCQ;32A;Nubes altas;13/04/18
RYR6332;BCN;SCQ;BOEING 737-800 WINGLETS;Abertura de claros;14/04/18
IBS3876;MAD;SCQ;AIRBUS A320;Nubes altas;14/04/18
VLG1670;BCN;SCQ;32A;Abertura de claros;14/04/18
IBS9508;PMI;SCQ;AIRBUS A320;Lluvia;14/04/18
RYR5315;MAD;SCQ;BOEING 737-800 WINGLETS;Nubes altas;14/04/18
IBE8366;PMI;SCQ;CANADAIR CRJ-900;Despejado;17/04/18
AEA7136;LPA;SCQ;BOEING 737-800 WINGLETS;Nubes altas;14/04/18
IBE8678;IBZ;SCQ;BOMBARDIER CRJ-1000;Llovizna;14/04/18
VLG1641;FUE;SCQ;AIRBUS A320;Nubes altas;14/04/18
IBS3874;MAD;SCQ;AIRBUS A320;Nubes altas;14/04/18
RYR2573;AGP;SCQ;BOEING 737-800 WINGLETS;Despejado;14/04/18
RYR723;PMI;SCQ;BOEING 737-800 WINGLETS;Lluvia;14/04/18
RYR2958;BCN;SVQ;BOEING 737-800 WINGLETS;Abertura de claros;13/04/18
VLG3047;LPA;SVQ;AIRBUS A320;Nubes altas;13/04/18
RYR6398;BCN;SVQ;BOEING 737-800 WINGLETS;Abertura de claros;13/04/18
VLG2220;BCN;SVQ;AIRBUS A320;Abertura de claros;13/04/18
ANE2034;GRO;SVQ;BOMBARDIER CRJ-1000;Nubosidad variable;14/04/18
VLG2506;BIO;SVQ;AIRBUS A320;Nubes altas;13/04/18
IBE8840;VLC;SVQ;ATR-72;Abertura de claros;14/04/18
IBS3954;MAD;SVQ;AIRBUS A320;Nubes altas;14/04/18
VLG2212;BCN;SVQ;32A;Abertura de claros;14/04/18
VLG2216;BCN;SVQ;32B;Abertura de claros;14/04/18
RYR6396;BCN;SVQ;BOEING 737-800 WINGLETS;Abertura de claros;14/04/18
VLG3940;SVQ;PMI;AIRBUS A320;Nubes altas;13/04/18
VLG3165;FUE;SVQ;AIRBUS A320;Nubes altas;14/04/18
VLG3161;ACE;SVQ;AIRBUS A320;Nubes altas;14/04/18
IBS3950;MAD;SVQ;AIRBUS A320;Nubes altas;14/04/18
IBB193;LPA;TFN;ATR-72;Nubes altas;13/04/18
IBB425;FUE;TFN;ATR-42/72;Nubes altas;13/04/18
VLG3218;BCN;TFN;32B;Abertura de claros;13/04/18
IBS3938;MAD;TFN;AIRBUS A320;Nubes altas;13/04/18
IBB487;ACE;TFN;ATR-42/72;Nubes altas;13/04/18
AEA9403;LPA;TFN;ATR-72;Nubes altas;14/04/18
IBB107;LPA;TFN;BOMBARDIER CRJ-1000;Nubes altas;14/04/18
IBB604;SPC;TFN;ATR-42/72;Nubes altas;14/04/18
AEA9059;MAD;TFN;BOEING 737-800 WINGLETS;Nubes altas;14/04/18
RYR3063;BCN;TFN;BOEING 737-800 WINGLETS;Abertura de claros;14/04/18
IBB606;SPC;TFN;ATR-42/72;Nubes altas;14/04/18
RYR5278;MAD;TFN;BOEING 737-800 WINGLETS;Nubes altas;14/04/18
IBB415;FUE;TFN;ATR-42/72;Nubes altas;14/04/18
IBB453;ACE;TFN;ATR-42/72;Nubes altas;14/04/18
CNF413;SPC;TFN;ATR-72;Nubes altas;14/04/18
IBB119;LPA;TFN;BOMBARDIER CRJ-1000;Nubes altas;14/04/18
IBB608;SPC;TFN;ATR-42/72;Nubes altas;14/04/18
IBB656;VDE;TFN;ATR-72;Despejado;14/04/18
VLG3260;BIO;TFN;32A;Nubes altas;14/04/18
AEA9415;LPA;TFN;ATR-72;Nubes altas;14/04/18
AEA9431;LPA;FUE;ATR-72;Nubes altas;14/04/18
IBB200;LPA;FUE;ATR-72;Nubes altas;14/04/18
VLG1640;SCQ;FUE;AIRBUS A320;Chubascos dispersos;14/04/18
VLG3164;SVQ;FUE;AIRBUS A320;Nubes altas;14/04/18
IBB414;TFN;FUE;ATR-42/72;Despejado;14/04/18
CNF803;LPA;FUE;ATR-72;Nubes altas;14/04/18
IBB236;LPA;FUE;ATR-72;Nubes altas;14/04/18
IBB208;LPA;FUE;ATR-72;Nubes altas;14/04/18
IBB210;LPA;FUE;ATR-72;Nubes altas;14/04/18
IBS3900;MAD;FUE;AIRBUS A320;Nubes altas;14/04/18
IBB605;TFN;SPC;ATR-42/72;Despejado;14/04/18
IBB309;LPA;SPC;ATR-72;Nubes altas;14/04/18
CNF412;TFN;SPC;ATR-72;Despejado;14/04/18
IBB607;TFN;SPC;ATR-42/72;Despejado;14/04/18
AEA9461;TFN;SPC;ATR-72;Despejado;14/04/18
IBB611;TFN;SPC;ATR-42/72;Despejado;14/04/18
CNF418;TFN;SPC;ATR-72;Despejado;14/04/18
IBB609;TFN;SPC;ATR-42/72;Despejado;14/04/18
AEA9463;TFN;SPC;ATR-72;Despejado;14/04/18
IBB619;TFN;SPC;ATR-72;Despejado;14/04/18
IBB621;TFN;SPC;ATR-42/72;Despejado;14/04/18
IBS3842;MAD;SPC;AIRBUS A320;Nubes altas;14/04/18
CNF452;TFN;SPC;ATR-72;Despejado;14/04/18
IBB631;TFN;SPC;ATR-42/72;Despejado;14/04/18
IBE2228;TFN;SPC;ATR-42/72;Despejado;17/04/18
VLG3248;BCN;SPC;AIRBUS A320;Abertura de claros;14/04/18
AEA9465;TFN;SPC;ATR-72;Despejado;14/04/18
VLG3952;PMI;VLC;AIRBUS A320;Lluvia;13/04/18
RYR7215;PMI;VLC;BOEING 737-800 WINGLETS;Lluvia;13/04/18
IBE8455;AGP;VLC;CANADAIR CRJ-900;Despejado;13/04/18
IBE8988;MAD;VLC;BOMBARDIER CRJ-1000;Nubes altas;13/04/18
AEA4063;MAD;VLC;ATR-72;Nubes altas;14/04/18
AEA4005;PMI;VLC;EMBRAER ERJ-195;Lluvia;14/04/18
IBE8986;MAD;VLC;BOMBARDIER CRJ-1000;Nubes altas;14/04/18
AAL8555;MAD;VLC;BOMBARDIER CRJ-1000;Nubes altas;14/04/18
AEA9408;TFN;LPA;ATR-72;Despejado;13/04/18
IBB235;FUE;LPA;BOMBARDIER CRJ-1000;Nubes altas;13/04/18
CNF884;FUE;LPA;ATR-72;Nubes altas;13/04/18
IBB190;TFN;LPA;ATR-72;Despejado;13/04/18
IBB233;FUE;LPA;ATR-42/72;Nubes altas;13/04/18
CNF784;ACE;LPA;ATR-42/72;Nubes altas;13/04/18
IBK5803;BCN;LPA;BOEING 737-800 WINGLETS;Abertura de claros;13/04/18
IBB154;TFS;LPA;ATR-42/72;Despejado;13/04/18
IBB549;ACE;LPA;ATR-42/72;Nubes altas;13/04/18
RYR2011;MAD;LPA;BOEING 737-800 WINGLETS;Nubes altas;13/04/18
RYR7202;VLC;LPA;BOEING 737-800 WINGLETS;Abertura de claros;13/04/18
VLG3000;BCN;LPA;32B;Abertura de claros;13/04/18
RYR6370;BCN;LPA;BOEING 737-800 WINGLETS;Abertura de claros;13/04/18
IBB102;TFN;LPA;BOMBARDIER CRJ-1000;Despejado;14/04/18
CNF612;TFN;LPA;ATR-42/72;Despejado;14/04/18
AEA9404;TFN;LPA;ATR-72;Despejado;14/04/18
IBB203;FUE;LPA;ATR-72;Nubes altas;14/04/18
VLG3220;BCN;TFS;AIRBUS A320;Abertura de claros;14/04/18
IBB123;LPA;TFS;ATR-72;Nubes altas;14/04/18
IBE8221;RJL;MAD;CANADAIR CRJ-200;Nubes altas;14/04/18
RYR2036;VIT;SVQ;BOEING 737-800 WINGLETS;Abertura de claros;14/04/18
IBE8661;VIT;MAH;BOMBARDIER CRJ-1000;Abertura de claros;14/04/18
IBB650;GMZ;TFN;ATR-72;Despejado;14/04/18
IBB652;GMZ;TFN;ATR-72;Despejado;14/04/18
RYR6321;VLL;BCN;BOEING 737-800 WINGLETS;Nubes altas;14/04/18
IBE8529;PNA;MAD;BOMBARDIER CRJ-1000;Nubes altas;14/04/18
IBE8525;PNA;MAD;CANADAIR CRJ-200;Nubes altas;14/04/18
RYR6320;BCN;VLL;BOEING 737-800 WINGLETS;Abertura de claros;14/04/18
RYR7235;ZAZ;BVA;BOEING 737-800 WINGLETS;Nubes altas;14/04/18
WZZ3192;ZAZ;OTP;AIRBUS A320;Nubes altas;14/04/18
AEA4032;ZAZ;PMI;EMBRAER ERJ-195;Nubes altas;14/04/18
WZZ3418;ZAZ;CLJ;AIRBUS A320;Nubes altas;14/04/18
RYR2635;ZAZ;STN;BOEING 737-800 WINGLETS;Nubes altas;14/04/18
RYR2212;REU;EIN;BOEING 737-800 WINGLETS;Cubierto de nubes altas y medias;14/04/18
RYR1115;REU;DUB;BOEING 737-800 WINGLETS;Cubierto de nubes altas y medias;14/04/18
RYR1865;REU;SNN;BOEING 737-800 WINGLETS;Cubierto de nubes altas y medias;14/04/18
RYR3843;REU;STN;BOEING 737-800 WINGLETS;Cubierto de nubes altas y medias;14/04/18
EZY2208;REU;LTN;AIRBUS A319;Cubierto de nubes altas y medias;14/04/18
RYR2829;REU;CRL;BOEING 737-800 WINGLETS;Cubierto de nubes altas y medias;14/04/18
IBE8524;MAD;PNA;CANADAIR CRJ-200;Nubes altas;14/04/18
IBE8526;MAD;PNA;BOMBARDIER CRJ-1000;Nubes altas;14/04/18
RYR2035;SVQ;VIT;BOEING 737-800 WINGLETS;Nubes altas;14/04/18
IBE8660;MAH;VIT;BOMBARDIER CRJ-1000;Lluvia moderada;14/04/18
IBB651;TFN;GMZ;ATR-42/72;Despejado;14/04/18
IBB653;TFN;GMZ;ATR-42/72;Despejado;14/04/18
IBE2244;TFN;GMZ;ATR-72;Despejado;17/04/18
IBB656;VDE;TFN;ATR-72;Despejado;14/04/18
IBB660;VDE;TFN;ATR-42/72;Despejado;14/04/18
IBB664;VDE;TFN;ATR-72;Despejado;14/04/18
IBB366;VDE;LPA;ATR-72;Despejado;14/04/18
CNF248;VDE;TFN;ATR-72;Despejado;14/04/18
IBB674;VDE;TFN;ATR-72;Despejado;14/04/18
AEA7232;LCG;MAD;EMBRAER ERJ-195;Chubascos dispersos;14/04/18
IBE0511;LCG;MAD;AIRBUS A319;Chubascos dispersos;14/04/18
VLG1293;LCG;BCN;32A;Chubascos dispersos;14/04/18
TAP1085;LCG;LIS;ATR-72;Chubascos dispersos;14/04/18
VLG3971;LCG;PMI;32A;Chubascos dispersos;14/04/18
AEA7234;LCG;MAD;EMBRAER ERJ-195;Chubascos dispersos;14/04/18
IBE0513;LCG;MAD;AIRBUS A320;Chubascos dispersos;14/04/18
AEA7236;LCG;MAD;EMBRAER ERJ-195;Chubascos dispersos;14/04/18
IBE8317;EAS;MAD;ATR-72;Nubes altas;14/04/18
VLG2487;EAS;BCN;AIRBUS A319;Nubes altas;14/04/18
IBE8327;EAS;MAD;ATR-72;Nubes altas;14/04/18
IBE8319;EAS;MAD;ATR-72;Nubes altas;14/04/18
IBE8329;EAS;MAD;ATR-72;Nubes altas;14/04/18
VLG2489;EAS;BCN;AIRBUS A319;Nubes altas;14/04/18
IBE8261;MLN;AGP;ATR-72;Despejado;14/04/18
IBE8789;MLN;MAD;ATR-72;Despejado;14/04/18
AEA5002;MLN;AGP;ATR-72;Despejado;14/04/18
IBE8273;MLN;AGP;ATR-72;Despejado;14/04/18
IBE8263;MLN;AGP;ATR-72;Despejado;14/04/18
IBE8269;MLN;AGP;ATR-72;Despejado;14/04/18
IBE8793;MLN;MAD;ATR-72;Despejado;14/04/18
IBE8271;MLN;AGP;ATR-72;Despejado;14/04/18
AEA175;MAD;LIM;BOEING 787-8;Nubes altas;13/04/18
BMS2904;MAD;BCM;BOEING 737-400;Nubes altas;14/04/18
AEE703;MAD;ATH;AIRBUS A321;Nubes altas;14/04/18
AZA059;MAD;FCO;AIRBUS A320;Nubes altas;14/04/18
KLM1698;MAD;AMS;BOEING 737-800 WINGLETS;Nubes altas;14/04/18
RYR3011;MAD;TLS;BOEING 737-800 WINGLETS;Nubes altas;14/04/18
DLH1121;MAD;FRA;AIRBUS A321;Nubes altas;14/04/18
RYR2526;MAD;SXF;BOEING 737-800 WINGLETS;Nubes altas;14/04/18
IBE8861;SDR;MAD;BOMBARDIER CRJ-1000;Nubes altas;14/04/18
RYR6385;SDR;BCN;BOEING 737-800 WINGLETS;Nubes altas;14/04/18
IBE0555;SDR;MAD;AIRBUS A319;Nubes altas;14/04/18
RYR4793;SDR;BGY;BOEING 737-800 WINGLETS;Nubes altas;14/04/18
RYR2594;SDR;AGP;BOEING 737-800 WINGLETS;Nubes altas;14/04/18
RYR2215;SDR;VLC;BOEING 737-800 WINGLETS;Nubes altas;14/04/18
IBE0557;SDR;MAD;AIRBUS A319;Nubes altas;14/04/18
RYR1573;SDR;SXF;BOEING 737-800 WINGLETS;Nubes altas;14/04/18
VOE3590;OVD;PMI;BOEING 717;Nubes altas;14/04/18
VLG1574;OVD;BCN;AIRBUS A320;Nubes altas;14/04/18
IBE0479;OVD;MAD;AIRBUS A320;Nubes altas;14/04/18
IBE0475;OVD;MAD;AIRBUS A320;Nubes altas;14/04/18
VLG3139;OVD;ACE;AIRBUS A320;Nubes altas;14/04/18
IBS3613;OVD;TFN;AIRBUS A320;Nubes altas;14/04/18
IBS3610;OVD;LHR;AIRBUS A320;Nubes altas;14/04/18
TAP1113;OVD;LIS;ATR-72;Nubes altas;14/04/18
AEA4033;PMI;ZAZ;EMBRAER ERJ-195;Lluvia;14/04/18
IBE0407;XRY;MAD;AIRBUS A320;Nubes altas;14/04/18
LGL688;XRY;LUX;BOEING 737-700 WINGLETS;Nubes altas;14/04/18
DE1723;XRY;MUC;AIRBUS A320;Nubes altas;14/04/18
DE1565;XRY;HAM;AIRBUS A320;Nubes altas;14/04/18
IBE0411;XRY;MAD;32A;Nubes altas;14/04/18
VLG2615;XRY;BIO;32A;Nubes altas;14/04/18
VLG2287;XRY;BCN;BOEING 737-800 WINGLETS;Nubes altas;14/04/18
IBE0405;XRY;MAD;AIRBUS A320;Nubes altas;14/04/18
RYR1284;XRY;BCN;BOEING 737-800 WINGLETS;Nubes altas;14/04/18
IBB655;TFN;VDE;ATR-42/72;Despejado;14/04/18
IBB659;TFN;VDE;ATR-42/72;Despejado;14/04/18
IBB663;TFN;VDE;ATR-42/72;Despejado;14/04/18
IBB365;LPA;VDE;ATR-72;Nubes altas;14/04/18
CNF247;TFN;VDE;ATR-42/72;Despejado;14/04/18
IBB673;TFN;VDE;ATR-42/72;Despejado;14/04/18
IBE0537;VGO;MAD;AIRBUS A319;Lluvia débil;14/04/18
AEA7311;VGO;MAD;EMBRAER ERJ-195;Lluvia débil;14/04/18
VLG1703;VGO;BCN;BOEING 737-800 WINGLETS;Lluvia débil;14/04/18
IBE0531;VGO;MAD;AIRBUS A319;Lluvia débil;14/04/18
RYR7142;VGO;EDI;BOEING 737-800 WINGLETS;Lluvia débil;14/04/18
AEA7315;VGO;MAD;EMBRAER ERJ-195;Lluvia débil;14/04/18
IBE0533;VGO;MAD;AIRBUS A319;Lluvia débil;14/04/18
EVE1124;VGO;ALC;AIRBUS A320;Lluvia débil;14/04/18
TAP1141;VGO;LIS;ATR-72;Lluvia débil;14/04/18
AEA7317;VGO;MAD;EMBRAER ERJ-195;Lluvia débil;14/04/18
VLG2486;BCN;EAS;AIRBUS A319;Abertura de claros;14/04/18
IBE8314;MAD;EAS;ATR-72;Nubes altas;14/04/18
IBE8316;MAD;EAS;ATR-72;Nubes altas;14/04/18
IBE8322;MAD;EAS;ATR-72;Nubes altas;14/04/18
VLG2488;BCN;EAS;AIRBUS A319;Abertura de claros;14/04/18
IBE8324;MAD;EAS;ATR-72;Nubes altas;14/04/18
BEL3716;BIO;BRU;AIRBUS A319;Nubes altas;14/04/18
IBE0443;BIO;MAD;32A;Nubes altas;14/04/18
VOE3516;BIO;MLA;BOEING 717;Nubes altas;14/04/18
KLM1684;BIO;AMS;EMBRAER 190;Nubes altas;14/04/18
DLH1147;BIO;FRA;32A;Nubes altas;14/04/18
VLG3280;BIO;ACE;AIRBUS A320;Nubes altas;14/04/18
VLG2506;BIO;SVQ;AIRBUS A320;Nubes altas;13/04/18
TAP1065;BIO;LIS;ATR-42/72;Nubes altas;14/04/18
VLG3260;BIO;TFN;32A;Nubes altas;14/04/18
DLH1829;BIO;MUC;AIRBUS A320;Nubes altas;14/04/18
VLG1439;BIO;BCN;32A;Nubes altas;14/04/18
AEA7505;BIO;PMI;EMBRAER ERJ-195;Nubes altas;14/04/18
RYR6368;BCN;PMI;BOEING 737-800 WINGLETS;Abertura de claros;13/04/18
TAP1047;BCN;LIS;AIRBUS A320;Abertura de claros;13/04/18
EIN565;BCN;DUB;AIRBUS A320;Abertura de claros;13/04/18
VLG7750;BCN;IEV;32A;Abertura de claros;13/04/18
BAW2711;BCN;LGW;AIRBUS A320;Abertura de claros;13/04/18
AFL2513;BCN;SVO;32B;Abertura de claros;14/04/18
MLD598;BCN;KIV;AIRBUS A319;Abertura de claros;14/04/18
IBE2601;BCN;EZE;AIRBUS A330-200;Abertura de claros;14/04/18
THY1852;BCN;IST;32B;Abertura de claros;14/04/18
VLG8036;BCN;ORY;AIRBUS A319;Abertura de claros;14/04/18
RYR6341;BCN;FCO;BOEING 737-800 WINGLETS;Abertura de claros;14/04/18
AFR1449;BCN;CDG;AIRBUS A320;Abertura de claros;14/04/18
FIN1676;AGP;HEL;32B;Despejado;14/04/18
VLG1876;AGP;CPH;AIRBUS A320;Despejado;14/04/18
SAS6232;AGP;AAR;32A;Despejado;14/04/18
SAS6354;AGP;OSL;32A;Despejado;14/04/18
VLG8366;AGP;AMS;AIRBUS A320;Despejado;14/04/18
IBK5108;AGP;HAM;BOEING 737-800 WINGLETS;Despejado;14/04/18
AEA1039;AGP;CDG;BOEING 737-800 WINGLETS;Despejado;14/04/18
IBK5140;AGP;WAW;BOEING 737-800 WINGLETS;Despejado;14/04/18
RYR2044;AGP;DTM;BOEING 737-800 WINGLETS;Despejado;14/04/18
RYR2588;AGP;KRK;BOEING 737-800 WINGLETS;Despejado;14/04/18
RYR9893;AGP;LPL;BOEING 737-800 WINGLETS;Despejado;14/04/18
VLG2985;AGP;NTE;AIRBUS A320;Despejado;14/04/18
TAP1137;AGP;LIS;ATR-42/72;Despejado;14/04/18
RYR5945;AGP;BOH;BOEING 737-800 WINGLETS;Despejado;14/04/18
VLG2608;AGP;BIO;AIRBUS A320;Despejado;14/04/18
IBE8603;LEI;MAD;BOMBARDIER CRJ-1000;Despejado;14/04/18
LGL694;LEI;LUX;BOEING 737-800 WINGLETS;Despejado;14/04/18
JAF6944;LEI;BRU;EMBRAER 190;Despejado;14/04/18
IBE8595;LEI;MAD;CANADAIR CRJ-900;Despejado;14/04/18
EZY8164;LEI;LGW;AIRBUS A320;Despejado;14/04/18
VLG1252;LEI;BCN;32A;Despejado;14/04/18
IBE8577;LEI;MAD;CANADAIR CRJ-200;Despejado;14/04/18
IBE8601;LEI;MAD;BOMBARDIER CRJ-1000;Despejado;14/04/18
BAW421;LEI;LHR;AIRBUS A319;Despejado;14/04/18
TRA5644;LEI;RTM;BOEING 737-700 WINGLETS;Despejado;14/04/18
RYR7319;LEI;DUB;BOEING 737-800 WINGLETS;Despejado;14/04/18
GMI5729;PMI;FMO;AIRBUS A319;Lluvia;14/04/18
VLG2854;PMI;ORY;AIRBUS A320;Lluvia;14/04/18
EZY1514;PMI;GVA;32A;Lluvia;14/04/18
RYR2052;PMI;MAD;BOEING 737-800 WINGLETS;Lluvia;14/04/18
IBS3917;PMI;MAD;AIRBUS A320;Lluvia;14/04/18
VLG1225;PMI;LYS;AIRBUS A320;Lluvia;14/04/18
IBK6700;PMI;DUS;BOEING 737-800 WINGLETS;Lluvia;14/04/18
RYR6363;PMI;BCN;BOEING 737-800 WINGLETS;Lluvia;14/04/18
IBK6650;PMI;ARN;BOEING 737-800 WINGLETS;Lluvia;14/04/18
RYR8235;PMI;BRS;BOEING 737-800 WINGLETS;Lluvia;14/04/18
RYR716;PMI;BVA;BOEING 737-800 WINGLETS;Lluvia;14/04/18
AEA6006;PMI;BCN;BOEING 737-800 WINGLETS;Lluvia;14/04/18
VLG3915;PMI;BCN;AIRBUS A320;Lluvia;14/04/18
IBE8639;GRX;MAD;CANADAIR CRJ-900;Cubierto de nubes altas y medias;14/04/18
VLG2011;GRX;BCN;32B;Cubierto de nubes altas y medias;14/04/18
IBE8641;GRX;MAD;BOMBARDIER CRJ-1000;Cubierto de nubes altas y medias;14/04/18
VLG2021;GRX;BCN;AIRBUS A320;Cubierto de nubes altas y medias;14/04/18
AEA5200;GRX;PMI;EMBRAER ERJ-195;Cubierto de nubes altas y medias;14/04/18
IBE8645;GRX;MAD;BOMBARDIER CRJ-1000;Cubierto de nubes altas y medias;14/04/18
IBE8649;GRX;MAD;CANADAIR CRJ-900;Cubierto de nubes altas y medias;14/04/18
VLG2015;GRX;BCN;AIRBUS A320;Cubierto de nubes altas y medias;14/04/18
VLG8727;GRX;CDG;AIRBUS A320;Cubierto de nubes altas y medias;14/04/18
EZY8172;GRX;LGW;AIRBUS A319;Cubierto de nubes altas y medias;14/04/18
VLG2017;GRX;BCN;AIRBUS A321;Cubierto de nubes altas y medias;14/04/18
VLG1292;BCN;LCG;32A;Abertura de claros;14/04/18
AEA7233;MAD;LCG;EMBRAER ERJ-195;Nubes altas;14/04/18
IBE0512;MAD;LCG;AIRBUS A320;Nubes altas;14/04/18
AEA7235;MAD;LCG;EMBRAER ERJ-195;Nubes altas;14/04/18
VLG3970;PMI;LCG;32A;Lluvia;14/04/18
AEA7237;MAD;LCG;EMBRAER ERJ-195;Nubes altas;14/04/18
JAF6902;MJV;ANR;EMBRAER 190;Abertura de claros;14/04/18
RYR2155;MJV;BHX;BOEING 737-800 WINGLETS;Abertura de claros;14/04/18
EZY8550;MJV;LGW;AIRBUS A319;Abertura de claros;14/04/18
EZY6014;MJV;BRS;AIRBUS A319;Abertura de claros;14/04/18
RYR1925;MJV;EMA;BOEING 737-800 WINGLETS;Abertura de claros;14/04/18
RYR4117;MJV;MAN;BOEING 737-800 WINGLETS;Abertura de claros;14/04/18
NAX1703;MJV;OSL;BOEING 737-800 WINGLETS;Abertura de claros;14/04/18
RYR3453;MJV;LTN;BOEING 737-800 WINGLETS;Abertura de claros;14/04/18
EZY7426;MJV;SEN;AIRBUS A319;Abertura de claros;14/04/18
BAW449;MJV;LHR;32A;Abertura de claros;14/04/18
RYR8027;MJV;STN;BOEING 737-800 WINGLETS;Abertura de claros;14/04/18
EZY8554;MJV;LGW;AIRBUS A320;Abertura de claros;14/04/18
RYR7095;MJV;DUB;BOEING 737-800 WINGLETS;Abertura de claros;14/04/18
ROT432;VLC;OTP;BOEING 737-700 WINGLETS;Abertura de claros;14/04/18
IBE8999;VLC;MAD;BOMBARDIER CRJ-1000;Abertura de claros;14/04/18
QTR6909;VLC;MAD;BOMBARDIER CRJ-1000;Abertura de claros;14/04/18
AEA1005;VLC;CDG;BOEING 737-800 WINGLETS;Abertura de claros;14/04/18
TAP1095;VLC;LIS;ATR-42/72;Abertura de claros;14/04/18
RYR4632;VLC;BGY;BOEING 737-800 WINGLETS;Abertura de claros;14/04/18
RYR2256;VLC;CGN;BOEING 737-800 WINGLETS;Abertura de claros;14/04/18
DLH1165;VLC;FRA;AIRBUS A321;Abertura de claros;14/04/18
IBE8636;VLC;PMI;CANADAIR CRJ-900;Abertura de claros;14/04/18
RYR9678;VLC;CIA;BOEING 737-800 WINGLETS;Abertura de claros;14/04/18
IBE8840;VLC;SVQ;ATR-72;Abertura de claros;14/04/18
IBE8948;VLC;BIO;BOMBARDIER CRJ-1000;Abertura de claros;14/04/18
VLG6244;VLC;FCO;AIRBUS A320;Abertura de claros;14/04/18
RYR2959;SVQ;BCN;BOEING 737-800 WINGLETS;Nubes altas;13/04/18
VLG3164;SVQ;FUE;AIRBUS A320;Nubes altas;14/04/18
RYR5201;SVQ;SXF;BOEING 737-800 WINGLETS;Nubes altas;14/04/18
VLG3941;SVQ;PMI;AIRBUS A320;Nubes altas;13/04/18
TAP1101;SVQ;LIS;ATR-42/72;Nubes altas;14/04/18
VLG3160;SVQ;ACE;AIRBUS A320;Nubes altas;14/04/18
RYR4471;SVQ;CPH;BOEING 737-800 WINGLETS;Nubes altas;14/04/18
IBE8841;SVQ;VLC;ATR-72;Nubes altas;14/04/18
IBS3947;SVQ;MAD;AIRBUS A320;Nubes altas;14/04/18
VLG2505;SVQ;BIO;AIRBUS A320;Nubes altas;13/04/18
TVF3101;SVQ;ORY;BOEING 737-800 WINGLETS;Nubes altas;14/04/18
VLG2211;SVQ;BCN;32A;Nubes altas;14/04/18
VLG2251;SVQ;BCN;32B;Nubes altas;14/04/18
VLG8830;SVQ;CDG;AIRBUS A320;Nubes altas;14/04/18
ANE2034;GRO;SVQ;BOMBARDIER CRJ-1000;Nubosidad variable;14/04/18
RYR9123;GRO;EIN;BOEING 737-800 WINGLETS;Nubosidad variable;14/04/18
RYR3213;GRO;MAN;BOEING 737-800 WINGLETS;Nubosidad variable;14/04/18
RYR2344;GRO;NCL;BOEING 737-800 WINGLETS;Nubosidad variable;14/04/18
RYR9803;GRO;STN;BOEING 737-800 WINGLETS;Nubosidad variable;14/04/18
RYR4125;GRO;HHN;BOEING 737-800 WINGLETS;Nubosidad variable;14/04/18
RYR6391;GRO;NRN;BOEING 737-800 WINGLETS;Nubosidad variable;14/04/18
RYR9241;GRO;PSA;BOEING 737-800 WINGLETS;Nubosidad variable;14/04/18
RYR9107;GRO;BVA;BOEING 737-800 WINGLETS;Nubosidad variable;14/04/18
RYR6901;GRO;CRL;BOEING 737-800 WINGLETS;Nubosidad variable;14/04/18
RYR9012;GRO;MLA;BOEING 737-800 WINGLETS;Nubosidad variable;14/04/18
RYR6911;GRO;MST;BOEING 737-800 WINGLETS;Nubosidad variable;14/04/18
RYR9375;GRO;TLL;BOEING 737-800 WINGLETS;Nubosidad variable;14/04/18
RYR9002;GRO;BLL;BOEING 737-800 WINGLETS;Nubosidad variable;14/04/18
RYR9307;GRO;PIK;BOEING 737-800 WINGLETS;Nubosidad variable;14/04/18
RYR6393;GRO;NRN;BOEING 737-800 WINGLETS;Nubosidad variable;14/04/18
RYR3653;GRO;BRE;BOEING 737-800 WINGLETS;Nubosidad variable;14/04/18
RYR9911;GRO;BOH;BOEING 737-800 WINGLETS;Nubosidad variable;14/04/18
VLG3215;TFN;BCN;32B;Despejado;14/04/18
IBS3945;TFN;MAD;AIRBUS A320;Despejado;14/04/18
IBB452;TFN;ACE;ATR-42/72;Despejado;14/04/18
IBB414;TFN;FUE;ATR-42/72;Despejado;14/04/18
IBK6378;TFN;MAD;BOEING 737-800 WINGLETS;Despejado;14/04/18
AEA9045;TFN;MAD;BOEING 737-800 WINGLETS;Despejado;14/04/18
IBB605;TFN;SPC;ATR-42/72;Despejado;14/04/18
CNF412;TFN;SPC;ATR-72;Despejado;14/04/18
IBB655;TFN;VDE;ATR-42/72;Despejado;14/04/18
AEA9404;TFN;LPA;ATR-72;Despejado;14/04/18
CNF612;TFN;LPA;ATR-42/72;Despejado;14/04/18
IBB102;TFN;LPA;BOMBARDIER CRJ-1000;Despejado;14/04/18
IBB607;TFN;SPC;ATR-42/72;Despejado;14/04/18
AEA9461;TFN;SPC;ATR-72;Despejado;14/04/18
IBB108;TFN;LPA;BOMBARDIER CRJ-1000;Despejado;14/04/18
IBB611;TFN;SPC;ATR-42/72;Despejado;14/04/18
IBS3835;LPA;MAD;AIRBUS A321;Nubes altas;14/04/18
RYR4504;LPA;KRK;BOEING 737-800 WINGLETS;Nubes altas;14/04/18
RYR2565;LPA;HAM;BOEING 737-800 WINGLETS;Nubes altas;14/04/18
RYR3163;LPA;EMA;BOEING 737-800 WINGLETS;Nubes altas;14/04/18
VLG3186;LPA;NTE;AIRBUS A320;Nubes altas;14/04/18
AEA9403;LPA;TFN;ATR-72;Nubes altas;14/04/18
AEA9431;LPA;FUE;ATR-72;Nubes altas;14/04/18
AEA9018;LPA;MAD;BOEING 737-800 WINGLETS;Nubes altas;14/04/18
VLG3001;LPA;BCN;AIRBUS A321;Nubes altas;14/04/18
IBB500;LPA;ACE;BOMBARDIER CRJ-1000;Nubes altas;14/04/18
RYR3802;LPA;LPL;BOEING 737-800 WINGLETS;Nubes altas;14/04/18
IBB200;LPA;FUE;ATR-72;Nubes altas;14/04/18
DK1507;LPA;SVG;32B;Nubes altas;14/04/18
IBB309;LPA;SPC;ATR-72;Nubes altas;14/04/18
IBK5800;LPA;BCN;BOEING 737-800 WINGLETS;Nubes altas;14/04/18
RYR6384;BCN;SDR;BOEING 737-800 WINGLETS;Abertura de claros;14/04/18
IBE0554;MAD;SDR;AIRBUS A319;Nubes altas;14/04/18
RYR2593;AGP;SDR;BOEING 737-800 WINGLETS;Despejado;14/04/18
RYR2214;VLC;SDR;BOEING 737-800 WINGLETS;Abertura de claros;14/04/18
IBE0556;MAD;SDR;AIRBUS A319;Nubes altas;14/04/18
VLG3719;MAH;BCN;32B;Lluvia moderada;13/04/18
IBE8481;MAH;PMI;CANADAIR CRJ-900;Lluvia moderada;14/04/18
IBE8951;MAH;MAD;BOMBARDIER CRJ-1000;Lluvia moderada;14/04/18
AAL8615;MAH;MAD;BOMBARDIER CRJ-1000;Lluvia moderada;14/04/18
IBE8495;MAH;PMI;ATR-42/72;Lluvia moderada;14/04/18
VLG3713;MAH;BCN;AIRBUS A320;Lluvia moderada;14/04/18
IBE8483;MAH;PMI;BOMBARDIER CRJ-1000;Lluvia moderada;14/04/18
VLG3715;MAH;BCN;32A;Lluvia moderada;14/04/18
IBE8660;MAH;VIT;BOMBARDIER CRJ-1000;Lluvia moderada;14/04/18
VLG1341;MAH;ALC;32A;Lluvia moderada;14/04/18
AEA4532;MAH;PMI;ATR-72;Lluvia moderada;14/04/18
VLG2433;MAH;SVQ;AIRBUS A320;Lluvia moderada;14/04/18
IBE8499;MAH;PMI;ATR-42/72;Lluvia moderada;14/04/18
EZY8304;MAH;LGW;AIRBUS A319;Lluvia moderada;14/04/18
AEA4530;MAH;PMI;ATR-72;Lluvia moderada;14/04/18
RYR6882;MAH;BCN;BOEING 737-800 WINGLETS;Lluvia moderada;14/04/18
IBE8493;MAH;PMI;BOMBARDIER CRJ-1000;Lluvia moderada;14/04/18
VLG1640;SCQ;FUE;AIRBUS A320;Chubascos dispersos;14/04/18
IBS3895;SCQ;MAD;32A;Chubascos dispersos;14/04/18
RYR5316;SCQ;MAD;BOEING 737-800 WINGLETS;Chubascos dispersos;14/04/18
RYR6333;SCQ;BCN;BOEING 737-800 WINGLETS;Chubascos dispersos;14/04/18
IBS3877;SCQ;MAD;AIRBUS A320;Chubascos dispersos;14/04/18
EZS1338;SCQ;GVA;AIRBUS A320;Chubascos dispersos;14/04/18
VLG1671;SCQ;BCN;32A;Chubascos dispersos;14/04/18
EZY8590;SCQ;LGW;AIRBUS A319;Chubascos dispersos;14/04/18
IBE8204;SCQ;TFN;CANADAIR CRJ-900;Chubascos dispersos;14/04/18
IBS9517;SCQ;PMI;AIRBUS A320;Chubascos dispersos;14/04/18
RYR724;SCQ;PMI;BOEING 737-800 WINGLETS;Chubascos dispersos;14/04/18
AEA7116;SCQ;ACE;BOEING 737-800 WINGLETS;Chubascos dispersos;14/04/18
IBE8679;SCQ;IBZ;BOMBARDIER CRJ-1000;Chubascos dispersos;14/04/18
VLG7515;SCQ;ZRH;AIRBUS A320;Chubascos dispersos;14/04/18
EZY2682;SCQ;MXP;AIRBUS A319;Chubascos dispersos;14/04/18
IBS3875;SCQ;MAD;AIRBUS A320;Chubascos dispersos;14/04/18
SWR2553;SCQ;ZRH;AIRBUS A320;Chubascos dispersos;14/04/18
RYR2574;SCQ;AGP;BOEING 737-800 WINGLETS;Chubascos dispersos;14/04/18
AEA5001;AGP;MLN;ATR-72;Despejado;14/04/18
IBE8262;AGP;MLN;ATR-72;Despejado;14/04/18
IBE8792;MAD;MLN;ATR-72;Nubes altas;14/04/18
IBE8268;AGP;MLN;ATR-72;Despejado;14/04/18
IBE8264;AGP;MLN;ATR-72;Despejado;14/04/18
IBE8270;AGP;MLN;ATR-72;Despejado;14/04/18
IBE8798;MAD;MLN;ATR-72;Nubes altas;14/04/18
IBE8272;AGP;MLN;ATR-72;Despejado;14/04/18
VLG3531;IBZ;BCN;AIRBUS A320;Llovizna;13/04/18
RYR6457;IBZ;CRL;BOEING 737-800 WINGLETS;Llovizna;14/04/18
IBE8101;IBZ;PMI;BOMBARDIER CRJ-1000;Llovizna;14/04/18
AEA1701;IBZ;PMI;ATR-72;Llovizna;14/04/18
EWG5861;IBZ;VIE;32A;Llovizna;14/04/18
RYR8137;IBZ;BCN;BOEING 737-800 WINGLETS;Llovizna;14/04/18
VLG3541;IBZ;BCN;32A;Llovizna;14/04/18
RYR5355;IBZ;MAD;BOEING 737-800 WINGLETS;Llovizna;14/04/18
EWG545;IBZ;CGN;BOEING 737-800 WINGLETS;Llovizna;14/04/18
VLG3434;IBZ;MAD;AIRBUS A320;Llovizna;14/04/18
EZY2692;IBZ;MXP;32A;Llovizna;14/04/18
RYR8333;IBZ;BGY;BOEING 737-800 WINGLETS;Llovizna;14/04/18
TRA5672;IBZ;AMS;BOEING 737-800 WINGLETS;Llovizna;14/04/18
IBE8105;IBZ;PMI;BOMBARDIER CRJ-1000;Llovizna;14/04/18
VLG8181;IBZ;ORY;AIRBUS A321;Llovizna;14/04/18
AEA1703;IBZ;PMI;ATR-72;Llovizna;14/04/18
IBE8678;IBZ;SCQ;BOMBARDIER CRJ-1000;Llovizna;14/04/18
JAF5626;FUE;NTE;BOEING 737-800 WINGLETS;Nubes altas;13/04/18
IBB203;FUE;LPA;ATR-72;Nubes altas;14/04/18
AEA9432;FUE;LPA;ATR-72;Nubes altas;14/04/18
VLG3165;FUE;SVQ;AIRBUS A320;Nubes altas;14/04/18
IBB415;FUE;TFN;ATR-42/72;Nubes altas;14/04/18
VLG1641;FUE;SCQ;AIRBUS A320;Nubes altas;14/04/18
TUI2279;FUE;CGN;7S8;Nubes altas;14/04/18
TUI2863;FUE;BSL;7S8;Nubes altas;14/04/18
IBB237;FUE;LPA;ATR-42/72;Nubes altas;14/04/18
OLY627;FUE;STR;AIRBUS A321;Nubes altas;14/04/18
CNF804;FUE;LPA;ATR-72;Nubes altas;14/04/18
IBB209;FUE;LPA;ATR-72;Nubes altas;14/04/18
TUI2117;FUE;DUS;BOEING 737-700;Nubes altas;14/04/18
TUI2873;FUE;TXL;BOEING 737-700;Nubes altas;14/04/18
RYR1102;FUE;SXF;BOEING 737-800 WINGLETS;Nubes altas;14/04/18
VLG3197;FUE;CDG;AIRBUS A320;Nubes altas;14/04/18
TUI2353;FUE;HAM;7S8;Nubes altas;14/04/18
RYR8183;FUE;STN;BOEING 737-800 WINGLETS;Nubes altas;14/04/18
FIN1726;ALC;HEL;AIRBUS A319;Nubes altas;14/04/18
ANE8397;ALC;MAD;BOMBARDIER CRJ-1000;Nubes altas;14/04/18
AAL8584;ALC;MAD;BOMBARDIER CRJ-1000;Nubes altas;14/04/18
VLG7396;ALC;ALG;32A;Nubes altas;14/04/18
RYR2408;ALC;FMM;BOEING 737-800 WINGLETS;Nubes altas;14/04/18
IBK5350;ALC;ARN;BOEING 737-800 WINGLETS;Nubes altas;14/04/18
VLG8253;ALC;ORY;AIRBUS A320;Nubes altas;14/04/18
RYR7522;ALC;EIN;BOEING 737-800 WINGLETS;Nubes altas;14/04/18
VLG1311;ALC;BCN;32A;Nubes altas;14/04/18
VLG3934;ALC;PMI;32A;Nubes altas;14/04/18
IBK5376;ALC;BLL;BOEING 737-800 WINGLETS;Nubes altas;14/04/18
RYR5598;ALC;HAU;BOEING 737-800 WINGLETS;Nubes altas;14/04/18
IBK5358;ALC;GOT;BOEING 737-800 WINGLETS;Nubes altas;14/04/18
RYR9066;ALC;BLL;BOEING 737-800 WINGLETS;Nubes altas;14/04/18
EXS1412;ALC;STN;BOEING 737-800;Nubes altas;14/04/18
IBK5320;ALC;OSL;BOEING 737-800 WINGLETS;Nubes altas;14/04/18
RYR2714;ALC;LGW;BOEING 737-800 WINGLETS;Nubes altas;14/04/18
RYR4079;ALC;NCL;BOEING 737-800 WINGLETS;Nubes altas;14/04/18
VLG1303;ALC;BCN;32A;Nubes altas;14/04/18
VLG1571;BCN;OVD;AIRBUS A320;Abertura de claros;13/04/18
VLG1573;BCN;OVD;AIRBUS A320;Abertura de claros;14/04/18
IBE0488;MAD;OVD;AIRBUS A320;Nubes altas;14/04/18
VLG1579;BCN;OVD;32A;Abertura de claros;14/04/18
VOE3591;PMI;OVD;BOEING 717;Lluvia;14/04/18
IBS3612;TFN;OVD;AIRBUS A320;Despejado;14/04/18
IBS3980;MAD;OVD;AIRBUS A320;Nubes altas;14/04/18
IBE0480;MAD;OVD;32A;Nubes altas;14/04/18
VLG3138;ACE;OVD;AIRBUS A320;Nubes altas;14/04/18
AEA7308;MAD;VGO;EMBRAER ERJ-195;Nubes altas;14/04/18
VLG1702;BCN;VGO;BOEING 737-800 WINGLETS;Abertura de claros;14/04/18
IBE0530;MAD;VGO;AIRBUS A320;Nubes altas;14/04/18
AEA7302;MAD;VGO;EMBRAER ERJ-195;Nubes altas;14/04/18
IBE0532;MAD;VGO;AIRBUS A319;Nubes altas;14/04/18
EVE1123;ALC;VGO;32A;Nubes altas;14/04/18
AEA7300;MAD;VGO;EMBRAER ERJ-195;Nubes altas;14/04/18
LLX5052;ACE;AMS;AIRBUS A321;Nubes altas;13/04/18
RYR6154;ACE;PIK;BOEING 737-800 WINGLETS;Nubes altas;14/04/18
RYR2047;ACE;LBA;BOEING 737-800 WINGLETS;Nubes altas;14/04/18
RYR3491;ACE;NCL;BOEING 737-800 WINGLETS;Nubes altas;14/04/18
TVS3439;ACE;BES;BOEING 737-800 WINGLETS;Nubes altas;14/04/18
IBB501;ACE;LPA;ATR-72;Nubes altas;14/04/18
IBB453;ACE;TFN;ATR-42/72;Nubes altas;14/04/18
IBE2277;ACE;TFN;ATR-42/72;Nubes altas;14/04/18
TVS3441;ACE;LIL;BOEING 737-800 WINGLETS;Nubes altas;14/04/18
CNF704;ACE;LPA;ATR-42/72;Nubes altas;14/04/18
VLG3161;ACE;SVQ;AIRBUS A320;Nubes altas;14/04/18
TVS2415;ACE;DOL;BOEING 737-800 WINGLETS;Nubes altas;14/04/18
TVP7307;ACE;WAW;BOEING 737-800 WINGLETS;Nubes altas;14/04/18
VLG3281;ACE;BIO;AIRBUS A320;Nubes altas;14/04/18
IBB505;ACE;LPA;ATR-42/72;Nubes altas;14/04/18
IBB507;ACE;LPA;ATR-42/72;Nubes altas;14/04/18
AEA9076;ACE;MAD;BOEING 737-800 WINGLETS;Nubes altas;14/04/18
EZS1250;ACE;BSL;AIRBUS A320;Nubes altas;14/04/18
RYR6209;ACE;NRN;BOEING 737-800 WINGLETS;Nubes altas;14/04/18
IBE0410;MAD;XRY;32A;Nubes altas;14/04/18
VLG2614;BIO;XRY;32A;Nubes altas;14/04/18
IBE0404;MAD;XRY;AIRBUS A319;Nubes altas;14/04/18
RYR1283;BCN;XRY;BOEING 737-800 WINGLETS;Abertura de claros;14/04/18
IBE0406;MAD;XRY;AIRBUS A319;Nubes altas;14/04/18
IBE8594;MAD;LEI;CANADAIR CRJ-900;Nubes altas;14/04/18
VLG1251;BCN;LEI;32A;Abertura de claros;14/04/18
IBE8598;MAD;LEI;CANADAIR CRJ-200;Nubes altas;14/04/18
IBE8592;MAD;LEI;BOMBARDIER CRJ-1000;Nubes altas;14/04/18
IBK6303;LPA;MAD;BOEING 737-800 WINGLETS;Nubes altas;13/04/18
RYR5431;PMI;MAD;BOEING 737-800 WINGLETS;Lluvia;13/04/18
RYR654;TFS;PIK;BOEING 737-800 WINGLETS;Despejado;14/04/18
RYR4067;TFS;SXF;BOEING 737-800 WINGLETS;Despejado;14/04/18
RYR1038;TFS;FMM;BOEING 737-800 WINGLETS;Despejado;14/04/18
RYR2493;TFS;LBA;BOEING 737-800 WINGLETS;Despejado;14/04/18
TOM1609;TFS;ABZ;BOEING 737-800 WINGLETS;Despejado;14/04/18
IBK6472;TFS;CPH;BOEING 737-800 WINGLETS;Despejado;14/04/18
TVF1151;TFS;ORY;BOEING 737-800 WINGLETS;Despejado;14/04/18
IBK6410;TFS;EDI;BOEING 737-800 WINGLETS;Despejado;14/04/18
IBK6512;TFS;MUC;BOEING 737-800 WINGLETS;Despejado;14/04/18
EDW215;TFS;ZRH;AIRBUS A320;Despejado;14/04/18
JAF6114;TFS;BRU;7M8;Despejado;14/04/18
TUI2197;TFS;MUC;BOEING 737-800 WINGLETS;Despejado;14/04/18
IBB152;TFS;LPA;ATR-72;Despejado;14/04/18
IBE2233;TFS;LPA;ATR-72;Despejado;14/04/18
RYR4754;TFS;BRS;BOEING 737-800 WINGLETS;Despejado;14/04/18
VLG3221;TFS;BCN;AIRBUS A320;Despejado;14/04/18
VLG3135;TFS;ORY;32B;Despejado;14/04/18
RYR8167;TFS;STN;BOEING 737-800 WINGLETS;Despejado;14/04/18
RYR1589;TFS;FRA;BOEING 737-800 WINGLETS;Despejado;14/04/18
EXS756;TFS;MAN;BOEING 737-800 WINGLETS;Despejado;14/04/18
IBB604;SPC;TFN;ATR-42/72;Nubes altas;14/04/18
IBB606;SPC;TFN;ATR-42/72;Nubes altas;14/04/18
IBE2282;SPC;TFN;ATR-42/72;Nubes altas;14/04/18
IBB304;SPC;LPA;ATR-72;Nubes altas;14/04/18
CNF413;SPC;TFN;ATR-72;Nubes altas;14/04/18
IBB608;SPC;TFN;ATR-42/72;Nubes altas;14/04/18
AEA9462;SPC;TFN;ATR-72;Nubes altas;14/04/18
IBB612;SPC;TFN;ATR-72;Nubes altas;14/04/18
CNF419;SPC;TFN;ATR-72;Nubes altas;14/04/18
IBB610;SPC;TFN;ATR-42/72;Nubes altas;14/04/18
EZY8712;SPC;LGW;AIRBUS A320;Nubes altas;14/04/18
AEA9464;SPC;TFN;ATR-72;Nubes altas;14/04/18
IBB620;SPC;TFN;ATR-72;Nubes altas;14/04/18
EWG9545;SPC;DUS;32A;Nubes altas;14/04/18
GMI3953;SPC;HAM;AIRBUS A319;Nubes altas;14/04/18
EWG7529;SPC;HAM;32A;Nubes altas;14/04/18
IBB622;SPC;TFN;ATR-42/72;Nubes altas;14/04/18
IBS3843;SPC;MAD;AIRBUS A320;Nubes altas;14/04/18
CNF453;SPC;TFN;ATR-72;Nubes altas;14/04/18
IBB632;SPC;TFN;ATR-42/72;Nubes altas;14/04/18
IBE7265;SPC;TFN;ATR-42/72;Nubes altas;14/04/18
AEA9466;SPC;TFN;ATR-72;Nubes altas;14/04/18
VLG3249;SPC;BCN;AIRBUS A320;Nubes altas;14/04/18
AEA7161;MAD;BIO;EMBRAER ERJ-195;Nubes altas;14/04/18
VLG2608;AGP;BIO;AIRBUS A320;Despejado;14/04/18
VLG1420;BCN;BIO;32B;Abertura de claros;14/04/18
IBE8948;VLC;BIO;BOMBARDIER CRJ-1000;Abertura de claros;14/04/18
IBE0448;MAD;BIO;AIRBUS A319;Nubes altas;14/04/18
VLG2505;SVQ;BIO;AIRBUS A320;Nubes altas;13/04/18
VLG1440;BCN;BIO;32A;Abertura de claros;14/04/18
AEA2659;BCN;BIO;BOEING 737-800 WINGLETS;Abertura de claros;14/04/18
AEA7506;PMI;BIO;EMBRAER ERJ-195;Lluvia;14/04/18
VLG2010;BCN;GRX;32B;Abertura de claros;14/04/18
IBE8640;MAD;GRX;BOMBARDIER CRJ-1000;Nubes altas;14/04/18
VLG2020;BCN;GRX;32A;Abertura de claros;14/04/18
AEA5201;PMI;GRX;EMBRAER ERJ-195;Lluvia;14/04/18
IBE8646;MAD;GRX;BOMBARDIER CRJ-1000;Nubes altas;14/04/18
IBE8642;MAD;GRX;CANADAIR CRJ-900;Nubes altas;14/04/18
VLG2014;BCN;GRX;AIRBUS A320;Abertura de claros;14/04/18
VLG2016;BCN;GRX;32B;Abertura de claros;14/04/18
IBE8648;MAD;GRX;BOMBARDIER CRJ-1000;Nubes altas;14/04/18
IBE2100;MAD;BCN;32A;Nubes altas;13/04/18
VLG9770;MAD;BCN;32A;Nubes altas;13/04/18
LAN7062;MAD;BCN;32A;Nubes altas;13/04/18
JAL6981;MAD;BCN;32A;Nubes altas;13/04/18
IBE2100S;MAD;BCN;32A;Nubes altas;13/04/18
VLG3919;PMI;BCN;AIRBUS A320;Lluvia;13/04/18
VLG3519;IBZ;BCN;32B;Llovizna;13/04/18
VLG3719;MAH;BCN;32B;Lluvia moderada;13/04/18
VLG3718;BCN;MAH;32B;Abertura de claros;13/04/18
IBE8494;PMI;MAH;ATR-42/72;Despejado;17/04/18
VLG3712;BCN;MAH;AIRBUS A320;Abertura de claros;14/04/18
IBE8480;PMI;MAH;BOMBARDIER CRJ-1000;Despejado;17/04/18
VLG3714;BCN;MAH;32A;Abertura de claros;14/04/18
IBE8482;PMI;MAH;BOMBARDIER CRJ-1000;Despejado;17/04/18
VLG1340;ALC;MAH;32A;Nubes altas;14/04/18
AEA4537;PMI;MAH;ATR-72;Lluvia;14/04/18
VLG2432;SVQ;MAH;AIRBUS A320;Nubes altas;14/04/18
IBE8498;PMI;MAH;ATR-42/72;Despejado;17/04/18
IBE8661;VIT;MAH;BOMBARDIER CRJ-1000;Abertura de claros;14/04/18
AEA4531;PMI;MAH;ATR-72;Lluvia;14/04/18
RYR6881;BCN;MAH;BOEING 737-800 WINGLETS;Abertura de claros;14/04/18
VLG3716;BCN;MAH;AIRBUS A320;Abertura de claros;14/04/18
IBS3866;MAD;AGP;AIRBUS A320;Nubes altas;14/04/18
AEA5035;MAD;AGP;ATR-72;Nubes altas;14/04/18
IBE8261;MLN;AGP;ATR-72;Despejado;14/04/18
VLG2115;BCN;AGP;32B;Abertura de claros;14/04/18
RYR8136;BCN;IBZ;BOEING 737-800 WINGLETS;Abertura de claros;14/04/18
VLG3540;BCN;IBZ;32A;Abertura de claros;14/04/18
RYR5354;MAD;IBZ;BOEING 737-800 WINGLETS;Nubes altas;14/04/18
VLG3447;MAD;IBZ;AIRBUS A320;Nubes altas;14/04/18
IBE8104;PMI;IBZ;BOMBARDIER CRJ-1000;Despejado;17/04/18
IBE8676;BCN;IBZ;BOMBARDIER CRJ-1000;Despejado;17/04/18
AEA1702;PMI;IBZ;ATR-72;Lluvia;14/04/18
AEA9431;LPA;FUE;ATR-72;Nubes altas;14/04/18
IBB200;LPA;FUE;ATR-72;Nubes altas;14/04/18
VLG3164;SVQ;FUE;AIRBUS A320;Nubes altas;14/04/18
VLG1640;SCQ;FUE;AIRBUS A320;Chubascos dispersos;14/04/18
IBB414;TFN;FUE;ATR-42/72;Despejado;14/04/18
CNF803;LPA;FUE;ATR-72;Nubes altas;14/04/18
IBB236;LPA;FUE;ATR-72;Nubes altas;14/04/18
IBB208;LPA;FUE;ATR-72;Nubes altas;14/04/18
IBB210;LPA;FUE;ATR-72;Nubes altas;14/04/18
IBS3900;MAD;FUE;AIRBUS A320;Nubes altas;14/04/18
VLG3218;BCN;TFN;32B;Abertura de claros;13/04/18
AEA9403;LPA;TFN;ATR-72;Nubes altas;14/04/18
IBB107;LPA;TFN;BOMBARDIER CRJ-1000;Nubes altas;14/04/18
IBB604;SPC;TFN;ATR-42/72;Nubes altas;14/04/18
AEA9059;MAD;TFN;BOEING 737-800 WINGLETS;Nubes altas;14/04/18
RYR3063;BCN;TFN;BOEING 737-800 WINGLETS;Abertura de claros;14/04/18
IBB606;SPC;TFN;ATR-42/72;Nubes altas;14/04/18
RYR5278;MAD;TFN;BOEING 737-800 WINGLETS;Nubes altas;14/04/18
IBB415;FUE;TFN;ATR-42/72;Nubes altas;14/04/18
IBB453;ACE;TFN;ATR-42/72;Nubes altas;14/04/18
CNF413;SPC;TFN;ATR-72;Nubes altas;14/04/18
IBB119;LPA;TFN;BOMBARDIER CRJ-1000;Nubes altas;14/04/18
IBB608;SPC;TFN;ATR-42/72;Nubes altas;14/04/18
IBB656;VDE;TFN;ATR-72;Despejado;14/04/18
VLG3260;BIO;TFN;32A;Nubes altas;14/04/18
AEA9415;LPA;TFN;ATR-72;Nubes altas;14/04/18
AEA9462;SPC;TFN;ATR-72;Nubes altas;14/04/18
IBK5756;BCN;TFN;BOEING 737-800 WINGLETS;Abertura de claros;14/04/18
IBB612;SPC;TFN;ATR-72;Nubes altas;14/04/18
IBS3942;MAD;TFN;32A;Nubes altas;14/04/18
RYR6368;BCN;PMI;BOEING 737-800 WINGLETS;Abertura de claros;13/04/18
VLG3953;VLC;PMI;AIRBUS A320;Abertura de claros;13/04/18
VLG3928;BCN;PMI;AIRBUS A320;Abertura de claros;14/04/18
ANE8636;VLC;PMI;CANADAIR CRJ-900;Despejado;17/04/18
VLG3902;BCN;PMI;32B;Abertura de claros;14/04/18
VLG3220;BCN;TFS;AIRBUS A320;Abertura de claros;14/04/18
IBB123;LPA;TFS;ATR-72;Nubes altas;14/04/18
VLG1302;BCN;ALC;32A;Abertura de claros;14/04/18
AEA4047;MAD;ALC;ATR-72;Nubes altas;14/04/18
ANE8390;MAD;ALC;BOMBARDIER CRJ-1000;Despejado;17/04/18
RYR2011;MAD;LPA;BOEING 737-800 WINGLETS;Nubes altas;13/04/18
RYR7202;VLC;LPA;BOEING 737-800 WINGLETS;Abertura de claros;13/04/18
VLG3000;BCN;LPA;32B;Abertura de claros;13/04/18
RYR6370;BCN;LPA;BOEING 737-800 WINGLETS;Abertura de claros;13/04/18
IBB102;TFN;LPA;BOMBARDIER CRJ-1000;Despejado;14/04/18
CNF612;TFN;LPA;ATR-42/72;Despejado;14/04/18
AEA9404;TFN;LPA;ATR-72;Despejado;14/04/18
IBB203;FUE;LPA;ATR-72;Nubes altas;14/04/18
RYR2031;MAD;LPA;BOEING 737-800 WINGLETS;Nubes altas;14/04/18
AEA9156;MAD;LPA;BOEING 787-8;Nubes altas;14/04/18
IBB501;ACE;LPA;ATR-72;Nubes altas;14/04/18
CNF704;ACE;LPA;ATR-42/72;Nubes altas;14/04/18
IBB304;SPC;LPA;ATR-72;Nubes altas;14/04/18
IBB108;TFN;LPA;BOMBARDIER CRJ-1000;Despejado;14/04/18
IBE8988;MAD;VLC;BOMBARDIER CRJ-1000;Nubes altas;13/04/18
AEA4063;MAD;VLC;ATR-72;Nubes altas;14/04/18
AEA4005;PMI;VLC;EMBRAER ERJ-195;Lluvia;14/04/18
IBE8986;MAD;VLC;BOMBARDIER CRJ-1000;Nubes altas;14/04/18
AAL8555;MAD;VLC;BOMBARDIER CRJ-1000;Nubes altas;14/04/18
IBE8036;MAD;VLC;BOMBARDIER CRJ-1000;Nubes altas;14/04/18
IBE8841;SVQ;VLC;ATR-72;Nubes altas;14/04/18
RYR6398;BCN;SVQ;BOEING 737-800 WINGLETS;Abertura de claros;13/04/18
VLG2220;BCN;SVQ;AIRBUS A320;Abertura de claros;13/04/18
ANE2034;GRO;SVQ;BOMBARDIER CRJ-1000;Nubosidad variable;14/04/18
VLG2506;BIO;SVQ;AIRBUS A320;Nubes altas;13/04/18
IBE8840;VLC;SVQ;ATR-72;Abertura de claros;14/04/18
IBS3954;MAD;SVQ;AIRBUS A320;Nubes altas;14/04/18
VLG2212;BCN;SVQ;32A;Abertura de claros;14/04/18
VLG2216;BCN;SVQ;32B;Abertura de claros;14/04/18
RYR6396;BCN;SVQ;BOEING 737-800 WINGLETS;Abertura de claros;14/04/18
VLG3940;SVQ;PMI;AIRBUS A320;Nubes altas;13/04/18
VLG3165;FUE;SVQ;AIRBUS A320;Nubes altas;14/04/18
VLG3161;ACE;SVQ;AIRBUS A320;Nubes altas;14/04/18
IBS3950;MAD;SVQ;AIRBUS A320;Nubes altas;14/04/18
RYR5273;PMI;SVQ;BOEING 737-800 WINGLETS;Lluvia;14/04/18
RYR6332;BCN;SCQ;BOEING 737-800 WINGLETS;Abertura de claros;14/04/18
IBS3876;MAD;SCQ;AIRBUS A320;Nubes altas;14/04/18
VLG1670;BCN;SCQ;32A;Abertura de claros;14/04/18
IBS9508;PMI;SCQ;AIRBUS A320;Lluvia;14/04/18
RYR5315;MAD;SCQ;BOEING 737-800 WINGLETS;Nubes altas;14/04/18
IBE8366;PMI;SCQ;CANADAIR CRJ-900;Despejado;17/04/18
AEA7136;LPA;SCQ;BOEING 737-800 WINGLETS;Nubes altas;14/04/18
IBE8678;IBZ;SCQ;BOMBARDIER CRJ-1000;Llovizna;14/04/18
VLG1641;FUE;SCQ;AIRBUS A320;Nubes altas;14/04/18
IBS3874;MAD;SCQ;AIRBUS A320;Nubes altas;14/04/18
RYR2573;AGP;SCQ;BOEING 737-800 WINGLETS;Despejado;14/04/18
RYR723;PMI;SCQ;BOEING 737-800 WINGLETS;Lluvia;14/04/18
IBS3878;MAD;SCQ;AIRBUS A320;Nubes altas;14/04/18
RYR2015;MAD;ACE;BOEING 737-800 WINGLETS;Nubes altas;13/04/18
IBB500;LPA;ACE;BOMBARDIER CRJ-1000;Nubes altas;14/04/18
IBB452;TFN;ACE;ATR-42/72;Despejado;14/04/18
CNF703;LPA;ACE;ATR-72;Nubes altas;14/04/18
VLG3160;SVQ;ACE;AIRBUS A320;Nubes altas;14/04/18
VLG3280;BIO;ACE;AIRBUS A320;Nubes altas;14/04/18
IBB506;LPA;ACE;ATR-72;Nubes altas;14/04/18
AEA9073;MAD;ACE;BOEING 737-800 WINGLETS;Nubes altas;14/04/18
AEA9447;LPA;ACE;ATR-72;Nubes altas;14/04/18
VLG2480;BCN;ACE;32A;Abertura de claros;14/04/18
IBB605;TFN;SPC;ATR-42/72;Despejado;14/04/18
IBB309;LPA;SPC;ATR-72;Nubes altas;14/04/18
CNF412;TFN;SPC;ATR-72;Despejado;14/04/18
IBB607;TFN;SPC;ATR-42/72;Despejado;14/04/18
AEA9461;TFN;SPC;ATR-72;Despejado;14/04/18
IBB611;TFN;SPC;ATR-42/72;Despejado;14/04/18
CNF418;TFN;SPC;ATR-72;Despejado;14/04/18
IBB609;TFN;SPC;ATR-42/72;Despejado;14/04/18
AEA9463;TFN;SPC;ATR-72;Despejado;14/04/18
IBB619;TFN;SPC;ATR-72;Despejado;14/04/18
IBB621;TFN;SPC;ATR-42/72;Despejado;14/04/18
IBS3842;MAD;SPC;AIRBUS A320;Nubes altas;14/04/18
CNF452;TFN;SPC;ATR-72;Despejado;14/04/18
IBB631;TFN;SPC;ATR-42/72;Despejado;14/04/18
IBE2228;TFN;SPC;ATR-42/72;Despejado;17/04/18
VLG3248;BCN;SPC;AIRBUS A320;Abertura de claros;14/04/18
AEA9465;TFN;SPC;ATR-72;Despejado;14/04/18
RYR6321;VLL;BCN;BOEING 737-800 WINGLETS;Nubes altas;14/04/18
IBE8221;RJL;MAD;CANADAIR CRJ-200;Nubes altas;14/04/18
RYR6320;BCN;VLL;BOEING 737-800 WINGLETS;Abertura de claros;14/04/18
RYR2036;VIT;SVQ;BOEING 737-800 WINGLETS;Abertura de claros;14/04/18
IBE8661;VIT;MAH;BOMBARDIER CRJ-1000;Abertura de claros;14/04/18
IBB650;GMZ;TFN;ATR-72;Despejado;14/04/18
IBB652;GMZ;TFN;ATR-72;Despejado;14/04/18
IBE8524;MAD;PNA;CANADAIR CRJ-200;Nubes altas;14/04/18
IBE8526;MAD;PNA;BOMBARDIER CRJ-1000;Nubes altas;14/04/18
RYR2035;SVQ;VIT;BOEING 737-800 WINGLETS;Nubes altas;14/04/18
IBE8660;MAH;VIT;BOMBARDIER CRJ-1000;Lluvia moderada;14/04/18
IBB651;TFN;GMZ;ATR-42/72;Despejado;14/04/18
IBB653;TFN;GMZ;ATR-42/72;Despejado;14/04/18
IBE2244;TFN;GMZ;ATR-72;Despejado;17/04/18
RYR7235;ZAZ;BVA;BOEING 737-800 WINGLETS;Nubes altas;14/04/18
WZZ3192;ZAZ;OTP;AIRBUS A320;Nubes altas;14/04/18
AEA4032;ZAZ;PMI;EMBRAER ERJ-195;Nubes altas;14/04/18
WZZ3418;ZAZ;CLJ;AIRBUS A320;Nubes altas;14/04/18
RYR2635;ZAZ;STN;BOEING 737-800 WINGLETS;Nubes altas;14/04/18
IBE8317;EAS;MAD;ATR-72;Nubes altas;14/04/18
VLG2487;EAS;BCN;AIRBUS A319;Nubes altas;14/04/18
IBE8327;EAS;MAD;ATR-72;Nubes altas;14/04/18
IBE8319;EAS;MAD;ATR-72;Nubes altas;14/04/18
IBE8329;EAS;MAD;ATR-72;Nubes altas;14/04/18
VLG2489;EAS;BCN;AIRBUS A319;Nubes altas;14/04/18
IBB656;VDE;TFN;ATR-72;Despejado;14/04/18
IBB660;VDE;TFN;ATR-42/72;Despejado;14/04/18
IBB664;VDE;TFN;ATR-72;Despejado;14/04/18
IBB366;VDE;LPA;ATR-72;Despejado;14/04/18
CNF248;VDE;TFN;ATR-72;Despejado;14/04/18
IBB674;VDE;TFN;ATR-72;Despejado;14/04/18
RYR2212;REU;EIN;BOEING 737-800 WINGLETS;Cubierto de nubes altas y medias;14/04/18
RYR1115;REU;DUB;BOEING 737-800 WINGLETS;Cubierto de nubes altas y medias;14/04/18
RYR1865;REU;SNN;BOEING 737-800 WINGLETS;Cubierto de nubes altas y medias;14/04/18
RYR3843;REU;STN;BOEING 737-800 WINGLETS;Cubierto de nubes altas y medias;14/04/18
EZY2208;REU;LTN;AIRBUS A319;Cubierto de nubes altas y medias;14/04/18
RYR2829;REU;CRL;BOEING 737-800 WINGLETS;Cubierto de nubes altas y medias;14/04/18
AEA7232;LCG;MAD;EMBRAER ERJ-195;Chubascos dispersos;14/04/18
IBE0511;LCG;MAD;AIRBUS A319;Chubascos dispersos;14/04/18
VLG1293;LCG;BCN;32A;Chubascos dispersos;14/04/18
TAP1085;LCG;LIS;ATR-72;Chubascos dispersos;14/04/18
VLG3971;LCG;PMI;32A;Chubascos dispersos;14/04/18
AEA7234;LCG;MAD;EMBRAER ERJ-195;Chubascos dispersos;14/04/18
IBE0513;LCG;MAD;AIRBUS A320;Chubascos dispersos;14/04/18
AEA7236;LCG;MAD;EMBRAER ERJ-195;Chubascos dispersos;14/04/18
BMS2904;MAD;BCM;BOEING 737-400;Nubes altas;14/04/18
AEE703;MAD;ATH;AIRBUS A321;Nubes altas;14/04/18
AZA059;MAD;FCO;AIRBUS A320;Nubes altas;14/04/18
KLM1698;MAD;AMS;BOEING 737-800 WINGLETS;Nubes altas;14/04/18
RYR3011;MAD;TLS;BOEING 737-800 WINGLETS;Nubes altas;14/04/18
DLH1121;MAD;FRA;AIRBUS A321;Nubes altas;14/04/18
RYR5993;MAD;STN;BOEING 737-800 WINGLETS;Nubes altas;14/04/18
RYR2526;MAD;SXF;BOEING 737-800 WINGLETS;Nubes altas;14/04/18
IBE8861;SDR;MAD;BOMBARDIER CRJ-1000;Nubes altas;14/04/18
RYR6385;SDR;BCN;BOEING 737-800 WINGLETS;Nubes altas;14/04/18
IBE0555;SDR;MAD;AIRBUS A319;Nubes altas;14/04/18
RYR4793;SDR;BGY;BOEING 737-800 WINGLETS;Nubes altas;14/04/18
RYR2594;SDR;AGP;BOEING 737-800 WINGLETS;Nubes altas;14/04/18
RYR2215;SDR;VLC;BOEING 737-800 WINGLETS;Nubes altas;14/04/18
IBE0557;SDR;MAD;AIRBUS A319;Nubes altas;14/04/18
RYR1573;SDR;SXF;BOEING 737-800 WINGLETS;Nubes altas;14/04/18
IBE8261;MLN;AGP;ATR-72;Despejado;14/04/18
IBE8789;MLN;MAD;ATR-72;Despejado;14/04/18
AEA5002;MLN;AGP;ATR-72;Despejado;14/04/18
IBE8273;MLN;AGP;ATR-72;Despejado;14/04/18
IBE8263;MLN;AGP;ATR-72;Despejado;14/04/18
IBE8269;MLN;AGP;ATR-72;Despejado;14/04/18
IBE8793;MLN;MAD;ATR-72;Despejado;14/04/18
IBE8271;MLN;AGP;ATR-72;Despejado;14/04/18
IBE0407;XRY;MAD;AIRBUS A320;Nubes altas;14/04/18
LGL688;XRY;LUX;BOEING 737-700 WINGLETS;Nubes altas;14/04/18
DE1723;XRY;MUC;AIRBUS A320;Nubes altas;14/04/18
DE1565;XRY;HAM;AIRBUS A320;Nubes altas;14/04/18
IBE0411;XRY;MAD;32A;Nubes altas;14/04/18
VLG2615;XRY;BIO;32A;Nubes altas;14/04/18
VLG2287;XRY;BCN;BOEING 737-800 WINGLETS;Nubes altas;14/04/18
IBE0405;XRY;MAD;AIRBUS A320;Nubes altas;14/04/18
RYR1284;XRY;BCN;BOEING 737-800 WINGLETS;Nubes altas;14/04/18
IBE8603;LEI;MAD;BOMBARDIER CRJ-1000;Despejado;14/04/18
LGL694;LEI;LUX;BOEING 737-800 WINGLETS;Despejado;14/04/18
JAF6944;LEI;BRU;EMBRAER 190;Despejado;14/04/18
IBE8595;LEI;MAD;CANADAIR CRJ-900;Despejado;14/04/18
EZY8164;LEI;LGW;AIRBUS A320;Despejado;14/04/18
VLG1252;LEI;BCN;32A;Despejado;14/04/18
IBE8577;LEI;MAD;CANADAIR CRJ-200;Despejado;14/04/18
IBE8601;LEI;MAD;BOMBARDIER CRJ-1000;Despejado;14/04/18
BAW421;LEI;LHR;AIRBUS A319;Despejado;14/04/18
TRA5644;LEI;RTM;BOEING 737-700 WINGLETS;Despejado;14/04/18
RYR7319;LEI;DUB;BOEING 737-800 WINGLETS;Despejado;14/04/18
MLD598;BCN;KIV;AIRBUS A319;Abertura de claros;14/04/18
IBE2601;BCN;EZE;AIRBUS A330-200;Abertura de claros;14/04/18
VLG8036;BCN;ORY;AIRBUS A319;Abertura de claros;14/04/18
THY1852;BCN;IST;32B;Abertura de claros;14/04/18
RYR6341;BCN;FCO;BOEING 737-800 WINGLETS;Abertura de claros;14/04/18
AFR1449;BCN;CDG;AIRBUS A320;Abertura de claros;14/04/18
RYR6353;BCN;BGY;BOEING 737-800 WINGLETS;Abertura de claros;14/04/18
RYR2918;BCN;BRU;BOEING 737-800 WINGLETS;Abertura de claros;14/04/18
KLM1662;BCN;AMS;BOEING 737-800 WINGLETS;Abertura de claros;14/04/18
VLG1572;OVD;BCN;AIRBUS A320;Nubes altas;14/04/18
VOE3590;OVD;PMI;BOEING 717;Nubes altas;14/04/18
VLG1574;OVD;BCN;AIRBUS A320;Nubes altas;14/04/18
IBE0479;OVD;MAD;AIRBUS A320;Nubes altas;14/04/18
IBE0475;OVD;MAD;AIRBUS A320;Nubes altas;14/04/18
VLG3139;OVD;ACE;AIRBUS A320;Nubes altas;14/04/18
IBS3613;OVD;TFN;AIRBUS A320;Nubes altas;14/04/18
IBS3610;OVD;LHR;AIRBUS A320;Nubes altas;14/04/18
TAP1113;OVD;LIS;ATR-72;Nubes altas;14/04/18
IBE0537;VGO;MAD;AIRBUS A319;Lluvia débil;14/04/18
AEA7311;VGO;MAD;EMBRAER ERJ-195;Lluvia débil;14/04/18
VLG1703;VGO;BCN;BOEING 737-800 WINGLETS;Lluvia débil;14/04/18
IBE0531;VGO;MAD;AIRBUS A319;Lluvia débil;14/04/18
RYR7142;VGO;EDI;BOEING 737-800 WINGLETS;Lluvia débil;14/04/18
AEA7315;VGO;MAD;EMBRAER ERJ-195;Lluvia débil;14/04/18
IBE0533;VGO;MAD;AIRBUS A319;Lluvia débil;14/04/18
EVE1124;VGO;ALC;AIRBUS A320;Lluvia débil;14/04/18
TAP1141;VGO;LIS;ATR-72;Lluvia débil;14/04/18
AEA7317;VGO;MAD;EMBRAER ERJ-195;Lluvia débil;14/04/18
IBE8639;GRX;MAD;CANADAIR CRJ-900;Cubierto de nubes altas y medias;14/04/18
VLG2011;GRX;BCN;32B;Cubierto de nubes altas y medias;14/04/18
IBE8641;GRX;MAD;BOMBARDIER CRJ-1000;Cubierto de nubes altas y medias;14/04/18
VLG2021;GRX;BCN;AIRBUS A320;Cubierto de nubes altas y medias;14/04/18
AEA5200;GRX;PMI;EMBRAER ERJ-195;Cubierto de nubes altas y medias;14/04/18
IBE8645;GRX;MAD;BOMBARDIER CRJ-1000;Cubierto de nubes altas y medias;14/04/18
IBE8649;GRX;MAD;CANADAIR CRJ-900;Cubierto de nubes altas y medias;14/04/18
VLG2015;GRX;BCN;AIRBUS A320;Cubierto de nubes altas y medias;14/04/18
VLG8727;GRX;CDG;AIRBUS A320;Cubierto de nubes altas y medias;14/04/18
EZY8172;GRX;LGW;AIRBUS A319;Cubierto de nubes altas y medias;14/04/18
VLG2017;GRX;BCN;AIRBUS A321;Cubierto de nubes altas y medias;14/04/18
BEL3716;BIO;BRU;AIRBUS A319;Nubes altas;14/04/18
IBE0443;BIO;MAD;32A;Nubes altas;14/04/18
VOE3516;BIO;MLA;BOEING 717;Nubes altas;14/04/18
KLM1684;BIO;AMS;EMBRAER 190;Nubes altas;14/04/18
DLH1147;BIO;FRA;32A;Nubes altas;14/04/18
VLG2506;BIO;SVQ;AIRBUS A320;Nubes altas;13/04/18
VLG3280;BIO;ACE;AIRBUS A320;Nubes altas;14/04/18
AFR1377;BIO;CDG;EMBRAER 190;Nubes altas;14/04/18
TAP1065;BIO;LIS;ATR-42/72;Nubes altas;14/04/18
VLG3260;BIO;TFN;32A;Nubes altas;14/04/18
DLH1829;BIO;MUC;AIRBUS A320;Nubes altas;14/04/18
AEA7505;BIO;PMI;EMBRAER ERJ-195;Nubes altas;14/04/18
VLG2854;PMI;ORY;AIRBUS A320;Lluvia;14/04/18
EZY1514;PMI;GVA;32A;Lluvia;14/04/18
RYR2052;PMI;MAD;BOEING 737-800 WINGLETS;Lluvia;14/04/18
IBS3917;PMI;MAD;AIRBUS A320;Lluvia;14/04/18
VLG1225;PMI;LYS;AIRBUS A320;Lluvia;14/04/18
IBK6700;PMI;DUS;BOEING 737-800 WINGLETS;Lluvia;14/04/18
RYR6363;PMI;BCN;BOEING 737-800 WINGLETS;Lluvia;14/04/18
IBK6650;PMI;ARN;BOEING 737-800 WINGLETS;Lluvia;14/04/18
RYR8235;PMI;BRS;BOEING 737-800 WINGLETS;Lluvia;14/04/18
RYR716;PMI;BVA;BOEING 737-800 WINGLETS;Lluvia;14/04/18
AEA6006;PMI;BCN;BOEING 737-800 WINGLETS;Lluvia;14/04/18
VLG3915;PMI;BCN;AIRBUS A320;Lluvia;14/04/18
AEA4033;PMI;ZAZ;EMBRAER ERJ-195;Lluvia;14/04/18
IBE8999;VLC;MAD;BOMBARDIER CRJ-1000;Abertura de claros;14/04/18
AEA1005;VLC;CDG;BOEING 737-800 WINGLETS;Abertura de claros;14/04/18
TAP1095;VLC;LIS;ATR-42/72;Abertura de claros;14/04/18
RYR4632;VLC;BGY;BOEING 737-800 WINGLETS;Abertura de claros;14/04/18
RYR2256;VLC;CGN;BOEING 737-800 WINGLETS;Abertura de claros;14/04/18
DLH1165;VLC;FRA;AIRBUS A321;Abertura de claros;14/04/18
IBE8636;VLC;PMI;CANADAIR CRJ-900;Abertura de claros;14/04/18
RYR9678;VLC;CIA;BOEING 737-800 WINGLETS;Abertura de claros;14/04/18
IBE8840;VLC;SVQ;ATR-72;Abertura de claros;14/04/18
IBE8948;VLC;BIO;BOMBARDIER CRJ-1000;Abertura de claros;14/04/18
VLG6244;VLC;FCO;AIRBUS A320;Abertura de claros;14/04/18
RYR2218;VLC;HAM;BOEING 737-800 WINGLETS;Abertura de claros;14/04/18
IBB655;TFN;VDE;ATR-42/72;Despejado;14/04/18
IBB659;TFN;VDE;ATR-42/72;Despejado;14/04/18
IBB663;TFN;VDE;ATR-42/72;Despejado;14/04/18
IBB365;LPA;VDE;ATR-72;Nubes altas;14/04/18
CNF247;TFN;VDE;ATR-42/72;Despejado;14/04/18
IBB673;TFN;VDE;ATR-42/72;Despejado;14/04/18
VLG2486;BCN;EAS;AIRBUS A319;Abertura de claros;14/04/18
IBE8314;MAD;EAS;ATR-72;Nubes altas;14/04/18
IBE8316;MAD;EAS;ATR-72;Nubes altas;14/04/18
IBE8322;MAD;EAS;ATR-72;Nubes altas;14/04/18
VLG2488;BCN;EAS;AIRBUS A319;Abertura de claros;14/04/18
IBE8324;MAD;EAS;ATR-72;Nubes altas;14/04/18
JAF6902;MJV;ANR;EMBRAER 190;Abertura de claros;14/04/18
RYR2155;MJV;BHX;BOEING 737-800 WINGLETS;Abertura de claros;14/04/18
EZY8550;MJV;LGW;AIRBUS A319;Abertura de claros;14/04/18
EZY6014;MJV;BRS;AIRBUS A319;Abertura de claros;14/04/18
RYR1925;MJV;EMA;BOEING 737-800 WINGLETS;Abertura de claros;14/04/18
RYR4117;MJV;MAN;BOEING 737-800 WINGLETS;Abertura de claros;14/04/18
NAX1703;MJV;OSL;BOEING 737-800 WINGLETS;Abertura de claros;14/04/18
RYR3453;MJV;LTN;BOEING 737-800 WINGLETS;Abertura de claros;14/04/18
EZY7426;MJV;SEN;AIRBUS A319;Abertura de claros;14/04/18
BAW449;MJV;LHR;32A;Abertura de claros;14/04/18
RYR8027;MJV;STN;BOEING 737-800 WINGLETS;Abertura de claros;14/04/18
EZY8554;MJV;LGW;AIRBUS A320;Abertura de claros;14/04/18
RYR7095;MJV;DUB;BOEING 737-800 WINGLETS;Abertura de claros;14/04/18
RYR6384;BCN;SDR;BOEING 737-800 WINGLETS;Abertura de claros;14/04/18
IBE0554;MAD;SDR;AIRBUS A319;Nubes altas;14/04/18
RYR2593;AGP;SDR;BOEING 737-800 WINGLETS;Despejado;14/04/18
RYR2214;VLC;SDR;BOEING 737-800 WINGLETS;Abertura de claros;14/04/18
IBE0556;MAD;SDR;AIRBUS A319;Nubes altas;14/04/18
VLG1876;AGP;CPH;AIRBUS A320;Despejado;14/04/18
SAS6232;AGP;AAR;32A;Despejado;14/04/18
SAS6354;AGP;OSL;32A;Despejado;14/04/18
VLG8366;AGP;AMS;AIRBUS A320;Despejado;14/04/18
IBK5108;AGP;HAM;BOEING 737-800 WINGLETS;Despejado;14/04/18
AEA1039;AGP;CDG;BOEING 737-800 WINGLETS;Despejado;14/04/18
IBK5140;AGP;WAW;BOEING 737-800 WINGLETS;Despejado;14/04/18
RYR2044;AGP;DTM;BOEING 737-800 WINGLETS;Despejado;14/04/18
RYR2588;AGP;KRK;BOEING 737-800 WINGLETS;Despejado;14/04/18
RYR9893;AGP;LPL;BOEING 737-800 WINGLETS;Despejado;14/04/18
VLG2985;AGP;NTE;AIRBUS A320;Despejado;14/04/18
TAP1137;AGP;LIS;ATR-42/72;Despejado;14/04/18
RYR5945;AGP;BOH;BOEING 737-800 WINGLETS;Despejado;14/04/18
VLG2608;AGP;BIO;AIRBUS A320;Despejado;14/04/18
RYR2531;AGP;BLL;BOEING 737-800 WINGLETS;Despejado;14/04/18
IBS3835;LPA;MAD;AIRBUS A321;Nubes altas;14/04/18
RYR4504;LPA;KRK;BOEING 737-800 WINGLETS;Nubes altas;14/04/18
RYR2565;LPA;HAM;BOEING 737-800 WINGLETS;Nubes altas;14/04/18
RYR3163;LPA;EMA;BOEING 737-800 WINGLETS;Nubes altas;14/04/18
VLG3186;LPA;NTE;AIRBUS A320;Nubes altas;14/04/18
AEA9403;LPA;TFN;ATR-72;Nubes altas;14/04/18
AEA9431;LPA;FUE;ATR-72;Nubes altas;14/04/18
VLG3001;LPA;BCN;AIRBUS A321;Nubes altas;14/04/18
AEA9018;LPA;MAD;BOEING 737-800 WINGLETS;Nubes altas;14/04/18
IBB200;LPA;FUE;ATR-72;Nubes altas;14/04/18
RYR3802;LPA;LPL;BOEING 737-800 WINGLETS;Nubes altas;14/04/18
IBB500;LPA;ACE;BOMBARDIER CRJ-1000;Nubes altas;14/04/18
DK1507;LPA;SVG;32B;Nubes altas;14/04/18
IBK5800;LPA;BCN;BOEING 737-800 WINGLETS;Nubes altas;14/04/18
IBB309;LPA;SPC;ATR-72;Nubes altas;14/04/18
VLG3215;TFN;BCN;32B;Despejado;14/04/18
IBS3945;TFN;MAD;AIRBUS A320;Despejado;14/04/18
IBB452;TFN;ACE;ATR-42/72;Despejado;14/04/18
IBB414;TFN;FUE;ATR-42/72;Despejado;14/04/18
IBK6378;TFN;MAD;BOEING 737-800 WINGLETS;Despejado;14/04/18
AEA9045;TFN;MAD;BOEING 737-800 WINGLETS;Despejado;14/04/18
IBB605;TFN;SPC;ATR-42/72;Despejado;14/04/18
CNF412;TFN;SPC;ATR-72;Despejado;14/04/18
IBB655;TFN;VDE;ATR-42/72;Despejado;14/04/18
AEA9404;TFN;LPA;ATR-72;Despejado;14/04/18
CNF612;TFN;LPA;ATR-42/72;Despejado;14/04/18
IBB102;TFN;LPA;BOMBARDIER CRJ-1000;Despejado;14/04/18
IBB607;TFN;SPC;ATR-42/72;Despejado;14/04/18
AEA9461;TFN;SPC;ATR-72;Despejado;14/04/18
IBB108;TFN;LPA;BOMBARDIER CRJ-1000;Despejado;14/04/18
IBB611;TFN;SPC;ATR-42/72;Despejado;14/04/18
RYR6457;IBZ;CRL;BOEING 737-800 WINGLETS;Llovizna;14/04/18
IBE8101;IBZ;PMI;BOMBARDIER CRJ-1000;Llovizna;14/04/18
AEA1701;IBZ;PMI;ATR-72;Llovizna;14/04/18
EWG5861;IBZ;VIE;32A;Llovizna;14/04/18
RYR8137;IBZ;BCN;BOEING 737-800 WINGLETS;Llovizna;14/04/18
VLG3541;IBZ;BCN;32A;Llovizna;14/04/18
RYR5355;IBZ;MAD;BOEING 737-800 WINGLETS;Llovizna;14/04/18
EWG545;IBZ;CGN;BOEING 737-800 WINGLETS;Llovizna;14/04/18
VLG3434;IBZ;MAD;AIRBUS A320;Llovizna;14/04/18
RYR8333;IBZ;BGY;BOEING 737-800 WINGLETS;Llovizna;14/04/18
TRA5672;IBZ;AMS;BOEING 737-800 WINGLETS;Llovizna;14/04/18
IBE8105;IBZ;PMI;BOMBARDIER CRJ-1000;Llovizna;14/04/18
VLG8181;IBZ;ORY;AIRBUS A321;Llovizna;14/04/18
AEA1703;IBZ;PMI;ATR-72;Llovizna;14/04/18
IBE8678;IBZ;SCQ;BOMBARDIER CRJ-1000;Llovizna;14/04/18
TRA6514;IBZ;EIN;BOEING 737-800 WINGLETS;Llovizna;14/04/18
VLG3306;IBZ;FCO;AIRBUS A320;Llovizna;14/04/18
AEA5001;AGP;MLN;ATR-72;Despejado;14/04/18
IBE8262;AGP;MLN;ATR-72;Despejado;14/04/18
IBE8792;MAD;MLN;ATR-72;Nubes altas;14/04/18
IBE8268;AGP;MLN;ATR-72;Despejado;14/04/18
IBE8264;AGP;MLN;ATR-72;Despejado;14/04/18
IBE8270;AGP;MLN;ATR-72;Despejado;14/04/18
IBE8798;MAD;MLN;ATR-72;Nubes altas;14/04/18
IBE8272;AGP;MLN;ATR-72;Despejado;14/04/18
FIN1726;ALC;HEL;AIRBUS A319;Nubes altas;14/04/18
ANE8397;ALC;MAD;BOMBARDIER CRJ-1000;Nubes altas;14/04/18
AAL8584;ALC;MAD;BOMBARDIER CRJ-1000;Nubes altas;14/04/18
VLG7396;ALC;ALG;32A;Nubes altas;14/04/18
RYR2408;ALC;FMM;BOEING 737-800 WINGLETS;Nubes altas;14/04/18
IBK5350;ALC;ARN;BOEING 737-800 WINGLETS;Nubes altas;14/04/18
VLG8253;ALC;ORY;AIRBUS A320;Nubes altas;14/04/18
RYR7522;ALC;EIN;BOEING 737-800 WINGLETS;Nubes altas;14/04/18
VLG3934;ALC;PMI;32A;Nubes altas;14/04/18
VLG1311;ALC;BCN;32A;Nubes altas;14/04/18
IBK5376;ALC;BLL;BOEING 737-800 WINGLETS;Nubes altas;14/04/18
RYR5598;ALC;HAU;BOEING 737-800 WINGLETS;Nubes altas;14/04/18
RYR9066;ALC;BLL;BOEING 737-800 WINGLETS;Nubes altas;14/04/18
IBK5358;ALC;GOT;BOEING 737-800 WINGLETS;Nubes altas;14/04/18
EXS1412;ALC;STN;BOEING 737-800;Nubes altas;14/04/18
IBK5320;ALC;OSL;BOEING 737-800 WINGLETS;Nubes altas;14/04/18
RYR2714;ALC;LGW;BOEING 737-800 WINGLETS;Nubes altas;14/04/18
RYR4079;ALC;NCL;BOEING 737-800 WINGLETS;Nubes altas;14/04/18
VLG1303;ALC;BCN;32A;Nubes altas;14/04/18
VLG1292;BCN;LCG;32A;Abertura de claros;14/04/18
AEA7233;MAD;LCG;EMBRAER ERJ-195;Nubes altas;14/04/18
IBE0512;MAD;LCG;AIRBUS A320;Nubes altas;14/04/18
AEA7235;MAD;LCG;EMBRAER ERJ-195;Nubes altas;14/04/18
VLG3970;PMI;LCG;32A;Lluvia;14/04/18
AEA7237;MAD;LCG;EMBRAER ERJ-195;Nubes altas;14/04/18
IBE8481;MAH;PMI;CANADAIR CRJ-900;Lluvia moderada;14/04/18
IBE8951;MAH;MAD;BOMBARDIER CRJ-1000;Lluvia moderada;14/04/18
AAL8615;MAH;MAD;BOMBARDIER CRJ-1000;Lluvia moderada;14/04/18
IBE8495;MAH;PMI;ATR-42/72;Lluvia moderada;14/04/18
VLG3713;MAH;BCN;AIRBUS A320;Lluvia moderada;14/04/18
IBE8483;MAH;PMI;BOMBARDIER CRJ-1000;Lluvia moderada;14/04/18
VLG3715;MAH;BCN;32A;Lluvia moderada;14/04/18
IBE8660;MAH;VIT;BOMBARDIER CRJ-1000;Lluvia moderada;14/04/18
VLG1341;MAH;ALC;32A;Lluvia moderada;14/04/18
AEA4532;MAH;PMI;ATR-72;Lluvia moderada;14/04/18
VLG2433;MAH;SVQ;AIRBUS A320;Lluvia moderada;14/04/18
IBE8499;MAH;PMI;ATR-42/72;Lluvia moderada;14/04/18
EZY8304;MAH;LGW;AIRBUS A319;Lluvia moderada;14/04/18
AEA4530;MAH;PMI;ATR-72;Lluvia moderada;14/04/18
RYR6882;MAH;BCN;BOEING 737-800 WINGLETS;Lluvia moderada;14/04/18
IBE8493;MAH;PMI;BOMBARDIER CRJ-1000;Lluvia moderada;14/04/18
VLG3709;MAH;BCN;AIRBUS A320;Lluvia moderada;14/04/18
RYR6154;ACE;PIK;BOEING 737-800 WINGLETS;Nubes altas;14/04/18
RYR2047;ACE;LBA;BOEING 737-800 WINGLETS;Nubes altas;14/04/18
RYR3491;ACE;NCL;BOEING 737-800 WINGLETS;Nubes altas;14/04/18
TVS3439;ACE;BES;BOEING 737-800 WINGLETS;Nubes altas;14/04/18
IBB501;ACE;LPA;ATR-72;Nubes altas;14/04/18
IBB453;ACE;TFN;ATR-42/72;Nubes altas;14/04/18
IBE2277;ACE;TFN;ATR-42/72;Nubes altas;14/04/18
TVS3441;ACE;LIL;BOEING 737-800 WINGLETS;Nubes altas;14/04/18
CNF704;ACE;LPA;ATR-42/72;Nubes altas;14/04/18
VLG3161;ACE;SVQ;AIRBUS A320;Nubes altas;14/04/18
TVP7307;ACE;WAW;BOEING 737-800 WINGLETS;Nubes altas;14/04/18
TVS2415;ACE;DOL;BOEING 737-800 WINGLETS;Nubes altas;14/04/18
VLG3281;ACE;BIO;AIRBUS A320;Nubes altas;14/04/18
IBB505;ACE;LPA;ATR-42/72;Nubes altas;14/04/18
IBB507;ACE;LPA;ATR-42/72;Nubes altas;14/04/18
AEA9076;ACE;MAD;BOEING 737-800 WINGLETS;Nubes altas;14/04/18
EZS1250;ACE;BSL;AIRBUS A320;Nubes altas;14/04/18
RYR6209;ACE;NRN;BOEING 737-800 WINGLETS;Nubes altas;14/04/18
VLG2481;ACE;BCN;32A;Nubes altas;14/04/18
RYR9123;GRO;EIN;BOEING 737-800 WINGLETS;Nubosidad variable;14/04/18
RYR3213;GRO;MAN;BOEING 737-800 WINGLETS;Nubosidad variable;14/04/18
RYR2344;GRO;NCL;BOEING 737-800 WINGLETS;Nubosidad variable;14/04/18
RYR9803;GRO;STN;BOEING 737-800 WINGLETS;Nubosidad variable;14/04/18
RYR4125;GRO;HHN;BOEING 737-800 WINGLETS;Nubosidad variable;14/04/18
RYR6391;GRO;NRN;BOEING 737-800 WINGLETS;Nubosidad variable;14/04/18
RYR9241;GRO;PSA;BOEING 737-800 WINGLETS;Nubosidad variable;14/04/18
RYR9107;GRO;BVA;BOEING 737-800 WINGLETS;Nubosidad variable;14/04/18
RYR6901;GRO;CRL;BOEING 737-800 WINGLETS;Nubosidad variable;14/04/18
RYR9012;GRO;MLA;BOEING 737-800 WINGLETS;Nubosidad variable;14/04/18
RYR6911;GRO;MST;BOEING 737-800 WINGLETS;Nubosidad variable;14/04/18
RYR9375;GRO;TLL;BOEING 737-800 WINGLETS;Nubosidad variable;14/04/18
RYR9002;GRO;BLL;BOEING 737-800 WINGLETS;Nubosidad variable;14/04/18
RYR9307;GRO;PIK;BOEING 737-800 WINGLETS;Nubosidad variable;14/04/18
RYR6393;GRO;NRN;BOEING 737-800 WINGLETS;Nubosidad variable;14/04/18
RYR3653;GRO;BRE;BOEING 737-800 WINGLETS;Nubosidad variable;14/04/18
RYR9911;GRO;BOH;BOEING 737-800 WINGLETS;Nubosidad variable;14/04/18
RYR6397;SVQ;BCN;BOEING 737-800 WINGLETS;Nubes altas;14/04/18
VLG3164;SVQ;FUE;AIRBUS A320;Nubes altas;14/04/18
RYR5201;SVQ;SXF;BOEING 737-800 WINGLETS;Nubes altas;14/04/18
VLG3941;SVQ;PMI;AIRBUS A320;Nubes altas;13/04/18
TAP1101;SVQ;LIS;ATR-42/72;Nubes altas;14/04/18
VLG3160;SVQ;ACE;AIRBUS A320;Nubes altas;14/04/18
RYR4471;SVQ;CPH;BOEING 737-800 WINGLETS;Nubes altas;14/04/18
IBE8841;SVQ;VLC;ATR-72;Nubes altas;14/04/18
VLG2505;SVQ;BIO;AIRBUS A320;Nubes altas;13/04/18
IBS3947;SVQ;MAD;AIRBUS A320;Nubes altas;14/04/18
TVF3101;SVQ;ORY;BOEING 737-800 WINGLETS;Nubes altas;14/04/18
VLG2211;SVQ;BCN;32A;Nubes altas;14/04/18
VLG2251;SVQ;BCN;32B;Nubes altas;14/04/18
VLG8830;SVQ;CDG;AIRBUS A320;Nubes altas;14/04/18
EZY8176;SVQ;LGW;AIRBUS A319;Nubes altas;14/04/18
IBE8594;MAD;LEI;CANADAIR CRJ-900;Nubes altas;14/04/18
VLG1251;BCN;LEI;32A;Abertura de claros;14/04/18
IBE8598;MAD;LEI;CANADAIR CRJ-200;Nubes altas;14/04/18
IBE8592;MAD;LEI;BOMBARDIER CRJ-1000;Nubes altas;14/04/18
VLG1640;SCQ;FUE;AIRBUS A320;Chubascos dispersos;14/04/18
IBS3895;SCQ;MAD;32A;Chubascos dispersos;14/04/18
RYR5316;SCQ;MAD;BOEING 737-800 WINGLETS;Chubascos dispersos;14/04/18
RYR6333;SCQ;BCN;BOEING 737-800 WINGLETS;Chubascos dispersos;14/04/18
IBS3877;SCQ;MAD;AIRBUS A320;Chubascos dispersos;14/04/18
EZS1338;SCQ;GVA;AIRBUS A320;Chubascos dispersos;14/04/18
VLG1671;SCQ;BCN;32A;Chubascos dispersos;14/04/18
EZY8590;SCQ;LGW;AIRBUS A319;Chubascos dispersos;14/04/18
IBE8204;SCQ;TFN;CANADAIR CRJ-900;Chubascos dispersos;14/04/18
IBS9517;SCQ;PMI;AIRBUS A320;Chubascos dispersos;14/04/18
RYR724;SCQ;PMI;BOEING 737-800 WINGLETS;Chubascos dispersos;14/04/18
IBE8679;SCQ;IBZ;BOMBARDIER CRJ-1000;Chubascos dispersos;14/04/18
AEA7116;SCQ;ACE;BOEING 737-800 WINGLETS;Chubascos dispersos;14/04/18
VLG7515;SCQ;ZRH;AIRBUS A320;Chubascos dispersos;14/04/18
EZY2682;SCQ;MXP;AIRBUS A319;Chubascos dispersos;14/04/18
IBS3875;SCQ;MAD;AIRBUS A320;Chubascos dispersos;14/04/18
SWR2553;SCQ;ZRH;AIRBUS A320;Chubascos dispersos;14/04/18
RYR2574;SCQ;AGP;BOEING 737-800 WINGLETS;Chubascos dispersos;14/04/18
VLG2614;BIO;XRY;32A;Nubes altas;14/04/18
VLG2286;BCN;XRY;BOEING 737-800 WINGLETS;Abertura de claros;14/04/18
IBE0404;MAD;XRY;AIRBUS A319;Nubes altas;14/04/18
RYR1283;BCN;XRY;BOEING 737-800 WINGLETS;Abertura de claros;14/04/18
IBE0406;MAD;XRY;AIRBUS A319;Nubes altas;14/04/18
RYR654;TFS;PIK;BOEING 737-800 WINGLETS;Despejado;14/04/18
RYR4067;TFS;SXF;BOEING 737-800 WINGLETS;Despejado;14/04/18
RYR1038;TFS;FMM;BOEING 737-800 WINGLETS;Despejado;14/04/18
RYR2493;TFS;LBA;BOEING 737-800 WINGLETS;Despejado;14/04/18
TOM1609;TFS;ABZ;BOEING 737-800 WINGLETS;Despejado;14/04/18
IBK6472;TFS;CPH;BOEING 737-800 WINGLETS;Despejado;14/04/18
TVF1151;TFS;ORY;BOEING 737-800 WINGLETS;Despejado;14/04/18
IBK6410;TFS;EDI;BOEING 737-800 WINGLETS;Despejado;14/04/18
IBK6512;TFS;MUC;BOEING 737-800 WINGLETS;Despejado;14/04/18
EDW215;TFS;ZRH;AIRBUS A320;Despejado;14/04/18
JAF6114;TFS;BRU;7M8;Despejado;14/04/18
TUI2197;TFS;MUC;BOEING 737-800 WINGLETS;Despejado;14/04/18
IBB152;TFS;LPA;ATR-72;Despejado;14/04/18
IBE2233;TFS;LPA;ATR-72;Despejado;14/04/18
RYR4754;TFS;BRS;BOEING 737-800 WINGLETS;Despejado;14/04/18
VLG3221;TFS;BCN;AIRBUS A320;Despejado;14/04/18
VLG3135;TFS;ORY;32B;Despejado;14/04/18
RYR8167;TFS;STN;BOEING 737-800 WINGLETS;Despejado;14/04/18
RYR1589;TFS;FRA;BOEING 737-800 WINGLETS;Despejado;14/04/18
EXS756;TFS;MAN;BOEING 737-800 WINGLETS;Despejado;14/04/18
AEA7308;MAD;VGO;EMBRAER ERJ-195;Nubes altas;14/04/18
VLG1702;BCN;VGO;BOEING 737-800 WINGLETS;Abertura de claros;14/04/18
IBE0530;MAD;VGO;AIRBUS A320;Nubes altas;14/04/18
AEA7302;MAD;VGO;EMBRAER ERJ-195;Nubes altas;14/04/18
IBE0532;MAD;VGO;AIRBUS A319;Nubes altas;14/04/18
EVE1123;ALC;VGO;32A;Nubes altas;14/04/18
AEA7300;MAD;VGO;EMBRAER ERJ-195;Nubes altas;14/04/18
VLG3719;MAH;BCN;32B;Lluvia moderada;13/04/18
RYR2959;SVQ;BCN;BOEING 737-800 WINGLETS;Nubes altas;13/04/18
VLG3531;IBZ;BCN;AIRBUS A320;Llovizna;13/04/18
VLG1571;BCN;OVD;AIRBUS A320;Abertura de claros;13/04/18
VLG1573;BCN;OVD;AIRBUS A320;Abertura de claros;14/04/18
IBE0488;MAD;OVD;AIRBUS A320;Nubes altas;14/04/18
VLG1579;BCN;OVD;32A;Abertura de claros;14/04/18
VOE3591;PMI;OVD;BOEING 717;Lluvia;14/04/18
IBS3612;TFN;OVD;AIRBUS A320;Despejado;14/04/18
IBS3980;MAD;OVD;AIRBUS A320;Nubes altas;14/04/18
IBE0480;MAD;OVD;32A;Nubes altas;14/04/18
VLG3138;ACE;OVD;AIRBUS A320;Nubes altas;14/04/18
IBB604;SPC;TFN;ATR-42/72;Nubes altas;14/04/18
IBB606;SPC;TFN;ATR-42/72;Nubes altas;14/04/18
IBE2282;SPC;TFN;ATR-42/72;Nubes altas;14/04/18
IBB304;SPC;LPA;ATR-72;Nubes altas;14/04/18
CNF413;SPC;TFN;ATR-72;Nubes altas;14/04/18
IBB608;SPC;TFN;ATR-42/72;Nubes altas;14/04/18
AEA9462;SPC;TFN;ATR-72;Nubes altas;14/04/18
IBB612;SPC;TFN;ATR-72;Nubes altas;14/04/18
CNF419;SPC;TFN;ATR-72;Nubes altas;14/04/18
IBB610;SPC;TFN;ATR-42/72;Nubes altas;14/04/18
EZY8712;SPC;LGW;AIRBUS A320;Nubes altas;14/04/18
AEA9464;SPC;TFN;ATR-72;Nubes altas;14/04/18
IBB620;SPC;TFN;ATR-72;Nubes altas;14/04/18
EWG9545;SPC;DUS;32A;Nubes altas;14/04/18
GMI3953;SPC;HAM;AIRBUS A319;Nubes altas;14/04/18
EWG7529;SPC;HAM;32A;Nubes altas;14/04/18
IBB622;SPC;TFN;ATR-42/72;Nubes altas;14/04/18
IBS3843;SPC;MAD;AIRBUS A320;Nubes altas;14/04/18
CNF453;SPC;TFN;ATR-72;Nubes altas;14/04/18
IBB632;SPC;TFN;ATR-42/72;Nubes altas;14/04/18
IBE7265;SPC;TFN;ATR-42/72;Nubes altas;14/04/18
AEA9466;SPC;TFN;ATR-72;Nubes altas;14/04/18
VLG3249;SPC;BCN;AIRBUS A320;Nubes altas;14/04/18
IBB203;FUE;LPA;ATR-72;Nubes altas;14/04/18
AEA9432;FUE;LPA;ATR-72;Nubes altas;14/04/18
VLG3165;FUE;SVQ;AIRBUS A320;Nubes altas;14/04/18
IBB415;FUE;TFN;ATR-42/72;Nubes altas;14/04/18
VLG1641;FUE;SCQ;AIRBUS A320;Nubes altas;14/04/18
TUI2279;FUE;CGN;7S8;Nubes altas;14/04/18
TUI2863;FUE;BSL;7S8;Nubes altas;14/04/18
IBB237;FUE;LPA;ATR-42/72;Nubes altas;14/04/18
OLY627;FUE;STR;AIRBUS A321;Nubes altas;14/04/18
CNF804;FUE;LPA;ATR-72;Nubes altas;14/04/18
IBB209;FUE;LPA;ATR-72;Nubes altas;14/04/18
TUI2117;FUE;DUS;BOEING 737-700;Nubes altas;14/04/18
TUI2873;FUE;TXL;BOEING 737-700;Nubes altas;14/04/18
RYR1102;FUE;SXF;BOEING 737-800 WINGLETS;Nubes altas;14/04/18
VLG3197;FUE;CDG;AIRBUS A320;Nubes altas;14/04/18
TUI2353;FUE;HAM;7S8;Nubes altas;14/04/18
IBB211;FUE;LPA;ATR-72;Nubes altas;14/04/18
RYR8183;FUE;STN;BOEING 737-800 WINGLETS;Nubes altas;14/04/18
IBB423;FUE;TFN;ATR-42/72;Nubes altas;14/04/18
AEA7161;MAD;BIO;EMBRAER ERJ-195;Nubes altas;14/04/18
VLG1420;BCN;BIO;32B;Abertura de claros;14/04/18
VLG2608;AGP;BIO;AIRBUS A320;Despejado;14/04/18
IBE8948;VLC;BIO;BOMBARDIER CRJ-1000;Abertura de claros;14/04/18
IBE0448;MAD;BIO;AIRBUS A319;Nubes altas;14/04/18
VLG2505;SVQ;BIO;AIRBUS A320;Nubes altas;13/04/18
VLG1440;BCN;BIO;32A;Abertura de claros;14/04/18
AEA7506;PMI;BIO;EMBRAER ERJ-195;Lluvia;14/04/18
AEA2659;BCN;BIO;BOEING 737-800 WINGLETS;Abertura de claros;14/04/18
VLG2010;BCN;GRX;32B;Abertura de claros;14/04/18
IBE8640;MAD;GRX;BOMBARDIER CRJ-1000;Nubes altas;14/04/18
VLG2020;BCN;GRX;32A;Abertura de claros;14/04/18
AEA5201;PMI;GRX;EMBRAER ERJ-195;Lluvia;14/04/18
IBE8646;MAD;GRX;BOMBARDIER CRJ-1000;Nubes altas;14/04/18
IBE8642;MAD;GRX;CANADAIR CRJ-900;Nubes altas;14/04/18
VLG2014;BCN;GRX;AIRBUS A320;Abertura de claros;14/04/18
VLG2016;BCN;GRX;32B;Abertura de claros;14/04/18
IBE8648;MAD;GRX;BOMBARDIER CRJ-1000;Nubes altas;14/04/18
RYR8136;BCN;IBZ;BOEING 737-800 WINGLETS;Abertura de claros;14/04/18
VLG3540;BCN;IBZ;32A;Abertura de claros;14/04/18
RYR5354;MAD;IBZ;BOEING 737-800 WINGLETS;Nubes altas;14/04/18
VLG3447;MAD;IBZ;AIRBUS A320;Nubes altas;14/04/18
IBE8104;PMI;IBZ;BOMBARDIER CRJ-1000;Despejado;17/04/18
IBE8676;BCN;IBZ;BOMBARDIER CRJ-1000;Despejado;17/04/18
AEA1702;PMI;IBZ;ATR-72;Lluvia;14/04/18
IBS3866;MAD;AGP;AIRBUS A320;Nubes altas;14/04/18
AEA5035;MAD;AGP;ATR-72;Nubes altas;14/04/18
IBE8261;MLN;AGP;ATR-72;Despejado;14/04/18
VLG2115;BCN;AGP;32B;Abertura de claros;14/04/18
AEA4063;MAD;VLC;ATR-72;Nubes altas;14/04/18
AEA4005;PMI;VLC;EMBRAER ERJ-195;Lluvia;14/04/18
IBE8986;MAD;VLC;BOMBARDIER CRJ-1000;Nubes altas;14/04/18
AAL8555;MAD;VLC;BOMBARDIER CRJ-1000;Nubes altas;14/04/18
IBE8036;MAD;VLC;BOMBARDIER CRJ-1000;Nubes altas;14/04/18
IBE8841;SVQ;VLC;ATR-72;Nubes altas;14/04/18
IBE8494;PMI;MAH;ATR-42/72;Despejado;17/04/18
VLG3712;BCN;MAH;AIRBUS A320;Abertura de claros;14/04/18
IBE8480;PMI;MAH;BOMBARDIER CRJ-1000;Despejado;17/04/18
VLG3714;BCN;MAH;32A;Abertura de claros;14/04/18
IBE8482;PMI;MAH;BOMBARDIER CRJ-1000;Despejado;17/04/18
VLG1340;ALC;MAH;32A;Nubes altas;14/04/18
AEA4537;PMI;MAH;ATR-72;Lluvia;14/04/18
VLG2432;SVQ;MAH;AIRBUS A320;Nubes altas;14/04/18
IBE8498;PMI;MAH;ATR-42/72;Despejado;17/04/18
IBE8661;VIT;MAH;BOMBARDIER CRJ-1000;Abertura de claros;14/04/18
AEA4531;PMI;MAH;ATR-72;Lluvia;14/04/18
RYR6881;BCN;MAH;BOEING 737-800 WINGLETS;Abertura de claros;14/04/18
VLG3716;BCN;MAH;AIRBUS A320;Abertura de claros;14/04/18
VLG3700;BCN;MAH;AIRBUS A320;Abertura de claros;14/04/18
VLG3928;BCN;PMI;AIRBUS A320;Abertura de claros;14/04/18
ANE8636;VLC;PMI;CANADAIR CRJ-900;Despejado;17/04/18
VLG3902;BCN;PMI;32B;Abertura de claros;14/04/18
ANE8101;IBZ;PMI;BOMBARDIER CRJ-1000;Despejado;17/04/18
ANE8481;MAH;PMI;BOMBARDIER CRJ-1000;Despejado;17/04/18
VLG3934;ALC;PMI;32A;Nubes altas;14/04/18
RYR7202;VLC;LPA;BOEING 737-800 WINGLETS;Abertura de claros;13/04/18
VLG3000;BCN;LPA;32B;Abertura de claros;13/04/18
RYR6370;BCN;LPA;BOEING 737-800 WINGLETS;Abertura de claros;13/04/18
AEA9404;TFN;LPA;ATR-72;Despejado;14/04/18
CNF612;TFN;LPA;ATR-42/72;Despejado;14/04/18
IBB102;TFN;LPA;BOMBARDIER CRJ-1000;Despejado;14/04/18
IBB203;FUE;LPA;ATR-72;Nubes altas;14/04/18
AEA9432;FUE;LPA;ATR-72;Nubes altas;14/04/18
RYR2031;MAD;LPA;BOEING 737-800 WINGLETS;Nubes altas;14/04/18
AEA9156;MAD;LPA;BOEING 787-8;Nubes altas;14/04/18
IBB501;ACE;LPA;ATR-72;Nubes altas;14/04/18
CNF704;ACE;LPA;ATR-42/72;Nubes altas;14/04/18
IBB108;TFN;LPA;BOMBARDIER CRJ-1000;Despejado;14/04/18
IBB304;SPC;LPA;ATR-72;Nubes altas;14/04/18
IBB500;LPA;ACE;BOMBARDIER CRJ-1000;Nubes altas;14/04/18
IBB452;TFN;ACE;ATR-42/72;Despejado;14/04/18
CNF703;LPA;ACE;ATR-72;Nubes altas;14/04/18
VLG3160;SVQ;ACE;AIRBUS A320;Nubes altas;14/04/18
VLG3280;BIO;ACE;AIRBUS A320;Nubes altas;14/04/18
IBB506;LPA;ACE;ATR-72;Nubes altas;14/04/18
AEA9073;MAD;ACE;BOEING 737-800 WINGLETS;Nubes altas;14/04/18
AEA9447;LPA;ACE;ATR-72;Nubes altas;14/04/18
VLG2480;BCN;ACE;32A;Abertura de claros;14/04/18
VLG3220;BCN;TFS;AIRBUS A320;Abertura de claros;14/04/18
IBB123;LPA;TFS;ATR-72;Nubes altas;14/04/18
RYR4587;BCN;SCQ;BOEING 737-800 WINGLETS;Abertura de claros;13/04/18
RYR6332;BCN;SCQ;BOEING 737-800 WINGLETS;Abertura de claros;14/04/18
IBS3876;MAD;SCQ;AIRBUS A320;Nubes altas;14/04/18
VLG1670;BCN;SCQ;32A;Abertura de claros;14/04/18
RYR5315;MAD;SCQ;BOEING 737-800 WINGLETS;Nubes altas;14/04/18
IBS9508;PMI;SCQ;AIRBUS A320;Lluvia;14/04/18
IBE8366;PMI;SCQ;CANADAIR CRJ-900;Despejado;17/04/18
AEA7136;LPA;SCQ;BOEING 737-800 WINGLETS;Nubes altas;14/04/18
IBE8678;IBZ;SCQ;BOMBARDIER CRJ-1000;Llovizna;14/04/18
VLG1641;FUE;SCQ;AIRBUS A320;Nubes altas;14/04/18
IBS3874;MAD;SCQ;AIRBUS A320;Nubes altas;14/04/18
RYR2573;AGP;SCQ;BOEING 737-800 WINGLETS;Despejado;14/04/18
RYR723;PMI;SCQ;BOEING 737-800 WINGLETS;Lluvia;14/04/18
IBS3878;MAD;SCQ;AIRBUS A320;Nubes altas;14/04/18
IBB605;TFN;SPC;ATR-42/72;Despejado;14/04/18
IBB309;LPA;SPC;ATR-72;Nubes altas;14/04/18
CNF412;TFN;SPC;ATR-72;Despejado;14/04/18
IBB607;TFN;SPC;ATR-42/72;Despejado;14/04/18
AEA9461;TFN;SPC;ATR-72;Despejado;14/04/18
IBB611;TFN;SPC;ATR-42/72;Despejado;14/04/18
CNF418;TFN;SPC;ATR-72;Despejado;14/04/18
IBB609;TFN;SPC;ATR-42/72;Despejado;14/04/18
AEA9463;TFN;SPC;ATR-72;Despejado;14/04/18
IBB619;TFN;SPC;ATR-72;Despejado;14/04/18
IBB621;TFN;SPC;ATR-42/72;Despejado;14/04/18
IBS3842;MAD;SPC;AIRBUS A320;Nubes altas;14/04/18
CNF452;TFN;SPC;ATR-72;Despejado;14/04/18
IBB631;TFN;SPC;ATR-42/72;Despejado;14/04/18
IBE2228;TFN;SPC;ATR-42/72;Despejado;17/04/18
VLG3248;BCN;SPC;AIRBUS A320;Abertura de claros;14/04/18
AEA9465;TFN;SPC;ATR-72;Despejado;14/04/18
AEA9431;LPA;FUE;ATR-72;Nubes altas;14/04/18
IBB200;LPA;FUE;ATR-72;Nubes altas;14/04/18
VLG1640;SCQ;FUE;AIRBUS A320;Chubascos dispersos;14/04/18
VLG3164;SVQ;FUE;AIRBUS A320;Nubes altas;14/04/18
IBB414;TFN;FUE;ATR-42/72;Despejado;14/04/18
CNF803;LPA;FUE;ATR-72;Nubes altas;14/04/18
IBB236;LPA;FUE;ATR-72;Nubes altas;14/04/18
IBB208;LPA;FUE;ATR-72;Nubes altas;14/04/18
IBB210;LPA;FUE;ATR-72;Nubes altas;14/04/18
IBS3900;MAD;FUE;AIRBUS A320;Nubes altas;14/04/18
AEA9403;LPA;TFN;ATR-72;Nubes altas;14/04/18
IBB107;LPA;TFN;BOMBARDIER CRJ-1000;Nubes altas;14/04/18
IBB604;SPC;TFN;ATR-42/72;Nubes altas;14/04/18
AEA9059;MAD;TFN;BOEING 737-800 WINGLETS;Nubes altas;14/04/18
RYR3063;BCN;TFN;BOEING 737-800 WINGLETS;Abertura de claros;14/04/18
IBB606;SPC;TFN;ATR-42/72;Nubes altas;14/04/18
RYR5278;MAD;TFN;BOEING 737-800 WINGLETS;Nubes altas;14/04/18
IBB453;ACE;TFN;ATR-42/72;Nubes altas;14/04/18
IBB415;FUE;TFN;ATR-42/72;Nubes altas;14/04/18
CNF413;SPC;TFN;ATR-72;Nubes altas;14/04/18
IBB119;LPA;TFN;BOMBARDIER CRJ-1000;Nubes altas;14/04/18
IBB608;SPC;TFN;ATR-42/72;Nubes altas;14/04/18
IBB656;VDE;TFN;ATR-72;Despejado;14/04/18
VLG3260;BIO;TFN;32A;Nubes altas;14/04/18
AEA9415;LPA;TFN;ATR-72;Nubes altas;14/04/18
AEA9462;SPC;TFN;ATR-72;Nubes altas;14/04/18
IBB612;SPC;TFN;ATR-72;Nubes altas;14/04/18
IBK5756;BCN;TFN;BOEING 737-800 WINGLETS;Abertura de claros;14/04/18
IBS3942;MAD;TFN;32A;Nubes altas;14/04/18
IBB650;GMZ;TFN;ATR-72;Despejado;14/04/18
CNF419;SPC;TFN;ATR-72;Nubes altas;14/04/18
IBB109;LPA;TFN;ATR-72;Nubes altas;14/04/18
VLG1302;BCN;ALC;32A;Abertura de claros;14/04/18
AEA4047;MAD;ALC;ATR-72;Nubes altas;14/04/18
ANE8390;MAD;ALC;BOMBARDIER CRJ-1000;Despejado;17/04/18
AAL8531;MAD;ALC;BOMBARDIER CRJ-1000;Nubes altas;14/04/18
ANE2034;GRO;SVQ;BOMBARDIER CRJ-1000;Nubosidad variable;14/04/18
VLG2506;BIO;SVQ;AIRBUS A320;Nubes altas;13/04/18
IBE8840;VLC;SVQ;ATR-72;Abertura de claros;14/04/18
IBS3954;MAD;SVQ;AIRBUS A320;Nubes altas;14/04/18
VLG2212;BCN;SVQ;32A;Abertura de claros;14/04/18
VLG2216;BCN;SVQ;32B;Abertura de claros;14/04/18
RYR6396;BCN;SVQ;BOEING 737-800 WINGLETS;Abertura de claros;14/04/18
VLG3940;SVQ;PMI;AIRBUS A320;Nubes altas;13/04/18
VLG3165;FUE;SVQ;AIRBUS A320;Nubes altas;14/04/18
VLG3161;ACE;SVQ;AIRBUS A320;Nubes altas;14/04/18
IBS3950;MAD;SVQ;AIRBUS A320;Nubes altas;14/04/18
RYR5273;PMI;SVQ;BOEING 737-800 WINGLETS;Lluvia;14/04/18
RYR2036;VIT;SVQ;BOEING 737-800 WINGLETS;Abertura de claros;14/04/18
VLG2210;BCN;SVQ;AIRBUS A320;Abertura de claros;14/04/18
RYR6321;VLL;BCN;BOEING 737-800 WINGLETS;Nubes altas;14/04/18
IBE8221;RJL;MAD;CANADAIR CRJ-200;Nubes altas;14/04/18
RYR6320;BCN;VLL;BOEING 737-800 WINGLETS;Abertura de claros;14/04/18
IBB650;GMZ;TFN;ATR-72;Despejado;14/04/18
IBB652;GMZ;TFN;ATR-72;Despejado;14/04/18
RYR2036;VIT;SVQ;BOEING 737-800 WINGLETS;Abertura de claros;14/04/18
IBE8661;VIT;MAH;BOMBARDIER CRJ-1000;Abertura de claros;14/04/18
IBE8529;PNA;MAD;BOMBARDIER CRJ-1000;Nubes altas;14/04/18
IBE8525;PNA;MAD;CANADAIR CRJ-200;Nubes altas;14/04/18
RYR2035;SVQ;VIT;BOEING 737-800 WINGLETS;Nubes altas;14/04/18
IBE8660;MAH;VIT;BOMBARDIER CRJ-1000;Lluvia moderada;14/04/18
IBB651;TFN;GMZ;ATR-42/72;Despejado;14/04/18
IBB653;TFN;GMZ;ATR-42/72;Despejado;14/04/18
IBE2244;TFN;GMZ;ATR-72;Despejado;17/04/18
IBB656;VDE;TFN;ATR-72;Despejado;14/04/18
IBB660;VDE;TFN;ATR-42/72;Despejado;14/04/18
IBB664;VDE;TFN;ATR-72;Despejado;14/04/18
IBB366;VDE;LPA;ATR-72;Despejado;14/04/18
CNF248;VDE;TFN;ATR-72;Despejado;14/04/18
IBE8524;MAD;PNA;CANADAIR CRJ-200;Nubes altas;14/04/18
IBE8526;MAD;PNA;BOMBARDIER CRJ-1000;Nubes altas;14/04/18
RYR7235;ZAZ;BVA;BOEING 737-800 WINGLETS;Nubes altas;14/04/18
WZZ3192;ZAZ;OTP;AIRBUS A320;Nubes altas;14/04/18
AEA4032;ZAZ;PMI;EMBRAER ERJ-195;Nubes altas;14/04/18
WZZ3418;ZAZ;CLJ;AIRBUS A320;Nubes altas;14/04/18
RYR2635;ZAZ;STN;BOEING 737-800 WINGLETS;Nubes altas;14/04/18
RYR2212;REU;EIN;BOEING 737-800 WINGLETS;Cubierto de nubes altas y medias;14/04/18
RYR1115;REU;DUB;BOEING 737-800 WINGLETS;Cubierto de nubes altas y medias;14/04/18
RYR1865;REU;SNN;BOEING 737-800 WINGLETS;Cubierto de nubes altas y medias;14/04/18
RYR3843;REU;STN;BOEING 737-800 WINGLETS;Cubierto de nubes altas y medias;14/04/18
EZY2208;REU;LTN;AIRBUS A319;Cubierto de nubes altas y medias;14/04/18
RYR2829;REU;CRL;BOEING 737-800 WINGLETS;Cubierto de nubes altas y medias;14/04/18
IBE8861;SDR;MAD;BOMBARDIER CRJ-1000;Nubes altas;14/04/18
RYR6385;SDR;BCN;BOEING 737-800 WINGLETS;Nubes altas;14/04/18
IBE0555;SDR;MAD;AIRBUS A319;Nubes altas;14/04/18
RYR4793;SDR;BGY;BOEING 737-800 WINGLETS;Nubes altas;14/04/18
RYR2594;SDR;AGP;BOEING 737-800 WINGLETS;Nubes altas;14/04/18
RYR2215;SDR;VLC;BOEING 737-800 WINGLETS;Nubes altas;14/04/18
IBE0557;SDR;MAD;AIRBUS A319;Nubes altas;14/04/18
RYR1573;SDR;SXF;BOEING 737-800 WINGLETS;Nubes altas;14/04/18
IBE8317;EAS;MAD;ATR-72;Nubes altas;14/04/18
VLG2487;EAS;BCN;AIRBUS A319;Nubes altas;14/04/18
IBE8327;EAS;MAD;ATR-72;Nubes altas;14/04/18
IBE8319;EAS;MAD;ATR-72;Nubes altas;14/04/18
IBE8329;EAS;MAD;ATR-72;Nubes altas;14/04/18
VLG2489;EAS;BCN;AIRBUS A319;Nubes altas;14/04/18
THY1852;BCN;IST;32B;Abertura de claros;14/04/18
VLG8036;BCN;ORY;AIRBUS A319;Abertura de claros;14/04/18
RYR6341;BCN;FCO;BOEING 737-800 WINGLETS;Abertura de claros;14/04/18
AFR1449;BCN;CDG;AIRBUS A320;Abertura de claros;14/04/18
RYR2918;BCN;BRU;BOEING 737-800 WINGLETS;Abertura de claros;14/04/18
RYR6353;BCN;BGY;BOEING 737-800 WINGLETS;Abertura de claros;14/04/18
KLM1662;BCN;AMS;BOEING 737-800 WINGLETS;Abertura de claros;14/04/18
AZA059;MAD;FCO;AIRBUS A320;Nubes altas;14/04/18
KLM1698;MAD;AMS;BOEING 737-800 WINGLETS;Nubes altas;14/04/18
RYR3011;MAD;TLS;BOEING 737-800 WINGLETS;Nubes altas;14/04/18
DLH1121;MAD;FRA;AIRBUS A321;Nubes altas;14/04/18
RYR5993;MAD;STN;BOEING 737-800 WINGLETS;Nubes altas;14/04/18
RYR2526;MAD;SXF;BOEING 737-800 WINGLETS;Nubes altas;14/04/18
BEL3732;MAD;BRU;AIRBUS A320;Nubes altas;14/04/18
AFR1401;MAD;CDG;AIRBUS A321;Nubes altas;14/04/18
IBE8261;MLN;AGP;ATR-72;Despejado;14/04/18
IBE8789;MLN;MAD;ATR-72;Despejado;14/04/18
AEA5002;MLN;AGP;ATR-72;Despejado;14/04/18
IBE8273;MLN;AGP;ATR-72;Despejado;14/04/18
IBE8263;MLN;AGP;ATR-72;Despejado;14/04/18
IBE8269;MLN;AGP;ATR-72;Despejado;14/04/18
IBE8793;MLN;MAD;ATR-72;Despejado;14/04/18
IBE8271;MLN;AGP;ATR-72;Despejado;14/04/18
AEA7232;LCG;MAD;EMBRAER ERJ-195;Chubascos dispersos;14/04/18
IBE0511;LCG;MAD;AIRBUS A319;Chubascos dispersos;14/04/18
VLG1293;LCG;BCN;32A;Chubascos dispersos;14/04/18
TAP1085;LCG;LIS;ATR-72;Chubascos dispersos;14/04/18
VLG3971;LCG;PMI;32A;Chubascos dispersos;14/04/18
AEA7234;LCG;MAD;EMBRAER ERJ-195;Chubascos dispersos;14/04/18
IBE0513;LCG;MAD;AIRBUS A320;Chubascos dispersos;14/04/18
AEA7236;LCG;MAD;EMBRAER ERJ-195;Chubascos dispersos;14/04/18
VLG1572;OVD;BCN;AIRBUS A320;Nubes altas;14/04/18
VOE3590;OVD;PMI;BOEING 717;Nubes altas;14/04/18
VLG1574;OVD;BCN;AIRBUS A320;Nubes altas;14/04/18
IBE0479;OVD;MAD;AIRBUS A320;Nubes altas;14/04/18
IBE0475;OVD;MAD;AIRBUS A320;Nubes altas;14/04/18
VLG3139;OVD;ACE;AIRBUS A320;Nubes altas;14/04/18
IBS3613;OVD;TFN;AIRBUS A320;Nubes altas;14/04/18
TAP1113;OVD;LIS;ATR-72;Nubes altas;14/04/18
IBE0537;VGO;MAD;AIRBUS A319;Lluvia débil;14/04/18
AEA7311;VGO;MAD;EMBRAER ERJ-195;Lluvia débil;14/04/18
VLG1703;VGO;BCN;BOEING 737-800 WINGLETS;Lluvia débil;14/04/18
IBE0531;VGO;MAD;AIRBUS A319;Lluvia débil;14/04/18
RYR7142;VGO;EDI;BOEING 737-800 WINGLETS;Lluvia débil;14/04/18
AEA7315;VGO;MAD;EMBRAER ERJ-195;Lluvia débil;14/04/18
IBE0533;VGO;MAD;AIRBUS A319;Lluvia débil;14/04/18
EVE1124;VGO;ALC;AIRBUS A320;Lluvia débil;14/04/18
TAP1141;VGO;LIS;ATR-72;Lluvia débil;14/04/18
AEA7317;VGO;MAD;EMBRAER ERJ-195;Lluvia débil;14/04/18
IBE0407;XRY;MAD;AIRBUS A320;Nubes altas;14/04/18
LGL688;XRY;LUX;BOEING 737-700 WINGLETS;Nubes altas;14/04/18
DE1723;XRY;MUC;AIRBUS A320;Nubes altas;14/04/18
DE1565;XRY;HAM;AIRBUS A320;Nubes altas;14/04/18
IBE0411;XRY;MAD;AIRBUS A320;Nubes altas;14/04/18
VLG2615;XRY;BIO;32A;Nubes altas;14/04/18
VLG2287;XRY;BCN;BOEING 737-800 WINGLETS;Nubes altas;14/04/18
IBE0405;XRY;MAD;AIRBUS A320;Nubes altas;14/04/18
RYR1284;XRY;BCN;BOEING 737-800 WINGLETS;Nubes altas;14/04/18
IBE8639;GRX;MAD;CANADAIR CRJ-900;Cubierto de nubes altas y medias;14/04/18
VLG2011;GRX;BCN;32B;Cubierto de nubes altas y medias;14/04/18
IBE8641;GRX;MAD;BOMBARDIER CRJ-1000;Cubierto de nubes altas y medias;14/04/18
VLG2021;GRX;BCN;AIRBUS A320;Cubierto de nubes altas y medias;14/04/18
AEA5200;GRX;PMI;EMBRAER ERJ-195;Cubierto de nubes altas y medias;14/04/18
IBE8645;GRX;MAD;BOMBARDIER CRJ-1000;Cubierto de nubes altas y medias;14/04/18
IBE8649;GRX;MAD;CANADAIR CRJ-900;Cubierto de nubes altas y medias;14/04/18
VLG2015;GRX;BCN;AIRBUS A320;Cubierto de nubes altas y medias;14/04/18
VLG8727;GRX;CDG;AIRBUS A320;Cubierto de nubes altas y medias;14/04/18
EZY8172;GRX;LGW;AIRBUS A319;Cubierto de nubes altas y medias;14/04/18
VLG2017;GRX;BCN;AIRBUS A321;Cubierto de nubes altas y medias;14/04/18
IBE8603;LEI;MAD;BOMBARDIER CRJ-1000;Despejado;14/04/18
LGL694;LEI;LUX;BOEING 737-800 WINGLETS;Despejado;14/04/18
JAF6944;LEI;BRU;EMBRAER 190;Despejado;14/04/18
IBE8595;LEI;MAD;CANADAIR CRJ-900;Despejado;14/04/18
EZY8164;LEI;LGW;AIRBUS A320;Despejado;14/04/18
VLG1252;LEI;BCN;32A;Despejado;14/04/18
IBE8577;LEI;MAD;CANADAIR CRJ-200;Despejado;14/04/18
IBE8601;LEI;MAD;BOMBARDIER CRJ-1000;Despejado;14/04/18
BAW421;LEI;LHR;AIRBUS A319;Despejado;14/04/18
TRA5644;LEI;RTM;BOEING 737-700 WINGLETS;Despejado;14/04/18
RYR7319;LEI;DUB;BOEING 737-800 WINGLETS;Despejado;14/04/18
AEA4033;PMI;ZAZ;EMBRAER ERJ-195;Lluvia;14/04/18
IBE8999;VLC;MAD;BOMBARDIER CRJ-1000;Abertura de claros;14/04/18
AEA1005;VLC;CDG;BOEING 737-800 WINGLETS;Abertura de claros;14/04/18
TAP1095;VLC;LIS;ATR-42/72;Abertura de claros;14/04/18
RYR4632;VLC;BGY;BOEING 737-800 WINGLETS;Abertura de claros;14/04/18
RYR2256;VLC;CGN;BOEING 737-800 WINGLETS;Abertura de claros;14/04/18
DLH1165;VLC;FRA;AIRBUS A321;Abertura de claros;14/04/18
IBE8636;VLC;PMI;CANADAIR CRJ-900;Abertura de claros;14/04/18
RYR9678;VLC;CIA;BOEING 737-800 WINGLETS;Abertura de claros;14/04/18
IBE8840;VLC;SVQ;ATR-72;Abertura de claros;14/04/18
IBE8948;VLC;BIO;BOMBARDIER CRJ-1000;Abertura de claros;14/04/18
VLG6244;VLC;FCO;AIRBUS A320;Abertura de claros;14/04/18
RYR2218;VLC;HAM;BOEING 737-800 WINGLETS;Abertura de claros;14/04/18
IBB655;TFN;VDE;ATR-42/72;Despejado;14/04/18
IBB659;TFN;VDE;ATR-42/72;Despejado;14/04/18
IBB663;TFN;VDE;ATR-42/72;Despejado;14/04/18
IBB365;LPA;VDE;ATR-72;Nubes altas;14/04/18
CNF247;TFN;VDE;ATR-42/72;Despejado;14/04/18
IBB673;TFN;VDE;ATR-42/72;Despejado;14/04/18
GMI5729;PMI;FMO;AIRBUS A319;Lluvia;14/04/18
VLG2854;PMI;ORY;AIRBUS A320;Lluvia;14/04/18
EZY1514;PMI;GVA;32A;Lluvia;14/04/18
RYR2052;PMI;MAD;BOEING 737-800 WINGLETS;Lluvia;14/04/18
IBS3917;PMI;MAD;AIRBUS A320;Lluvia;14/04/18
VLG1225;PMI;LYS;AIRBUS A320;Lluvia;14/04/18
IBK6700;PMI;DUS;BOEING 737-800 WINGLETS;Lluvia;14/04/18
RYR6363;PMI;BCN;BOEING 737-800 WINGLETS;Lluvia;14/04/18
IBK6650;PMI;ARN;BOEING 737-800 WINGLETS;Lluvia;14/04/18
RYR8235;PMI;BRS;BOEING 737-800 WINGLETS;Lluvia;14/04/18
RYR716;PMI;BVA;BOEING 737-800 WINGLETS;Lluvia;14/04/18
AEA6006;PMI;BCN;BOEING 737-800 WINGLETS;Lluvia;14/04/18
VLG3915;PMI;BCN;AIRBUS A320;Lluvia;14/04/18
BEL3716;BIO;BRU;AIRBUS A319;Nubes altas;14/04/18
IBE0443;BIO;MAD;32A;Nubes altas;14/04/18
VOE3516;BIO;MLA;BOEING 717;Nubes altas;14/04/18
KLM1684;BIO;AMS;EMBRAER 190;Nubes altas;14/04/18
DLH1147;BIO;FRA;32A;Nubes altas;14/04/18
VLG2506;BIO;SVQ;AIRBUS A320;Nubes altas;13/04/18
VLG3280;BIO;ACE;AIRBUS A320;Nubes altas;14/04/18
AFR1377;BIO;CDG;EMBRAER 190;Nubes altas;14/04/18
TAP1065;BIO;LIS;ATR-42/72;Nubes altas;14/04/18
VLG3260;BIO;TFN;32A;Nubes altas;14/04/18
DLH1829;BIO;MUC;AIRBUS A320;Nubes altas;14/04/18
VLG1439;BIO;BCN;32A;Nubes altas;14/04/18
AEA7505;BIO;PMI;EMBRAER ERJ-195;Nubes altas;14/04/18
RYR6397;SVQ;BCN;BOEING 737-800 WINGLETS;Nubes altas;14/04/18
VLG3164;SVQ;FUE;AIRBUS A320;Nubes altas;14/04/18
RYR5201;SVQ;SXF;BOEING 737-800 WINGLETS;Nubes altas;14/04/18
VLG3941;SVQ;PMI;AIRBUS A320;Nubes altas;13/04/18
TAP1101;SVQ;LIS;ATR-42/72;Nubes altas;14/04/18
VLG3160;SVQ;ACE;AIRBUS A320;Nubes altas;14/04/18
RYR4471;SVQ;CPH;BOEING 737-800 WINGLETS;Nubes altas;14/04/18
IBE8841;SVQ;VLC;ATR-72;Nubes altas;14/04/18
IBS3947;SVQ;MAD;AIRBUS A320;Nubes altas;14/04/18
VLG2505;SVQ;BIO;AIRBUS A320;Nubes altas;13/04/18
TVF3101;SVQ;ORY;BOEING 737-800 WINGLETS;Nubes altas;14/04/18
VLG2211;SVQ;BCN;AIRBUS A320;Nubes altas;14/04/18
VLG2251;SVQ;BCN;32B;Nubes altas;14/04/18
VLG8830;SVQ;CDG;AIRBUS A320;Nubes altas;14/04/18
EZY8176;SVQ;LGW;AIRBUS A319;Nubes altas;14/04/18
JAF6902;MJV;ANR;EMBRAER 190;Abertura de claros;14/04/18
RYR2155;MJV;BHX;BOEING 737-800 WINGLETS;Abertura de claros;14/04/18
EZY8550;MJV;LGW;AIRBUS A319;Abertura de claros;14/04/18
EZY6014;MJV;BRS;AIRBUS A319;Abertura de claros;14/04/18
RYR1925;MJV;EMA;BOEING 737-800 WINGLETS;Abertura de claros;14/04/18
RYR4117;MJV;MAN;BOEING 737-800 WINGLETS;Abertura de claros;14/04/18
NAX1703;MJV;OSL;BOEING 737-800 WINGLETS;Abertura de claros;14/04/18
RYR3453;MJV;LTN;BOEING 737-800 WINGLETS;Abertura de claros;14/04/18
EZY7426;MJV;SEN;AIRBUS A319;Abertura de claros;14/04/18
BAW449;MJV;LHR;32A;Abertura de claros;14/04/18
RYR8027;MJV;STN;BOEING 737-800 WINGLETS;Abertura de claros;14/04/18
EZY8554;MJV;LGW;AIRBUS A320;Abertura de claros;14/04/18
RYR7095;MJV;DUB;BOEING 737-800 WINGLETS;Abertura de claros;14/04/18
VLG1876;AGP;CPH;AIRBUS A320;Despejado;14/04/18
SAS6232;AGP;AAR;32A;Despejado;14/04/18
SAS6354;AGP;OSL;32A;Despejado;14/04/18
VLG8366;AGP;AMS;AIRBUS A320;Despejado;14/04/18
IBK5108;AGP;HAM;BOEING 737-800 WINGLETS;Despejado;14/04/18
AEA1039;AGP;CDG;BOEING 737-800 WINGLETS;Despejado;14/04/18
IBK5140;AGP;WAW;BOEING 737-800 WINGLETS;Despejado;14/04/18
RYR2044;AGP;DTM;BOEING 737-800 WINGLETS;Despejado;14/04/18
RYR9893;AGP;LPL;BOEING 737-800 WINGLETS;Despejado;14/04/18
RYR2588;AGP;KRK;BOEING 737-800 WINGLETS;Despejado;14/04/18
VLG2985;AGP;NTE;AIRBUS A320;Despejado;14/04/18
TAP1137;AGP;LIS;ATR-42/72;Despejado;14/04/18
RYR5945;AGP;BOH;BOEING 737-800 WINGLETS;Despejado;14/04/18
VLG2608;AGP;BIO;AIRBUS A320;Despejado;14/04/18
RYR2531;AGP;BLL;BOEING 737-800 WINGLETS;Despejado;14/04/18
VLG2486;BCN;EAS;AIRBUS A319;Abertura de claros;14/04/18
IBE8314;MAD;EAS;ATR-72;Nubes altas;14/04/18
IBE8316;MAD;EAS;ATR-72;Nubes altas;14/04/18
IBE8322;MAD;EAS;ATR-72;Nubes altas;14/04/18
VLG2488;BCN;EAS;AIRBUS A319;Abertura de claros;14/04/18
IBE8324;MAD;EAS;ATR-72;Nubes altas;14/04/18
IBS3835;LPA;MAD;AIRBUS A321;Nubes altas;14/04/18
RYR4504;LPA;KRK;BOEING 737-800 WINGLETS;Nubes altas;14/04/18
RYR2565;LPA;HAM;BOEING 737-800 WINGLETS;Nubes altas;14/04/18
RYR3163;LPA;EMA;BOEING 737-800 WINGLETS;Nubes altas;14/04/18
VLG3186;LPA;NTE;AIRBUS A320;Nubes altas;14/04/18
AEA9403;LPA;TFN;ATR-72;Nubes altas;14/04/18
AEA9431;LPA;FUE;ATR-72;Nubes altas;14/04/18
AEA9018;LPA;MAD;BOEING 737-800 WINGLETS;Nubes altas;14/04/18
VLG3001;LPA;BCN;AIRBUS A321;Nubes altas;14/04/18
IBB200;LPA;FUE;ATR-72;Nubes altas;14/04/18
IBB500;LPA;ACE;BOMBARDIER CRJ-1000;Nubes altas;14/04/18
RYR3802;LPA;LPL;BOEING 737-800 WINGLETS;Nubes altas;14/04/18
DK1507;LPA;SVG;32B;Nubes altas;14/04/18
IBB309;LPA;SPC;ATR-72;Nubes altas;14/04/18
IBK5800;LPA;BCN;BOEING 737-800 WINGLETS;Nubes altas;14/04/18
IBE8481;MAH;PMI;CANADAIR CRJ-900;Lluvia moderada;14/04/18
IBE8951;MAH;MAD;BOMBARDIER CRJ-1000;Lluvia moderada;14/04/18
AAL8615;MAH;MAD;BOMBARDIER CRJ-1000;Lluvia moderada;14/04/18
IBE8495;MAH;PMI;ATR-42/72;Lluvia moderada;14/04/18
VLG3713;MAH;BCN;32A;Lluvia moderada;14/04/18
IBE8483;MAH;PMI;BOMBARDIER CRJ-1000;Lluvia moderada;14/04/18
VLG3715;MAH;BCN;AIRBUS A320;Lluvia moderada;14/04/18
IBE8660;MAH;VIT;BOMBARDIER CRJ-1000;Lluvia moderada;14/04/18
VLG1341;MAH;ALC;32A;Lluvia moderada;14/04/18
AEA4532;MAH;PMI;ATR-72;Lluvia moderada;14/04/18
VLG2433;MAH;SVQ;AIRBUS A320;Lluvia moderada;14/04/18
IBE8499;MAH;PMI;ATR-42/72;Lluvia moderada;14/04/18
EZY8304;MAH;LGW;AIRBUS A319;Lluvia moderada;14/04/18
IBE8493;MAH;PMI;BOMBARDIER CRJ-1000;Lluvia moderada;14/04/18
RYR6882;MAH;BCN;BOEING 737-800 WINGLETS;Lluvia moderada;14/04/18
VLG3709;MAH;BCN;AIRBUS A320;Lluvia moderada;14/04/18
ANE8397;ALC;MAD;BOMBARDIER CRJ-1000;Nubes altas;14/04/18
VLG7396;ALC;ALG;32A;Nubes altas;14/04/18
RYR2408;ALC;FMM;BOEING 737-800 WINGLETS;Nubes altas;14/04/18
IBK5350;ALC;ARN;BOEING 737-800 WINGLETS;Nubes altas;14/04/18
VLG8253;ALC;ORY;AIRBUS A320;Nubes altas;14/04/18
RYR7522;ALC;EIN;BOEING 737-800 WINGLETS;Nubes altas;14/04/18
VLG3934;ALC;PMI;32A;Nubes altas;14/04/18
VLG1311;ALC;BCN;32A;Nubes altas;14/04/18
IBK5376;ALC;BLL;BOEING 737-800 WINGLETS;Nubes altas;14/04/18
RYR5598;ALC;HAU;BOEING 737-800 WINGLETS;Nubes altas;14/04/18
RYR9066;ALC;BLL;BOEING 737-800 WINGLETS;Nubes altas;14/04/18
IBK5358;ALC;GOT;BOEING 737-800 WINGLETS;Nubes altas;14/04/18
EXS1412;ALC;STN;BOEING 737-800;Nubes altas;14/04/18
IBK5320;ALC;OSL;BOEING 737-800 WINGLETS;Nubes altas;14/04/18
RYR2714;ALC;LGW;BOEING 737-800 WINGLETS;Nubes altas;14/04/18
RYR4079;ALC;NCL;BOEING 737-800 WINGLETS;Nubes altas;14/04/18
VLG1303;ALC;BCN;AIRBUS A320;Nubes altas;14/04/18
RYR6384;BCN;SDR;BOEING 737-800 WINGLETS;Abertura de claros;14/04/18
IBE0554;MAD;SDR;AIRBUS A319;Nubes altas;14/04/18
RYR2593;AGP;SDR;BOEING 737-800 WINGLETS;Despejado;14/04/18
RYR2214;VLC;SDR;BOEING 737-800 WINGLETS;Abertura de claros;14/04/18
IBE0556;MAD;SDR;AIRBUS A319;Nubes altas;14/04/18
RYR9123;GRO;EIN;BOEING 737-800 WINGLETS;Nubosidad variable;14/04/18
RYR3213;GRO;MAN;BOEING 737-800 WINGLETS;Nubosidad variable;14/04/18
RYR2344;GRO;NCL;BOEING 737-800 WINGLETS;Nubosidad variable;14/04/18
RYR9803;GRO;STN;BOEING 737-800 WINGLETS;Nubosidad variable;14/04/18
RYR4125;GRO;HHN;BOEING 737-800 WINGLETS;Nubosidad variable;14/04/18
RYR6391;GRO;NRN;BOEING 737-800 WINGLETS;Nubosidad variable;14/04/18
RYR9241;GRO;PSA;BOEING 737-800 WINGLETS;Nubosidad variable;14/04/18
RYR9107;GRO;BVA;BOEING 737-800 WINGLETS;Nubosidad variable;14/04/18
RYR6901;GRO;CRL;BOEING 737-800 WINGLETS;Nubosidad variable;14/04/18
RYR9012;GRO;MLA;BOEING 737-800 WINGLETS;Nubosidad variable;14/04/18
RYR6911;GRO;MST;BOEING 737-800 WINGLETS;Nubosidad variable;14/04/18
RYR9375;GRO;TLL;BOEING 737-800 WINGLETS;Nubosidad variable;14/04/18
RYR9002;GRO;BLL;BOEING 737-800 WINGLETS;Nubosidad variable;14/04/18
RYR9307;GRO;PIK;BOEING 737-800 WINGLETS;Nubosidad variable;14/04/18
RYR6393;GRO;NRN;BOEING 737-800 WINGLETS;Nubosidad variable;14/04/18
RYR3653;GRO;BRE;BOEING 737-800 WINGLETS;Nubosidad variable;14/04/18
RYR9911;GRO;BOH;BOEING 737-800 WINGLETS;Nubosidad variable;14/04/18
AEA5001;AGP;MLN;ATR-72;Despejado;14/04/18
IBE8262;AGP;MLN;ATR-72;Despejado;14/04/18
IBE8792;MAD;MLN;ATR-72;Nubes altas;14/04/18
IBE8268;AGP;MLN;ATR-72;Despejado;14/04/18
IBE8264;AGP;MLN;ATR-72;Despejado;14/04/18
IBE8270;AGP;MLN;ATR-72;Despejado;14/04/18
IBE8798;MAD;MLN;ATR-72;Nubes altas;14/04/18
IBE8272;AGP;MLN;ATR-72;Despejado;14/04/18
RYR6363;PMI;BCN;BOEING 737-800 WINGLETS;Lluvia;14/04/18
AEA6006;PMI;BCN;BOEING 737-800 WINGLETS;Lluvia;14/04/18
VLG3215;TFN;BCN;32B;Despejado;14/04/18
IBS3945;TFN;MAD;AIRBUS A320;Despejado;14/04/18
IBB452;TFN;ACE;ATR-42/72;Despejado;14/04/18
IBB414;TFN;FUE;ATR-42/72;Despejado;14/04/18
IBK6378;TFN;MAD;BOEING 737-800 WINGLETS;Despejado;14/04/18
AEA9045;TFN;MAD;BOEING 737-800 WINGLETS;Despejado;14/04/18
IBB605;TFN;SPC;ATR-42/72;Despejado;14/04/18
CNF412;TFN;SPC;ATR-72;Despejado;14/04/18
IBB655;TFN;VDE;ATR-42/72;Despejado;14/04/18
AEA9404;TFN;LPA;ATR-72;Despejado;14/04/18
CNF612;TFN;LPA;ATR-42/72;Despejado;14/04/18
IBB102;TFN;LPA;BOMBARDIER CRJ-1000;Despejado;14/04/18
IBB607;TFN;SPC;ATR-42/72;Despejado;14/04/18
AEA9461;TFN;SPC;ATR-72;Despejado;14/04/18
IBB108;TFN;LPA;BOMBARDIER CRJ-1000;Despejado;14/04/18
IBB611;TFN;SPC;ATR-42/72;Despejado;14/04/18
VLG1292;BCN;LCG;32A;Abertura de claros;14/04/18
AEA7233;MAD;LCG;EMBRAER ERJ-195;Nubes altas;14/04/18
IBE0512;MAD;LCG;AIRBUS A320;Nubes altas;14/04/18
AEA7235;MAD;LCG;EMBRAER ERJ-195;Nubes altas;14/04/18
VLG3970;PMI;LCG;32A;Lluvia;14/04/18
AEA7237;MAD;LCG;EMBRAER ERJ-195;Nubes altas;14/04/18
IBB203;FUE;LPA;ATR-72;Nubes altas;14/04/18
AEA9432;FUE;LPA;ATR-72;Nubes altas;14/04/18
VLG3165;FUE;SVQ;AIRBUS A320;Nubes altas;14/04/18
IBB415;FUE;TFN;ATR-42/72;Nubes altas;14/04/18
VLG1641;FUE;SCQ;AIRBUS A320;Nubes altas;14/04/18
TUI2279;FUE;CGN;7S8;Nubes altas;14/04/18
TUI2863;FUE;BSL;7S8;Nubes altas;14/04/18
IBB237;FUE;LPA;ATR-42/72;Nubes altas;14/04/18
OLY627;FUE;STR;AIRBUS A321;Nubes altas;14/04/18
CNF804;FUE;LPA;ATR-72;Nubes altas;14/04/18
IBB209;FUE;LPA;ATR-72;Nubes altas;14/04/18
TUI2117;FUE;DUS;BOEING 737-700;Nubes altas;14/04/18
TUI2873;FUE;TXL;BOEING 737-700;Nubes altas;14/04/18
RYR1102;FUE;SXF;BOEING 737-800 WINGLETS;Nubes altas;14/04/18
VLG3197;FUE;CDG;AIRBUS A320;Nubes altas;14/04/18
TUI2353;FUE;HAM;7S8;Nubes altas;14/04/18
IBB211;FUE;LPA;ATR-72;Nubes altas;14/04/18
RYR8183;FUE;STN;BOEING 737-800 WINGLETS;Nubes altas;14/04/18
IBB423;FUE;TFN;ATR-42/72;Nubes altas;14/04/18
VLG1640;SCQ;FUE;AIRBUS A320;Chubascos dispersos;14/04/18
IBS3895;SCQ;MAD;32A;Chubascos dispersos;14/04/18
RYR5316;SCQ;MAD;BOEING 737-800 WINGLETS;Chubascos dispersos;14/04/18
RYR6333;SCQ;BCN;BOEING 737-800 WINGLETS;Chubascos dispersos;14/04/18
IBS3877;SCQ;MAD;AIRBUS A320;Chubascos dispersos;14/04/18
EZS1338;SCQ;GVA;AIRBUS A320;Chubascos dispersos;14/04/18
VLG1671;SCQ;BCN;32A;Chubascos dispersos;14/04/18
EZY8590;SCQ;LGW;AIRBUS A319;Chubascos dispersos;14/04/18
IBE8204;SCQ;TFN;CANADAIR CRJ-900;Chubascos dispersos;14/04/18
IBS9517;SCQ;PMI;AIRBUS A320;Chubascos dispersos;14/04/18
RYR724;SCQ;PMI;BOEING 737-800 WINGLETS;Chubascos dispersos;14/04/18
AEA7116;SCQ;ACE;BOEING 737-800 WINGLETS;Chubascos dispersos;14/04/18
IBE8679;SCQ;IBZ;BOMBARDIER CRJ-1000;Chubascos dispersos;14/04/18
VLG7515;SCQ;ZRH;AIRBUS A320;Chubascos dispersos;14/04/18
EZY2682;SCQ;MXP;AIRBUS A319;Chubascos dispersos;14/04/18
IBS3875;SCQ;MAD;AIRBUS A320;Chubascos dispersos;14/04/18
SWR2553;SCQ;ZRH;AIRBUS A320;Chubascos dispersos;14/04/18
RYR2574;SCQ;AGP;BOEING 737-800 WINGLETS;Chubascos dispersos;14/04/18
RYR2047;ACE;LBA;BOEING 737-800 WINGLETS;Nubes altas;14/04/18
RYR6154;ACE;PIK;BOEING 737-800 WINGLETS;Nubes altas;14/04/18
RYR3491;ACE;NCL;BOEING 737-800 WINGLETS;Nubes altas;14/04/18
TVS3439;ACE;BES;BOEING 737-800 WINGLETS;Nubes altas;14/04/18
IBB501;ACE;LPA;ATR-72;Nubes altas;14/04/18
IBB453;ACE;TFN;ATR-42/72;Nubes altas;14/04/18
IBE2277;ACE;TFN;ATR-42/72;Nubes altas;14/04/18
TVS3441;ACE;LIL;BOEING 737-800 WINGLETS;Nubes altas;14/04/18
CNF704;ACE;LPA;ATR-42/72;Nubes altas;14/04/18
VLG3161;ACE;SVQ;AIRBUS A320;Nubes altas;14/04/18
TVP7307;ACE;WAW;BOEING 737-800 WINGLETS;Nubes altas;14/04/18
TVS2415;ACE;DOL;BOEING 737-800 WINGLETS;Nubes altas;14/04/18
VLG3281;ACE;BIO;AIRBUS A320;Nubes altas;14/04/18
IBB505;ACE;LPA;ATR-42/72;Nubes altas;14/04/18
IBB507;ACE;LPA;ATR-42/72;Nubes altas;14/04/18
AEA9076;ACE;MAD;BOEING 737-800 WINGLETS;Nubes altas;14/04/18
EZS1250;ACE;BSL;AIRBUS A320;Nubes altas;14/04/18
RYR6209;ACE;NRN;BOEING 737-800 WINGLETS;Nubes altas;14/04/18
VLG2481;ACE;BCN;AIRBUS A320;Nubes altas;14/04/18
IBE0410;MAD;XRY;32A;Nubes altas;14/04/18
VLG2614;BIO;XRY;32A;Nubes altas;14/04/18
VLG2286;BCN;XRY;BOEING 737-800 WINGLETS;Abertura de claros;14/04/18
IBE0404;MAD;XRY;AIRBUS A319;Nubes altas;14/04/18
RYR1283;BCN;XRY;BOEING 737-800 WINGLETS;Abertura de claros;14/04/18
IBE0406;MAD;XRY;AIRBUS A319;Nubes altas;14/04/18
VLG1573;BCN;OVD;AIRBUS A320;Abertura de claros;14/04/18
IBE0488;MAD;OVD;AIRBUS A320;Nubes altas;14/04/18
VLG1579;BCN;OVD;AIRBUS A320;Abertura de claros;14/04/18
VOE3591;PMI;OVD;BOEING 717;Lluvia;14/04/18
IBS3612;TFN;OVD;AIRBUS A320;Despejado;14/04/18
IBS3980;MAD;OVD;AIRBUS A320;Nubes altas;14/04/18
IBE0480;MAD;OVD;32A;Nubes altas;14/04/18
VLG3138;ACE;OVD;AIRBUS A320;Nubes altas;14/04/18
RYR654;TFS;PIK;BOEING 737-800 WINGLETS;Despejado;14/04/18
RYR4067;TFS;SXF;BOEING 737-800 WINGLETS;Despejado;14/04/18
RYR1038;TFS;FMM;BOEING 737-800 WINGLETS;Despejado;14/04/18
RYR2493;TFS;LBA;BOEING 737-800 WINGLETS;Despejado;14/04/18
TOM1609;TFS;ABZ;BOEING 737-800 WINGLETS;Despejado;14/04/18
IBK6472;TFS;CPH;BOEING 737-800 WINGLETS;Despejado;14/04/18
TVF1151;TFS;ORY;BOEING 737-800 WINGLETS;Despejado;14/04/18
IBK6410;TFS;EDI;BOEING 737-800 WINGLETS;Despejado;14/04/18
IBK6512;TFS;MUC;BOEING 737-800 WINGLETS;Despejado;14/04/18
EDW215;TFS;ZRH;AIRBUS A320;Despejado;14/04/18
JAF6114;TFS;BRU;7M8;Despejado;14/04/18
TUI2197;TFS;MUC;BOEING 737-800 WINGLETS;Despejado;14/04/18
IBB152;TFS;LPA;ATR-72;Despejado;14/04/18
IBE2233;TFS;LPA;ATR-72;Despejado;14/04/18
RYR4754;TFS;BRS;BOEING 737-800 WINGLETS;Despejado;14/04/18
VLG3221;TFS;BCN;AIRBUS A320;Despejado;14/04/18
VLG3135;TFS;ORY;32B;Despejado;14/04/18
RYR8167;TFS;STN;BOEING 737-800 WINGLETS;Despejado;14/04/18
RYR1589;TFS;FRA;BOEING 737-800 WINGLETS;Despejado;14/04/18
EXS756;TFS;MAN;BOEING 737-800 WINGLETS;Despejado;14/04/18
IBE8594;MAD;LEI;CANADAIR CRJ-900;Nubes altas;14/04/18
VLG1251;BCN;LEI;32A;Abertura de claros;14/04/18
IBE8598;MAD;LEI;CANADAIR CRJ-200;Nubes altas;14/04/18
IBE8592;MAD;LEI;BOMBARDIER CRJ-1000;Nubes altas;14/04/18
AEA7308;MAD;VGO;EMBRAER ERJ-195;Nubes altas;14/04/18
VLG1702;BCN;VGO;BOEING 737-800 WINGLETS;Abertura de claros;14/04/18
IBE0530;MAD;VGO;AIRBUS A319;Nubes altas;14/04/18
AEA7302;MAD;VGO;EMBRAER ERJ-195;Nubes altas;14/04/18
IBE0532;MAD;VGO;AIRBUS A319;Nubes altas;14/04/18
EVE1123;ALC;VGO;32A;Nubes altas;14/04/18
AEA7300;MAD;VGO;EMBRAER ERJ-195;Nubes altas;14/04/18
VLG2010;BCN;GRX;32B;Abertura de claros;14/04/18
IBE8640;MAD;GRX;BOMBARDIER CRJ-1000;Nubes altas;14/04/18
VLG2020;BCN;GRX;AIRBUS A320;Abertura de claros;14/04/18
AEA5201;PMI;GRX;EMBRAER ERJ-195;Lluvia;14/04/18
IBE8646;MAD;GRX;BOMBARDIER CRJ-1000;Nubes altas;14/04/18
IBE8642;MAD;GRX;CANADAIR CRJ-900;Nubes altas;14/04/18
VLG2014;BCN;GRX;AIRBUS A320;Abertura de claros;14/04/18
VLG2016;BCN;GRX;32B;Abertura de claros;14/04/18
IBE8648;MAD;GRX;BOMBARDIER CRJ-1000;Nubes altas;14/04/18
RYR6457;IBZ;CRL;BOEING 737-800 WINGLETS;Llovizna;14/04/18
IBE8101;IBZ;PMI;BOMBARDIER CRJ-1000;Llovizna;14/04/18
AEA1701;IBZ;PMI;ATR-72;Llovizna;14/04/18
EWG5861;IBZ;VIE;32A;Llovizna;14/04/18
RYR8137;IBZ;BCN;BOEING 737-800 WINGLETS;Llovizna;14/04/18
VLG3541;IBZ;BCN;32A;Llovizna;14/04/18
RYR5355;IBZ;MAD;BOEING 737-800 WINGLETS;Llovizna;14/04/18
EWG545;IBZ;CGN;BOEING 737-800 WINGLETS;Llovizna;14/04/18
VLG3434;IBZ;MAD;AIRBUS A320;Llovizna;14/04/18
EZY2692;IBZ;MXP;32A;Llovizna;14/04/18
RYR8333;IBZ;BGY;BOEING 737-800 WINGLETS;Llovizna;14/04/18
TRA5672;IBZ;AMS;BOEING 737-800 WINGLETS;Llovizna;14/04/18
IBE8105;IBZ;PMI;BOMBARDIER CRJ-1000;Llovizna;14/04/18
VLG8181;IBZ;ORY;AIRBUS A321;Llovizna;14/04/18
AEA1703;IBZ;PMI;ATR-72;Llovizna;14/04/18
IBE8678;IBZ;SCQ;BOMBARDIER CRJ-1000;Llovizna;14/04/18
TRA6514;IBZ;EIN;BOEING 737-800 WINGLETS;Llovizna;14/04/18
VLG3306;IBZ;FCO;AIRBUS A320;Llovizna;14/04/18
IBB605;TFN;SPC;ATR-42/72;Despejado;14/04/18
IBB309;LPA;SPC;ATR-72;Nubes altas;14/04/18
CNF412;TFN;SPC;ATR-72;Despejado;14/04/18
IBB607;TFN;SPC;ATR-42/72;Despejado;14/04/18
AEA9461;TFN;SPC;ATR-72;Despejado;14/04/18
IBB611;TFN;SPC;ATR-42/72;Despejado;14/04/18
CNF418;TFN;SPC;ATR-72;Despejado;14/04/18
IBB609;TFN;SPC;ATR-42/72;Despejado;14/04/18
AEA9463;TFN;SPC;ATR-72;Despejado;14/04/18
IBB619;TFN;SPC;ATR-72;Despejado;14/04/18
IBB621;TFN;SPC;ATR-42/72;Despejado;14/04/18
IBS3842;MAD;SPC;AIRBUS A320;Nubes altas;14/04/18
CNF452;TFN;SPC;ATR-72;Despejado;14/04/18
IBB631;TFN;SPC;ATR-42/72;Despejado;14/04/18
IBE2228;TFN;SPC;ATR-42/72;Despejado;17/04/18
VLG3248;BCN;SPC;AIRBUS A320;Abertura de claros;14/04/18
AEA9465;TFN;SPC;ATR-72;Despejado;14/04/18
AEA7161;MAD;BIO;EMBRAER ERJ-195;Nubes altas;14/04/18
VLG1420;BCN;BIO;32B;Abertura de claros;14/04/18
VLG2608;AGP;BIO;AIRBUS A320;Despejado;14/04/18
IBE8948;VLC;BIO;BOMBARDIER CRJ-1000;Abertura de claros;14/04/18
IBE0448;MAD;BIO;AIRBUS A319;Nubes altas;14/04/18
VLG2505;SVQ;BIO;AIRBUS A320;Nubes altas;13/04/18
VLG1440;BCN;BIO;32A;Abertura de claros;14/04/18
AEA2659;BCN;BIO;BOEING 737-800 WINGLETS;Abertura de claros;14/04/18
AEA7506;PMI;BIO;EMBRAER ERJ-195;Lluvia;14/04/18
VLG3928;BCN;PMI;32A;Abertura de claros;14/04/18
ANE8636;VLC;PMI;CANADAIR CRJ-900;Despejado;17/04/18
VLG3902;BCN;PMI;32B;Abertura de claros;14/04/18
ANE8481;MAH;PMI;BOMBARDIER CRJ-1000;Despejado;17/04/18
ANE8101;IBZ;PMI;BOMBARDIER CRJ-1000;Despejado;17/04/18
VLG3934;ALC;PMI;32A;Nubes altas;14/04/18
AEA4063;MAD;VLC;ATR-72;Nubes altas;14/04/18
AEA4005;PMI;VLC;EMBRAER ERJ-195;Lluvia;14/04/18
IBE8986;MAD;VLC;BOMBARDIER CRJ-1000;Nubes altas;14/04/18
AAL8555;MAD;VLC;BOMBARDIER CRJ-1000;Nubes altas;14/04/18
IBE8036;MAD;VLC;BOMBARDIER CRJ-1000;Nubes altas;14/04/18
IBE8841;SVQ;VLC;ATR-72;Nubes altas;14/04/18
VLG1302;BCN;ALC;AIRBUS A320;Abertura de claros;14/04/18
AEA4047;MAD;ALC;ATR-72;Nubes altas;14/04/18
ANE8390;MAD;ALC;BOMBARDIER CRJ-1000;Despejado;17/04/18
AAL8531;MAD;ALC;BOMBARDIER CRJ-1000;Nubes altas;14/04/18
RYR6332;BCN;SCQ;BOEING 737-800 WINGLETS;Abertura de claros;14/04/18
IBS3876;MAD;SCQ;AIRBUS A320;Nubes altas;14/04/18
VLG1670;BCN;SCQ;32A;Abertura de claros;14/04/18
RYR5315;MAD;SCQ;BOEING 737-800 WINGLETS;Nubes altas;14/04/18
IBS9508;PMI;SCQ;AIRBUS A320;Lluvia;14/04/18
IBE8366;PMI;SCQ;CANADAIR CRJ-900;Despejado;17/04/18
AEA7136;LPA;SCQ;BOEING 737-800 WINGLETS;Nubes altas;14/04/18
IBE8678;IBZ;SCQ;BOMBARDIER CRJ-1000;Llovizna;14/04/18
VLG1641;FUE;SCQ;AIRBUS A320;Nubes altas;14/04/18
IBS3874;MAD;SCQ;AIRBUS A320;Nubes altas;14/04/18
RYR2573;AGP;SCQ;BOEING 737-800 WINGLETS;Despejado;14/04/18
RYR723;PMI;SCQ;BOEING 737-800 WINGLETS;Lluvia;14/04/18
IBS3878;MAD;SCQ;AIRBUS A320;Nubes altas;14/04/18
IBE8494;PMI;MAH;ATR-42/72;Despejado;17/04/18
VLG3712;BCN;MAH;32A;Abertura de claros;14/04/18
IBE8480;PMI;MAH;BOMBARDIER CRJ-1000;Despejado;17/04/18
VLG3714;BCN;MAH;AIRBUS A320;Abertura de claros;14/04/18
IBE8482;PMI;MAH;BOMBARDIER CRJ-1000;Despejado;17/04/18
VLG1340;ALC;MAH;32A;Nubes altas;14/04/18
AEA4537;PMI;MAH;ATR-72;Lluvia;14/04/18
VLG2432;SVQ;MAH;AIRBUS A320;Nubes altas;14/04/18
IBE8498;PMI;MAH;ATR-42/72;Despejado;17/04/18
IBE8661;VIT;MAH;BOMBARDIER CRJ-1000;Abertura de claros;14/04/18
AEA4531;PMI;MAH;ATR-72;Lluvia;14/04/18
RYR6881;BCN;MAH;BOEING 737-800 WINGLETS;Abertura de claros;14/04/18
VLG3716;BCN;MAH;AIRBUS A320;Abertura de claros;14/04/18
VLG3700;BCN;MAH;AIRBUS A320;Abertura de claros;14/04/18
IBB102;TFN;LPA;BOMBARDIER CRJ-1000;Despejado;14/04/18
CNF612;TFN;LPA;ATR-42/72;Despejado;14/04/18
AEA9404;TFN;LPA;ATR-72;Despejado;14/04/18
IBB203;FUE;LPA;ATR-72;Nubes altas;14/04/18
AEA9432;FUE;LPA;ATR-72;Nubes altas;14/04/18
RYR2031;MAD;LPA;BOEING 737-800 WINGLETS;Nubes altas;14/04/18
AEA9156;MAD;LPA;BOEING 787-8;Nubes altas;14/04/18
IBB501;ACE;LPA;ATR-72;Nubes altas;14/04/18
CNF704;ACE;LPA;ATR-42/72;Nubes altas;14/04/18
IBB108;TFN;LPA;BOMBARDIER CRJ-1000;Despejado;14/04/18
IBB304;SPC;LPA;ATR-72;Nubes altas;14/04/18
IBB237;FUE;LPA;ATR-42/72;Nubes altas;14/04/18
AEA9431;LPA;FUE;ATR-72;Nubes altas;14/04/18
IBB200;LPA;FUE;ATR-72;Nubes altas;14/04/18
VLG1640;SCQ;FUE;AIRBUS A320;Chubascos dispersos;14/04/18
VLG3164;SVQ;FUE;AIRBUS A320;Nubes altas;14/04/18
IBB414;TFN;FUE;ATR-42/72;Despejado;14/04/18
CNF803;LPA;FUE;ATR-72;Nubes altas;14/04/18
IBB236;LPA;FUE;ATR-72;Nubes altas;14/04/18
IBB208;LPA;FUE;ATR-72;Nubes altas;14/04/18
IBB210;LPA;FUE;ATR-72;Nubes altas;14/04/18
IBS3900;MAD;FUE;AIRBUS A320;Nubes altas;14/04/18
IBB422;TFN;FUE;ATR-42/72;Despejado;14/04/18
IBS3866;MAD;AGP;AIRBUS A320;Nubes altas;14/04/18
AEA5035;MAD;AGP;ATR-72;Nubes altas;14/04/18
IBE8261;MLN;AGP;ATR-72;Despejado;14/04/18
VLG2115;BCN;AGP;32B;Abertura de claros;14/04/18
IBB500;LPA;ACE;BOMBARDIER CRJ-1000;Nubes altas;14/04/18
IBB452;TFN;ACE;ATR-42/72;Despejado;14/04/18
CNF703;LPA;ACE;ATR-72;Nubes altas;14/04/18
VLG3160;SVQ;ACE;AIRBUS A320;Nubes altas;14/04/18
VLG3280;BIO;ACE;AIRBUS A320;Nubes altas;14/04/18
IBB506;LPA;ACE;ATR-72;Nubes altas;14/04/18
AEA9073;MAD;ACE;BOEING 737-800 WINGLETS;Nubes altas;14/04/18
AEA9447;LPA;ACE;ATR-72;Nubes altas;14/04/18
VLG2480;BCN;ACE;AIRBUS A320;Abertura de claros;14/04/18
AEA9403;LPA;TFN;ATR-72;Nubes altas;14/04/18
IBB107;LPA;TFN;BOMBARDIER CRJ-1000;Nubes altas;14/04/18
IBB604;SPC;TFN;ATR-42/72;Nubes altas;14/04/18
AEA9059;MAD;TFN;BOEING 737-800 WINGLETS;Nubes altas;14/04/18
IBB606;SPC;TFN;ATR-42/72;Nubes altas;14/04/18
RYR3063;BCN;TFN;BOEING 737-800 WINGLETS;Abertura de claros;14/04/18
RYR5278;MAD;TFN;BOEING 737-800 WINGLETS;Nubes altas;14/04/18
IBB415;FUE;TFN;ATR-42/72;Nubes altas;14/04/18
IBB453;ACE;TFN;ATR-42/72;Nubes altas;14/04/18
CNF413;SPC;TFN;ATR-72;Nubes altas;14/04/18
IBB608;SPC;TFN;ATR-42/72;Nubes altas;14/04/18
IBB119;LPA;TFN;BOMBARDIER CRJ-1000;Nubes altas;14/04/18
IBB656;VDE;TFN;ATR-72;Despejado;14/04/18
VLG3260;BIO;TFN;32A;Nubes altas;14/04/18
AEA9415;LPA;TFN;ATR-72;Nubes altas;14/04/18
AEA9462;SPC;TFN;ATR-72;Nubes altas;14/04/18
IBK5756;BCN;TFN;BOEING 737-800 WINGLETS;Abertura de claros;14/04/18
IBB612;SPC;TFN;ATR-72;Nubes altas;14/04/18
IBS3942;MAD;TFN;32A;Nubes altas;14/04/18
IBB650;GMZ;TFN;ATR-72;Despejado;14/04/18
CNF419;SPC;TFN;ATR-72;Nubes altas;14/04/18
IBB109;LPA;TFN;ATR-72;Nubes altas;14/04/18
RYR8136;BCN;IBZ;BOEING 737-800 WINGLETS;Abertura de claros;14/04/18
VLG3540;BCN;IBZ;32A;Abertura de claros;14/04/18
RYR5354;MAD;IBZ;BOEING 737-800 WINGLETS;Nubes altas;14/04/18
VLG3447;MAD;IBZ;AIRBUS A320;Nubes altas;14/04/18
IBE8104;PMI;IBZ;BOMBARDIER CRJ-1000;Despejado;17/04/18
IBE8676;BCN;IBZ;BOMBARDIER CRJ-1000;Despejado;17/04/18
AEA1702;PMI;IBZ;ATR-72;Lluvia;14/04/18
ANE2034;GRO;SVQ;BOMBARDIER CRJ-1000;Nubosidad variable;14/04/18
IBE8840;VLC;SVQ;ATR-72;Abertura de claros;14/04/18
VLG2506;BIO;SVQ;AIRBUS A320;Nubes altas;13/04/18
IBS3954;MAD;SVQ;AIRBUS A320;Nubes altas;14/04/18
VLG2212;BCN;SVQ;AIRBUS A320;Abertura de claros;14/04/18
VLG2216;BCN;SVQ;32B;Abertura de claros;14/04/18
RYR6396;BCN;SVQ;BOEING 737-800 WINGLETS;Abertura de claros;14/04/18
VLG3940;SVQ;PMI;AIRBUS A320;Nubes altas;13/04/18
VLG3165;FUE;SVQ;AIRBUS A320;Nubes altas;14/04/18
VLG3161;ACE;SVQ;AIRBUS A320;Nubes altas;14/04/18
IBS3950;MAD;SVQ;AIRBUS A320;Nubes altas;14/04/18
RYR5273;PMI;SVQ;BOEING 737-800 WINGLETS;Lluvia;14/04/18
RYR2036;VIT;SVQ;BOEING 737-800 WINGLETS;Abertura de claros;14/04/18
VLG2210;BCN;SVQ;AIRBUS A320;Abertura de claros;14/04/18
VLG3220;BCN;TFS;AIRBUS A320;Abertura de claros;14/04/18
IBB123;LPA;TFS;ATR-72;Nubes altas;14/04/18
RYR2036;VIT;SVQ;BOEING 737-800 WINGLETS;Abertura de claros;14/04/18
IBE8661;VIT;MAH;BOMBARDIER CRJ-1000;Abertura de claros;14/04/18
RYR6321;VLL;BCN;BOEING 737-800 WINGLETS;Nubes altas;14/04/18
IBE8221;RJL;MAD;CANADAIR CRJ-200;Nubes altas;14/04/18
IBE8529;PNA;MAD;BOMBARDIER CRJ-1000;Nubes altas;14/04/18
IBE8525;PNA;MAD;CANADAIR CRJ-200;Nubes altas;14/04/18
IBB650;GMZ;TFN;ATR-72;Despejado;14/04/18
IBB652;GMZ;TFN;ATR-72;Despejado;14/04/18
RYR6320;BCN;VLL;BOEING 737-800 WINGLETS;Abertura de claros;14/04/18
RYR2035;SVQ;VIT;BOEING 737-800 WINGLETS;Nubes altas;14/04/18
IBE8660;MAH;VIT;BOMBARDIER CRJ-1000;Lluvia moderada;14/04/18
IBE8524;MAD;PNA;CANADAIR CRJ-200;Nubes altas;14/04/18
IBE8526;MAD;PNA;BOMBARDIER CRJ-1000;Nubes altas;14/04/18
RYR7235;ZAZ;BVA;BOEING 737-800 WINGLETS;Nubes altas;14/04/18
WZZ3192;ZAZ;OTP;AIRBUS A320;Nubes altas;14/04/18
AEA4032;ZAZ;PMI;EMBRAER ERJ-195;Nubes altas;14/04/18
WZZ3418;ZAZ;CLJ;AIRBUS A320;Nubes altas;14/04/18
RYR2635;ZAZ;STN;BOEING 737-800 WINGLETS;Nubes altas;14/04/18
IBB651;TFN;GMZ;ATR-42/72;Despejado;14/04/18
IBB653;TFN;GMZ;ATR-42/72;Despejado;14/04/18
IBE2244;TFN;GMZ;ATR-72;Despejado;17/04/18
VLG8036;BCN;ORY;AIRBUS A319;Abertura de claros;14/04/18
THY1852;BCN;IST;32B;Abertura de claros;14/04/18
RYR6341;BCN;FCO;BOEING 737-800 WINGLETS;Abertura de claros;14/04/18
AFR1449;BCN;CDG;AIRBUS A320;Abertura de claros;14/04/18
RYR2918;BCN;BRU;BOEING 737-800 WINGLETS;Abertura de claros;14/04/18
RYR6353;BCN;BGY;BOEING 737-800 WINGLETS;Abertura de claros;14/04/18
KLM1662;BCN;AMS;BOEING 737-800 WINGLETS;Abertura de claros;14/04/18
RYR2212;REU;EIN;BOEING 737-800 WINGLETS;Cubierto de nubes altas y medias;14/04/18
RYR1115;REU;DUB;BOEING 737-800 WINGLETS;Cubierto de nubes altas y medias;14/04/18
RYR1865;REU;SNN;BOEING 737-800 WINGLETS;Cubierto de nubes altas y medias;14/04/18
RYR3843;REU;STN;BOEING 737-800 WINGLETS;Cubierto de nubes altas y medias;14/04/18
EZY2208;REU;LTN;AIRBUS A319;Cubierto de nubes altas y medias;14/04/18
RYR2829;REU;CRL;BOEING 737-800 WINGLETS;Cubierto de nubes altas y medias;14/04/18
IBB656;VDE;TFN;ATR-72;Despejado;14/04/18
IBB660;VDE;TFN;ATR-42/72;Despejado;14/04/18
IBB664;VDE;TFN;ATR-72;Despejado;14/04/18
IBB366;VDE;LPA;ATR-72;Despejado;14/04/18
CNF248;VDE;TFN;ATR-72;Despejado;14/04/18
IBB674;VDE;TFN;ATR-72;Despejado;14/04/18
IBE8317;EAS;MAD;ATR-72;Nubes altas;14/04/18
VLG2487;EAS;BCN;AIRBUS A319;Nubes altas;14/04/18
IBE8327;EAS;MAD;ATR-72;Nubes altas;14/04/18
IBE8319;EAS;MAD;ATR-72;Nubes altas;14/04/18
IBE8329;EAS;MAD;ATR-72;Nubes altas;14/04/18
VLG2489;EAS;BCN;AIRBUS A319;Nubes altas;14/04/18
IBE8861;SDR;MAD;BOMBARDIER CRJ-1000;Nubes altas;14/04/18
RYR6385;SDR;BCN;BOEING 737-800 WINGLETS;Nubes altas;14/04/18
IBE0555;SDR;MAD;AIRBUS A319;Nubes altas;14/04/18
RYR4793;SDR;BGY;BOEING 737-800 WINGLETS;Nubes altas;14/04/18
RYR2594;SDR;AGP;BOEING 737-800 WINGLETS;Nubes altas;14/04/18
RYR2215;SDR;VLC;BOEING 737-800 WINGLETS;Nubes altas;14/04/18
IBE0557;SDR;MAD;AIRBUS A319;Nubes altas;14/04/18
RYR1573;SDR;SXF;BOEING 737-800 WINGLETS;Nubes altas;14/04/18
AEA7232;LCG;MAD;EMBRAER ERJ-195;Chubascos dispersos;14/04/18
IBE0511;LCG;MAD;AIRBUS A319;Chubascos dispersos;14/04/18
VLG1293;LCG;BCN;32A;Chubascos dispersos;14/04/18
TAP1085;LCG;LIS;ATR-72;Chubascos dispersos;14/04/18
VLG3971;LCG;PMI;32A;Chubascos dispersos;14/04/18
AEA7234;LCG;MAD;EMBRAER ERJ-195;Chubascos dispersos;14/04/18
IBE0513;LCG;MAD;AIRBUS A320;Chubascos dispersos;14/04/18
AEA7236;LCG;MAD;EMBRAER ERJ-195;Chubascos dispersos;14/04/18
IBE8261;MLN;AGP;ATR-72;Despejado;14/04/18
IBE8789;MLN;MAD;ATR-72;Despejado;14/04/18
AEA5002;MLN;AGP;ATR-72;Despejado;14/04/18
IBE8273;MLN;AGP;ATR-72;Despejado;14/04/18
IBE8263;MLN;AGP;ATR-72;Despejado;14/04/18
IBE8269;MLN;AGP;ATR-72;Despejado;14/04/18
IBE8793;MLN;MAD;ATR-72;Despejado;14/04/18
IBE8271;MLN;AGP;ATR-72;Despejado;14/04/18
AEA4033;PMI;ZAZ;EMBRAER ERJ-195;Lluvia;14/04/18
AZA059;MAD;FCO;AIRBUS A320;Nubes altas;14/04/18
KLM1698;MAD;AMS;BOEING 737-800 WINGLETS;Nubes altas;14/04/18
RYR3011;MAD;TLS;BOEING 737-800 WINGLETS;Nubes altas;14/04/18
DLH1121;MAD;FRA;AIRBUS A321;Nubes altas;14/04/18
RYR5993;MAD;STN;BOEING 737-800 WINGLETS;Nubes altas;14/04/18
RYR2526;MAD;SXF;BOEING 737-800 WINGLETS;Nubes altas;14/04/18
BEL3732;MAD;BRU;AIRBUS A320;Nubes altas;14/04/18
AFR1401;MAD;CDG;AIRBUS A321;Nubes altas;14/04/18
VLG1572;OVD;BCN;AIRBUS A320;Nubes altas;14/04/18
VOE3590;OVD;PMI;BOEING 717;Nubes altas;14/04/18
VLG1574;OVD;BCN;AIRBUS A320;Nubes altas;14/04/18
IBE0479;OVD;MAD;AIRBUS A320;Nubes altas;14/04/18
IBE0475;OVD;MAD;AIRBUS A320;Nubes altas;14/04/18
VLG3139;OVD;ACE;AIRBUS A320;Nubes altas;14/04/18
IBS3613;OVD;TFN;AIRBUS A320;Nubes altas;14/04/18
IBS3610;OVD;LHR;AIRBUS A320;Nubes altas;14/04/18
TAP1113;OVD;LIS;ATR-72;Nubes altas;14/04/18
IBE8639;GRX;MAD;CANADAIR CRJ-900;Cubierto de nubes altas y medias;14/04/18
VLG2011;GRX;BCN;32B;Cubierto de nubes altas y medias;14/04/18
IBE8641;GRX;MAD;BOMBARDIER CRJ-1000;Cubierto de nubes altas y medias;14/04/18
VLG2021;GRX;BCN;AIRBUS A320;Cubierto de nubes altas y medias;14/04/18
AEA5200;GRX;PMI;EMBRAER ERJ-195;Cubierto de nubes altas y medias;14/04/18
IBE8645;GRX;MAD;BOMBARDIER CRJ-1000;Cubierto de nubes altas y medias;14/04/18
IBE8649;GRX;MAD;CANADAIR CRJ-900;Cubierto de nubes altas y medias;14/04/18
VLG2015;GRX;BCN;AIRBUS A320;Cubierto de nubes altas y medias;14/04/18
VLG8727;GRX;CDG;AIRBUS A320;Cubierto de nubes altas y medias;14/04/18
EZY8172;GRX;LGW;AIRBUS A319;Cubierto de nubes altas y medias;14/04/18
VLG2017;GRX;BCN;AIRBUS A321;Cubierto de nubes altas y medias;14/04/18
IBE0537;VGO;MAD;AIRBUS A319;Lluvia débil;14/04/18
AEA7311;VGO;MAD;EMBRAER ERJ-195;Lluvia débil;14/04/18
VLG1703;VGO;BCN;BOEING 737-800 WINGLETS;Lluvia débil;14/04/18
IBE0531;VGO;MAD;AIRBUS A319;Lluvia débil;14/04/18
RYR7142;VGO;EDI;BOEING 737-800 WINGLETS;Lluvia débil;14/04/18
AEA7315;VGO;MAD;EMBRAER ERJ-195;Lluvia débil;14/04/18
IBE0533;VGO;MAD;AIRBUS A319;Lluvia débil;14/04/18
EVE1124;VGO;ALC;AIRBUS A320;Lluvia débil;14/04/18
TAP1141;VGO;LIS;ATR-72;Lluvia débil;14/04/18
AEA7317;VGO;MAD;EMBRAER ERJ-195;Lluvia débil;14/04/18
IBE0407;XRY;MAD;AIRBUS A320;Nubes altas;14/04/18
LGL688;XRY;LUX;BOEING 737-700 WINGLETS;Nubes altas;14/04/18
DE1723;XRY;MUC;AIRBUS A320;Nubes altas;14/04/18
DE1565;XRY;HAM;AIRBUS A320;Nubes altas;14/04/18
IBE0411;XRY;MAD;AIRBUS A320;Nubes altas;14/04/18
VLG2615;XRY;BIO;32A;Nubes altas;14/04/18
VLG2287;XRY;BCN;BOEING 737-800 WINGLETS;Nubes altas;14/04/18
IBE0405;XRY;MAD;AIRBUS A320;Nubes altas;14/04/18
JAF6902;MJV;ANR;EMBRAER 190;Abertura de claros;14/04/18
RYR2155;MJV;BHX;BOEING 737-800 WINGLETS;Abertura de claros;14/04/18
EZY8550;MJV;LGW;AIRBUS A319;Abertura de claros;14/04/18
EZY6014;MJV;BRS;AIRBUS A319;Abertura de claros;14/04/18
RYR1925;MJV;EMA;BOEING 737-800 WINGLETS;Abertura de claros;14/04/18
RYR4117;MJV;MAN;BOEING 737-800 WINGLETS;Abertura de claros;14/04/18
NAX1703;MJV;OSL;BOEING 737-800 WINGLETS;Abertura de claros;14/04/18
RYR3453;MJV;LTN;BOEING 737-800 WINGLETS;Abertura de claros;14/04/18
EZY7426;MJV;SEN;AIRBUS A319;Abertura de claros;14/04/18
BAW449;MJV;LHR;32A;Abertura de claros;14/04/18
RYR8027;MJV;STN;BOEING 737-800 WINGLETS;Abertura de claros;14/04/18
EZY8554;MJV;LGW;AIRBUS A320;Abertura de claros;14/04/18
RYR7095;MJV;DUB;BOEING 737-800 WINGLETS;Abertura de claros;14/04/18
IBE8603;LEI;MAD;BOMBARDIER CRJ-1000;Despejado;14/04/18
LGL694;LEI;LUX;BOEING 737-800 WINGLETS;Despejado;14/04/18
JAF6944;LEI;BRU;EMBRAER 190;Despejado;14/04/18
IBE8595;LEI;MAD;CANADAIR CRJ-900;Despejado;14/04/18
EZY8164;LEI;LGW;AIRBUS A320;Despejado;14/04/18
VLG1252;LEI;BCN;32A;Despejado;14/04/18
IBE8577;LEI;MAD;CANADAIR CRJ-200;Despejado;14/04/18
IBE8601;LEI;MAD;BOMBARDIER CRJ-1000;Despejado;14/04/18
BAW421;LEI;LHR;AIRBUS A319;Despejado;14/04/18
TRA5644;LEI;RTM;BOEING 737-700 WINGLETS;Despejado;14/04/18
RYR7319;LEI;DUB;BOEING 737-800 WINGLETS;Despejado;14/04/18
IBE8999;VLC;MAD;BOMBARDIER CRJ-1000;Abertura de claros;14/04/18
AEA1005;VLC;CDG;BOEING 737-800 WINGLETS;Abertura de claros;14/04/18
TAP1095;VLC;LIS;ATR-42/72;Abertura de claros;14/04/18
RYR4632;VLC;BGY;BOEING 737-800 WINGLETS;Abertura de claros;14/04/18
RYR2256;VLC;CGN;BOEING 737-800 WINGLETS;Abertura de claros;14/04/18
DLH1165;VLC;FRA;AIRBUS A321;Abertura de claros;14/04/18
IBE8636;VLC;PMI;CANADAIR CRJ-900;Abertura de claros;14/04/18
RYR9678;VLC;CIA;BOEING 737-800 WINGLETS;Abertura de claros;14/04/18
IBE8840;VLC;SVQ;ATR-72;Abertura de claros;14/04/18
IBE8948;VLC;BIO;BOMBARDIER CRJ-1000;Abertura de claros;14/04/18
VLG6244;VLC;FCO;AIRBUS A320;Abertura de claros;14/04/18
RYR2218;VLC;HAM;BOEING 737-800 WINGLETS;Abertura de claros;14/04/18
GMI5729;PMI;FMO;AIRBUS A319;Lluvia;14/04/18
VLG2854;PMI;ORY;AIRBUS A320;Lluvia;14/04/18
EZY1514;PMI;GVA;32A;Lluvia;14/04/18
RYR2052;PMI;MAD;BOEING 737-800 WINGLETS;Lluvia;14/04/18
IBS3917;PMI;MAD;AIRBUS A320;Lluvia;14/04/18
VLG1225;PMI;LYS;AIRBUS A320;Lluvia;14/04/18
IBK6700;PMI;DUS;BOEING 737-800 WINGLETS;Lluvia;14/04/18
RYR6363;PMI;BCN;BOEING 737-800 WINGLETS;Lluvia;14/04/18
IBK6650;PMI;ARN;BOEING 737-800 WINGLETS;Lluvia;14/04/18
RYR8235;PMI;BRS;BOEING 737-800 WINGLETS;Lluvia;14/04/18
RYR716;PMI;BVA;BOEING 737-800 WINGLETS;Lluvia;14/04/18
AEA6006;PMI;BCN;BOEING 737-800 WINGLETS;Lluvia;14/04/18
VLG3915;PMI;BCN;AIRBUS A320;Lluvia;14/04/18
VLG2486;BCN;EAS;AIRBUS A319;Abertura de claros;14/04/18
IBE8314;MAD;EAS;ATR-72;Nubes altas;14/04/18
IBE8316;MAD;EAS;ATR-72;Nubes altas;14/04/18
IBE8322;MAD;EAS;ATR-72;Nubes altas;14/04/18
VLG2488;BCN;EAS;AIRBUS A319;Abertura de claros;14/04/18
IBE8324;MAD;EAS;ATR-72;Nubes altas;14/04/18
RYR6384;BCN;SDR;BOEING 737-800 WINGLETS;Abertura de claros;14/04/18
IBE0554;MAD;SDR;AIRBUS A319;Nubes altas;14/04/18
RYR2593;AGP;SDR;BOEING 737-800 WINGLETS;Despejado;14/04/18
RYR2214;VLC;SDR;BOEING 737-800 WINGLETS;Abertura de claros;14/04/18
IBE0556;MAD;SDR;AIRBUS A319;Nubes altas;14/04/18
IBB655;TFN;VDE;ATR-42/72;Despejado;14/04/18
IBB659;TFN;VDE;ATR-42/72;Despejado;14/04/18
IBB663;TFN;VDE;ATR-42/72;Despejado;14/04/18
IBB365;LPA;VDE;ATR-72;Nubes altas;14/04/18
CNF247;TFN;VDE;ATR-42/72;Despejado;14/04/18
IBB673;TFN;VDE;ATR-42/72;Despejado;14/04/18
BEL3716;BIO;BRU;AIRBUS A319;Nubes altas;14/04/18
IBE0443;BIO;MAD;32A;Nubes altas;14/04/18
VOE3516;BIO;MLA;BOEING 717;Nubes altas;14/04/18
KLM1684;BIO;AMS;EMBRAER 190;Nubes altas;14/04/18
DLH1147;BIO;FRA;32A;Nubes altas;14/04/18
VLG2506;BIO;SVQ;AIRBUS A320;Nubes altas;13/04/18
VLG3280;BIO;ACE;AIRBUS A320;Nubes altas;14/04/18
AFR1377;BIO;CDG;EMBRAER 190;Nubes altas;14/04/18
TAP1065;BIO;LIS;ATR-42/72;Nubes altas;14/04/18
VLG3260;BIO;TFN;32A;Nubes altas;14/04/18
DLH1829;BIO;MUC;AIRBUS A320;Nubes altas;14/04/18
VLG1439;BIO;BCN;32A;Nubes altas;14/04/18
AEA7505;BIO;PMI;EMBRAER ERJ-195;Nubes altas;14/04/18
AEA5001;AGP;MLN;ATR-72;Despejado;14/04/18
IBE8262;AGP;MLN;ATR-72;Despejado;14/04/18
IBE8792;MAD;MLN;ATR-72;Nubes altas;14/04/18
IBE8268;AGP;MLN;ATR-72;Despejado;14/04/18
IBE8264;AGP;MLN;ATR-72;Despejado;14/04/18
IBE8270;AGP;MLN;ATR-72;Despejado;14/04/18
IBE8798;MAD;MLN;ATR-72;Nubes altas;14/04/18
IBE8272;AGP;MLN;ATR-72;Despejado;14/04/18
VLG1876;AGP;CPH;AIRBUS A320;Despejado;14/04/18
SAS6232;AGP;AAR;32A;Despejado;14/04/18
SAS6354;AGP;OSL;32A;Despejado;14/04/18
VLG8366;AGP;AMS;AIRBUS A320;Despejado;14/04/18
IBK5108;AGP;HAM;BOEING 737-800 WINGLETS;Despejado;14/04/18
AEA1039;AGP;CDG;BOEING 737-800 WINGLETS;Despejado;14/04/18
IBK5140;AGP;WAW;BOEING 737-800 WINGLETS;Despejado;14/04/18
RYR2044;AGP;DTM;BOEING 737-800 WINGLETS;Despejado;14/04/18
RYR2588;AGP;KRK;BOEING 737-800 WINGLETS;Despejado;14/04/18
RYR9893;AGP;LPL;BOEING 737-800 WINGLETS;Despejado;14/04/18
VLG2985;AGP;NTE;AIRBUS A320;Despejado;14/04/18
TAP1137;AGP;LIS;ATR-42/72;Despejado;14/04/18
RYR5945;AGP;BOH;BOEING 737-800 WINGLETS;Despejado;14/04/18
VLG2608;AGP;BIO;AIRBUS A320;Despejado;14/04/18
RYR2531;AGP;BLL;BOEING 737-800 WINGLETS;Despejado;14/04/18
RYR9123;GRO;EIN;BOEING 737-800 WINGLETS;Nubosidad variable;14/04/18
RYR3213;GRO;MAN;BOEING 737-800 WINGLETS;Nubosidad variable;14/04/18
RYR2344;GRO;NCL;BOEING 737-800 WINGLETS;Nubosidad variable;14/04/18
RYR9803;GRO;STN;BOEING 737-800 WINGLETS;Nubosidad variable;14/04/18
RYR4125;GRO;HHN;BOEING 737-800 WINGLETS;Nubosidad variable;14/04/18
RYR6391;GRO;NRN;BOEING 737-800 WINGLETS;Nubosidad variable;14/04/18
RYR9241;GRO;PSA;BOEING 737-800 WINGLETS;Nubosidad variable;14/04/18
RYR9107;GRO;BVA;BOEING 737-800 WINGLETS;Nubosidad variable;14/04/18
RYR6901;GRO;CRL;BOEING 737-800 WINGLETS;Nubosidad variable;14/04/18
RYR9012;GRO;MLA;BOEING 737-800 WINGLETS;Nubosidad variable;14/04/18
RYR6911;GRO;MST;BOEING 737-800 WINGLETS;Nubosidad variable;14/04/18
RYR9375;GRO;TLL;BOEING 737-800 WINGLETS;Nubosidad variable;14/04/18
RYR9002;GRO;BLL;BOEING 737-800 WINGLETS;Nubosidad variable;14/04/18
RYR9307;GRO;PIK;BOEING 737-800 WINGLETS;Nubosidad variable;14/04/18
RYR6393;GRO;NRN;BOEING 737-800 WINGLETS;Nubosidad variable;14/04/18
RYR3653;GRO;BRE;BOEING 737-800 WINGLETS;Nubosidad variable;14/04/18
RYR9911;GRO;BOH;BOEING 737-800 WINGLETS;Nubosidad variable;14/04/18
VLG1640;SCQ;FUE;AIRBUS A320;Chubascos dispersos;14/04/18
IBS3895;SCQ;MAD;32A;Chubascos dispersos;14/04/18
RYR5316;SCQ;MAD;BOEING 737-800 WINGLETS;Chubascos dispersos;14/04/18
RYR6333;SCQ;BCN;BOEING 737-800 WINGLETS;Chubascos dispersos;14/04/18
IBS3877;SCQ;MAD;AIRBUS A320;Chubascos dispersos;14/04/18
EZS1338;SCQ;GVA;AIRBUS A320;Chubascos dispersos;14/04/18
VLG1671;SCQ;BCN;32A;Chubascos dispersos;14/04/18
EZY8590;SCQ;LGW;AIRBUS A319;Chubascos dispersos;14/04/18
IBE8204;SCQ;TFN;CANADAIR CRJ-900;Chubascos dispersos;14/04/18
IBS9517;SCQ;PMI;AIRBUS A320;Chubascos dispersos;14/04/18
RYR724;SCQ;PMI;BOEING 737-800 WINGLETS;Chubascos dispersos;14/04/18
IBE8679;SCQ;IBZ;BOMBARDIER CRJ-1000;Chubascos dispersos;14/04/18
AEA7116;SCQ;ACE;BOEING 737-800 WINGLETS;Chubascos dispersos;14/04/18
VLG7515;SCQ;ZRH;AIRBUS A320;Chubascos dispersos;14/04/18
EZY2682;SCQ;MXP;AIRBUS A319;Chubascos dispersos;14/04/18
IBS3875;SCQ;MAD;AIRBUS A320;Chubascos dispersos;14/04/18
SWR2553;SCQ;ZRH;AIRBUS A320;Chubascos dispersos;14/04/18
RYR2574;SCQ;AGP;BOEING 737-800 WINGLETS;Chubascos dispersos;14/04/18
IBS3835;LPA;MAD;AIRBUS A321;Nubes altas;14/04/18
RYR4504;LPA;KRK;BOEING 737-800 WINGLETS;Nubes altas;14/04/18
RYR2565;LPA;HAM;BOEING 737-800 WINGLETS;Nubes altas;14/04/18
RYR3163;LPA;EMA;BOEING 737-800 WINGLETS;Nubes altas;14/04/18
VLG3186;LPA;NTE;AIRBUS A320;Nubes altas;14/04/18
AEA9403;LPA;TFN;ATR-72;Nubes altas;14/04/18
AEA9431;LPA;FUE;ATR-72;Nubes altas;14/04/18
AEA9018;LPA;MAD;BOEING 737-800 WINGLETS;Nubes altas;14/04/18
VLG3001;LPA;BCN;AIRBUS A321;Nubes altas;14/04/18
IBB500;LPA;ACE;BOMBARDIER CRJ-1000;Nubes altas;14/04/18
RYR3802;LPA;LPL;BOEING 737-800 WINGLETS;Nubes altas;14/04/18
IBB200;LPA;FUE;ATR-72;Nubes altas;14/04/18
DK1507;LPA;SVG;32B;Nubes altas;14/04/18
IBK5800;LPA;BCN;BOEING 737-800 WINGLETS;Nubes altas;14/04/18
VLG1292;BCN;LCG;32A;Abertura de claros;14/04/18
AEA7233;MAD;LCG;EMBRAER ERJ-195;Nubes altas;14/04/18
IBE0512;MAD;LCG;AIRBUS A320;Nubes altas;14/04/18
AEA7235;MAD;LCG;EMBRAER ERJ-195;Nubes altas;14/04/18
VLG3970;PMI;LCG;32A;Lluvia;14/04/18
AEA7237;MAD;LCG;EMBRAER ERJ-195;Nubes altas;14/04/18
ANE8397;ALC;MAD;BOMBARDIER CRJ-1000;Nubes altas;14/04/18
VLG7396;ALC;ALG;32A;Nubes altas;14/04/18
IBK5350;ALC;ARN;BOEING 737-800 WINGLETS;Nubes altas;14/04/18
RYR2408;ALC;FMM;BOEING 737-800 WINGLETS;Nubes altas;14/04/18
VLG8253;ALC;ORY;AIRBUS A320;Nubes altas;14/04/18
RYR7522;ALC;EIN;BOEING 737-800 WINGLETS;Nubes altas;14/04/18
VLG1311;ALC;BCN;32A;Nubes altas;14/04/18
VLG3934;ALC;PMI;32A;Nubes altas;14/04/18
IBK5376;ALC;BLL;BOEING 737-800 WINGLETS;Nubes altas;14/04/18
RYR5598;ALC;HAU;BOEING 737-800 WINGLETS;Nubes altas;14/04/18
RYR9066;ALC;BLL;BOEING 737-800 WINGLETS;Nubes altas;14/04/18
IBK5358;ALC;GOT;BOEING 737-800 WINGLETS;Nubes altas;14/04/18
EXS1412;ALC;STN;BOEING 737-800;Nubes altas;14/04/18
IBK5320;ALC;OSL;BOEING 737-800 WINGLETS;Nubes altas;14/04/18
RYR2714;ALC;LGW;BOEING 737-800 WINGLETS;Nubes altas;14/04/18
RYR4079;ALC;NCL;BOEING 737-800 WINGLETS;Nubes altas;14/04/18
VLG1303;ALC;BCN;AIRBUS A320;Nubes altas;14/04/18
RYR6363;PMI;BCN;BOEING 737-800 WINGLETS;Lluvia;14/04/18
AEA6006;PMI;BCN;BOEING 737-800 WINGLETS;Lluvia;14/04/18
VLG3915;PMI;BCN;AIRBUS A320;Lluvia;14/04/18
VLG3215;TFN;BCN;32B;Despejado;14/04/18
IBS3945;TFN;MAD;AIRBUS A320;Despejado;14/04/18
IBB452;TFN;ACE;ATR-42/72;Despejado;14/04/18
IBB414;TFN;FUE;ATR-42/72;Despejado;14/04/18
IBK6378;TFN;MAD;BOEING 737-800 WINGLETS;Despejado;14/04/18
AEA9045;TFN;MAD;BOEING 737-800 WINGLETS;Despejado;14/04/18
IBB605;TFN;SPC;ATR-42/72;Despejado;14/04/18
CNF412;TFN;SPC;ATR-72;Despejado;14/04/18
IBB655;TFN;VDE;ATR-42/72;Despejado;14/04/18
AEA9404;TFN;LPA;ATR-72;Despejado;14/04/18
CNF612;TFN;LPA;ATR-42/72;Despejado;14/04/18
IBB102;TFN;LPA;BOMBARDIER CRJ-1000;Despejado;14/04/18
IBB607;TFN;SPC;ATR-42/72;Despejado;14/04/18
AEA9461;TFN;SPC;ATR-72;Despejado;14/04/18
IBB108;TFN;LPA;BOMBARDIER CRJ-1000;Despejado;14/04/18
IBB611;TFN;SPC;ATR-42/72;Despejado;14/04/18
IBE8481;MAH;PMI;CANADAIR CRJ-900;Lluvia moderada;14/04/18
IBE8951;MAH;MAD;BOMBARDIER CRJ-1000;Lluvia moderada;14/04/18
AAL8615;MAH;MAD;BOMBARDIER CRJ-1000;Lluvia moderada;14/04/18
IBE8495;MAH;PMI;ATR-42/72;Lluvia moderada;14/04/18
VLG3713;MAH;BCN;32A;Lluvia moderada;14/04/18
IBE8483;MAH;PMI;BOMBARDIER CRJ-1000;Lluvia moderada;14/04/18
VLG3715;MAH;BCN;AIRBUS A320;Lluvia moderada;14/04/18
IBE8660;MAH;VIT;BOMBARDIER CRJ-1000;Lluvia moderada;14/04/18
VLG1341;MAH;ALC;32A;Lluvia moderada;14/04/18
AEA4532;MAH;PMI;ATR-72;Lluvia moderada;14/04/18
VLG2433;MAH;SVQ;AIRBUS A320;Lluvia moderada;14/04/18
IBE8499;MAH;PMI;ATR-42/72;Lluvia moderada;14/04/18
EZY8304;MAH;LGW;AIRBUS A319;Lluvia moderada;14/04/18
AEA4530;MAH;PMI;ATR-72;Lluvia moderada;14/04/18
RYR6882;MAH;BCN;BOEING 737-800 WINGLETS;Lluvia moderada;14/04/18
IBE8493;MAH;PMI;BOMBARDIER CRJ-1000;Lluvia moderada;14/04/18
VLG3709;MAH;BCN;AIRBUS A320;Lluvia moderada;14/04/18
RYR6397;SVQ;BCN;BOEING 737-800 WINGLETS;Nubes altas;14/04/18
VLG3164;SVQ;FUE;AIRBUS A320;Nubes altas;14/04/18
RYR5201;SVQ;SXF;BOEING 737-800 WINGLETS;Nubes altas;14/04/18
VLG3941;SVQ;PMI;AIRBUS A320;Nubes altas;13/04/18
TAP1101;SVQ;LIS;ATR-42/72;Nubes altas;14/04/18
VLG3160;SVQ;ACE;AIRBUS A320;Nubes altas;14/04/18
RYR4471;SVQ;CPH;BOEING 737-800 WINGLETS;Nubes altas;14/04/18
IBE8841;SVQ;VLC;ATR-72;Nubes altas;14/04/18
VLG2505;SVQ;BIO;AIRBUS A320;Nubes altas;13/04/18
IBS3947;SVQ;MAD;AIRBUS A320;Nubes altas;14/04/18
TVF3101;SVQ;ORY;BOEING 737-800 WINGLETS;Nubes altas;14/04/18
VLG2211;SVQ;BCN;AIRBUS A320;Nubes altas;14/04/18
VLG2251;SVQ;BCN;32B;Nubes altas;14/04/18
VLG8830;SVQ;CDG;AIRBUS A320;Nubes altas;14/04/18
EZY8176;SVQ;LGW;AIRBUS A319;Nubes altas;14/04/18
RYR654;TFS;PIK;BOEING 737-800 WINGLETS;Despejado;14/04/18
RYR4067;TFS;SXF;BOEING 737-800 WINGLETS;Despejado;14/04/18
RYR1038;TFS;FMM;BOEING 737-800 WINGLETS;Despejado;14/04/18
RYR2493;TFS;LBA;BOEING 737-800 WINGLETS;Despejado;14/04/18
TOM1609;TFS;ABZ;BOEING 737-800 WINGLETS;Despejado;14/04/18
IBK6472;TFS;CPH;BOEING 737-800 WINGLETS;Despejado;14/04/18
TVF1151;TFS;ORY;BOEING 737-800 WINGLETS;Despejado;14/04/18
IBK6410;TFS;EDI;BOEING 737-800 WINGLETS;Despejado;14/04/18
IBK6512;TFS;MUC;BOEING 737-800 WINGLETS;Despejado;14/04/18
EDW215;TFS;ZRH;AIRBUS A320;Despejado;14/04/18
JAF6114;TFS;BRU;7M8;Despejado;14/04/18
TUI2197;TFS;MUC;BOEING 737-800 WINGLETS;Despejado;14/04/18
IBB152;TFS;LPA;ATR-72;Despejado;14/04/18
IBE2233;TFS;LPA;ATR-72;Despejado;14/04/18
RYR4754;TFS;BRS;BOEING 737-800 WINGLETS;Despejado;14/04/18
VLG3221;TFS;BCN;AIRBUS A320;Despejado;14/04/18
VLG3135;TFS;ORY;32B;Despejado;14/04/18
RYR8167;TFS;STN;BOEING 737-800 WINGLETS;Despejado;14/04/18
RYR1589;TFS;FRA;BOEING 737-800 WINGLETS;Despejado;14/04/18
EXS756;TFS;MAN;BOEING 737-800 WINGLETS;Despejado;14/04/18
RYR6457;IBZ;CRL;BOEING 737-800 WINGLETS;Llovizna;14/04/18
IBE8101;IBZ;PMI;BOMBARDIER CRJ-1000;Llovizna;14/04/18
AEA1701;IBZ;PMI;ATR-72;Llovizna;14/04/18
EWG5861;IBZ;VIE;32A;Llovizna;14/04/18
RYR8137;IBZ;BCN;BOEING 737-800 WINGLETS;Llovizna;14/04/18
VLG3541;IBZ;BCN;32A;Llovizna;14/04/18
RYR5355;IBZ;MAD;BOEING 737-800 WINGLETS;Llovizna;14/04/18
EWG545;IBZ;CGN;BOEING 737-800 WINGLETS;Llovizna;14/04/18
VLG3434;IBZ;MAD;AIRBUS A320;Llovizna;14/04/18
EZY2692;IBZ;MXP;32A;Llovizna;14/04/18
RYR8333;IBZ;BGY;BOEING 737-800 WINGLETS;Llovizna;14/04/18
TRA5672;IBZ;AMS;BOEING 737-800 WINGLETS;Llovizna;14/04/18
IBE8105;IBZ;PMI;BOMBARDIER CRJ-1000;Llovizna;14/04/18
VLG8181;IBZ;ORY;AIRBUS A321;Llovizna;14/04/18
AEA1703;IBZ;PMI;ATR-72;Llovizna;14/04/18
IBE8678;IBZ;SCQ;BOMBARDIER CRJ-1000;Llovizna;14/04/18
TRA6514;IBZ;EIN;BOEING 737-800 WINGLETS;Llovizna;14/04/18
VLG3306;IBZ;FCO;AIRBUS A320;Llovizna;14/04/18
AEA7308;MAD;VGO;EMBRAER ERJ-195;Nubes altas;14/04/18
VLG1702;BCN;VGO;BOEING 737-800 WINGLETS;Abertura de claros;14/04/18
IBE0530;MAD;VGO;AIRBUS A319;Nubes altas;14/04/18
AEA7302;MAD;VGO;EMBRAER ERJ-195;Nubes altas;14/04/18
IBE0532;MAD;VGO;AIRBUS A319;Nubes altas;14/04/18
EVE1123;ALC;VGO;32A;Nubes altas;14/04/18
AEA7300;MAD;VGO;EMBRAER ERJ-195;Nubes altas;14/04/18
RYR2047;ACE;LBA;BOEING 737-800 WINGLETS;Nubes altas;14/04/18
RYR6154;ACE;PIK;BOEING 737-800 WINGLETS;Nubes altas;14/04/18
RYR3491;ACE;NCL;BOEING 737-800 WINGLETS;Nubes altas;14/04/18
TVS3439;ACE;BES;BOEING 737-800 WINGLETS;Nubes altas;14/04/18
IBB501;ACE;LPA;ATR-72;Nubes altas;14/04/18
IBB453;ACE;TFN;ATR-42/72;Nubes altas;14/04/18
IBE2277;ACE;TFN;ATR-42/72;Nubes altas;14/04/18
TVS3441;ACE;LIL;BOEING 737-800 WINGLETS;Nubes altas;14/04/18
CNF704;ACE;LPA;ATR-42/72;Nubes altas;14/04/18
VLG3161;ACE;SVQ;AIRBUS A320;Nubes altas;14/04/18
TVS2415;ACE;DOL;BOEING 737-800 WINGLETS;Nubes altas;14/04/18
TVP7307;ACE;WAW;BOEING 737-800 WINGLETS;Nubes altas;14/04/18
VLG3281;ACE;BIO;AIRBUS A320;Nubes altas;14/04/18
IBB505;ACE;LPA;ATR-42/72;Nubes altas;14/04/18
IBB507;ACE;LPA;ATR-42/72;Nubes altas;14/04/18
AEA9076;ACE;MAD;BOEING 737-800 WINGLETS;Nubes altas;14/04/18
EZS1250;ACE;BSL;AIRBUS A320;Nubes altas;14/04/18
RYR6209;ACE;NRN;BOEING 737-800 WINGLETS;Nubes altas;14/04/18
VLG2481;ACE;BCN;AIRBUS A320;Nubes altas;14/04/18
IBE8594;MAD;LEI;CANADAIR CRJ-900;Nubes altas;14/04/18
VLG1251;BCN;LEI;32A;Abertura de claros;14/04/18
IBE8598;MAD;LEI;CANADAIR CRJ-200;Nubes altas;14/04/18
IBE8592;MAD;LEI;BOMBARDIER CRJ-1000;Nubes altas;14/04/18
VLG1573;BCN;OVD;AIRBUS A320;Abertura de claros;14/04/18
IBE0488;MAD;OVD;AIRBUS A320;Nubes altas;14/04/18
VLG1579;BCN;OVD;AIRBUS A320;Abertura de claros;14/04/18
VOE3591;PMI;OVD;BOEING 717;Lluvia;14/04/18
IBS3612;TFN;OVD;AIRBUS A320;Despejado;14/04/18
IBS3980;MAD;OVD;AIRBUS A320;Nubes altas;14/04/18
IBE0480;MAD;OVD;32A;Nubes altas;14/04/18
VLG3138;ACE;OVD;AIRBUS A320;Nubes altas;14/04/18
IBE0410;MAD;XRY;32A;Nubes altas;14/04/18
VLG2614;BIO;XRY;32A;Nubes altas;14/04/18
VLG2286;BCN;XRY;BOEING 737-800 WINGLETS;Abertura de claros;14/04/18
IBE0404;MAD;XRY;AIRBUS A319;Nubes altas;14/04/18
RYR1283;BCN;XRY;BOEING 737-800 WINGLETS;Abertura de claros;14/04/18
IBE0406;MAD;XRY;AIRBUS A319;Nubes altas;14/04/18
VLG2010;BCN;GRX;32B;Abertura de claros;14/04/18
IBE8640;MAD;GRX;BOMBARDIER CRJ-1000;Nubes altas;14/04/18
VLG2020;BCN;GRX;AIRBUS A320;Abertura de claros;14/04/18
AEA5201;PMI;GRX;EMBRAER ERJ-195;Lluvia;14/04/18
IBE8646;MAD;GRX;BOMBARDIER CRJ-1000;Nubes altas;14/04/18
IBE8642;MAD;GRX;CANADAIR CRJ-900;Nubes altas;14/04/18
VLG2014;BCN;GRX;AIRBUS A320;Abertura de claros;14/04/18
VLG2016;BCN;GRX;32B;Abertura de claros;14/04/18
IBE8648;MAD;GRX;BOMBARDIER CRJ-1000;Nubes altas;14/04/18
AEA9431;LPA;FUE;ATR-72;Nubes altas;14/04/18
IBB200;LPA;FUE;ATR-72;Nubes altas;14/04/18
VLG1640;SCQ;FUE;AIRBUS A320;Chubascos dispersos;14/04/18
VLG3164;SVQ;FUE;AIRBUS A320;Nubes altas;14/04/18
IBB414;TFN;FUE;ATR-42/72;Despejado;14/04/18
CNF803;LPA;FUE;ATR-72;Nubes altas;14/04/18
IBB236;LPA;FUE;ATR-72;Nubes altas;14/04/18
IBB208;LPA;FUE;ATR-72;Nubes altas;14/04/18
IBB210;LPA;FUE;ATR-72;Nubes altas;14/04/18
IBS3900;MAD;FUE;AIRBUS A320;Nubes altas;14/04/18
IBB422;TFN;FUE;ATR-42/72;Despejado;14/04/18
IBB604;SPC;TFN;ATR-42/72;Nubes altas;14/04/18
IBB606;SPC;TFN;ATR-42/72;Nubes altas;14/04/18
IBE2282;SPC;TFN;ATR-42/72;Nubes altas;14/04/18
IBB304;SPC;LPA;ATR-72;Nubes altas;14/04/18
CNF413;SPC;TFN;ATR-72;Nubes altas;14/04/18
IBB608;SPC;TFN;ATR-42/72;Nubes altas;14/04/18
AEA9462;SPC;TFN;ATR-72;Nubes altas;14/04/18
IBB612;SPC;TFN;ATR-72;Nubes altas;14/04/18
CNF419;SPC;TFN;ATR-72;Nubes altas;14/04/18
IBB610;SPC;TFN;ATR-42/72;Nubes altas;14/04/18
AEA9464;SPC;TFN;ATR-72;Nubes altas;14/04/18
IBB620;SPC;TFN;ATR-72;Nubes altas;14/04/18
EWG9545;SPC;DUS;32A;Nubes altas;14/04/18
GMI3953;SPC;HAM;AIRBUS A319;Nubes altas;14/04/18
EWG7529;SPC;HAM;32A;Nubes altas;14/04/18
IBB622;SPC;TFN;ATR-42/72;Nubes altas;14/04/18
IBS3843;SPC;MAD;AIRBUS A320;Nubes altas;14/04/18
CNF453;SPC;TFN;ATR-72;Nubes altas;14/04/18
IBB632;SPC;TFN;ATR-42/72;Nubes altas;14/04/18
AEA9466;SPC;TFN;ATR-72;Nubes altas;14/04/18
VLG3249;SPC;BCN;AIRBUS A320;Nubes altas;14/04/18
AEA7161;MAD;BIO;EMBRAER ERJ-195;Nubes altas;14/04/18
VLG1420;BCN;BIO;32B;Abertura de claros;14/04/18
VLG2608;AGP;BIO;AIRBUS A320;Despejado;14/04/18
IBE8948;VLC;BIO;BOMBARDIER CRJ-1000;Abertura de claros;14/04/18
IBE0448;MAD;BIO;AIRBUS A319;Nubes altas;14/04/18
VLG2505;SVQ;BIO;AIRBUS A320;Nubes altas;13/04/18
VLG1440;BCN;BIO;32A;Abertura de claros;14/04/18
AEA7506;PMI;BIO;EMBRAER ERJ-195;Lluvia;14/04/18
AEA2659;BCN;BIO;BOEING 737-800 WINGLETS;Abertura de claros;14/04/18
AEA4063;MAD;VLC;ATR-72;Nubes altas;14/04/18
AEA4005;PMI;VLC;EMBRAER ERJ-195;Lluvia;14/04/18
IBE8986;MAD;VLC;BOMBARDIER CRJ-1000;Nubes altas;14/04/18
AAL8555;MAD;VLC;BOMBARDIER CRJ-1000;Nubes altas;14/04/18
IBE8036;MAD;VLC;BOMBARDIER CRJ-1000;Nubes altas;14/04/18
IBE8841;SVQ;VLC;ATR-72;Nubes altas;14/04/18
IBB102;TFN;LPA;BOMBARDIER CRJ-1000;Despejado;14/04/18
CNF612;TFN;LPA;ATR-42/72;Despejado;14/04/18
AEA9404;TFN;LPA;ATR-72;Despejado;14/04/18
IBB203;FUE;LPA;ATR-72;Nubes altas;14/04/18
AEA9432;FUE;LPA;ATR-72;Nubes altas;14/04/18
RYR2031;MAD;LPA;BOEING 737-800 WINGLETS;Nubes altas;14/04/18
AEA9156;MAD;LPA;BOEING 787-8;Nubes altas;14/04/18
IBB501;ACE;LPA;ATR-72;Nubes altas;14/04/18
CNF704;ACE;LPA;ATR-42/72;Nubes altas;14/04/18
IBB108;TFN;LPA;BOMBARDIER CRJ-1000;Despejado;14/04/18
IBB304;SPC;LPA;ATR-72;Nubes altas;14/04/18
IBB237;FUE;LPA;ATR-42/72;Nubes altas;14/04/18
IBE8494;PMI;MAH;ATR-42/72;Despejado;17/04/18
VLG3712;BCN;MAH;32A;Abertura de claros;14/04/18
IBE8480;PMI;MAH;BOMBARDIER CRJ-1000;Despejado;17/04/18
VLG3714;BCN;MAH;AIRBUS A320;Abertura de claros;14/04/18
IBE8482;PMI;MAH;BOMBARDIER CRJ-1000;Despejado;17/04/18
VLG1340;ALC;MAH;32A;Nubes altas;14/04/18
AEA4537;PMI;MAH;ATR-72;Lluvia;14/04/18
VLG2432;SVQ;MAH;AIRBUS A320;Nubes altas;14/04/18
IBE8498;PMI;MAH;ATR-42/72;Despejado;17/04/18
IBE8661;VIT;MAH;BOMBARDIER CRJ-1000;Abertura de claros;14/04/18
AEA4531;PMI;MAH;ATR-72;Lluvia;14/04/18
RYR6881;BCN;MAH;BOEING 737-800 WINGLETS;Abertura de claros;14/04/18
VLG3716;BCN;MAH;AIRBUS A320;Abertura de claros;14/04/18
VLG3700;BCN;MAH;AIRBUS A320;Abertura de claros;14/04/18
VLG3220;BCN;TFS;AIRBUS A320;Abertura de claros;14/04/18
IBB123;LPA;TFS;ATR-72;Nubes altas;14/04/18
RYR8136;BCN;IBZ;BOEING 737-800 WINGLETS;Abertura de claros;14/04/18
VLG3540;BCN;IBZ;32A;Abertura de claros;14/04/18
RYR5354;MAD;IBZ;BOEING 737-800 WINGLETS;Nubes altas;14/04/18
VLG3447;MAD;IBZ;AIRBUS A320;Nubes altas;14/04/18
IBE8104;PMI;IBZ;BOMBARDIER CRJ-1000;Despejado;17/04/18
IBE8676;BCN;IBZ;BOMBARDIER CRJ-1000;Despejado;17/04/18
AEA1702;PMI;IBZ;ATR-72;Lluvia;14/04/18
VLG3928;BCN;PMI;32A;Abertura de claros;14/04/18
ANE8636;VLC;PMI;CANADAIR CRJ-900;Despejado;17/04/18
VLG3902;BCN;PMI;32B;Abertura de claros;14/04/18
ANE8481;MAH;PMI;BOMBARDIER CRJ-1000;Despejado;17/04/18
ANE8101;IBZ;PMI;BOMBARDIER CRJ-1000;Despejado;17/04/18
VLG3934;ALC;PMI;32A;Nubes altas;14/04/18
VLG1302;BCN;ALC;AIRBUS A320;Abertura de claros;14/04/18
AEA4047;MAD;ALC;ATR-72;Nubes altas;14/04/18
ANE8390;MAD;ALC;BOMBARDIER CRJ-1000;Despejado;17/04/18
IBB500;LPA;ACE;BOMBARDIER CRJ-1000;Nubes altas;14/04/18
IBB452;TFN;ACE;ATR-42/72;Despejado;14/04/18
CNF703;LPA;ACE;ATR-72;Nubes altas;14/04/18
VLG3160;SVQ;ACE;AIRBUS A320;Nubes altas;14/04/18
VLG3280;BIO;ACE;AIRBUS A320;Nubes altas;14/04/18
IBB506;LPA;ACE;ATR-72;Nubes altas;14/04/18
AEA9073;MAD;ACE;BOEING 737-800 WINGLETS;Nubes altas;14/04/18
AEA9447;LPA;ACE;ATR-72;Nubes altas;14/04/18
VLG2480;BCN;ACE;AIRBUS A320;Abertura de claros;14/04/18
IBE8840;VLC;SVQ;ATR-72;Abertura de claros;14/04/18
VLG2506;BIO;SVQ;AIRBUS A320;Nubes altas;13/04/18
IBS3954;MAD;SVQ;AIRBUS A320;Nubes altas;14/04/18
VLG2212;BCN;SVQ;AIRBUS A320;Abertura de claros;14/04/18
VLG2216;BCN;SVQ;32B;Abertura de claros;14/04/18
RYR6396;BCN;SVQ;BOEING 737-800 WINGLETS;Abertura de claros;14/04/18
VLG3940;SVQ;PMI;AIRBUS A320;Nubes altas;13/04/18
VLG3165;FUE;SVQ;AIRBUS A320;Nubes altas;14/04/18
VLG3161;ACE;SVQ;AIRBUS A320;Nubes altas;14/04/18
IBS3950;MAD;SVQ;AIRBUS A320;Nubes altas;14/04/18
RYR5273;PMI;SVQ;BOEING 737-800 WINGLETS;Lluvia;14/04/18
RYR2036;VIT;SVQ;BOEING 737-800 WINGLETS;Abertura de claros;14/04/18
VLG2210;BCN;SVQ;AIRBUS A320;Abertura de claros;14/04/18
IBB605;TFN;SPC;ATR-42/72;Despejado;14/04/18
IBB309;LPA;SPC;ATR-72;Nubes altas;14/04/18
CNF412;TFN;SPC;ATR-72;Despejado;14/04/18
IBB607;TFN;SPC;ATR-42/72;Despejado;14/04/18
AEA9461;TFN;SPC;ATR-72;Despejado;14/04/18
IBB611;TFN;SPC;ATR-42/72;Despejado;14/04/18
CNF418;TFN;SPC;ATR-72;Despejado;14/04/18
IBB609;TFN;SPC;ATR-42/72;Despejado;14/04/18
AEA9463;TFN;SPC;ATR-72;Despejado;14/04/18
IBB619;TFN;SPC;ATR-72;Despejado;14/04/18
IBB621;TFN;SPC;ATR-42/72;Despejado;14/04/18
IBS3842;MAD;SPC;AIRBUS A320;Nubes altas;14/04/18
CNF452;TFN;SPC;ATR-72;Despejado;14/04/18
IBB631;TFN;SPC;ATR-42/72;Despejado;14/04/18
IBE2228;TFN;SPC;ATR-42/72;Despejado;17/04/18
VLG3248;BCN;SPC;AIRBUS A320;Abertura de claros;14/04/18
AEA9465;TFN;SPC;ATR-72;Despejado;14/04/18
AEA9403;LPA;TFN;ATR-72;Nubes altas;14/04/18
IBB107;LPA;TFN;BOMBARDIER CRJ-1000;Nubes altas;14/04/18
IBB604;SPC;TFN;ATR-42/72;Nubes altas;14/04/18
AEA9059;MAD;TFN;BOEING 737-800 WINGLETS;Nubes altas;14/04/18
IBB606;SPC;TFN;ATR-42/72;Nubes altas;14/04/18
RYR3063;BCN;TFN;BOEING 737-800 WINGLETS;Abertura de claros;14/04/18
RYR5278;MAD;TFN;BOEING 737-800 WINGLETS;Nubes altas;14/04/18
IBB453;ACE;TFN;ATR-42/72;Nubes altas;14/04/18
IBB415;FUE;TFN;ATR-42/72;Nubes altas;14/04/18
CNF413;SPC;TFN;ATR-72;Nubes altas;14/04/18
IBB608;SPC;TFN;ATR-42/72;Nubes altas;14/04/18
IBB119;LPA;TFN;BOMBARDIER CRJ-1000;Nubes altas;14/04/18
IBB656;VDE;TFN;ATR-72;Despejado;14/04/18
VLG3260;BIO;TFN;32A;Nubes altas;14/04/18
AEA9415;LPA;TFN;ATR-72;Nubes altas;14/04/18
AEA9462;SPC;TFN;ATR-72;Nubes altas;14/04/18
IBK5756;BCN;TFN;BOEING 737-800 WINGLETS;Abertura de claros;14/04/18
IBB612;SPC;TFN;ATR-72;Nubes altas;14/04/18
IBS3942;MAD;TFN;32A;Nubes altas;14/04/18
IBB650;GMZ;TFN;ATR-72;Despejado;14/04/18
CNF419;SPC;TFN;ATR-72;Nubes altas;14/04/18
IBB109;LPA;TFN;ATR-72;Nubes altas;14/04/18
RYR6321;VLL;BCN;BOEING 737-800 WINGLETS;Nubes altas;14/04/18
IBE8221;RJL;MAD;CANADAIR CRJ-200;Nubes altas;14/04/18
RYR6320;BCN;VLL;BOEING 737-800 WINGLETS;Abertura de claros;14/04/18
RYR2035;SVQ;VIT;BOEING 737-800 WINGLETS;Nubes altas;14/04/18
IBE8660;MAH;VIT;BOMBARDIER CRJ-1000;Lluvia moderada;14/04/18
IBB650;GMZ;TFN;ATR-72;Despejado;14/04/18
IBB652;GMZ;TFN;ATR-72;Despejado;14/04/18
IBE8529;PNA;MAD;BOMBARDIER CRJ-1000;Nubes altas;14/04/18
IBE8525;PNA;MAD;CANADAIR CRJ-200;Nubes altas;14/04/18
RYR7235;ZAZ;BVA;BOEING 737-800 WINGLETS;Nubes altas;14/04/18
WZZ3192;ZAZ;OTP;AIRBUS A320;Nubes altas;14/04/18
AEA4032;ZAZ;PMI;EMBRAER ERJ-195;Nubes altas;14/04/18
WZZ3418;ZAZ;CLJ;AIRBUS A320;Nubes altas;14/04/18
RYR2635;ZAZ;STN;BOEING 737-800 WINGLETS;Nubes altas;14/04/18
IBB656;VDE;TFN;ATR-72;Despejado;14/04/18
IBB660;VDE;TFN;ATR-42/72;Despejado;14/04/18
IBB664;VDE;TFN;ATR-72;Despejado;14/04/18
IBB366;VDE;LPA;ATR-72;Despejado;14/04/18
CNF248;VDE;TFN;ATR-72;Despejado;14/04/18
IBB674;VDE;TFN;ATR-72;Despejado;14/04/18
IBE8524;MAD;PNA;CANADAIR CRJ-200;Nubes altas;14/04/18
IBE8526;MAD;PNA;BOMBARDIER CRJ-1000;Nubes altas;14/04/18
RYR2212;REU;EIN;BOEING 737-800 WINGLETS;Cubierto de nubes altas y medias;14/04/18
RYR1115;REU;DUB;BOEING 737-800 WINGLETS;Cubierto de nubes altas y medias;14/04/18
RYR1865;REU;SNN;BOEING 737-800 WINGLETS;Cubierto de nubes altas y medias;14/04/18
RYR3843;REU;STN;BOEING 737-800 WINGLETS;Cubierto de nubes altas y medias;14/04/18
EZY2208;REU;LTN;AIRBUS A319;Cubierto de nubes altas y medias;14/04/18
RYR2829;REU;CRL;BOEING 737-800 WINGLETS;Cubierto de nubes altas y medias;14/04/18
IBE8317;EAS;MAD;ATR-72;Nubes altas;14/04/18
VLG2487;EAS;BCN;AIRBUS A319;Nubes altas;14/04/18
IBE8319;EAS;MAD;ATR-72;Nubes altas;14/04/18
IBE8329;EAS;MAD;ATR-72;Nubes altas;14/04/18
VLG2489;EAS;BCN;AIRBUS A319;Nubes altas;14/04/18
IBB651;TFN;GMZ;ATR-42/72;Despejado;14/04/18
IBB653;TFN;GMZ;ATR-42/72;Despejado;14/04/18
IBE2244;TFN;GMZ;ATR-72;Despejado;17/04/18
IBE8261;MLN;AGP;ATR-72;Despejado;14/04/18
IBE8789;MLN;MAD;ATR-72;Despejado;14/04/18
AEA5002;MLN;AGP;ATR-72;Despejado;14/04/18
IBE8273;MLN;AGP;ATR-72;Despejado;14/04/18
IBE8263;MLN;AGP;ATR-72;Despejado;14/04/18
IBE8269;MLN;AGP;ATR-72;Despejado;14/04/18
IBE8793;MLN;MAD;ATR-72;Despejado;14/04/18
IBE8271;MLN;AGP;ATR-72;Despejado;14/04/18
AEA7232;LCG;MAD;EMBRAER ERJ-195;Chubascos dispersos;14/04/18
IBE0511;LCG;MAD;AIRBUS A319;Chubascos dispersos;14/04/18
VLG1293;LCG;BCN;32A;Chubascos dispersos;14/04/18
TAP1085;LCG;LIS;ATR-72;Chubascos dispersos;14/04/18
VLG3971;LCG;PMI;32A;Chubascos dispersos;14/04/18
AEA7234;LCG;MAD;EMBRAER ERJ-195;Chubascos dispersos;14/04/18
IBE0513;LCG;MAD;AIRBUS A320;Chubascos dispersos;14/04/18
AEA7236;LCG;MAD;EMBRAER ERJ-195;Chubascos dispersos;14/04/18
AEA4033;PMI;ZAZ;EMBRAER ERJ-195;Lluvia;14/04/18
VLG8036;BCN;ORY;AIRBUS A319;Abertura de claros;14/04/18
THY1852;BCN;IST;32B;Abertura de claros;14/04/18
RYR6341;BCN;FCO;BOEING 737-800 WINGLETS;Abertura de claros;14/04/18
AFR1449;BCN;CDG;AIRBUS A320;Abertura de claros;14/04/18
RYR6353;BCN;BGY;BOEING 737-800 WINGLETS;Abertura de claros;14/04/18
RYR2918;BCN;BRU;BOEING 737-800 WINGLETS;Abertura de claros;14/04/18
KLM1662;BCN;AMS;BOEING 737-800 WINGLETS;Abertura de claros;14/04/18
IBE0407;XRY;MAD;AIRBUS A320;Nubes altas;14/04/18
LGL688;XRY;LUX;BOEING 737-700 WINGLETS;Nubes altas;14/04/18
DE1723;XRY;MUC;AIRBUS A320;Nubes altas;14/04/18
DE1565;XRY;HAM;AIRBUS A320;Nubes altas;14/04/18
IBE0411;XRY;MAD;AIRBUS A320;Nubes altas;14/04/18
VLG2615;XRY;BIO;32A;Nubes altas;14/04/18
VLG2287;XRY;BCN;BOEING 737-800 WINGLETS;Nubes altas;14/04/18
IBE0405;XRY;MAD;AIRBUS A320;Nubes altas;14/04/18
RYR1284;XRY;BCN;BOEING 737-800 WINGLETS;Nubes altas;14/04/18
VLG1572;OVD;BCN;AIRBUS A320;Nubes altas;14/04/18
VOE3590;OVD;PMI;BOEING 717;Nubes altas;14/04/18
VLG1574;OVD;BCN;AIRBUS A320;Nubes altas;14/04/18
IBE0479;OVD;MAD;AIRBUS A320;Nubes altas;14/04/18
IBE0475;OVD;MAD;AIRBUS A320;Nubes altas;14/04/18
VLG3139;OVD;ACE;AIRBUS A320;Nubes altas;14/04/18
IBS3613;OVD;TFN;AIRBUS A320;Nubes altas;14/04/18
IBS3610;OVD;LHR;AIRBUS A320;Nubes altas;14/04/18
TAP1113;OVD;LIS;ATR-72;Nubes altas;14/04/18
AZA059;MAD;FCO;AIRBUS A320;Nubes altas;14/04/18
KLM1698;MAD;AMS;BOEING 737-800 WINGLETS;Nubes altas;14/04/18
RYR3011;MAD;TLS;BOEING 737-800 WINGLETS;Nubes altas;14/04/18
DLH1121;MAD;FRA;AIRBUS A321;Nubes altas;14/04/18
RYR5993;MAD;STN;BOEING 737-800 WINGLETS;Nubes altas;14/04/18
RYR2526;MAD;SXF;BOEING 737-800 WINGLETS;Nubes altas;14/04/18
BEL3732;MAD;BRU;AIRBUS A320;Nubes altas;14/04/18
AFR1401;MAD;CDG;AIRBUS A321;Nubes altas;14/04/18
IBE8861;SDR;MAD;BOMBARDIER CRJ-1000;Nubes altas;14/04/18
RYR6385;SDR;BCN;BOEING 737-800 WINGLETS;Nubes altas;14/04/18
IBE0555;SDR;MAD;AIRBUS A319;Nubes altas;14/04/18
RYR4793;SDR;BGY;BOEING 737-800 WINGLETS;Nubes altas;14/04/18
RYR2594;SDR;AGP;BOEING 737-800 WINGLETS;Nubes altas;14/04/18
RYR2215;SDR;VLC;BOEING 737-800 WINGLETS;Nubes altas;14/04/18
IBE0557;SDR;MAD;AIRBUS A319;Nubes altas;14/04/18
RYR1573;SDR;SXF;BOEING 737-800 WINGLETS;Nubes altas;14/04/18
AEA5001;AGP;MLN;ATR-72;Despejado;14/04/18
IBE8262;AGP;MLN;ATR-72;Despejado;14/04/18
IBE8792;MAD;MLN;ATR-72;Nubes altas;14/04/18
IBE8268;AGP;MLN;ATR-72;Despejado;14/04/18
IBE8264;AGP;MLN;ATR-72;Despejado;14/04/18
IBE8270;AGP;MLN;ATR-72;Despejado;14/04/18
IBE8798;MAD;MLN;ATR-72;Nubes altas;14/04/18
IBE8272;AGP;MLN;ATR-72;Despejado;14/04/18
VLG2486;BCN;EAS;AIRBUS A319;Abertura de claros;14/04/18
IBE8314;MAD;EAS;ATR-72;Nubes altas;14/04/18
IBE8316;MAD;EAS;ATR-72;Nubes altas;14/04/18
IBE8322;MAD;EAS;ATR-72;Nubes altas;14/04/18
VLG2488;BCN;EAS;AIRBUS A319;Abertura de claros;14/04/18
IBE8324;MAD;EAS;ATR-72;Nubes altas;14/04/18
IBE0537;VGO;MAD;AIRBUS A319;Lluvia débil;14/04/18
AEA7311;VGO;MAD;EMBRAER ERJ-195;Lluvia débil;14/04/18
VLG1703;VGO;BCN;BOEING 737-800 WINGLETS;Lluvia débil;14/04/18
IBE0531;VGO;MAD;AIRBUS A319;Lluvia débil;14/04/18
RYR7142;VGO;EDI;BOEING 737-800 WINGLETS;Lluvia débil;14/04/18
AEA7315;VGO;MAD;EMBRAER ERJ-195;Lluvia débil;14/04/18
IBE0533;VGO;MAD;AIRBUS A319;Lluvia débil;14/04/18
EVE1124;VGO;ALC;AIRBUS A320;Lluvia débil;14/04/18
TAP1141;VGO;LIS;ATR-72;Lluvia débil;14/04/18
AEA7317;VGO;MAD;EMBRAER ERJ-195;Lluvia débil;14/04/18
IBE8999;VLC;MAD;BOMBARDIER CRJ-1000;Abertura de claros;14/04/18
AEA1005;VLC;CDG;BOEING 737-800 WINGLETS;Abertura de claros;14/04/18
TAP1095;VLC;LIS;ATR-42/72;Abertura de claros;14/04/18
RYR4632;VLC;BGY;BOEING 737-800 WINGLETS;Abertura de claros;14/04/18
RYR2256;VLC;CGN;BOEING 737-800 WINGLETS;Abertura de claros;14/04/18
DLH1165;VLC;FRA;AIRBUS A321;Abertura de claros;14/04/18
RYR9678;VLC;CIA;BOEING 737-800 WINGLETS;Abertura de claros;14/04/18
IBE8636;VLC;PMI;CANADAIR CRJ-900;Abertura de claros;14/04/18
IBE8840;VLC;SVQ;ATR-72;Abertura de claros;14/04/18
IBE8948;VLC;BIO;BOMBARDIER CRJ-1000;Abertura de claros;14/04/18
VLG6244;VLC;FCO;AIRBUS A320;Abertura de claros;14/04/18
RYR2218;VLC;HAM;BOEING 737-800 WINGLETS;Abertura de claros;14/04/18
GMI5729;PMI;FMO;AIRBUS A319;Lluvia;14/04/18
VLG2854;PMI;ORY;AIRBUS A320;Lluvia;14/04/18
EZY1514;PMI;GVA;32A;Lluvia;14/04/18
RYR2052;PMI;MAD;BOEING 737-800 WINGLETS;Lluvia;14/04/18
IBS3917;PMI;MAD;AIRBUS A320;Lluvia;14/04/18
VLG1225;PMI;LYS;AIRBUS A320;Lluvia;14/04/18
IBK6700;PMI;DUS;BOEING 737-800 WINGLETS;Lluvia;14/04/18
RYR6363;PMI;BCN;BOEING 737-800 WINGLETS;Lluvia;14/04/18
IBK6650;PMI;ARN;BOEING 737-800 WINGLETS;Lluvia;14/04/18
RYR8235;PMI;BRS;BOEING 737-800 WINGLETS;Lluvia;14/04/18
RYR716;PMI;BVA;BOEING 737-800 WINGLETS;Lluvia;14/04/18
AEA6006;PMI;BCN;BOEING 737-800 WINGLETS;Lluvia;14/04/18
VLG3915;PMI;BCN;AIRBUS A320;Lluvia;14/04/18
BEL3716;BIO;BRU;AIRBUS A319;Nubes altas;14/04/18
IBE0443;BIO;MAD;32A;Nubes altas;14/04/18
VOE3516;BIO;MLA;BOEING 717;Nubes altas;14/04/18
KLM1684;BIO;AMS;EMBRAER 190;Nubes altas;14/04/18
DLH1147;BIO;FRA;32A;Nubes altas;14/04/18
VLG2506;BIO;SVQ;AIRBUS A320;Nubes altas;13/04/18
VLG3280;BIO;ACE;AIRBUS A320;Nubes altas;14/04/18
AFR1377;BIO;CDG;EMBRAER 190;Nubes altas;14/04/18
TAP1065;BIO;LIS;ATR-42/72;Nubes altas;14/04/18
VLG3260;BIO;TFN;32A;Nubes altas;14/04/18
DLH1829;BIO;MUC;AIRBUS A320;Nubes altas;14/04/18
VLG1439;BIO;BCN;32A;Nubes altas;14/04/18
AEA7505;BIO;PMI;EMBRAER ERJ-195;Nubes altas;14/04/18
IBE8603;LEI;MAD;BOMBARDIER CRJ-1000;Despejado;14/04/18
LGL694;LEI;LUX;BOEING 737-800 WINGLETS;Despejado;14/04/18
JAF6944;LEI;BRU;EMBRAER 190;Despejado;14/04/18
IBE8595;LEI;MAD;CANADAIR CRJ-900;Despejado;14/04/18
EZY8164;LEI;LGW;AIRBUS A320;Despejado;14/04/18
VLG1252;LEI;BCN;32A;Despejado;14/04/18
IBE8577;LEI;MAD;CANADAIR CRJ-200;Despejado;14/04/18
IBE8601;LEI;MAD;BOMBARDIER CRJ-1000;Despejado;14/04/18
BAW421;LEI;LHR;AIRBUS A319;Despejado;14/04/18
TRA5644;LEI;RTM;BOEING 737-700 WINGLETS;Despejado;14/04/18
RYR7319;LEI;DUB;BOEING 737-800 WINGLETS;Despejado;14/04/18
IBE8639;GRX;MAD;CANADAIR CRJ-900;Cubierto de nubes altas y medias;14/04/18
VLG2011;GRX;BCN;32B;Cubierto de nubes altas y medias;14/04/18
IBE8641;GRX;MAD;BOMBARDIER CRJ-1000;Cubierto de nubes altas y medias;14/04/18
VLG2021;GRX;BCN;AIRBUS A320;Cubierto de nubes altas y medias;14/04/18
AEA5200;GRX;PMI;EMBRAER ERJ-195;Cubierto de nubes altas y medias;14/04/18
IBE8645;GRX;MAD;BOMBARDIER CRJ-1000;Cubierto de nubes altas y medias;14/04/18
IBE8649;GRX;MAD;CANADAIR CRJ-900;Cubierto de nubes altas y medias;14/04/18
VLG2015;GRX;BCN;AIRBUS A320;Cubierto de nubes altas y medias;14/04/18
VLG8727;GRX;CDG;AIRBUS A320;Cubierto de nubes altas y medias;14/04/18
EZY8172;GRX;LGW;AIRBUS A319;Cubierto de nubes altas y medias;14/04/18
VLG2017;GRX;BCN;AIRBUS A321;Cubierto de nubes altas y medias;14/04/18
IBB655;TFN;VDE;ATR-42/72;Despejado;14/04/18
IBB659;TFN;VDE;ATR-42/72;Despejado;14/04/18
IBB663;TFN;VDE;ATR-42/72;Despejado;14/04/18
IBB365;LPA;VDE;ATR-72;Nubes altas;14/04/18
CNF247;TFN;VDE;ATR-42/72;Despejado;14/04/18
IBB673;TFN;VDE;ATR-42/72;Despejado;14/04/18
RYR9123;GRO;EIN;BOEING 737-800 WINGLETS;Nubosidad variable;14/04/18
RYR3213;GRO;MAN;BOEING 737-800 WINGLETS;Nubosidad variable;14/04/18
RYR2344;GRO;NCL;BOEING 737-800 WINGLETS;Nubosidad variable;14/04/18
RYR9803;GRO;STN;BOEING 737-800 WINGLETS;Nubosidad variable;14/04/18
RYR4125;GRO;HHN;BOEING 737-800 WINGLETS;Nubosidad variable;14/04/18
RYR6391;GRO;NRN;BOEING 737-800 WINGLETS;Nubosidad variable;14/04/18
RYR9241;GRO;PSA;BOEING 737-800 WINGLETS;Nubosidad variable;14/04/18
RYR9107;GRO;BVA;BOEING 737-800 WINGLETS;Nubosidad variable;14/04/18
RYR6901;GRO;CRL;BOEING 737-800 WINGLETS;Nubosidad variable;14/04/18
RYR6911;GRO;MST;BOEING 737-800 WINGLETS;Nubosidad variable;14/04/18
RYR9375;GRO;TLL;BOEING 737-800 WINGLETS;Nubosidad variable;14/04/18
RYR9002;GRO;BLL;BOEING 737-800 WINGLETS;Nubosidad variable;14/04/18
RYR9307;GRO;PIK;BOEING 737-800 WINGLETS;Nubosidad variable;14/04/18
RYR6393;GRO;NRN;BOEING 737-800 WINGLETS;Nubosidad variable;14/04/18
RYR3653;GRO;BRE;BOEING 737-800 WINGLETS;Nubosidad variable;14/04/18
RYR9911;GRO;BOH;BOEING 737-800 WINGLETS;Nubosidad variable;14/04/18
IBE0410;MAD;XRY;32A;Nubes altas;14/04/18
VLG2286;BCN;XRY;BOEING 737-800 WINGLETS;Abertura de claros;14/04/18
IBE0404;MAD;XRY;AIRBUS A319;Nubes altas;14/04/18
RYR1283;BCN;XRY;BOEING 737-800 WINGLETS;Abertura de claros;14/04/18
IBE0406;MAD;XRY;AIRBUS A319;Nubes altas;14/04/18
JAF6902;MJV;ANR;EMBRAER 190;Abertura de claros;14/04/18
RYR2155;MJV;BHX;BOEING 737-800 WINGLETS;Abertura de claros;14/04/18
EZY8550;MJV;LGW;AIRBUS A319;Abertura de claros;14/04/18
EZY6014;MJV;BRS;AIRBUS A319;Abertura de claros;14/04/18
RYR1925;MJV;EMA;BOEING 737-800 WINGLETS;Abertura de claros;14/04/18
RYR4117;MJV;MAN;BOEING 737-800 WINGLETS;Abertura de claros;14/04/18
NAX1703;MJV;OSL;BOEING 737-800 WINGLETS;Abertura de claros;14/04/18
RYR3453;MJV;LTN;BOEING 737-800 WINGLETS;Abertura de claros;14/04/18
EZY7426;MJV;SEN;AIRBUS A319;Abertura de claros;14/04/18
BAW449;MJV;LHR;32A;Abertura de claros;14/04/18
RYR8027;MJV;STN;BOEING 737-800 WINGLETS;Abertura de claros;14/04/18
EZY8554;MJV;LGW;AIRBUS A320;Abertura de claros;14/04/18
RYR7095;MJV;DUB;BOEING 737-800 WINGLETS;Abertura de claros;14/04/18
VLG1292;BCN;LCG;32A;Abertura de claros;14/04/18
AEA7233;MAD;LCG;EMBRAER ERJ-195;Nubes altas;14/04/18
IBE0512;MAD;LCG;AIRBUS A320;Nubes altas;14/04/18
AEA7235;MAD;LCG;EMBRAER ERJ-195;Nubes altas;14/04/18
VLG3970;PMI;LCG;32A;Lluvia;14/04/18
AEA7237;MAD;LCG;EMBRAER ERJ-195;Nubes altas;14/04/18
VLG1876;AGP;CPH;AIRBUS A320;Despejado;14/04/18
SAS6232;AGP;AAR;32A;Despejado;14/04/18
SAS6354;AGP;OSL;32A;Despejado;14/04/18
VLG8366;AGP;AMS;AIRBUS A320;Despejado;14/04/18
IBK5108;AGP;HAM;BOEING 737-800 WINGLETS;Despejado;14/04/18
AEA1039;AGP;CDG;BOEING 737-800 WINGLETS;Despejado;14/04/18
IBK5140;AGP;WAW;BOEING 737-800 WINGLETS;Despejado;14/04/18
RYR2044;AGP;DTM;BOEING 737-800 WINGLETS;Despejado;14/04/18
RYR2588;AGP;KRK;BOEING 737-800 WINGLETS;Despejado;14/04/18
RYR9893;AGP;LPL;BOEING 737-800 WINGLETS;Despejado;14/04/18
VLG2985;AGP;NTE;AIRBUS A320;Despejado;14/04/18
TAP1137;AGP;LIS;ATR-42/72;Despejado;14/04/18
RYR5945;AGP;BOH;BOEING 737-800 WINGLETS;Despejado;14/04/18
VLG2608;AGP;BIO;AIRBUS A320;Despejado;14/04/18
RYR2531;AGP;BLL;BOEING 737-800 WINGLETS;Despejado;14/04/18
RYR6363;PMI;BCN;BOEING 737-800 WINGLETS;Lluvia;14/04/18
AEA6006;PMI;BCN;BOEING 737-800 WINGLETS;Lluvia;14/04/18
VLG3915;PMI;BCN;AIRBUS A320;Lluvia;14/04/18
IBE8481;MAH;PMI;CANADAIR CRJ-900;Lluvia moderada;14/04/18
IBE8951;MAH;MAD;BOMBARDIER CRJ-1000;Lluvia moderada;14/04/18
AAL8615;MAH;MAD;BOMBARDIER CRJ-1000;Lluvia moderada;14/04/18
IBE8495;MAH;PMI;ATR-42/72;Lluvia moderada;14/04/18
VLG3713;MAH;BCN;32A;Lluvia moderada;14/04/18
IBE8483;MAH;PMI;BOMBARDIER CRJ-1000;Lluvia moderada;14/04/18
VLG3715;MAH;BCN;AIRBUS A320;Lluvia moderada;14/04/18
IBE8660;MAH;VIT;BOMBARDIER CRJ-1000;Lluvia moderada;14/04/18
VLG1341;MAH;ALC;32A;Lluvia moderada;14/04/18
AEA4532;MAH;PMI;ATR-72;Lluvia moderada;14/04/18
VLG2433;MAH;SVQ;AIRBUS A320;Lluvia moderada;14/04/18
IBE8499;MAH;PMI;ATR-42/72;Lluvia moderada;14/04/18
EZY8304;MAH;LGW;AIRBUS A319;Lluvia moderada;14/04/18
AEA4530;MAH;PMI;ATR-72;Lluvia moderada;14/04/18
RYR6882;MAH;BCN;BOEING 737-800 WINGLETS;Lluvia moderada;14/04/18
IBE8493;MAH;PMI;BOMBARDIER CRJ-1000;Lluvia moderada;14/04/18
VLG3709;MAH;BCN;AIRBUS A320;Lluvia moderada;14/04/18
RYR6397;SVQ;BCN;BOEING 737-800 WINGLETS;Nubes altas;14/04/18
VLG3164;SVQ;FUE;AIRBUS A320;Nubes altas;14/04/18
RYR5201;SVQ;SXF;BOEING 737-800 WINGLETS;Nubes altas;14/04/18
VLG3941;SVQ;PMI;AIRBUS A320;Nubes altas;13/04/18
TAP1101;SVQ;LIS;ATR-42/72;Nubes altas;14/04/18
VLG3160;SVQ;ACE;AIRBUS A320;Nubes altas;14/04/18
RYR4471;SVQ;CPH;BOEING 737-800 WINGLETS;Nubes altas;14/04/18
IBE8841;SVQ;VLC;ATR-72;Nubes altas;14/04/18
VLG2505;SVQ;BIO;AIRBUS A320;Nubes altas;13/04/18
IBS3947;SVQ;MAD;AIRBUS A320;Nubes altas;14/04/18
TVF3101;SVQ;ORY;BOEING 737-800 WINGLETS;Nubes altas;14/04/18
VLG2211;SVQ;BCN;AIRBUS A320;Nubes altas;14/04/18
VLG2251;SVQ;BCN;32B;Nubes altas;14/04/18
VLG8830;SVQ;CDG;AIRBUS A320;Nubes altas;14/04/18
EZY8176;SVQ;LGW;AIRBUS A319;Nubes altas;14/04/18
VLG3215;TFN;BCN;32B;Despejado;14/04/18
IBS3945;TFN;MAD;AIRBUS A320;Despejado;14/04/18
IBB452;TFN;ACE;ATR-42/72;Despejado;14/04/18
IBB414;TFN;FUE;ATR-42/72;Despejado;14/04/18
IBK6378;TFN;MAD;BOEING 737-800 WINGLETS;Despejado;14/04/18
AEA9045;TFN;MAD;BOEING 737-800 WINGLETS;Despejado;14/04/18
IBB605;TFN;SPC;ATR-42/72;Despejado;14/04/18
CNF412;TFN;SPC;ATR-72;Despejado;14/04/18
IBB655;TFN;VDE;ATR-42/72;Despejado;14/04/18
AEA9404;TFN;LPA;ATR-72;Despejado;14/04/18
CNF612;TFN;LPA;ATR-42/72;Despejado;14/04/18
IBB102;TFN;LPA;BOMBARDIER CRJ-1000;Despejado;14/04/18
IBB607;TFN;SPC;ATR-42/72;Despejado;14/04/18
AEA9461;TFN;SPC;ATR-72;Despejado;14/04/18
IBB108;TFN;LPA;BOMBARDIER CRJ-1000;Despejado;14/04/18
RYR6384;BCN;SDR;BOEING 737-800 WINGLETS;Abertura de claros;14/04/18
IBE0554;MAD;SDR;AIRBUS A319;Nubes altas;14/04/18
RYR2593;AGP;SDR;BOEING 737-800 WINGLETS;Despejado;14/04/18
RYR2214;VLC;SDR;BOEING 737-800 WINGLETS;Abertura de claros;14/04/18
IBE0556;MAD;SDR;AIRBUS A319;Nubes altas;14/04/18
RYR2047;ACE;LBA;BOEING 737-800 WINGLETS;Nubes altas;14/04/18
RYR6154;ACE;PIK;BOEING 737-800 WINGLETS;Nubes altas;14/04/18
RYR3491;ACE;NCL;BOEING 737-800 WINGLETS;Nubes altas;14/04/18
TVS3439;ACE;BES;BOEING 737-800 WINGLETS;Nubes altas;14/04/18
IBB501;ACE;LPA;ATR-72;Nubes altas;14/04/18
IBB453;ACE;TFN;ATR-42/72;Nubes altas;14/04/18
IBE2277;ACE;TFN;ATR-42/72;Nubes altas;14/04/18
TVS3441;ACE;LIL;BOEING 737-800 WINGLETS;Nubes altas;14/04/18
CNF704;ACE;LPA;ATR-42/72;Nubes altas;14/04/18
VLG3161;ACE;SVQ;AIRBUS A320;Nubes altas;14/04/18
TVP7307;ACE;WAW;BOEING 737-800 WINGLETS;Nubes altas;14/04/18
TVS2415;ACE;DOL;BOEING 737-800 WINGLETS;Nubes altas;14/04/18
VLG3281;ACE;BIO;AIRBUS A320;Nubes altas;14/04/18
IBB505;ACE;LPA;ATR-42/72;Nubes altas;14/04/18
IBB507;ACE;LPA;ATR-42/72;Nubes altas;14/04/18
AEA9076;ACE;MAD;BOEING 737-800 WINGLETS;Nubes altas;14/04/18
EZS1250;ACE;BSL;AIRBUS A320;Nubes altas;14/04/18
RYR6209;ACE;NRN;BOEING 737-800 WINGLETS;Nubes altas;14/04/18
VLG2481;ACE;BCN;AIRBUS A320;Nubes altas;14/04/18
RYR6457;IBZ;CRL;BOEING 737-800 WINGLETS;Llovizna;14/04/18
IBE8101;IBZ;PMI;BOMBARDIER CRJ-1000;Llovizna;14/04/18
AEA1701;IBZ;PMI;ATR-72;Llovizna;14/04/18
EWG5861;IBZ;VIE;32A;Llovizna;14/04/18
RYR8137;IBZ;BCN;BOEING 737-800 WINGLETS;Llovizna;14/04/18
VLG3541;IBZ;BCN;32A;Llovizna;14/04/18
RYR5355;IBZ;MAD;BOEING 737-800 WINGLETS;Llovizna;14/04/18
EWG545;IBZ;CGN;BOEING 737-800 WINGLETS;Llovizna;14/04/18
VLG3434;IBZ;MAD;AIRBUS A320;Llovizna;14/04/18
EZY2692;IBZ;MXP;32A;Llovizna;14/04/18
RYR8333;IBZ;BGY;BOEING 737-800 WINGLETS;Llovizna;14/04/18
TRA5672;IBZ;AMS;BOEING 737-800 WINGLETS;Llovizna;14/04/18
IBE8105;IBZ;PMI;BOMBARDIER CRJ-1000;Llovizna;14/04/18
VLG8181;IBZ;ORY;AIRBUS A321;Llovizna;14/04/18
AEA1703;IBZ;PMI;ATR-72;Llovizna;14/04/18
IBE8678;IBZ;SCQ;BOMBARDIER CRJ-1000;Llovizna;14/04/18
TRA6514;IBZ;EIN;BOEING 737-800 WINGLETS;Llovizna;14/04/18
VLG3306;IBZ;FCO;AIRBUS A320;Llovizna;14/04/18
IBS3835;LPA;MAD;AIRBUS A321;Nubes altas;14/04/18
RYR4504;LPA;KRK;BOEING 737-800 WINGLETS;Nubes altas;14/04/18
RYR2565;LPA;HAM;BOEING 737-800 WINGLETS;Nubes altas;14/04/18
RYR3163;LPA;EMA;BOEING 737-800 WINGLETS;Nubes altas;14/04/18
VLG3186;LPA;NTE;AIRBUS A320;Nubes altas;14/04/18
AEA9403;LPA;TFN;ATR-72;Nubes altas;14/04/18
AEA9431;LPA;FUE;ATR-72;Nubes altas;14/04/18
AEA9018;LPA;MAD;BOEING 737-800 WINGLETS;Nubes altas;14/04/18
VLG3001;LPA;BCN;AIRBUS A321;Nubes altas;14/04/18
IBB500;LPA;ACE;BOMBARDIER CRJ-1000;Nubes altas;14/04/18
RYR3802;LPA;LPL;BOEING 737-800 WINGLETS;Nubes altas;14/04/18
IBB200;LPA;FUE;ATR-72;Nubes altas;14/04/18
DK1507;LPA;SVG;32B;Nubes altas;14/04/18
IBB309;LPA;SPC;ATR-72;Nubes altas;14/04/18
IBK5800;LPA;BCN;BOEING 737-800 WINGLETS;Nubes altas;14/04/18
ANE8397;ALC;MAD;BOMBARDIER CRJ-1000;Nubes altas;14/04/18
VLG7396;ALC;ALG;32A;Nubes altas;14/04/18
IBK5350;ALC;ARN;BOEING 737-800 WINGLETS;Nubes altas;14/04/18
RYR2408;ALC;FMM;BOEING 737-800 WINGLETS;Nubes altas;14/04/18
VLG8253;ALC;ORY;AIRBUS A320;Nubes altas;14/04/18
RYR7522;ALC;EIN;BOEING 737-800 WINGLETS;Nubes altas;14/04/18
VLG1311;ALC;BCN;32A;Nubes altas;14/04/18
VLG3934;ALC;PMI;32A;Nubes altas;14/04/18
IBK5376;ALC;BLL;BOEING 737-800 WINGLETS;Nubes altas;14/04/18
RYR5598;ALC;HAU;BOEING 737-800 WINGLETS;Nubes altas;14/04/18
RYR9066;ALC;BLL;BOEING 737-800 WINGLETS;Nubes altas;14/04/18
IBK5358;ALC;GOT;BOEING 737-800 WINGLETS;Nubes altas;14/04/18
EXS1412;ALC;STN;BOEING 737-800;Nubes altas;14/04/18
IBK5320;ALC;OSL;BOEING 737-800 WINGLETS;Nubes altas;14/04/18
RYR2714;ALC;LGW;BOEING 737-800 WINGLETS;Nubes altas;14/04/18
RYR4079;ALC;NCL;BOEING 737-800 WINGLETS;Nubes altas;14/04/18
VLG1303;ALC;BCN;AIRBUS A320;Nubes altas;14/04/18
IBB203;FUE;LPA;ATR-72;Nubes altas;14/04/18
AEA9432;FUE;LPA;ATR-72;Nubes altas;14/04/18
VLG3165;FUE;SVQ;AIRBUS A320;Nubes altas;14/04/18
IBB415;FUE;TFN;ATR-42/72;Nubes altas;14/04/18
VLG1641;FUE;SCQ;AIRBUS A320;Nubes altas;14/04/18
TUI2279;FUE;CGN;7S8;Nubes altas;14/04/18
TUI2863;FUE;BSL;7S8;Nubes altas;14/04/18
IBB237;FUE;LPA;ATR-42/72;Nubes altas;14/04/18
OLY627;FUE;STR;AIRBUS A321;Nubes altas;14/04/18
CNF804;FUE;LPA;ATR-72;Nubes altas;14/04/18
IBB209;FUE;LPA;ATR-72;Nubes altas;14/04/18
TUI2117;FUE;DUS;BOEING 737-700;Nubes altas;14/04/18
TUI2873;FUE;TXL;BOEING 737-700 WINGLETS;Nubes altas;14/04/18
RYR1102;FUE;SXF;BOEING 737-800 WINGLETS;Nubes altas;14/04/18
VLG3197;FUE;CDG;AIRBUS A320;Nubes altas;14/04/18
TUI2353;FUE;HAM;7S8;Nubes altas;14/04/18
IBB211;FUE;LPA;ATR-72;Nubes altas;14/04/18
RYR8183;FUE;STN;BOEING 737-800 WINGLETS;Nubes altas;14/04/18
IBB423;FUE;TFN;ATR-42/72;Nubes altas;14/04/18
VLG1573;BCN;OVD;AIRBUS A320;Abertura de claros;14/04/18
IBE0488;MAD;OVD;AIRBUS A320;Nubes altas;14/04/18
VLG1579;BCN;OVD;AIRBUS A320;Abertura de claros;14/04/18
VOE3591;PMI;OVD;BOEING 717;Lluvia;14/04/18
IBS3612;TFN;OVD;AIRBUS A320;Despejado;14/04/18
IBS3980;MAD;OVD;AIRBUS A320;Nubes altas;14/04/18
IBE0480;MAD;OVD;32A;Nubes altas;14/04/18
VLG3138;ACE;OVD;AIRBUS A320;Nubes altas;14/04/18
RYR654;TFS;PIK;BOEING 737-800 WINGLETS;Despejado;14/04/18
RYR4067;TFS;SXF;BOEING 737-800 WINGLETS;Despejado;14/04/18
RYR1038;TFS;FMM;BOEING 737-800 WINGLETS;Despejado;14/04/18
RYR2493;TFS;LBA;BOEING 737-800 WINGLETS;Despejado;14/04/18
TOM1609;TFS;ABZ;BOEING 737-800 WINGLETS;Despejado;14/04/18
IBK6472;TFS;CPH;BOEING 737-800 WINGLETS;Despejado;14/04/18
TVF1151;TFS;ORY;BOEING 737-800 WINGLETS;Despejado;14/04/18
IBK6410;TFS;EDI;BOEING 737-800 WINGLETS;Despejado;14/04/18
IBK6512;TFS;MUC;BOEING 737-800 WINGLETS;Despejado;14/04/18
EDW215;TFS;ZRH;AIRBUS A320;Despejado;14/04/18
JAF6114;TFS;BRU;7M8;Despejado;14/04/18
TUI2197;TFS;MUC;BOEING 737-800 WINGLETS;Despejado;14/04/18
IBB152;TFS;LPA;ATR-72;Despejado;14/04/18
IBE2233;TFS;LPA;ATR-72;Despejado;14/04/18
RYR4754;TFS;BRS;BOEING 737-800 WINGLETS;Despejado;14/04/18
VLG3221;TFS;BCN;AIRBUS A320;Despejado;14/04/18
VLG3135;TFS;ORY;32B;Despejado;14/04/18
RYR8167;TFS;STN;BOEING 737-800 WINGLETS;Despejado;14/04/18
RYR1589;TFS;FRA;BOEING 737-800 WINGLETS;Despejado;14/04/18
EXS756;TFS;MAN;BOEING 737-800 WINGLETS;Despejado;14/04/18
VLG1640;SCQ;FUE;AIRBUS A320;Chubascos dispersos;14/04/18
IBS3895;SCQ;MAD;32A;Chubascos dispersos;14/04/18
RYR5316;SCQ;MAD;BOEING 737-800 WINGLETS;Chubascos dispersos;14/04/18
RYR6333;SCQ;BCN;BOEING 737-800 WINGLETS;Chubascos dispersos;14/04/18
IBS3877;SCQ;MAD;AIRBUS A320;Chubascos dispersos;14/04/18
EZS1338;SCQ;GVA;AIRBUS A320;Chubascos dispersos;14/04/18
VLG1671;SCQ;BCN;32A;Chubascos dispersos;14/04/18
EZY8590;SCQ;LGW;AIRBUS A319;Chubascos dispersos;14/04/18
IBE8204;SCQ;TFN;CANADAIR CRJ-900;Chubascos dispersos;14/04/18
IBS9517;SCQ;PMI;AIRBUS A320;Chubascos dispersos;14/04/18
RYR724;SCQ;PMI;BOEING 737-800 WINGLETS;Chubascos dispersos;14/04/18
IBE8679;SCQ;IBZ;BOMBARDIER CRJ-1000;Chubascos dispersos;14/04/18
AEA7116;SCQ;ACE;BOEING 737-800 WINGLETS;Chubascos dispersos;14/04/18
VLG7515;SCQ;ZRH;AIRBUS A320;Chubascos dispersos;14/04/18
EZY2682;SCQ;MXP;AIRBUS A319;Chubascos dispersos;14/04/18
IBS3875;SCQ;MAD;AIRBUS A320;Chubascos dispersos;14/04/18
SWR2553;SCQ;ZRH;AIRBUS A320;Chubascos dispersos;14/04/18
RYR2574;SCQ;AGP;BOEING 737-800 WINGLETS;Chubascos dispersos;14/04/18
VLG2010;BCN;GRX;32B;Abertura de claros;14/04/18
IBE8640;MAD;GRX;BOMBARDIER CRJ-1000;Nubes altas;14/04/18
VLG2020;BCN;GRX;AIRBUS A320;Abertura de claros;14/04/18
AEA5201;PMI;GRX;EMBRAER ERJ-195;Lluvia;14/04/18
IBE8646;MAD;GRX;BOMBARDIER CRJ-1000;Nubes altas;14/04/18
IBE8642;MAD;GRX;CANADAIR CRJ-900;Nubes altas;14/04/18
VLG2014;BCN;GRX;AIRBUS A320;Abertura de claros;14/04/18
VLG2016;BCN;GRX;32B;Abertura de claros;14/04/18
IBE8648;MAD;GRX;BOMBARDIER CRJ-1000;Nubes altas;14/04/18
IBB604;SPC;TFN;ATR-42/72;Nubes altas;14/04/18
IBB606;SPC;TFN;ATR-42/72;Nubes altas;14/04/18
IBE2282;SPC;TFN;ATR-42/72;Nubes altas;14/04/18
IBB304;SPC;LPA;ATR-72;Nubes altas;14/04/18
CNF413;SPC;TFN;ATR-72;Nubes altas;14/04/18
IBB608;SPC;TFN;ATR-42/72;Nubes altas;14/04/18
AEA9462;SPC;TFN;ATR-72;Nubes altas;14/04/18
IBB612;SPC;TFN;ATR-72;Nubes altas;14/04/18
CNF419;SPC;TFN;ATR-72;Nubes altas;14/04/18
IBB610;SPC;TFN;ATR-42/72;Nubes altas;14/04/18
EZY8712;SPC;LGW;AIRBUS A320;Nubes altas;14/04/18
AEA9464;SPC;TFN;ATR-72;Nubes altas;14/04/18
IBB620;SPC;TFN;ATR-72;Nubes altas;14/04/18
EWG9545;SPC;DUS;32A;Nubes altas;14/04/18
GMI3953;SPC;HAM;AIRBUS A319;Nubes altas;14/04/18
EWG7529;SPC;HAM;32A;Nubes altas;14/04/18
IBB622;SPC;TFN;ATR-42/72;Nubes altas;14/04/18
IBS3843;SPC;MAD;AIRBUS A320;Nubes altas;14/04/18
CNF453;SPC;TFN;ATR-72;Nubes altas;14/04/18
IBB632;SPC;TFN;ATR-42/72;Nubes altas;14/04/18
IBE7265;SPC;TFN;ATR-42/72;Nubes altas;14/04/18
AEA9466;SPC;TFN;ATR-72;Nubes altas;14/04/18
VLG3249;SPC;BCN;AIRBUS A320;Nubes altas;14/04/18
AEA7161;MAD;BIO;EMBRAER ERJ-195;Nubes altas;14/04/18
VLG2608;AGP;BIO;AIRBUS A320;Despejado;14/04/18
VLG1420;BCN;BIO;32B;Abertura de claros;14/04/18
IBE8948;VLC;BIO;BOMBARDIER CRJ-1000;Abertura de claros;14/04/18
IBE0448;MAD;BIO;AIRBUS A319;Nubes altas;14/04/18
VLG2505;SVQ;BIO;AIRBUS A320;Nubes altas;13/04/18
VLG1440;BCN;BIO;32A;Abertura de claros;14/04/18
AEA2659;BCN;BIO;BOEING 737-800 WINGLETS;Abertura de claros;14/04/18
AEA7506;PMI;BIO;EMBRAER ERJ-195;Lluvia;14/04/18
AEA7308;MAD;VGO;EMBRAER ERJ-195;Nubes altas;14/04/18
VLG1702;BCN;VGO;BOEING 737-800 WINGLETS;Abertura de claros;14/04/18
IBE0530;MAD;VGO;AIRBUS A319;Nubes altas;14/04/18
AEA7302;MAD;VGO;EMBRAER ERJ-195;Nubes altas;14/04/18
IBE0532;MAD;VGO;AIRBUS A319;Nubes altas;14/04/18
EVE1123;ALC;VGO;32A;Nubes altas;14/04/18
AEA7300;MAD;VGO;EMBRAER ERJ-195;Nubes altas;14/04/18
IBE8594;MAD;LEI;CANADAIR CRJ-900;Nubes altas;14/04/18
VLG1251;BCN;LEI;32A;Abertura de claros;14/04/18
IBE8598;MAD;LEI;CANADAIR CRJ-200;Nubes altas;14/04/18
IBE8592;MAD;LEI;BOMBARDIER CRJ-1000;Nubes altas;14/04/18
AEA4063;MAD;VLC;ATR-72;Nubes altas;14/04/18
AEA4005;PMI;VLC;EMBRAER ERJ-195;Lluvia;14/04/18
IBE8986;MAD;VLC;BOMBARDIER CRJ-1000;Nubes altas;14/04/18
AAL8555;MAD;VLC;BOMBARDIER CRJ-1000;Nubes altas;14/04/18
IBE8036;MAD;VLC;BOMBARDIER CRJ-1000;Nubes altas;14/04/18
IBE8841;SVQ;VLC;ATR-72;Nubes altas;14/04/18
IBE8494;PMI;MAH;ATR-42/72;Despejado;17/04/18
VLG3712;BCN;MAH;32A;Abertura de claros;14/04/18
IBE8480;PMI;MAH;BOMBARDIER CRJ-1000;Despejado;17/04/18
VLG3714;BCN;MAH;AIRBUS A320;Abertura de claros;14/04/18
IBE8482;PMI;MAH;BOMBARDIER CRJ-1000;Despejado;17/04/18
VLG1340;ALC;MAH;32A;Nubes altas;14/04/18
AEA4537;PMI;MAH;ATR-72;Lluvia;14/04/18
VLG2432;SVQ;MAH;AIRBUS A320;Nubes altas;14/04/18
IBE8498;PMI;MAH;ATR-42/72;Despejado;17/04/18
IBE8661;VIT;MAH;BOMBARDIER CRJ-1000;Abertura de claros;14/04/18
AEA4531;PMI;MAH;ATR-72;Lluvia;14/04/18
RYR6881;BCN;MAH;BOEING 737-800 WINGLETS;Abertura de claros;14/04/18
VLG3716;BCN;MAH;AIRBUS A320;Abertura de claros;14/04/18
VLG3700;BCN;MAH;AIRBUS A320;Abertura de claros;14/04/18
IBS3866;MAD;AGP;AIRBUS A320;Nubes altas;14/04/18
AEA5035;MAD;AGP;ATR-72;Nubes altas;14/04/18
IBE8261;MLN;AGP;ATR-72;Despejado;14/04/18
VLG2115;BCN;AGP;32B;Abertura de claros;14/04/18
VLG3928;BCN;PMI;32A;Abertura de claros;14/04/18
ANE8636;VLC;PMI;CANADAIR CRJ-900;Despejado;17/04/18
VLG3902;BCN;PMI;32B;Abertura de claros;14/04/18
ANE8481;MAH;PMI;BOMBARDIER CRJ-1000;Despejado;17/04/18
ANE8101;IBZ;PMI;BOMBARDIER CRJ-1000;Despejado;17/04/18
VLG3934;ALC;PMI;32A;Nubes altas;14/04/18
IBB500;LPA;ACE;BOMBARDIER CRJ-1000;Nubes altas;14/04/18
IBB452;TFN;ACE;ATR-42/72;Despejado;14/04/18
CNF703;LPA;ACE;ATR-72;Nubes altas;14/04/18
VLG3160;SVQ;ACE;AIRBUS A320;Nubes altas;14/04/18
VLG3280;BIO;ACE;AIRBUS A320;Nubes altas;14/04/18
IBB506;LPA;ACE;ATR-72;Nubes altas;14/04/18
AEA9073;MAD;ACE;BOEING 737-800 WINGLETS;Nubes altas;14/04/18
AEA9447;LPA;ACE;ATR-72;Nubes altas;14/04/18
VLG2480;BCN;ACE;AIRBUS A320;Abertura de claros;14/04/18
VLG1302;BCN;ALC;AIRBUS A320;Abertura de claros;14/04/18
AEA4047;MAD;ALC;ATR-72;Nubes altas;14/04/18
ANE8390;MAD;ALC;BOMBARDIER CRJ-1000;Despejado;17/04/18
RYR8136;BCN;IBZ;BOEING 737-800 WINGLETS;Abertura de claros;14/04/18
VLG3540;BCN;IBZ;32A;Abertura de claros;14/04/18
RYR5354;MAD;IBZ;BOEING 737-800 WINGLETS;Nubes altas;14/04/18
VLG3447;MAD;IBZ;AIRBUS A320;Nubes altas;14/04/18
IBE8104;PMI;IBZ;BOMBARDIER CRJ-1000;Despejado;17/04/18
IBE8676;BCN;IBZ;BOMBARDIER CRJ-1000;Despejado;17/04/18
AEA1702;PMI;IBZ;ATR-72;Lluvia;14/04/18
VLG3220;BCN;TFS;AIRBUS A320;Abertura de claros;14/04/18
IBB123;LPA;TFS;ATR-72;Nubes altas;14/04/18
IBE8840;VLC;SVQ;ATR-72;Abertura de claros;14/04/18
VLG2506;BIO;SVQ;AIRBUS A320;Nubes altas;13/04/18
IBS3954;MAD;SVQ;AIRBUS A320;Nubes altas;14/04/18
VLG2212;BCN;SVQ;AIRBUS A320;Abertura de claros;14/04/18
VLG2216;BCN;SVQ;32B;Abertura de claros;14/04/18
RYR6396;BCN;SVQ;BOEING 737-800 WINGLETS;Abertura de claros;14/04/18
VLG3940;SVQ;PMI;AIRBUS A320;Nubes altas;13/04/18
VLG3165;FUE;SVQ;AIRBUS A320;Nubes altas;14/04/18
VLG3161;ACE;SVQ;AIRBUS A320;Nubes altas;14/04/18
IBS3950;MAD;SVQ;AIRBUS A320;Nubes altas;14/04/18
RYR5273;PMI;SVQ;BOEING 737-800 WINGLETS;Lluvia;14/04/18
RYR2036;VIT;SVQ;BOEING 737-800 WINGLETS;Abertura de claros;14/04/18
VLG2210;BCN;SVQ;AIRBUS A320;Abertura de claros;14/04/18
AEA9431;LPA;FUE;ATR-72;Nubes altas;14/04/18
IBB200;LPA;FUE;ATR-72;Nubes altas;14/04/18
VLG1640;SCQ;FUE;AIRBUS A320;Chubascos dispersos;14/04/18
VLG3164;SVQ;FUE;AIRBUS A320;Nubes altas;14/04/18
IBB414;TFN;FUE;ATR-42/72;Despejado;14/04/18
CNF803;LPA;FUE;ATR-72;Nubes altas;14/04/18
IBB236;LPA;FUE;ATR-72;Nubes altas;14/04/18
IBB208;LPA;FUE;ATR-72;Nubes altas;14/04/18
IBB210;LPA;FUE;ATR-72;Nubes altas;14/04/18
IBS3900;MAD;FUE;AIRBUS A320;Nubes altas;14/04/18
IBB422;TFN;FUE;ATR-42/72;Despejado;14/04/18
IBB605;TFN;SPC;ATR-42/72;Despejado;14/04/18
IBB309;LPA;SPC;ATR-72;Nubes altas;14/04/18
CNF412;TFN;SPC;ATR-72;Despejado;14/04/18
IBB607;TFN;SPC;ATR-42/72;Despejado;14/04/18
AEA9461;TFN;SPC;ATR-72;Despejado;14/04/18
IBB611;TFN;SPC;ATR-42/72;Despejado;14/04/18
CNF418;TFN;SPC;ATR-72;Despejado;14/04/18
IBB609;TFN;SPC;ATR-42/72;Despejado;14/04/18
AEA9463;TFN;SPC;ATR-72;Despejado;14/04/18
IBB619;TFN;SPC;ATR-72;Despejado;14/04/18
IBB621;TFN;SPC;ATR-42/72;Despejado;14/04/18
IBS3842;MAD;SPC;AIRBUS A320;Nubes altas;14/04/18
CNF452;TFN;SPC;ATR-72;Despejado;14/04/18
IBB631;TFN;SPC;ATR-42/72;Despejado;14/04/18
IBE2228;TFN;SPC;ATR-42/72;Despejado;17/04/18
VLG3248;BCN;SPC;AIRBUS A320;Abertura de claros;14/04/18
AEA9465;TFN;SPC;ATR-72;Despejado;14/04/18
AEA9403;LPA;TFN;ATR-72;Nubes altas;14/04/18
IBB107;LPA;TFN;BOMBARDIER CRJ-1000;Nubes altas;14/04/18
IBB604;SPC;TFN;ATR-42/72;Nubes altas;14/04/18
AEA9059;MAD;TFN;BOEING 737-800 WINGLETS;Nubes altas;14/04/18
IBB606;SPC;TFN;ATR-42/72;Nubes altas;14/04/18
RYR3063;BCN;TFN;BOEING 737-800 WINGLETS;Abertura de claros;14/04/18
RYR5278;MAD;TFN;BOEING 737-800 WINGLETS;Nubes altas;14/04/18
IBB415;FUE;TFN;ATR-42/72;Nubes altas;14/04/18
IBB453;ACE;TFN;ATR-42/72;Nubes altas;14/04/18
CNF413;SPC;TFN;ATR-72;Nubes altas;14/04/18
IBB119;LPA;TFN;BOMBARDIER CRJ-1000;Nubes altas;14/04/18
IBB608;SPC;TFN;ATR-42/72;Nubes altas;14/04/18
IBB656;VDE;TFN;ATR-72;Despejado;14/04/18
VLG3260;BIO;TFN;32A;Nubes altas;14/04/18
AEA9415;LPA;TFN;ATR-72;Nubes altas;14/04/18
AEA9462;SPC;TFN;ATR-72;Nubes altas;14/04/18
IBB612;SPC;TFN;ATR-72;Nubes altas;14/04/18
IBK5756;BCN;TFN;BOEING 737-800 WINGLETS;Abertura de claros;14/04/18
IBS3942;MAD;TFN;32A;Nubes altas;14/04/18
IBB650;GMZ;TFN;ATR-72;Despejado;14/04/18
CNF419;SPC;TFN;ATR-72;Nubes altas;14/04/18
IBB610;SPC;TFN;ATR-42/72;Nubes altas;14/04/18
RYR6332;BCN;SCQ;BOEING 737-800 WINGLETS;Abertura de claros;14/04/18
IBS3876;MAD;SCQ;AIRBUS A320;Nubes altas;14/04/18
VLG1670;BCN;SCQ;32A;Abertura de claros;14/04/18
RYR5315;MAD;SCQ;BOEING 737-800 WINGLETS;Nubes altas;14/04/18
IBS9508;PMI;SCQ;AIRBUS A320;Lluvia;14/04/18
IBE8366;PMI;SCQ;CANADAIR CRJ-900;Despejado;17/04/18
AEA7136;LPA;SCQ;BOEING 737-800 WINGLETS;Nubes altas;14/04/18
IBE8678;IBZ;SCQ;BOMBARDIER CRJ-1000;Llovizna;14/04/18
VLG1641;FUE;SCQ;AIRBUS A320;Nubes altas;14/04/18
IBS3874;MAD;SCQ;AIRBUS A320;Nubes altas;14/04/18
RYR2573;AGP;SCQ;BOEING 737-800 WINGLETS;Despejado;14/04/18
RYR723;PMI;SCQ;BOEING 737-800 WINGLETS;Lluvia;14/04/18
IBS3878;MAD;SCQ;AIRBUS A320;Nubes altas;14/04/18
IBB102;TFN;LPA;BOMBARDIER CRJ-1000;Despejado;14/04/18
CNF612;TFN;LPA;ATR-42/72;Despejado;14/04/18
AEA9404;TFN;LPA;ATR-72;Despejado;14/04/18
IBB203;FUE;LPA;ATR-72;Nubes altas;14/04/18
AEA9432;FUE;LPA;ATR-72;Nubes altas;14/04/18
RYR2031;MAD;LPA;BOEING 737-800 WINGLETS;Nubes altas;14/04/18
AEA9156;MAD;LPA;BOEING 787-8;Nubes altas;14/04/18
IBB501;ACE;LPA;ATR-72;Nubes altas;14/04/18
CNF704;ACE;LPA;ATR-42/72;Nubes altas;14/04/18
IBB108;TFN;LPA;BOMBARDIER CRJ-1000;Despejado;14/04/18
IBB304;SPC;LPA;ATR-72;Nubes altas;14/04/18
IBB237;FUE;LPA;ATR-42/72;Nubes altas;14/04/18
RYR6321;VLL;BCN;BOEING 737-800 WINGLETS;Nubosidad variable;14/04/18
IBE8221;RJL;MAD;CANADAIR CRJ-200;Nubosidad variable;14/04/18
RYR2036;VIT;SVQ;BOEING 737-800 WINGLETS;Chubascos dispersos;14/04/18
IBE8661;VIT;MAH;BOMBARDIER CRJ-1000;Chubascos dispersos;14/04/18
IBB650;GMZ;TFN;ATR-72;Nubes altas;14/04/18
IBB652;GMZ;TFN;ATR-72;Nubes altas;14/04/18
RYR6320;BCN;VLL;BOEING 737-800 WINGLETS;Lluvia;14/04/18
RYR2035;SVQ;VIT;BOEING 737-800 WINGLETS;Despejado;14/04/18
IBE8660;MAH;VIT;BOMBARDIER CRJ-1000;Lluvia moderada;14/04/18
IBE8529;PNA;MAD;BOMBARDIER CRJ-1000;Abertura de claros;14/04/18
IBE8525;PNA;MAD;CANADAIR CRJ-200;Abertura de claros;14/04/18
IBE8529;PNA;MAD;BOMBARDIER CRJ-1000;Abertura de claros;15/04/18
RYR2212;REU;EIN;BOEING 737-800 WINGLETS;Lluvia débil;14/04/18
RYR1115;REU;DUB;BOEING 737-800 WINGLETS;Lluvia débil;14/04/18
RYR1865;REU;SNN;BOEING 737-800 WINGLETS;Lluvia débil;14/04/18
RYR3843;REU;STN;BOEING 737-800 WINGLETS;Lluvia débil;14/04/18
EZY2208;REU;LTN;AIRBUS A319;Lluvia débil;14/04/18
RYR2829;REU;CRL;BOEING 737-800 WINGLETS;Lluvia débil;14/04/18
RYR7235;ZAZ;BVA;BOEING 737-800 WINGLETS;Nubes altas;14/04/18
WZZ3192;ZAZ;OTP;AIRBUS A320;Nubes altas;14/04/18
AEA4032;ZAZ;PMI;EMBRAER ERJ-195;Nubes altas;14/04/18
WZZ3418;ZAZ;CLJ;AIRBUS A320;Nubes altas;14/04/18
RYR2635;ZAZ;STN;BOEING 737-800 WINGLETS;Nubes altas;14/04/18
IBE8317;EAS;MAD;ATR-72;Lluvia débil;14/04/18
VLG2487;EAS;BCN;AIRBUS A319;Lluvia débil;14/04/18
IBE8327;EAS;MAD;ATR-72;Lluvia débil;14/04/18
IBE8319;EAS;MAD;ATR-72;Lluvia débil;14/04/18
IBE8329;EAS;MAD;ATR-72;Lluvia débil;14/04/18
VLG2489;EAS;BCN;AIRBUS A319;Lluvia débil;14/04/18
IBB651;TFN;GMZ;ATR-42/72;Nubosidad variable;14/04/18
IBB653;TFN;GMZ;ATR-42/72;Nubosidad variable;14/04/18
IBE2244;TFN;GMZ;ATR-72;Despejado;17/04/18
IBB656;VDE;TFN;ATR-72;Despejado;14/04/18
IBB660;VDE;TFN;ATR-42/72;Despejado;14/04/18
IBB664;VDE;TFN;ATR-72;Despejado;14/04/18
IBB366;VDE;LPA;ATR-72;Despejado;14/04/18
CNF248;VDE;TFN;ATR-72;Despejado;14/04/18
IBB674;VDE;TFN;ATR-72;Despejado;14/04/18
VLG8036;BCN;ORY;AIRBUS A319;Lluvia;14/04/18
THY1852;BCN;IST;32B;Lluvia;14/04/18
RYR6341;BCN;FCO;BOEING 737-800 WINGLETS;Lluvia;14/04/18
AFR1449;BCN;CDG;AIRBUS A320;Lluvia;14/04/18
RYR6353;BCN;BGY;BOEING 737-800 WINGLETS;Lluvia;14/04/18
RYR2918;BCN;BRU;BOEING 737-800 WINGLETS;Lluvia;14/04/18
KLM1662;BCN;AMS;BOEING 737-800 WINGLETS;Lluvia;14/04/18
AZA059;MAD;FCO;AIRBUS A320;Nubosidad variable;14/04/18
KLM1698;MAD;AMS;BOEING 737-800 WINGLETS;Nubosidad variable;14/04/18
RYR3011;MAD;TLS;BOEING 737-800 WINGLETS;Nubosidad variable;14/04/18
DLH1121;MAD;FRA;AIRBUS A321;Nubosidad variable;14/04/18
RYR5993;MAD;STN;BOEING 737-800 WINGLETS;Nubosidad variable;14/04/18
RYR2526;MAD;SXF;BOEING 737-800 WINGLETS;Nubosidad variable;14/04/18
BEL3732;MAD;BRU;AIRBUS A320;Nubosidad variable;14/04/18
AFR1401;MAD;CDG;AIRBUS A321;Nubosidad variable;14/04/18
IBE8524;MAD;PNA;CANADAIR CRJ-200;Nubosidad variable;14/04/18
IBE8526;MAD;PNA;BOMBARDIER CRJ-1000;Nubosidad variable;14/04/18
IBE8861;SDR;MAD;BOMBARDIER CRJ-1000;Nubosidad variable;14/04/18
RYR6385;SDR;BCN;BOEING 737-800 WINGLETS;Nubosidad variable;14/04/18
IBE0555;SDR;MAD;AIRBUS A319;Nubosidad variable;14/04/18
RYR4793;SDR;BGY;BOEING 737-800 WINGLETS;Nubosidad variable;14/04/18
RYR2594;SDR;AGP;BOEING 737-800 WINGLETS;Nubosidad variable;14/04/18
RYR2215;SDR;VLC;BOEING 737-800 WINGLETS;Nubosidad variable;14/04/18
IBE0557;SDR;MAD;AIRBUS A319;Nubosidad variable;14/04/18
RYR1573;SDR;SXF;BOEING 737-800 WINGLETS;Nubosidad variable;14/04/18
IBE8261;MLN;AGP;ATR-72;Nubosidad variable;14/04/18
IBE8789;MLN;MAD;ATR-72;Nubosidad variable;14/04/18
AEA5002;MLN;AGP;ATR-72;Nubosidad variable;14/04/18
IBE8273;MLN;AGP;ATR-72;Nubosidad variable;14/04/18
IBE8263;MLN;AGP;ATR-72;Nubosidad variable;14/04/18
IBE8269;MLN;AGP;ATR-72;Nubosidad variable;14/04/18
IBE8793;MLN;MAD;ATR-72;Nubosidad variable;14/04/18
IBE8271;MLN;AGP;ATR-72;Nubosidad variable;14/04/18
IBE0537;VGO;MAD;AIRBUS A319;Nubosidad variable;14/04/18
AEA7311;VGO;MAD;EMBRAER ERJ-195;Nubosidad variable;14/04/18
VLG1703;VGO;BCN;BOEING 737-800 WINGLETS;Nubosidad variable;14/04/18
IBE0531;VGO;MAD;AIRBUS A319;Nubosidad variable;14/04/18
RYR7142;VGO;EDI;BOEING 737-800 WINGLETS;Nubosidad variable;14/04/18
AEA7315;VGO;MAD;EMBRAER ERJ-195;Nubosidad variable;14/04/18
IBE0533;VGO;MAD;AIRBUS A319;Nubosidad variable;14/04/18
EVE1124;VGO;ALC;AIRBUS A320;Nubosidad variable;14/04/18
TAP1141;VGO;LIS;ATR-72;Nubosidad variable;14/04/18
AEA7317;VGO;MAD;EMBRAER ERJ-195;Nubosidad variable;14/04/18
AEA7232;LCG;MAD;EMBRAER ERJ-195;Nubosidad variable;14/04/18
IBE0511;LCG;MAD;AIRBUS A319;Nubosidad variable;14/04/18
VLG1293;LCG;BCN;32A;Nubosidad variable;14/04/18
TAP1085;LCG;LIS;ATR-72;Nubosidad variable;14/04/18
VLG3971;LCG;PMI;32A;Nubosidad variable;14/04/18
AEA7234;LCG;MAD;EMBRAER ERJ-195;Nubosidad variable;14/04/18
IBE0513;LCG;MAD;AIRBUS A320;Nubosidad variable;14/04/18
AEA7236;LCG;MAD;EMBRAER ERJ-195;Nubosidad variable;14/04/18
IBE8603;LEI;MAD;BOMBARDIER CRJ-1000;Despejado;14/04/18
LGL694;LEI;LUX;BOEING 737-800 WINGLETS;Despejado;14/04/18
JAF6944;LEI;BRU;EMBRAER 190;Despejado;14/04/18
IBE8595;LEI;MAD;CANADAIR CRJ-900;Despejado;14/04/18
EZY8164;LEI;LGW;32A;Despejado;14/04/18
VLG1252;LEI;BCN;32A;Despejado;14/04/18
IBE8577;LEI;MAD;CANADAIR CRJ-200;Despejado;14/04/18
IBE8601;LEI;MAD;BOMBARDIER CRJ-1000;Despejado;14/04/18
BAW421;LEI;LHR;AIRBUS A319;Despejado;14/04/18
TRA5644;LEI;RTM;BOEING 737-700 WINGLETS;Despejado;14/04/18
RYR7319;LEI;DUB;BOEING 737-800 WINGLETS;Despejado;14/04/18
IBE0407;XRY;MAD;AIRBUS A320;Despejado;14/04/18
LGL688;XRY;LUX;BOEING 737-700 WINGLETS;Despejado;14/04/18
DE1723;XRY;MUC;AIRBUS A320;Despejado;14/04/18
DE1565;XRY;HAM;AIRBUS A320;Despejado;14/04/18
IBE0411;XRY;MAD;32A;Despejado;14/04/18
VLG2615;XRY;BIO;32A;Despejado;14/04/18
VLG2287;XRY;BCN;BOEING 737-800 WINGLETS;Despejado;14/04/18
IBE0405;XRY;MAD;AIRBUS A320;Despejado;14/04/18
RYR1284;XRY;BCN;BOEING 737-800 WINGLETS;Despejado;14/04/18
VLG1572;OVD;BCN;AIRBUS A320;Nubes altas;14/04/18
VOE3590;OVD;PMI;BOEING 717;Nubes altas;14/04/18
VLG1574;OVD;BCN;AIRBUS A320;Nubes altas;14/04/18
IBE0479;OVD;MAD;AIRBUS A320;Nubes altas;14/04/18
IBE0475;OVD;MAD;AIRBUS A320;Nubes altas;14/04/18
VLG3139;OVD;ACE;AIRBUS A320;Nubes altas;14/04/18
IBS3613;OVD;TFN;AIRBUS A320;Nubes altas;14/04/18
IBS3610;OVD;LHR;AIRBUS A320;Nubes altas;14/04/18
TAP1113;OVD;LIS;ATR-42/72;Nubes altas;14/04/18
AEA4033;PMI;ZAZ;EMBRAER ERJ-195;Lluvia;14/04/18
VLG2486;BCN;EAS;AIRBUS A319;Lluvia;14/04/18
IBE8314;MAD;EAS;ATR-72;Nubosidad variable;14/04/18
IBE8316;MAD;EAS;ATR-72;Nubosidad variable;14/04/18
IBE8322;MAD;EAS;ATR-72;Nubosidad variable;14/04/18
VLG2488;BCN;EAS;AIRBUS A319;Lluvia;14/04/18
IBE8324;MAD;EAS;ATR-72;Nubosidad variable;14/04/18
IBE8999;VLC;MAD;BOMBARDIER CRJ-1000;Nubosidad variable;14/04/18
AEA1005;VLC;CDG;BOEING 737-800 WINGLETS;Nubosidad variable;14/04/18
TAP1095;VLC;LIS;ATR-42/72;Nubosidad variable;14/04/18
RYR4632;VLC;BGY;BOEING 737-800 WINGLETS;Nubosidad variable;14/04/18
RYR2256;VLC;CGN;BOEING 737-800 WINGLETS;Nubosidad variable;14/04/18
DLH1165;VLC;FRA;AIRBUS A321;Nubosidad variable;14/04/18
IBE8636;VLC;PMI;CANADAIR CRJ-900;Nubosidad variable;14/04/18
RYR9678;VLC;CIA;BOEING 737-800 WINGLETS;Nubosidad variable;14/04/18
IBE8840;VLC;SVQ;ATR-72;Nubosidad variable;14/04/18
IBE8948;VLC;BIO;BOMBARDIER CRJ-1000;Nubosidad variable;14/04/18
VLG6244;VLC;FCO;AIRBUS A320;Nubosidad variable;14/04/18
RYR2218;VLC;HAM;BOEING 737-800 WINGLETS;Nubosidad variable;14/04/18
IBE8639;GRX;MAD;CANADAIR CRJ-900;Despejado;14/04/18
VLG2011;GRX;BCN;32B;Despejado;14/04/18
IBE8641;GRX;MAD;BOMBARDIER CRJ-1000;Despejado;14/04/18
VLG2021;GRX;BCN;AIRBUS A320;Despejado;14/04/18
AEA5200;GRX;PMI;EMBRAER ERJ-195;Despejado;14/04/18
IBE8645;GRX;MAD;BOMBARDIER CRJ-1000;Despejado;14/04/18
IBE8649;GRX;MAD;CANADAIR CRJ-900;Despejado;14/04/18
VLG2015;GRX;BCN;AIRBUS A320;Despejado;14/04/18
VLG8727;GRX;CDG;AIRBUS A320;Despejado;14/04/18
EZY8172;GRX;LGW;AIRBUS A319;Despejado;14/04/18
VLG2017;GRX;BCN;AIRBUS A321;Despejado;14/04/18
IBE8639;GRX;MAD;BOMBARDIER CRJ-1000;Despejado;15/04/18
BEL3716;BIO;BRU;AIRBUS A319;Chubascos dispersos;14/04/18
VOE3516;BIO;MLA;BOEING 717;Chubascos dispersos;14/04/18
IBE0443;BIO;MAD;32A;Chubascos dispersos;14/04/18
KLM1684;BIO;AMS;EMBRAER 190;Chubascos dispersos;14/04/18
DLH1147;BIO;FRA;32A;Chubascos dispersos;14/04/18
VLG2506;BIO;SVQ;AIRBUS A320;Chubascos dispersos;13/04/18
VLG3280;BIO;ACE;AIRBUS A320;Chubascos dispersos;14/04/18
AFR1377;BIO;CDG;EMBRAER 190;Chubascos dispersos;14/04/18
TAP1065;BIO;LIS;ATR-42/72;Chubascos dispersos;14/04/18
VLG3260;BIO;TFN;32A;Chubascos dispersos;14/04/18
DLH1829;BIO;MUC;AIRBUS A320;Chubascos dispersos;14/04/18
VLG1439;BIO;BCN;32A;Chubascos dispersos;14/04/18
AEA7505;BIO;PMI;EMBRAER ERJ-195;Chubascos dispersos;14/04/18
JAF6902;MJV;ANR;EMBRAER 190;Nubes altas;14/04/18
RYR2155;MJV;BHX;BOEING 737-800 WINGLETS;Nubes altas;14/04/18
EZY8550;MJV;LGW;AIRBUS A319;Nubes altas;14/04/18
EZY6014;MJV;BRS;AIRBUS A319;Nubes altas;14/04/18
RYR1925;MJV;EMA;BOEING 737-800 WINGLETS;Nubes altas;14/04/18
RYR4117;MJV;MAN;BOEING 737-800 WINGLETS;Nubes altas;14/04/18
NAX1703;MJV;OSL;BOEING 737-800 WINGLETS;Nubes altas;14/04/18
RYR3453;MJV;LTN;BOEING 737-800 WINGLETS;Nubes altas;14/04/18
EZY7426;MJV;SEN;AIRBUS A319;Nubes altas;14/04/18
BAW449;MJV;LHR;32A;Nubes altas;14/04/18
RYR8027;MJV;STN;BOEING 737-800 WINGLETS;Nubes altas;14/04/18
EZY8554;MJV;LGW;AIRBUS A320;Nubes altas;14/04/18
RYR7095;MJV;DUB;BOEING 737-800 WINGLETS;Nubes altas;14/04/18
IBB655;TFN;VDE;ATR-42/72;Nubosidad variable;14/04/18
IBB659;TFN;VDE;ATR-42/72;Nubosidad variable;14/04/18
IBB663;TFN;VDE;ATR-42/72;Nubosidad variable;14/04/18
IBB365;LPA;VDE;ATR-72;Abertura de claros;14/04/18
CNF247;TFN;VDE;ATR-42/72;Nubosidad variable;14/04/18
IBB673;TFN;VDE;ATR-42/72;Nubosidad variable;14/04/18
GMI5729;PMI;FMO;AIRBUS A319;Lluvia;14/04/18
VLG2854;PMI;ORY;AIRBUS A320;Lluvia;14/04/18
EZY1514;PMI;GVA;32A;Lluvia;14/04/18
RYR2052;PMI;MAD;BOEING 737-800 WINGLETS;Lluvia;14/04/18
VLG1225;PMI;LYS;AIRBUS A320;Lluvia;14/04/18
IBS3917;PMI;MAD;AIRBUS A320;Lluvia;14/04/18
RYR6363;PMI;BCN;BOEING 737-800 WINGLETS;Lluvia;14/04/18
IBK6700;PMI;DUS;BOEING 737-800 WINGLETS;Lluvia;14/04/18
IBK6650;PMI;ARN;BOEING 737-800 WINGLETS;Lluvia;14/04/18
RYR8235;PMI;BRS;BOEING 737-800 WINGLETS;Lluvia;14/04/18
RYR716;PMI;BVA;BOEING 737-800 WINGLETS;Lluvia;14/04/18
AEA6006;PMI;BCN;BOEING 737-800 WINGLETS;Lluvia;14/04/18
VLG3915;PMI;BCN;AIRBUS A320;Lluvia;14/04/18
VLG1876;AGP;CPH;AIRBUS A320;Despejado;14/04/18
SAS6232;AGP;AAR;32A;Despejado;14/04/18
SAS6354;AGP;OSL;32A;Despejado;14/04/18
VLG8366;AGP;AMS;AIRBUS A320;Despejado;14/04/18
IBK5108;AGP;HAM;BOEING 737-800 WINGLETS;Despejado;14/04/18
AEA1039;AGP;CDG;BOEING 737-800 WINGLETS;Despejado;14/04/18
IBK5140;AGP;WAW;BOEING 737-800 WINGLETS;Despejado;14/04/18
RYR2044;AGP;DTM;BOEING 737-800 WINGLETS;Despejado;14/04/18
RYR2588;AGP;KRK;BOEING 737-800 WINGLETS;Despejado;14/04/18
RYR9893;AGP;LPL;BOEING 737-800 WINGLETS;Despejado;14/04/18
VLG2985;AGP;NTE;AIRBUS A320;Despejado;14/04/18
TAP1137;AGP;LIS;ATR-42/72;Despejado;14/04/18
RYR5945;AGP;BOH;BOEING 737-800 WINGLETS;Despejado;14/04/18
VLG2608;AGP;BIO;AIRBUS A320;Despejado;14/04/18
RYR2531;AGP;BLL;BOEING 737-800 WINGLETS;Despejado;14/04/18
IBS3835;LPA;MAD;AIRBUS A321;Abertura de claros;14/04/18
RYR4504;LPA;KRK;BOEING 737-800 WINGLETS;Abertura de claros;14/04/18
RYR2565;LPA;HAM;BOEING 737-800 WINGLETS;Abertura de claros;14/04/18
RYR3163;LPA;EMA;BOEING 737-800 WINGLETS;Abertura de claros;14/04/18
VLG3186;LPA;NTE;AIRBUS A320;Abertura de claros;14/04/18
AEA9403;LPA;TFN;ATR-72;Abertura de claros;14/04/18
AEA9431;LPA;FUE;ATR-72;Abertura de claros;14/04/18
AEA9018;LPA;MAD;BOEING 737-800 WINGLETS;Abertura de claros;14/04/18
VLG3001;LPA;BCN;AIRBUS A321;Abertura de claros;14/04/18
IBB500;LPA;ACE;BOMBARDIER CRJ-1000;Abertura de claros;14/04/18
RYR3802;LPA;LPL;BOEING 737-800 WINGLETS;Abertura de claros;14/04/18
IBB200;LPA;FUE;ATR-72;Abertura de claros;14/04/18
DK1507;LPA;SVG;32B;Abertura de claros;14/04/18
IBB309;LPA;SPC;ATR-72;Abertura de claros;14/04/18
IBK5800;LPA;BCN;BOEING 737-800 WINGLETS;Abertura de claros;14/04/18
RYR6397;SVQ;BCN;BOEING 737-800 WINGLETS;Despejado;14/04/18
VLG3164;SVQ;FUE;AIRBUS A320;Despejado;14/04/18
RYR5201;SVQ;SXF;BOEING 737-800 WINGLETS;Despejado;14/04/18
VLG3941;SVQ;PMI;AIRBUS A320;Despejado;13/04/18
TAP1101;SVQ;LIS;ATR-42/72;Despejado;14/04/18
VLG3160;SVQ;ACE;AIRBUS A320;Despejado;14/04/18
RYR4471;SVQ;CPH;BOEING 737-800 WINGLETS;Despejado;14/04/18
IBE8841;SVQ;VLC;ATR-72;Despejado;14/04/18
IBS3947;SVQ;MAD;AIRBUS A320;Despejado;14/04/18
VLG2505;SVQ;BIO;AIRBUS A320;Despejado;13/04/18
TVF3101;SVQ;ORY;BOEING 737-800 WINGLETS;Despejado;14/04/18
VLG2211;SVQ;BCN;AIRBUS A320;Despejado;14/04/18
VLG2251;SVQ;BCN;32B;Despejado;14/04/18
VLG8830;SVQ;CDG;AIRBUS A320;Despejado;14/04/18
EZY8176;SVQ;LGW;AIRBUS A319;Despejado;14/04/18
ANE8397;ALC;MAD;BOMBARDIER CRJ-1000;Despejado;14/04/18
VLG7396;ALC;ALG;32A;Despejado;14/04/18
IBK5350;ALC;ARN;BOEING 737-800 WINGLETS;Despejado;14/04/18
RYR2408;ALC;FMM;BOEING 737-800 WINGLETS;Despejado;14/04/18
VLG8253;ALC;ORY;AIRBUS A320;Despejado;14/04/18
RYR7522;ALC;EIN;BOEING 737-800 WINGLETS;Despejado;14/04/18
VLG1311;ALC;BCN;32A;Despejado;14/04/18
VLG3934;ALC;PMI;32A;Despejado;14/04/18
IBK5376;ALC;BLL;BOEING 737-800 WINGLETS;Despejado;14/04/18
RYR5598;ALC;HAU;BOEING 737-800 WINGLETS;Despejado;14/04/18
IBK5358;ALC;GOT;BOEING 737-800 WINGLETS;Despejado;14/04/18
RYR9066;ALC;BLL;BOEING 737-800 WINGLETS;Despejado;14/04/18
EXS1412;ALC;STN;BOEING 737-800;Despejado;14/04/18
IBK5320;ALC;OSL;BOEING 737-800 WINGLETS;Despejado;14/04/18
RYR2714;ALC;LGW;BOEING 737-800 WINGLETS;Despejado;14/04/18
RYR4079;ALC;NCL;BOEING 737-800 WINGLETS;Despejado;14/04/18
VLG1303;ALC;BCN;AIRBUS A320;Despejado;14/04/18
AEA5001;AGP;MLN;ATR-72;Despejado;14/04/18
IBE8262;AGP;MLN;ATR-72;Despejado;14/04/18
IBE8792;MAD;MLN;ATR-72;Nubosidad variable;14/04/18
IBE8268;AGP;MLN;ATR-72;Despejado;14/04/18
IBE8264;AGP;MLN;ATR-72;Despejado;14/04/18
IBE8270;AGP;MLN;ATR-72;Despejado;14/04/18
IBE8798;MAD;MLN;ATR-72;Nubosidad variable;14/04/18
IBE8272;AGP;MLN;ATR-72;Despejado;14/04/18
RYR6384;BCN;SDR;BOEING 737-800 WINGLETS;Lluvia;14/04/18
IBE0554;MAD;SDR;AIRBUS A319;Nubosidad variable;14/04/18
RYR2593;AGP;SDR;BOEING 737-800 WINGLETS;Despejado;14/04/18
RYR2214;VLC;SDR;BOEING 737-800 WINGLETS;Nubosidad variable;14/04/18
IBE0556;MAD;SDR;AIRBUS A319;Nubosidad variable;14/04/18
RYR6363;PMI;BCN;BOEING 737-800 WINGLETS;Lluvia;14/04/18
AEA6006;PMI;BCN;BOEING 737-800 WINGLETS;Lluvia;14/04/18
VLG1311;ALC;BCN;32A;Despejado;14/04/18
IBE8481;MAH;PMI;BOMBARDIER CRJ-1000;Lluvia moderada;14/04/18
IBE8951;MAH;MAD;CANADAIR CRJ-900;Lluvia moderada;14/04/18
AAL8615;MAH;MAD;CANADAIR CRJ-900;Lluvia moderada;14/04/18
IBE8495;MAH;PMI;ATR-42/72;Lluvia moderada;14/04/18
VLG3713;MAH;BCN;32A;Lluvia moderada;14/04/18
VLG3715;MAH;BCN;AIRBUS A320;Lluvia moderada;14/04/18
IBE8660;MAH;VIT;BOMBARDIER CRJ-1000;Lluvia moderada;14/04/18
VLG1341;MAH;ALC;32A;Lluvia moderada;14/04/18
AEA4532;MAH;PMI;ATR-72;Lluvia moderada;14/04/18
VLG2433;MAH;SVQ;AIRBUS A320;Lluvia moderada;14/04/18
IBE8499;MAH;PMI;ATR-42/72;Lluvia moderada;14/04/18
EZY8304;MAH;LGW;AIRBUS A319;Lluvia moderada;14/04/18
AEA4530;MAH;PMI;ATR-72;Lluvia moderada;14/04/18
IBE8493;MAH;PMI;BOMBARDIER CRJ-1000;Lluvia moderada;14/04/18
RYR6882;MAH;BCN;BOEING 737-800 WINGLETS;Lluvia moderada;14/04/18
VLG3709;MAH;BCN;AIRBUS A320;Lluvia moderada;14/04/18
VLG1292;BCN;LCG;32A;Lluvia;14/04/18
AEA7233;MAD;LCG;EMBRAER ERJ-195;Nubosidad variable;14/04/18
IBE0512;MAD;LCG;AIRBUS A320;Nubosidad variable;14/04/18
AEA7235;MAD;LCG;EMBRAER ERJ-195;Nubosidad variable;14/04/18
VLG3970;PMI;LCG;32A;Lluvia;14/04/18
AEA7237;MAD;LCG;EMBRAER ERJ-195;Nubosidad variable;14/04/18
RYR6154;ACE;PIK;BOEING 737-800 WINGLETS;Nubosidad variable;14/04/18
RYR2047;ACE;LBA;BOEING 737-800 WINGLETS;Nubosidad variable;14/04/18
RYR3491;ACE;NCL;BOEING 737-800 WINGLETS;Nubosidad variable;14/04/18
TVS3439;ACE;BES;BOEING 737-800 WINGLETS;Nubosidad variable;14/04/18
IBB501;ACE;LPA;ATR-72;Nubosidad variable;14/04/18
IBB453;ACE;TFN;ATR-42/72;Nubosidad variable;14/04/18
IBE2277;ACE;TFN;ATR-42/72;Nubosidad variable;14/04/18
TVS3441;ACE;LIL;BOEING 737-800 WINGLETS;Nubosidad variable;14/04/18
CNF704;ACE;LPA;ATR-42/72;Nubosidad variable;14/04/18
VLG3161;ACE;SVQ;AIRBUS A320;Nubosidad variable;14/04/18
TVP7307;ACE;WAW;BOEING 737-800 WINGLETS;Nubosidad variable;14/04/18
TVS2415;ACE;DOL;BOEING 737-800 WINGLETS;Nubosidad variable;14/04/18
VLG3281;ACE;BIO;AIRBUS A320;Nubosidad variable;14/04/18
IBB505;ACE;LPA;ATR-42/72;Nubosidad variable;14/04/18
IBB507;ACE;LPA;ATR-42/72;Nubosidad variable;14/04/18
AEA9076;ACE;MAD;BOEING 737-800 WINGLETS;Nubosidad variable;14/04/18
EZS1250;ACE;BSL;AIRBUS A320;Nubosidad variable;14/04/18
RYR6209;ACE;NRN;BOEING 737-800 WINGLETS;Nubosidad variable;14/04/18
VLG2481;ACE;BCN;AIRBUS A320;Nubosidad variable;14/04/18
AEA7308;MAD;VGO;EMBRAER ERJ-195;Nubosidad variable;14/04/18
VLG1702;BCN;VGO;BOEING 737-800 WINGLETS;Lluvia;14/04/18
IBE0530;MAD;VGO;AIRBUS A319;Nubosidad variable;14/04/18
AEA7302;MAD;VGO;EMBRAER ERJ-195;Nubosidad variable;14/04/18
IBE0532;MAD;VGO;AIRBUS A319;Nubosidad variable;14/04/18
EVE1123;ALC;VGO;32A;Despejado;14/04/18
AEA7300;MAD;VGO;EMBRAER ERJ-195;Nubosidad variable;14/04/18
IBE8594;MAD;LEI;CANADAIR CRJ-900;Nubosidad variable;14/04/18
VLG1251;BCN;LEI;32A;Lluvia;14/04/18
IBE8598;MAD;LEI;CANADAIR CRJ-200;Nubosidad variable;14/04/18
IBE8592;MAD;LEI;BOMBARDIER CRJ-1000;Nubosidad variable;14/04/18
IBB203;FUE;LPA;ATR-72;Nubosidad variable;14/04/18
AEA9432;FUE;LPA;ATR-72;Nubosidad variable;14/04/18
VLG3165;FUE;SVQ;AIRBUS A320;Nubosidad variable;14/04/18
IBB415;FUE;TFN;ATR-42/72;Nubosidad variable;14/04/18
VLG1641;FUE;SCQ;AIRBUS A320;Nubosidad variable;14/04/18
TUI2279;FUE;CGN;7S8;Nubosidad variable;14/04/18
TUI2863;FUE;BSL;7S8;Nubosidad variable;14/04/18
IBB237;FUE;LPA;ATR-42/72;Nubosidad variable;14/04/18
OLY627;FUE;STR;AIRBUS A321;Nubosidad variable;14/04/18
CNF804;FUE;LPA;ATR-72;Nubosidad variable;14/04/18
IBB209;FUE;LPA;ATR-72;Nubosidad variable;14/04/18
TUI2117;FUE;DUS;BOEING 737-700;Nubosidad variable;14/04/18
TUI2873;FUE;TXL;BOEING 737-700 WINGLETS;Nubosidad variable;14/04/18
RYR1102;FUE;SXF;BOEING 737-800 WINGLETS;Nubosidad variable;14/04/18
VLG3197;FUE;CDG;AIRBUS A320;Nubosidad variable;14/04/18
TUI2353;FUE;HAM;7S8;Nubosidad variable;14/04/18
IBB211;FUE;LPA;ATR-72;Nubosidad variable;14/04/18
RYR8183;FUE;STN;BOEING 737-800 WINGLETS;Nubosidad variable;14/04/18
IBB423;FUE;TFN;ATR-42/72;Nubosidad variable;14/04/18
RYR6457;IBZ;CRL;BOEING 737-800 WINGLETS;Lluvia débil;14/04/18
IBE8101;IBZ;PMI;BOMBARDIER CRJ-1000;Lluvia débil;14/04/18
AEA1701;IBZ;PMI;ATR-72;Lluvia débil;14/04/18
EWG5861;IBZ;VIE;32A;Lluvia débil;14/04/18
RYR8137;IBZ;BCN;BOEING 737-800 WINGLETS;Lluvia débil;14/04/18
VLG3541;IBZ;BCN;32A;Lluvia débil;14/04/18
RYR5355;IBZ;MAD;BOEING 737-800 WINGLETS;Lluvia débil;14/04/18
EWG545;IBZ;CGN;BOEING 737-800 WINGLETS;Lluvia débil;14/04/18
VLG3434;IBZ;MAD;AIRBUS A320;Lluvia débil;14/04/18
EZY2692;IBZ;MXP;32A;Lluvia débil;14/04/18
RYR8333;IBZ;BGY;BOEING 737-800 WINGLETS;Lluvia débil;14/04/18
TRA5672;IBZ;AMS;BOEING 737-800 WINGLETS;Lluvia débil;14/04/18
IBE8105;IBZ;PMI;BOMBARDIER CRJ-1000;Lluvia débil;14/04/18
VLG8181;IBZ;ORY;32B;Lluvia débil;14/04/18
AEA1703;IBZ;PMI;ATR-72;Lluvia débil;14/04/18
IBE8678;IBZ;SCQ;BOMBARDIER CRJ-1000;Lluvia débil;14/04/18
TRA6514;IBZ;EIN;BOEING 737-800 WINGLETS;Lluvia débil;14/04/18
VLG3306;IBZ;FCO;32A;Lluvia débil;14/04/18
IBE0410;MAD;XRY;32A;Nubosidad variable;14/04/18
VLG2614;BIO;XRY;32A;Chubascos dispersos;14/04/18
VLG2286;BCN;XRY;BOEING 737-800 WINGLETS;Lluvia;14/04/18
IBE0404;MAD;XRY;AIRBUS A319;Nubosidad variable;14/04/18
RYR1283;BCN;XRY;BOEING 737-800 WINGLETS;Lluvia;14/04/18
IBE0406;MAD;XRY;AIRBUS A319;Nubosidad variable;14/04/18
RYR654;TFS;PIK;BOEING 737-800 WINGLETS;Nubosidad variable;14/04/18
RYR4067;TFS;SXF;BOEING 737-800 WINGLETS;Nubosidad variable;14/04/18
RYR1038;TFS;FMM;BOEING 737-800 WINGLETS;Nubosidad variable;14/04/18
RYR2493;TFS;LBA;BOEING 737-800 WINGLETS;Nubosidad variable;14/04/18
TOM1609;TFS;ABZ;BOEING 737-800 WINGLETS;Nubosidad variable;14/04/18
IBK6472;TFS;CPH;BOEING 737-800 WINGLETS;Nubosidad variable;14/04/18
TVF1151;TFS;ORY;BOEING 737-800 WINGLETS;Nubosidad variable;14/04/18
IBK6410;TFS;EDI;BOEING 737-800 WINGLETS;Nubosidad variable;14/04/18
IBK6512;TFS;MUC;BOEING 737-800 WINGLETS;Nubosidad variable;14/04/18
EDW215;TFS;ZRH;AIRBUS A320;Nubosidad variable;14/04/18
JAF6114;TFS;BRU;7M8;Nubosidad variable;14/04/18
TUI2197;TFS;MUC;BOEING 737-800 WINGLETS;Nubosidad variable;14/04/18
IBB152;TFS;LPA;ATR-72;Nubosidad variable;14/04/18
IBE2233;TFS;LPA;ATR-72;Nubosidad variable;14/04/18
RYR4754;TFS;BRS;BOEING 737-800 WINGLETS;Nubosidad variable;14/04/18
VLG3221;TFS;BCN;AIRBUS A320;Nubosidad variable;14/04/18
VLG3135;TFS;ORY;32B;Nubosidad variable;14/04/18
RYR8167;TFS;STN;BOEING 737-800 WINGLETS;Nubosidad variable;14/04/18
RYR1589;TFS;FRA;BOEING 737-800 WINGLETS;Nubosidad variable;14/04/18
EXS756;TFS;MAN;BOEING 737-800 WINGLETS;Nubosidad variable;14/04/18
VLG1640;SCQ;FUE;AIRBUS A320;Nubosidad variable;14/04/18
IBS3895;SCQ;MAD;32A;Nubosidad variable;14/04/18
RYR5316;SCQ;MAD;BOEING 737-800 WINGLETS;Nubosidad variable;14/04/18
RYR6333;SCQ;BCN;BOEING 737-800 WINGLETS;Nubosidad variable;14/04/18
IBS3877;SCQ;MAD;AIRBUS A320;Nubosidad variable;14/04/18
EZS1338;SCQ;GVA;AIRBUS A320;Nubosidad variable;14/04/18
VLG1671;SCQ;BCN;32A;Nubosidad variable;14/04/18
EZY8590;SCQ;LGW;AIRBUS A319;Nubosidad variable;14/04/18
IBE8204;SCQ;TFN;CANADAIR CRJ-900;Nubosidad variable;14/04/18
IBS9517;SCQ;PMI;AIRBUS A320;Nubosidad variable;14/04/18
RYR724;SCQ;PMI;BOEING 737-800 WINGLETS;Nubosidad variable;14/04/18
AEA7116;SCQ;ACE;BOEING 737-800 WINGLETS;Nubosidad variable;14/04/18
IBE8679;SCQ;IBZ;BOMBARDIER CRJ-1000;Nubosidad variable;14/04/18
VLG7515;SCQ;ZRH;AIRBUS A320;Nubosidad variable;14/04/18
EZY2682;SCQ;MXP;AIRBUS A319;Nubosidad variable;14/04/18
IBS3875;SCQ;MAD;AIRBUS A320;Nubosidad variable;14/04/18
SWR2553;SCQ;ZRH;AIRBUS A320;Nubosidad variable;14/04/18
RYR2574;SCQ;AGP;BOEING 737-800 WINGLETS;Nubosidad variable;14/04/18
RYR9123;GRO;EIN;BOEING 737-800 WINGLETS;Lluvia;14/04/18
RYR3213;GRO;MAN;BOEING 737-800 WINGLETS;Lluvia;14/04/18
RYR2344;GRO;NCL;BOEING 737-800 WINGLETS;Lluvia;14/04/18
RYR9803;GRO;STN;BOEING 737-800 WINGLETS;Lluvia;14/04/18
RYR4125;GRO;HHN;BOEING 737-800 WINGLETS;Lluvia;14/04/18
RYR6391;GRO;NRN;BOEING 737-800 WINGLETS;Lluvia;14/04/18
RYR9241;GRO;PSA;BOEING 737-800 WINGLETS;Lluvia;14/04/18
RYR9107;GRO;BVA;BOEING 737-800 WINGLETS;Lluvia;14/04/18
RYR6901;GRO;CRL;BOEING 737-800 WINGLETS;Lluvia;14/04/18
RYR9012;GRO;MLA;BOEING 737-800 WINGLETS;Lluvia;14/04/18
RYR6911;GRO;MST;BOEING 737-800 WINGLETS;Lluvia;14/04/18
RYR9375;GRO;TLL;BOEING 737-800 WINGLETS;Lluvia;14/04/18
RYR9002;GRO;BLL;BOEING 737-800 WINGLETS;Lluvia;14/04/18
RYR9307;GRO;PIK;BOEING 737-800 WINGLETS;Lluvia;14/04/18
RYR6393;GRO;NRN;BOEING 737-800 WINGLETS;Lluvia;14/04/18
RYR3653;GRO;BRE;BOEING 737-800 WINGLETS;Lluvia;14/04/18
RYR9911;GRO;BOH;BOEING 737-800 WINGLETS;Lluvia;14/04/18
RYR9123;GRO;EIN;BOEING 737-800 WINGLETS;Lluvia;15/04/18
RYR7083;GRO;OMR;BOEING 737-800 WINGLETS;Lluvia;15/04/18
RYR9555;GRO;FMM;BOEING 737-800 WINGLETS;Lluvia;15/04/18
VLG1573;BCN;OVD;AIRBUS A320;Lluvia;14/04/18
IBE0488;MAD;OVD;AIRBUS A320;Nubosidad variable;14/04/18
VLG1579;BCN;OVD;AIRBUS A320;Lluvia;14/04/18
VOE3591;PMI;OVD;BOEING 717;Lluvia;14/04/18
IBS3612;TFN;OVD;AIRBUS A320;Nubosidad variable;14/04/18
IBS3980;MAD;OVD;AIRBUS A320;Nubosidad variable;14/04/18
IBE0480;MAD;OVD;32A;Nubosidad variable;14/04/18
VLG3138;ACE;OVD;AIRBUS A320;Nubosidad variable;14/04/18
AEA7161;MAD;BIO;EMBRAER ERJ-195;Nubosidad variable;14/04/18
VLG2608;AGP;BIO;AIRBUS A320;Despejado;14/04/18
VLG1420;BCN;BIO;32B;Lluvia;14/04/18
IBE8948;VLC;BIO;BOMBARDIER CRJ-1000;Nubosidad variable;14/04/18
IBE0448;MAD;BIO;AIRBUS A319;Nubosidad variable;14/04/18
VLG2505;SVQ;BIO;AIRBUS A320;Despejado;13/04/18
VLG1440;BCN;BIO;32A;Lluvia;14/04/18
AEA2659;BCN;BIO;BOEING 737-800 WINGLETS;Lluvia;14/04/18
AEA7506;PMI;BIO;EMBRAER ERJ-195;Lluvia;14/04/18
AEA9403;LPA;TFN;ATR-72;Abertura de claros;14/04/18
IBB107;LPA;TFN;BOMBARDIER CRJ-1000;Abertura de claros;14/04/18
IBB604;SPC;TFN;ATR-42/72;Abertura de claros;14/04/18
AEA9059;MAD;TFN;BOEING 737-800 WINGLETS;Nubosidad variable;14/04/18
IBB606;SPC;TFN;ATR-42/72;Abertura de claros;14/04/18
RYR3063;BCN;TFN;BOEING 737-800 WINGLETS;Lluvia;14/04/18
RYR5278;MAD;TFN;BOEING 737-800 WINGLETS;Nubosidad variable;14/04/18
IBB453;ACE;TFN;ATR-42/72;Nubosidad variable;14/04/18
IBB415;FUE;TFN;ATR-42/72;Nubosidad variable;14/04/18
CNF413;SPC;TFN;ATR-72;Abertura de claros;14/04/18
IBB608;SPC;TFN;ATR-42/72;Abertura de claros;14/04/18
IBB119;LPA;TFN;BOMBARDIER CRJ-1000;Abertura de claros;14/04/18
IBB656;VDE;TFN;ATR-72;Despejado;14/04/18
VLG3260;BIO;TFN;32A;Chubascos dispersos;14/04/18
AEA9415;LPA;TFN;ATR-72;Abertura de claros;14/04/18
AEA9462;SPC;TFN;ATR-72;Abertura de claros;14/04/18
IBK5756;BCN;TFN;BOEING 737-800 WINGLETS;Lluvia;14/04/18
IBB612;SPC;TFN;ATR-72;Abertura de claros;14/04/18
IBS3942;MAD;TFN;32A;Nubosidad variable;14/04/18
IBB650;GMZ;TFN;ATR-72;Nubes altas;14/04/18
CNF419;SPC;TFN;ATR-72;Abertura de claros;14/04/18
IBB109;LPA;TFN;ATR-72;Abertura de claros;14/04/18
IBB604;SPC;TFN;ATR-42/72;Abertura de claros;14/04/18
IBB606;SPC;TFN;ATR-42/72;Abertura de claros;14/04/18
IBE2282;SPC;TFN;ATR-42/72;Abertura de claros;14/04/18
IBB304;SPC;LPA;ATR-72;Abertura de claros;14/04/18
CNF413;SPC;TFN;ATR-72;Abertura de claros;14/04/18
IBB608;SPC;TFN;ATR-42/72;Abertura de claros;14/04/18
AEA9462;SPC;TFN;ATR-72;Abertura de claros;14/04/18
IBB612;SPC;TFN;ATR-72;Abertura de claros;14/04/18
CNF419;SPC;TFN;ATR-72;Abertura de claros;14/04/18
IBB610;SPC;TFN;ATR-42/72;Abertura de claros;14/04/18
EZY8712;SPC;LGW;AIRBUS A320;Abertura de claros;14/04/18
AEA9464;SPC;TFN;ATR-72;Abertura de claros;14/04/18
IBB620;SPC;TFN;ATR-72;Abertura de claros;14/04/18
EWG9545;SPC;DUS;32A;Abertura de claros;14/04/18
GMI3953;SPC;HAM;AIRBUS A319;Abertura de claros;14/04/18
EWG7529;SPC;HAM;32A;Abertura de claros;14/04/18
IBB622;SPC;TFN;ATR-42/72;Abertura de claros;14/04/18
IBS3843;SPC;MAD;AIRBUS A320;Abertura de claros;14/04/18
CNF453;SPC;TFN;ATR-72;Abertura de claros;14/04/18
IBB632;SPC;TFN;ATR-42/72;Abertura de claros;14/04/18
IBE7265;SPC;TFN;ATR-42/72;Abertura de claros;14/04/18
AEA9466;SPC;TFN;ATR-72;Abertura de claros;14/04/18
VLG3249;SPC;BCN;AIRBUS A320;Abertura de claros;14/04/18
VLG2010;BCN;GRX;32B;Lluvia;14/04/18
IBE8640;MAD;GRX;BOMBARDIER CRJ-1000;Nubosidad variable;14/04/18
VLG2020;BCN;GRX;AIRBUS A320;Lluvia;14/04/18
AEA5201;PMI;GRX;EMBRAER ERJ-195;Lluvia;14/04/18
IBE8646;MAD;GRX;BOMBARDIER CRJ-1000;Nubosidad variable;14/04/18
IBE8642;MAD;GRX;CANADAIR CRJ-900;Nubosidad variable;14/04/18
VLG2014;BCN;GRX;AIRBUS A320;Lluvia;14/04/18
VLG2016;BCN;GRX;32B;Lluvia;14/04/18
IBE8648;MAD;GRX;BOMBARDIER CRJ-1000;Nubosidad variable;14/04/18
IBE8494;PMI;MAH;ATR-42/72;Despejado;17/04/18
VLG3712;BCN;MAH;32A;Lluvia;14/04/18
IBE8480;PMI;MAH;BOMBARDIER CRJ-1000;Despejado;17/04/18
VLG3714;BCN;MAH;AIRBUS A320;Lluvia;14/04/18
IBE8482;PMI;MAH;BOMBARDIER CRJ-1000;Despejado;17/04/18
VLG1340;ALC;MAH;32A;Despejado;14/04/18
AEA4537;PMI;MAH;ATR-72;Lluvia;14/04/18
VLG2432;SVQ;MAH;AIRBUS A320;Despejado;14/04/18
IBE8498;PMI;MAH;ATR-42/72;Despejado;17/04/18
IBE8661;VIT;MAH;BOMBARDIER CRJ-1000;Chubascos dispersos;14/04/18
AEA4531;PMI;MAH;ATR-72;Lluvia;14/04/18
RYR6881;BCN;MAH;BOEING 737-800 WINGLETS;Lluvia;14/04/18
VLG3716;BCN;MAH;AIRBUS A320;Lluvia;14/04/18
VLG3700;BCN;MAH;AIRBUS A320;Lluvia;14/04/18
IBS3866;MAD;AGP;AIRBUS A320;Nubosidad variable;14/04/18
AEA5035;MAD;AGP;ATR-72;Nubosidad variable;14/04/18
IBE8261;MLN;AGP;ATR-72;Nubosidad variable;14/04/18
VLG2115;BCN;AGP;32B;Lluvia;14/04/18
AEA4063;MAD;VLC;ATR-72;Nubosidad variable;14/04/18
AEA4005;PMI;VLC;EMBRAER ERJ-195;Lluvia;14/04/18
IBE8986;MAD;VLC;BOMBARDIER CRJ-1000;Nubosidad variable;14/04/18
AAL8555;MAD;VLC;BOMBARDIER CRJ-1000;Nubosidad variable;14/04/18
IBE8036;MAD;VLC;BOMBARDIER CRJ-1000;Nubosidad variable;14/04/18
IBE8841;SVQ;VLC;ATR-72;Despejado;14/04/18
IBB500;LPA;ACE;BOMBARDIER CRJ-1000;Abertura de claros;14/04/18
IBB452;TFN;ACE;ATR-42/72;Nubosidad variable;14/04/18
CNF703;LPA;ACE;ATR-72;Abertura de claros;14/04/18
VLG3160;SVQ;ACE;AIRBUS A320;Despejado;14/04/18
VLG3280;BIO;ACE;AIRBUS A320;Chubascos dispersos;14/04/18
IBB506;LPA;ACE;ATR-72;Abertura de claros;14/04/18
AEA9073;MAD;ACE;BOEING 737-800 WINGLETS;Nubosidad variable;14/04/18
AEA9447;LPA;ACE;ATR-72;Abertura de claros;14/04/18
VLG2480;BCN;ACE;AIRBUS A320;Lluvia;14/04/18
VLG3928;BCN;PMI;32A;Lluvia;14/04/18
ANE8636;VLC;PMI;CANADAIR CRJ-900;Despejado;17/04/18
VLG3902;BCN;PMI;32B;Lluvia;14/04/18
ANE8481;MAH;PMI;BOMBARDIER CRJ-1000;Despejado;17/04/18
ANE8101;IBZ;PMI;BOMBARDIER CRJ-1000;Despejado;17/04/18
VLG3934;ALC;PMI;32A;Despejado;14/04/18
IBB102;TFN;LPA;BOMBARDIER CRJ-1000;Nubosidad variable;14/04/18
CNF612;TFN;LPA;ATR-42/72;Nubosidad variable;14/04/18
AEA9404;TFN;LPA;ATR-72;Nubosidad variable;14/04/18
IBB203;FUE;LPA;ATR-72;Nubosidad variable;14/04/18
AEA9432;FUE;LPA;ATR-72;Nubosidad variable;14/04/18
RYR2031;MAD;LPA;BOEING 737-800 WINGLETS;Nubosidad variable;14/04/18
AEA9156;MAD;LPA;BOEING 787-8;Nubosidad variable;14/04/18
IBB501;ACE;LPA;ATR-72;Nubosidad variable;14/04/18
CNF704;ACE;LPA;ATR-42/72;Nubosidad variable;14/04/18
IBB108;TFN;LPA;BOMBARDIER CRJ-1000;Nubosidad variable;14/04/18
IBB304;SPC;LPA;ATR-72;Abertura de claros;14/04/18
IBB237;FUE;LPA;ATR-42/72;Nubosidad variable;14/04/18
RYR6332;BCN;SCQ;BOEING 737-800 WINGLETS;Lluvia;14/04/18
IBS3876;MAD;SCQ;AIRBUS A320;Nubosidad variable;14/04/18
VLG1670;BCN;SCQ;32A;Lluvia;14/04/18
RYR5315;MAD;SCQ;BOEING 737-800 WINGLETS;Nubosidad variable;14/04/18
IBS9508;PMI;SCQ;AIRBUS A320;Lluvia;14/04/18
IBE8366;PMI;SCQ;CANADAIR CRJ-900;Despejado;17/04/18
AEA7136;LPA;SCQ;BOEING 737-800 WINGLETS;Abertura de claros;14/04/18
IBE8678;IBZ;SCQ;BOMBARDIER CRJ-1000;Lluvia débil;14/04/18
VLG1641;FUE;SCQ;AIRBUS A320;Nubosidad variable;14/04/18
IBS3874;MAD;SCQ;AIRBUS A320;Nubosidad variable;14/04/18
RYR2573;AGP;SCQ;BOEING 737-800 WINGLETS;Despejado;14/04/18
RYR723;PMI;SCQ;BOEING 737-800 WINGLETS;Lluvia;14/04/18
IBS3878;MAD;SCQ;AIRBUS A320;Nubosidad variable;14/04/18
IBE8840;VLC;SVQ;ATR-72;Nubosidad variable;14/04/18
VLG2506;BIO;SVQ;AIRBUS A320;Chubascos dispersos;13/04/18
IBS3954;MAD;SVQ;AIRBUS A320;Nubosidad variable;14/04/18
VLG2212;BCN;SVQ;AIRBUS A320;Lluvia;14/04/18
VLG2216;BCN;SVQ;32B;Lluvia;14/04/18
RYR6396;BCN;SVQ;BOEING 737-800 WINGLETS;Lluvia;14/04/18
VLG3940;SVQ;PMI;AIRBUS A320;Despejado;13/04/18
VLG3165;FUE;SVQ;AIRBUS A320;Nubosidad variable;14/04/18
VLG3161;ACE;SVQ;AIRBUS A320;Nubosidad variable;14/04/18
IBS3950;MAD;SVQ;AIRBUS A320;Nubosidad variable;14/04/18
RYR5273;PMI;SVQ;BOEING 737-800 WINGLETS;Lluvia;14/04/18
RYR2036;VIT;SVQ;BOEING 737-800 WINGLETS;Chubascos dispersos;14/04/18
VLG2210;BCN;SVQ;AIRBUS A320;Lluvia;14/04/18
VLG3220;BCN;TFS;AIRBUS A320;Lluvia;14/04/18
IBB123;LPA;TFS;ATR-72;Abertura de claros;14/04/18
RYR8136;BCN;IBZ;BOEING 737-800 WINGLETS;Lluvia;14/04/18
VLG3540;BCN;IBZ;32A;Lluvia;14/04/18
RYR5354;MAD;IBZ;BOEING 737-800 WINGLETS;Nubosidad variable;14/04/18
VLG3447;MAD;IBZ;AIRBUS A320;Nubosidad variable;14/04/18
IBE8104;PMI;IBZ;BOMBARDIER CRJ-1000;Despejado;17/04/18
IBE8676;BCN;IBZ;BOMBARDIER CRJ-1000;Despejado;17/04/18
AEA1702;PMI;IBZ;ATR-72;Lluvia;14/04/18
VLG1302;BCN;ALC;AIRBUS A320;Lluvia;14/04/18
AEA4047;MAD;ALC;ATR-72;Nubosidad variable;14/04/18
ANE8390;MAD;ALC;BOMBARDIER CRJ-1000;Despejado;17/04/18
IBB605;TFN;SPC;ATR-42/72;Nubosidad variable;14/04/18
IBB309;LPA;SPC;ATR-72;Abertura de claros;14/04/18
CNF412;TFN;SPC;ATR-72;Nubosidad variable;14/04/18
IBB607;TFN;SPC;ATR-42/72;Nubosidad variable;14/04/18
AEA9461;TFN;SPC;ATR-72;Nubosidad variable;14/04/18
IBB611;TFN;SPC;ATR-42/72;Nubosidad variable;14/04/18
CNF418;TFN;SPC;ATR-72;Nubosidad variable;14/04/18
IBB609;TFN;SPC;ATR-42/72;Nubosidad variable;14/04/18
AEA9463;TFN;SPC;ATR-72;Nubosidad variable;14/04/18
IBB619;TFN;SPC;ATR-72;Nubosidad variable;14/04/18
IBB621;TFN;SPC;ATR-42/72;Nubosidad variable;14/04/18
IBS3842;MAD;SPC;AIRBUS A320;Nubosidad variable;14/04/18
CNF452;TFN;SPC;ATR-72;Nubosidad variable;14/04/18
IBB631;TFN;SPC;ATR-42/72;Nubosidad variable;14/04/18
IBE2228;TFN;SPC;ATR-42/72;Despejado;17/04/18
VLG3248;BCN;SPC;AIRBUS A320;Lluvia;14/04/18
AEA9465;TFN;SPC;ATR-72;Nubosidad variable;14/04/18
AEA9431;LPA;FUE;ATR-72;Abertura de claros;14/04/18
IBB200;LPA;FUE;ATR-72;Abertura de claros;14/04/18
VLG1640;SCQ;FUE;AIRBUS A320;Nubosidad variable;14/04/18
VLG3164;SVQ;FUE;AIRBUS A320;Despejado;14/04/18
IBB414;TFN;FUE;ATR-42/72;Nubosidad variable;14/04/18
CNF803;LPA;FUE;ATR-72;Abertura de claros;14/04/18
IBB236;LPA;FUE;ATR-72;Abertura de claros;14/04/18
IBB208;LPA;FUE;ATR-72;Abertura de claros;14/04/18
IBB210;LPA;FUE;ATR-72;Abertura de claros;14/04/18
IBS3900;MAD;FUE;AIRBUS A320;Nubosidad variable;14/04/18
IBB422;TFN;FUE;ATR-42/72;Nubosidad variable;14/04/18
IBE8221;RJL;MAD;CANADAIR CRJ-200;Nubosidad variable;14/04/18
RYR6321;VLL;BCN;BOEING 737-800 WINGLETS;Nubosidad variable;14/04/18
RYR2036;VIT;SVQ;BOEING 737-800 WINGLETS;Chubascos dispersos;14/04/18
IBE8661;VIT;MAH;BOMBARDIER CRJ-1000;Chubascos dispersos;14/04/18
IBB650;GMZ;TFN;ATR-72;Nubes altas;14/04/18
IBB652;GMZ;TFN;ATR-72;Nubes altas;14/04/18
IBE8529;PNA;MAD;BOMBARDIER CRJ-1000;Abertura de claros;14/04/18
IBE8525;PNA;MAD;CANADAIR CRJ-200;Abertura de claros;14/04/18
IBE8529;PNA;MAD;BOMBARDIER CRJ-1000;Abertura de claros;15/04/18
RYR6320;BCN;VLL;BOEING 737-800 WINGLETS;Lluvia;14/04/18
RYR2035;SVQ;VIT;BOEING 737-800 WINGLETS;Despejado;14/04/18
IBE8660;MAH;VIT;BOMBARDIER CRJ-1000;Lluvia moderada;14/04/18
RYR7235;ZAZ;BVA;BOEING 737-800 WINGLETS;Nubes altas;14/04/18
WZZ3192;ZAZ;OTP;AIRBUS A320;Nubes altas;14/04/18
AEA4032;ZAZ;PMI;EMBRAER ERJ-195;Nubes altas;14/04/18
WZZ3418;ZAZ;CLJ;AIRBUS A320;Nubes altas;14/04/18
RYR2635;ZAZ;STN;BOEING 737-800 WINGLETS;Nubes altas;14/04/18
IBE8524;MAD;PNA;CANADAIR CRJ-200;Nubosidad variable;14/04/18
IBE8526;MAD;PNA;BOMBARDIER CRJ-1000;Nubosidad variable;14/04/18
IBB651;TFN;GMZ;ATR-42/72;Nubosidad variable;14/04/18
IBB653;TFN;GMZ;ATR-42/72;Nubosidad variable;14/04/18
IBE2244;TFN;GMZ;ATR-72;Despejado;17/04/18
IBB656;VDE;TFN;ATR-72;Despejado;14/04/18
IBB660;VDE;TFN;ATR-42/72;Despejado;14/04/18
IBB366;VDE;LPA;ATR-72;Despejado;14/04/18
CNF248;VDE;TFN;ATR-72;Despejado;14/04/18
IBB674;VDE;TFN;ATR-72;Despejado;14/04/18
RYR2212;REU;EIN;BOEING 737-800 WINGLETS;Lluvia débil;14/04/18
RYR1115;REU;DUB;BOEING 737-800 WINGLETS;Lluvia débil;14/04/18
RYR1865;REU;SNN;BOEING 737-800 WINGLETS;Lluvia débil;14/04/18
RYR3843;REU;STN;BOEING 737-800 WINGLETS;Lluvia débil;14/04/18
EZY2208;REU;LTN;AIRBUS A319;Lluvia débil;14/04/18
RYR2829;REU;CRL;BOEING 737-800 WINGLETS;Lluvia débil;14/04/18
VLG2487;EAS;BCN;AIRBUS A319;Lluvia débil;14/04/18
IBE8327;EAS;MAD;ATR-72;Lluvia débil;14/04/18
IBE8319;EAS;MAD;ATR-72;Lluvia débil;14/04/18
IBE8329;EAS;MAD;ATR-72;Lluvia débil;14/04/18
VLG2489;EAS;BCN;AIRBUS A319;Lluvia débil;14/04/18
IBE8317;EAS;MAD;ATR-72;Lluvia débil;15/04/18
IBE8861;SDR;MAD;BOMBARDIER CRJ-1000;Nubosidad variable;14/04/18
RYR6385;SDR;BCN;BOEING 737-800 WINGLETS;Nubosidad variable;14/04/18
IBE0555;SDR;MAD;AIRBUS A319;Nubosidad variable;14/04/18
RYR4793;SDR;BGY;BOEING 737-800 WINGLETS;Nubosidad variable;14/04/18
RYR2594;SDR;AGP;BOEING 737-800 WINGLETS;Nubosidad variable;14/04/18
RYR2215;SDR;VLC;BOEING 737-800 WINGLETS;Nubosidad variable;14/04/18
IBE0557;SDR;MAD;AIRBUS A319;Nubosidad variable;14/04/18
RYR1573;SDR;SXF;BOEING 737-800 WINGLETS;Nubosidad variable;14/04/18
AEA7232;LCG;MAD;EMBRAER ERJ-195;Nubosidad variable;14/04/18
IBE0511;LCG;MAD;AIRBUS A319;Nubosidad variable;14/04/18
VLG1293;LCG;BCN;32A;Nubosidad variable;14/04/18
TAP1085;LCG;LIS;ATR-72;Nubosidad variable;14/04/18
VLG3971;LCG;PMI;32A;Nubosidad variable;14/04/18
AEA7234;LCG;MAD;EMBRAER ERJ-195;Nubosidad variable;14/04/18
IBE0513;LCG;MAD;AIRBUS A320;Nubosidad variable;14/04/18
AEA7236;LCG;MAD;EMBRAER ERJ-195;Nubosidad variable;14/04/18
AEA7311;VGO;MAD;EMBRAER ERJ-195;Nubosidad variable;14/04/18
VLG1703;VGO;BCN;BOEING 737-800 WINGLETS;Nubosidad variable;14/04/18
IBE0531;VGO;MAD;AIRBUS A319;Nubosidad variable;14/04/18
RYR7142;VGO;EDI;BOEING 737-800 WINGLETS;Nubosidad variable;14/04/18
AEA7315;VGO;MAD;EMBRAER ERJ-195;Nubosidad variable;14/04/18
IBE0533;VGO;MAD;AIRBUS A319;Nubosidad variable;14/04/18
EVE1124;VGO;ALC;AIRBUS A320;Nubosidad variable;14/04/18
TAP1141;VGO;LIS;ATR-72;Nubosidad variable;14/04/18
AEA7317;VGO;MAD;EMBRAER ERJ-195;Nubosidad variable;14/04/18
IBS3917;PMI;MAD;AIRBUS A320;Lluvia;14/04/18
VLG1225;PMI;LYS;AIRBUS A320;Lluvia;14/04/18
RYR6363;PMI;BCN;BOEING 737-800 WINGLETS;Lluvia;14/04/18
IBK6700;PMI;DUS;BOEING 737-800 WINGLETS;Lluvia;14/04/18
IBK6650;PMI;ARN;BOEING 737-800 WINGLETS;Lluvia;14/04/18
RYR8235;PMI;BRS;BOEING 737-800 WINGLETS;Lluvia;14/04/18
RYR716;PMI;BVA;BOEING 737-800 WINGLETS;Lluvia;14/04/18
AEA6006;PMI;BCN;BOEING 737-800 WINGLETS;Lluvia;14/04/18
VLG3915;PMI;BCN;AIRBUS A320;Lluvia;14/04/18
IBK6770;PMI;MAD;BOEING 737-800 WINGLETS;Lluvia;14/04/18
IBE8261;MLN;AGP;ATR-72;Nubosidad variable;14/04/18
IBE8789;MLN;MAD;ATR-72;Nubosidad variable;14/04/18
AEA5002;MLN;AGP;ATR-72;Nubosidad variable;14/04/18
IBE8273;MLN;AGP;ATR-72;Nubosidad variable;14/04/18
IBE8263;MLN;AGP;ATR-72;Nubosidad variable;14/04/18
IBE8269;MLN;AGP;ATR-72;Nubosidad variable;14/04/18
IBE8793;MLN;MAD;ATR-72;Nubosidad variable;14/04/18
IBE8271;MLN;AGP;ATR-72;Nubosidad variable;14/04/18
IBE8261;MLN;AGP;ATR-72;Nubosidad variable;15/04/18
AEA4033;PMI;ZAZ;EMBRAER ERJ-195;Lluvia;14/04/18
IBE0407;XRY;MAD;AIRBUS A320;Despejado;14/04/18
LGL688;XRY;LUX;BOEING 737-700 WINGLETS;Despejado;14/04/18
DE1723;XRY;MUC;AIRBUS A320;Despejado;14/04/18
DE1565;XRY;HAM;AIRBUS A320;Despejado;14/04/18
IBE0411;XRY;MAD;32A;Despejado;14/04/18
VLG2615;XRY;BIO;32A;Despejado;14/04/18
VLG2287;XRY;BCN;BOEING 737-800 WINGLETS;Despejado;14/04/18
IBE0405;XRY;MAD;AIRBUS A320;Despejado;14/04/18
RYR1284;XRY;BCN;BOEING 737-800 WINGLETS;Despejado;14/04/18
IBE0407;XRY;MAD;AIRBUS A320;Despejado;15/04/18
IBE8603;LEI;MAD;BOMBARDIER CRJ-1000;Despejado;14/04/18
LGL694;LEI;LUX;BOEING 737-800 WINGLETS;Despejado;14/04/18
JAF6944;LEI;BRU;EMBRAER 190;Despejado;14/04/18
IBE8595;LEI;MAD;CANADAIR CRJ-900;Despejado;14/04/18
EZY8164;LEI;LGW;32A;Despejado;14/04/18
VLG1252;LEI;BCN;32A;Despejado;14/04/18
IBE8577;LEI;MAD;CANADAIR CRJ-200;Despejado;14/04/18
IBE8601;LEI;MAD;BOMBARDIER CRJ-1000;Despejado;14/04/18
BAW421;LEI;LHR;AIRBUS A319;Despejado;14/04/18
TRA5644;LEI;RTM;BOEING 737-700 WINGLETS;Despejado;14/04/18
RYR7319;LEI;DUB;BOEING 737-800 WINGLETS;Despejado;14/04/18
IBB655;TFN;VDE;ATR-42/72;Nubosidad variable;14/04/18
IBB659;TFN;VDE;ATR-42/72;Nubosidad variable;14/04/18
IBB663;TFN;VDE;ATR-42/72;Nubosidad variable;14/04/18
IBB365;LPA;VDE;ATR-72;Abertura de claros;14/04/18
CNF247;TFN;VDE;ATR-42/72;Nubosidad variable;14/04/18
IBB673;TFN;VDE;ATR-42/72;Nubosidad variable;14/04/18
DLH1121;MAD;FRA;AIRBUS A321;Nubosidad variable;14/04/18
BEL3732;MAD;BRU;AIRBUS A320;Nubosidad variable;14/04/18
IBK6240;MAD;KEF;BOEING 737-800 WINGLETS;Nubosidad variable;14/04/18
AEA1159;MAD;LIS;EMBRAER ERJ-195;Nubosidad variable;14/04/18
RYR9674;MAD;CIA;BOEING 737-800 WINGLETS;Nubosidad variable;14/04/18
RYR5354;MAD;IBZ;BOEING 737-800 WINGLETS;Nubosidad variable;14/04/18
RYR5446;MAD;MRS;BOEING 737-800 WINGLETS;Nubosidad variable;14/04/18
RYR5444;MAD;BVA;BOEING 737-800 WINGLETS;Nubosidad variable;14/04/18
AEA4047;MAD;ALC;ATR-72;Nubosidad variable;14/04/18
RYR2031;MAD;LPA;BOEING 737-800 WINGLETS;Nubosidad variable;14/04/18
IBE3170;MAD;LHR;AIRBUS A320;Nubosidad variable;14/04/18
AEA1147;MAD;OPO;ATR-72;Nubosidad variable;14/04/18
VLG3447;MAD;IBZ;AIRBUS A320;Nubosidad variable;14/04/18
IBE8639;GRX;MAD;CANADAIR CRJ-900;Despejado;14/04/18
VLG2011;GRX;BCN;32B;Despejado;14/04/18
IBE8641;GRX;MAD;BOMBARDIER CRJ-1000;Despejado;14/04/18
VLG2021;GRX;BCN;AIRBUS A320;Despejado;14/04/18
AEA5200;GRX;PMI;EMBRAER ERJ-195;Despejado;14/04/18
IBE8645;GRX;MAD;BOMBARDIER CRJ-1000;Despejado;14/04/18
IBE8649;GRX;MAD;CANADAIR CRJ-900;Despejado;14/04/18
VLG2015;GRX;BCN;AIRBUS A320;Despejado;14/04/18
VLG8727;GRX;CDG;AIRBUS A320;Despejado;14/04/18
EZY8172;GRX;LGW;AIRBUS A319;Despejado;14/04/18
VLG2017;GRX;BCN;AIRBUS A321;Despejado;14/04/18
IBE8639;GRX;MAD;BOMBARDIER CRJ-1000;Despejado;15/04/18
JAF6902;MJV;ANR;EMBRAER 190;Nubes altas;14/04/18
RYR2155;MJV;BHX;BOEING 737-800 WINGLETS;Nubes altas;14/04/18
EZY8550;MJV;LGW;AIRBUS A319;Nubes altas;14/04/18
EZY6014;MJV;BRS;AIRBUS A319;Nubes altas;14/04/18
RYR1925;MJV;EMA;BOEING 737-800 WINGLETS;Nubes altas;14/04/18
RYR4117;MJV;MAN;BOEING 737-800 WINGLETS;Nubes altas;14/04/18
NAX1703;MJV;OSL;BOEING 737-800 WINGLETS;Nubes altas;14/04/18
RYR3453;MJV;LTN;BOEING 737-800 WINGLETS;Nubes altas;14/04/18
EZY7426;MJV;SEN;AIRBUS A319;Nubes altas;14/04/18
BAW449;MJV;LHR;32A;Nubes altas;14/04/18
RYR8027;MJV;STN;BOEING 737-800 WINGLETS;Nubes altas;14/04/18
EZY8554;MJV;LGW;AIRBUS A320;Nubes altas;14/04/18
RYR7095;MJV;DUB;BOEING 737-800 WINGLETS;Nubes altas;14/04/18
VLG1572;OVD;BCN;AIRBUS A320;Nubes altas;14/04/18
VOE3590;OVD;PMI;BOEING 717;Nubes altas;14/04/18
VLG1574;OVD;BCN;AIRBUS A320;Nubes altas;14/04/18
IBE0479;OVD;MAD;AIRBUS A320;Nubes altas;14/04/18
IBE0475;OVD;MAD;AIRBUS A320;Nubes altas;14/04/18
VLG3139;OVD;ACE;AIRBUS A320;Nubes altas;14/04/18
IBS3613;OVD;TFN;AIRBUS A320;Nubes altas;14/04/18
IBS3610;OVD;LHR;AIRBUS A320;Nubes altas;14/04/18
TAP1113;OVD;LIS;ATR-42/72;Nubes altas;14/04/18
VLG1572;OVD;BCN;AIRBUS A320;Nubes altas;15/04/18
VOE3584;OVD;ALC;BOEING 717;Nubes altas;15/04/18
IBS3981;OVD;MAD;AIRBUS A320;Nubes altas;15/04/18
AEA7161;MAD;BIO;EMBRAER ERJ-195;Nubosidad variable;14/04/18
VLG1420;BCN;BIO;32B;Lluvia;14/04/18
VLG2608;AGP;BIO;AIRBUS A320;Despejado;14/04/18
IBE8948;VLC;BIO;BOMBARDIER CRJ-1000;Nubosidad variable;14/04/18
IBE0448;MAD;BIO;AIRBUS A319;Nubosidad variable;14/04/18
VLG2505;SVQ;BIO;AIRBUS A320;Despejado;13/04/18
VLG1440;BCN;BIO;32A;Lluvia;14/04/18
AEA7506;PMI;BIO;EMBRAER ERJ-195;Lluvia;14/04/18
AEA2659;BCN;BIO;BOEING 737-800 WINGLETS;Lluvia;14/04/18
RYR6363;PMI;BCN;BOEING 737-800 WINGLETS;Lluvia;14/04/18
AEA6006;PMI;BCN;BOEING 737-800 WINGLETS;Lluvia;14/04/18
VLG3915;PMI;BCN;AIRBUS A320;Lluvia;14/04/18
VLG2486;BCN;EAS;AIRBUS A319;Lluvia;14/04/18
IBE8314;MAD;EAS;ATR-72;Nubosidad variable;14/04/18
IBE8316;MAD;EAS;ATR-72;Nubosidad variable;14/04/18
IBE8322;MAD;EAS;ATR-72;Nubosidad variable;14/04/18
VLG2488;BCN;EAS;AIRBUS A319;Lluvia;14/04/18
IBE8324;MAD;EAS;ATR-72;Nubosidad variable;14/04/18
VLG2486;BCN;EAS;AIRBUS A319;Lluvia;15/04/18
RYR6397;SVQ;BCN;BOEING 737-800 WINGLETS;Despejado;14/04/18
VLG3164;SVQ;FUE;AIRBUS A320;Despejado;14/04/18
RYR5201;SVQ;SXF;BOEING 737-800 WINGLETS;Despejado;14/04/18
VLG3941;SVQ;PMI;AIRBUS A320;Despejado;13/04/18
TAP1101;SVQ;LIS;ATR-42/72;Despejado;14/04/18
VLG3160;SVQ;ACE;AIRBUS A320;Despejado;14/04/18
RYR4471;SVQ;CPH;BOEING 737-800 WINGLETS;Despejado;14/04/18
IBE8841;SVQ;VLC;ATR-72;Despejado;14/04/18
VLG2505;SVQ;BIO;AIRBUS A320;Despejado;13/04/18
IBS3947;SVQ;MAD;AIRBUS A320;Despejado;14/04/18
TVF3101;SVQ;ORY;BOEING 737-800 WINGLETS;Despejado;14/04/18
VLG2211;SVQ;BCN;AIRBUS A320;Despejado;14/04/18
VLG2251;SVQ;BCN;32B;Despejado;14/04/18
VLG8830;SVQ;CDG;32A;Despejado;14/04/18
EZY8176;SVQ;LGW;AIRBUS A319;Despejado;14/04/18
RYR2408;ALC;FMM;BOEING 737-800 WINGLETS;Despejado;14/04/18
IBK5350;ALC;ARN;BOEING 737-800 WINGLETS;Despejado;14/04/18
VLG8253;ALC;ORY;AIRBUS A320;Despejado;14/04/18
RYR7522;ALC;EIN;BOEING 737-800 WINGLETS;Despejado;14/04/18
VLG3934;ALC;PMI;32A;Despejado;14/04/18
VLG1311;ALC;BCN;32A;Despejado;14/04/18
IBK5376;ALC;BLL;BOEING 737-800 WINGLETS;Despejado;14/04/18
RYR5598;ALC;HAU;BOEING 737-800 WINGLETS;Despejado;14/04/18
IBK5358;ALC;GOT;BOEING 737-800 WINGLETS;Despejado;14/04/18
RYR9066;ALC;BLL;BOEING 737-800 WINGLETS;Despejado;14/04/18
EXS1412;ALC;STN;BOEING 737-800;Despejado;14/04/18
IBK5320;ALC;OSL;BOEING 737-800 WINGLETS;Despejado;14/04/18
RYR2714;ALC;LGW;BOEING 737-800 WINGLETS;Despejado;14/04/18
RYR4079;ALC;NCL;BOEING 737-800 WINGLETS;Despejado;14/04/18
VLG1303;ALC;BCN;AIRBUS A320;Despejado;14/04/18
EZS1426;ALC;GVA;AIRBUS A319;Despejado;14/04/18
AEA4025;ALC;PMI;ATR-72;Despejado;14/04/18
RYR8136;BCN;IBZ;BOEING 737-800 WINGLETS;Lluvia;14/04/18
VLG3540;BCN;IBZ;32A;Lluvia;14/04/18
RYR5354;MAD;IBZ;BOEING 737-800 WINGLETS;Nubosidad variable;14/04/18
VLG3447;MAD;IBZ;AIRBUS A320;Nubosidad variable;14/04/18
IBE8104;PMI;IBZ;BOMBARDIER CRJ-1000;Despejado;17/04/18
IBE8676;BCN;IBZ;BOMBARDIER CRJ-1000;Despejado;17/04/18
AEA1702;PMI;IBZ;ATR-72;Lluvia;14/04/18
VLG3215;TFN;BCN;32B;Nubosidad variable;14/04/18
IBS3945;TFN;MAD;AIRBUS A320;Nubosidad variable;14/04/18
IBB452;TFN;ACE;ATR-42/72;Nubosidad variable;14/04/18
IBB414;TFN;FUE;ATR-42/72;Nubosidad variable;14/04/18
IBK6378;TFN;MAD;BOEING 737-800 WINGLETS;Nubosidad variable;14/04/18
AEA9045;TFN;MAD;BOEING 737-800 WINGLETS;Nubosidad variable;14/04/18
IBB605;TFN;SPC;ATR-42/72;Nubosidad variable;14/04/18
CNF412;TFN;SPC;ATR-72;Nubosidad variable;14/04/18
IBB655;TFN;VDE;ATR-42/72;Nubosidad variable;14/04/18
AEA9404;TFN;LPA;ATR-72;Nubosidad variable;14/04/18
CNF612;TFN;LPA;ATR-42/72;Nubosidad variable;14/04/18
IBB102;TFN;LPA;BOMBARDIER CRJ-1000;Nubosidad variable;14/04/18
IBB607;TFN;SPC;ATR-42/72;Nubosidad variable;14/04/18
AEA9461;TFN;SPC;ATR-72;Nubosidad variable;14/04/18
IBB108;TFN;LPA;BOMBARDIER CRJ-1000;Nubosidad variable;14/04/18
IBB611;TFN;SPC;ATR-42/72;Nubosidad variable;14/04/18
AEA5001;AGP;MLN;ATR-72;Despejado;14/04/18
IBE8262;AGP;MLN;ATR-72;Despejado;14/04/18
IBE8792;MAD;MLN;ATR-72;Nubosidad variable;14/04/18
IBE8268;AGP;MLN;ATR-72;Despejado;14/04/18
IBE8264;AGP;MLN;ATR-72;Despejado;14/04/18
IBE8270;AGP;MLN;ATR-72;Despejado;14/04/18
IBE8798;MAD;MLN;ATR-72;Nubosidad variable;14/04/18
IBE8272;AGP;MLN;ATR-72;Despejado;14/04/18
IBK5108;AGP;HAM;BOEING 737-800 WINGLETS;Despejado;14/04/18
AEA1039;AGP;CDG;BOEING 737-800 WINGLETS;Despejado;14/04/18
IBK5140;AGP;WAW;BOEING 737-800 WINGLETS;Despejado;14/04/18
RYR2044;AGP;DTM;BOEING 737-800 WINGLETS;Despejado;14/04/18
RYR2588;AGP;KRK;BOEING 737-800 WINGLETS;Despejado;14/04/18
RYR9893;AGP;LPL;BOEING 737-800 WINGLETS;Despejado;14/04/18
VLG2985;AGP;NTE;AIRBUS A320;Despejado;14/04/18
TAP1137;AGP;LIS;ATR-42/72;Despejado;14/04/18
RYR5945;AGP;BOH;BOEING 737-800 WINGLETS;Despejado;14/04/18
VLG2608;AGP;BIO;AIRBUS A320;Despejado;14/04/18
RYR2531;AGP;BLL;BOEING 737-800 WINGLETS;Despejado;14/04/18
VLG2150;AGP;BRU;AIRBUS A320;Despejado;14/04/18
RYR5158;AGP;NCL;BOEING 737-800 WINGLETS;Despejado;14/04/18
IBK5020;AGP;OSL;BOEING 737-800 WINGLETS;Despejado;14/04/18
RYR6384;BCN;SDR;BOEING 737-800 WINGLETS;Lluvia;14/04/18
IBE0554;MAD;SDR;AIRBUS A319;Nubosidad variable;14/04/18
RYR2593;AGP;SDR;BOEING 737-800 WINGLETS;Despejado;14/04/18
RYR2214;VLC;SDR;BOEING 737-800 WINGLETS;Nubosidad variable;14/04/18
IBE0556;MAD;SDR;AIRBUS A319;Nubosidad variable;14/04/18
IBB500;LPA;ACE;BOMBARDIER CRJ-1000;Abertura de claros;14/04/18
IBB452;TFN;ACE;ATR-42/72;Nubosidad variable;14/04/18
CNF703;LPA;ACE;ATR-72;Abertura de claros;14/04/18
VLG3160;SVQ;ACE;AIRBUS A320;Despejado;14/04/18
VLG3280;BIO;ACE;AIRBUS A320;Chubascos dispersos;14/04/18
IBB506;LPA;ACE;ATR-72;Abertura de claros;14/04/18
AEA9073;MAD;ACE;BOEING 737-800 WINGLETS;Nubosidad variable;14/04/18
AEA9447;LPA;ACE;ATR-72;Abertura de claros;14/04/18
VLG2480;BCN;ACE;AIRBUS A320;Lluvia;14/04/18
IBS3895;SCQ;MAD;32A;Nubosidad variable;14/04/18
RYR5316;SCQ;MAD;BOEING 737-800 WINGLETS;Nubosidad variable;14/04/18
RYR6333;SCQ;BCN;BOEING 737-800 WINGLETS;Nubosidad variable;14/04/18
IBS3877;SCQ;MAD;AIRBUS A320;Nubosidad variable;14/04/18
EZS1338;SCQ;GVA;AIRBUS A320;Nubosidad variable;14/04/18
VLG1671;SCQ;BCN;32A;Nubosidad variable;14/04/18
EZY8590;SCQ;LGW;AIRBUS A319;Nubosidad variable;14/04/18
IBE8204;SCQ;TFN;CANADAIR CRJ-900;Nubosidad variable;14/04/18
IBS9517;SCQ;PMI;AIRBUS A320;Nubosidad variable;14/04/18
RYR724;SCQ;PMI;BOEING 737-800 WINGLETS;Nubosidad variable;14/04/18
IBE8679;SCQ;IBZ;BOMBARDIER CRJ-1000;Nubosidad variable;14/04/18
AEA7116;SCQ;ACE;BOEING 737-800 WINGLETS;Nubosidad variable;14/04/18
VLG7515;SCQ;ZRH;AIRBUS A320;Nubosidad variable;14/04/18
EZY2682;SCQ;MXP;AIRBUS A319;Nubosidad variable;14/04/18
IBS3875;SCQ;MAD;AIRBUS A320;Nubosidad variable;14/04/18
SWR2553;SCQ;ZRH;AIRBUS A320;Nubosidad variable;14/04/18
RYR2574;SCQ;AGP;BOEING 737-800 WINGLETS;Nubosidad variable;14/04/18
RYR4478;SCQ;HHN;BOEING 737-800 WINGLETS;Nubosidad variable;14/04/18
DLH1111;SCQ;FRA;AIRBUS A320;Nubosidad variable;14/04/18
RYR4632;VLC;BGY;BOEING 737-800 WINGLETS;Nubosidad variable;14/04/18
RYR2256;VLC;CGN;BOEING 737-800 WINGLETS;Nubosidad variable;14/04/18
DLH1165;VLC;FRA;AIRBUS A321;Nubosidad variable;14/04/18
RYR9678;VLC;CIA;BOEING 737-800 WINGLETS;Nubosidad variable;14/04/18
IBE8636;VLC;PMI;CANADAIR CRJ-900;Nubosidad variable;14/04/18
IBE8840;VLC;SVQ;ATR-72;Nubosidad variable;14/04/18
IBE8948;VLC;BIO;BOMBARDIER CRJ-1000;Nubosidad variable;14/04/18
VLG6244;VLC;FCO;AIRBUS A320;Nubosidad variable;14/04/18
RYR2218;VLC;HAM;BOEING 737-800 WINGLETS;Nubosidad variable;14/04/18
AEA4004;VLC;PMI;EMBRAER ERJ-195;Nubosidad variable;14/04/18
WZZ3412;VLC;CLJ;32A;Nubosidad variable;14/04/18
WZZ4410;VLC;SOF;AIRBUS A320;Nubosidad variable;14/04/18
RYR8603;VLC;NRN;BOEING 737-800 WINGLETS;Nubosidad variable;14/04/18
SWR2141;VLC;ZRH;AIRBUS A320;Nubosidad variable;14/04/18
WZZ3186;VLC;OTP;AIRBUS A320;Nubosidad variable;14/04/18
IBE8993;VLC;MAD;BOMBARDIER CRJ-1000;Nubosidad variable;14/04/18
QTR6972;VLC;MAD;BOMBARDIER CRJ-1000;Nubosidad variable;14/04/18
RYR7218;VLC;MLA;BOEING 737-800 WINGLETS;Nubosidad variable;14/04/18
RYR2986;VLC;BRU;BOEING 737-800 WINGLETS;Nubosidad variable;14/04/18
TRA5106;VLC;EIN;BOEING 737-800 WINGLETS;Nubosidad variable;14/04/18
IBE8098;VLC;TFN;BOMBARDIER CRJ-1000;Nubosidad variable;14/04/18
RYR654;TFS;PIK;BOEING 737-800 WINGLETS;Nubosidad variable;14/04/18
RYR4067;TFS;SXF;BOEING 737-800 WINGLETS;Nubosidad variable;14/04/18
RYR1038;TFS;FMM;BOEING 737-800 WINGLETS;Nubosidad variable;14/04/18
RYR2493;TFS;LBA;BOEING 737-800 WINGLETS;Nubosidad variable;14/04/18
TOM1609;TFS;ABZ;BOEING 737-800 WINGLETS;Nubosidad variable;14/04/18
IBK6472;TFS;CPH;BOEING 737-800 WINGLETS;Nubosidad variable;14/04/18
TVF1151;TFS;ORY;BOEING 737-800 WINGLETS;Nubosidad variable;14/04/18
IBK6410;TFS;EDI;BOEING 737-800 WINGLETS;Nubosidad variable;14/04/18
IBK6512;TFS;MUC;BOEING 737-800 WINGLETS;Nubosidad variable;14/04/18
EDW215;TFS;ZRH;AIRBUS A320;Nubosidad variable;14/04/18
JAF6114;TFS;BRU;7M8;Nubosidad variable;14/04/18
TUI2197;TFS;MUC;BOEING 737-800 WINGLETS;Nubosidad variable;14/04/18
IBB152;TFS;LPA;ATR-72;Nubosidad variable;14/04/18
IBE2233;TFS;LPA;ATR-72;Nubosidad variable;14/04/18
RYR4754;TFS;BRS;BOEING 737-800 WINGLETS;Nubosidad variable;14/04/18
VLG3221;TFS;BCN;AIRBUS A320;Nubosidad variable;14/04/18
VLG3135;TFS;ORY;32B;Nubosidad variable;14/04/18
RYR8167;TFS;STN;BOEING 737-800 WINGLETS;Nubosidad variable;14/04/18
RYR1589;TFS;FRA;BOEING 737-800 WINGLETS;Nubosidad variable;14/04/18
EXS756;TFS;MAN;BOEING 737-800 WINGLETS;Nubosidad variable;14/04/18
RYR9123;GRO;EIN;BOEING 737-800 WINGLETS;Lluvia;14/04/18
RYR3213;GRO;MAN;BOEING 737-800 WINGLETS;Lluvia;14/04/18
RYR2344;GRO;NCL;BOEING 737-800 WINGLETS;Lluvia;14/04/18
RYR9803;GRO;STN;BOEING 737-800 WINGLETS;Lluvia;14/04/18
RYR4125;GRO;HHN;BOEING 737-800 WINGLETS;Lluvia;14/04/18
RYR6391;GRO;NRN;BOEING 737-800 WINGLETS;Lluvia;14/04/18
RYR9241;GRO;PSA;BOEING 737-800 WINGLETS;Lluvia;14/04/18
RYR9107;GRO;BVA;BOEING 737-800 WINGLETS;Lluvia;14/04/18
RYR6901;GRO;CRL;BOEING 737-800 WINGLETS;Lluvia;14/04/18
RYR9012;GRO;MLA;BOEING 737-800 WINGLETS;Lluvia;14/04/18
RYR6911;GRO;MST;BOEING 737-800 WINGLETS;Lluvia;14/04/18
RYR9375;GRO;TLL;BOEING 737-800 WINGLETS;Lluvia;14/04/18
RYR9002;GRO;BLL;BOEING 737-800 WINGLETS;Lluvia;14/04/18
RYR9307;GRO;PIK;BOEING 737-800 WINGLETS;Lluvia;14/04/18
RYR6393;GRO;NRN;BOEING 737-800 WINGLETS;Lluvia;14/04/18
RYR3653;GRO;BRE;BOEING 737-800 WINGLETS;Lluvia;14/04/18
RYR9911;GRO;BOH;BOEING 737-800 WINGLETS;Lluvia;14/04/18
RYR9123;GRO;EIN;BOEING 737-800 WINGLETS;Lluvia;15/04/18
RYR7083;GRO;OMR;BOEING 737-800 WINGLETS;Lluvia;15/04/18
RYR9555;GRO;FMM;BOEING 737-800 WINGLETS;Lluvia;15/04/18
RYR6901;GRO;CRL;BOEING 737-800 WINGLETS;Lluvia;15/04/18
AEA7308;MAD;VGO;EMBRAER ERJ-195;Nubosidad variable;14/04/18
VLG1702;BCN;VGO;BOEING 737-800 WINGLETS;Lluvia;14/04/18
IBE0530;MAD;VGO;AIRBUS A319;Nubosidad variable;14/04/18
AEA7302;MAD;VGO;EMBRAER ERJ-195;Nubosidad variable;14/04/18
IBE0532;MAD;VGO;AIRBUS A319;Nubosidad variable;14/04/18
EVE1123;ALC;VGO;32A;Despejado;14/04/18
AEA7300;MAD;VGO;EMBRAER ERJ-195;Nubosidad variable;14/04/18
IBE8594;MAD;LEI;CANADAIR CRJ-900;Nubosidad variable;14/04/18
VLG1251;BCN;LEI;32A;Lluvia;14/04/18
IBE8598;MAD;LEI;CANADAIR CRJ-200;Nubosidad variable;14/04/18
IBE8592;MAD;LEI;BOMBARDIER CRJ-1000;Nubosidad variable;14/04/18
IBE8481;MAH;PMI;BOMBARDIER CRJ-1000;Lluvia moderada;14/04/18
IBE8951;MAH;MAD;CANADAIR CRJ-900;Lluvia moderada;14/04/18
AAL8615;MAH;MAD;CANADAIR CRJ-900;Lluvia moderada;14/04/18
IBE8495;MAH;PMI;ATR-42/72;Lluvia moderada;14/04/18
VLG3713;MAH;BCN;32A;Lluvia moderada;14/04/18
IBE8483;MAH;PMI;BOMBARDIER CRJ-1000;Lluvia moderada;14/04/18
VLG3715;MAH;BCN;AIRBUS A320;Lluvia moderada;14/04/18
IBE8660;MAH;VIT;BOMBARDIER CRJ-1000;Lluvia moderada;14/04/18
VLG1341;MAH;ALC;32A;Lluvia moderada;14/04/18
AEA4532;MAH;PMI;ATR-72;Lluvia moderada;14/04/18
VLG2433;MAH;SVQ;AIRBUS A320;Lluvia moderada;14/04/18
IBE8499;MAH;PMI;ATR-42/72;Lluvia moderada;14/04/18
EZY8304;MAH;LGW;AIRBUS A319;Lluvia moderada;14/04/18
AEA4530;MAH;PMI;ATR-72;Lluvia moderada;14/04/18
IBE8493;MAH;PMI;BOMBARDIER CRJ-1000;Lluvia moderada;14/04/18
RYR6882;MAH;BCN;BOEING 737-800 WINGLETS;Lluvia moderada;14/04/18
VLG3709;MAH;BCN;AIRBUS A320;Lluvia moderada;14/04/18
VLG2010;BCN;GRX;32B;Lluvia;14/04/18
IBE8640;MAD;GRX;BOMBARDIER CRJ-1000;Nubosidad variable;14/04/18
VLG2020;BCN;GRX;AIRBUS A320;Lluvia;14/04/18
AEA5201;PMI;GRX;EMBRAER ERJ-195;Lluvia;14/04/18
IBE8646;MAD;GRX;BOMBARDIER CRJ-1000;Nubosidad variable;14/04/18
IBE8642;MAD;GRX;CANADAIR CRJ-900;Nubosidad variable;14/04/18
VLG2014;BCN;GRX;AIRBUS A320;Lluvia;14/04/18
VLG2016;BCN;GRX;32B;Lluvia;14/04/18
IBE8648;MAD;GRX;BOMBARDIER CRJ-1000;Nubosidad variable;14/04/18
IBB604;SPC;TFN;ATR-42/72;Abertura de claros;14/04/18
IBE2282;SPC;TFN;ATR-42/72;Abertura de claros;14/04/18
IBB304;SPC;LPA;ATR-72;Abertura de claros;14/04/18
CNF413;SPC;TFN;ATR-72;Abertura de claros;14/04/18
IBB608;SPC;TFN;ATR-42/72;Abertura de claros;14/04/18
AEA9462;SPC;TFN;ATR-72;Abertura de claros;14/04/18
IBB612;SPC;TFN;ATR-72;Abertura de claros;14/04/18
CNF419;SPC;TFN;ATR-72;Abertura de claros;14/04/18
IBB610;SPC;TFN;ATR-42/72;Abertura de claros;14/04/18
EZY8712;SPC;LGW;AIRBUS A320;Abertura de claros;14/04/18
AEA9464;SPC;TFN;ATR-72;Abertura de claros;14/04/18
IBB620;SPC;TFN;ATR-72;Abertura de claros;14/04/18
EWG9545;SPC;DUS;32A;Abertura de claros;14/04/18
GMI3953;SPC;HAM;AIRBUS A319;Abertura de claros;14/04/18
EWG7529;SPC;HAM;32A;Abertura de claros;14/04/18
IBB622;SPC;TFN;ATR-42/72;Abertura de claros;14/04/18
IBS3843;SPC;MAD;AIRBUS A320;Abertura de claros;14/04/18
CNF453;SPC;TFN;ATR-72;Abertura de claros;14/04/18
IBB632;SPC;TFN;ATR-42/72;Abertura de claros;14/04/18
IBE7265;SPC;TFN;ATR-42/72;Abertura de claros;14/04/18
AEA9466;SPC;TFN;ATR-72;Abertura de claros;14/04/18
VLG3249;SPC;BCN;AIRBUS A320;Abertura de claros;14/04/18
IBS3835;LPA;MAD;AIRBUS A321;Abertura de claros;14/04/18
RYR4504;LPA;KRK;BOEING 737-800 WINGLETS;Abertura de claros;14/04/18
RYR2565;LPA;HAM;BOEING 737-800 WINGLETS;Abertura de claros;14/04/18
RYR3163;LPA;EMA;BOEING 737-800 WINGLETS;Abertura de claros;14/04/18
VLG3186;LPA;NTE;AIRBUS A320;Abertura de claros;14/04/18
AEA9403;LPA;TFN;ATR-72;Abertura de claros;14/04/18
AEA9431;LPA;FUE;ATR-72;Abertura de claros;14/04/18
VLG3001;LPA;BCN;AIRBUS A321;Abertura de claros;14/04/18
AEA9018;LPA;MAD;BOEING 737-800 WINGLETS;Abertura de claros;14/04/18
RYR3802;LPA;LPL;BOEING 737-800 WINGLETS;Abertura de claros;14/04/18
IBB500;LPA;ACE;BOMBARDIER CRJ-1000;Abertura de claros;14/04/18
IBB200;LPA;FUE;ATR-72;Abertura de claros;14/04/18
DK1507;LPA;SVG;32B;Abertura de claros;14/04/18
IBK5800;LPA;BCN;BOEING 737-800 WINGLETS;Abertura de claros;14/04/18
IBB309;LPA;SPC;ATR-72;Abertura de claros;14/04/18
VLG1292;BCN;LCG;32A;Lluvia;14/04/18
AEA7233;MAD;LCG;EMBRAER ERJ-195;Nubosidad variable;14/04/18
IBE0512;MAD;LCG;AIRBUS A320;Nubosidad variable;14/04/18
AEA7235;MAD;LCG;EMBRAER ERJ-195;Nubosidad variable;14/04/18
VLG3970;PMI;LCG;32A;Lluvia;14/04/18
AEA7237;MAD;LCG;EMBRAER ERJ-195;Nubosidad variable;14/04/18
IBE8999;VLC;MAD;BOMBARDIER CRJ-1000;Nubosidad variable;14/04/18
IBE8397;ALC;MAD;BOMBARDIER CRJ-1000;Despejado;17/04/18
IBE8529;PNA;MAD;BOMBARDIER CRJ-1000;Abertura de claros;14/04/18
AEA7232;LCG;MAD;EMBRAER ERJ-195;Nubosidad variable;14/04/18
VLG1573;BCN;OVD;AIRBUS A320;Lluvia;14/04/18
IBE0488;MAD;OVD;AIRBUS A320;Nubosidad variable;14/04/18
VLG1579;BCN;OVD;AIRBUS A320;Lluvia;14/04/18
VOE3591;PMI;OVD;BOEING 717;Lluvia;14/04/18
IBS3612;TFN;OVD;AIRBUS A320;Nubosidad variable;14/04/18
IBS3980;MAD;OVD;AIRBUS A320;Nubosidad variable;14/04/18
IBE0480;MAD;OVD;32A;Nubosidad variable;14/04/18
VLG3138;ACE;OVD;AIRBUS A320;Nubosidad variable;14/04/18
IBB203;FUE;LPA;ATR-72;Nubosidad variable;14/04/18
AEA9432;FUE;LPA;ATR-72;Nubosidad variable;14/04/18
IBB415;FUE;TFN;ATR-42/72;Nubosidad variable;14/04/18
VLG3165;FUE;SVQ;AIRBUS A320;Nubosidad variable;14/04/18
VLG1641;FUE;SCQ;AIRBUS A320;Nubosidad variable;14/04/18
TUI2279;FUE;CGN;7S8;Nubosidad variable;14/04/18
TUI2863;FUE;BSL;BOEING 737-800 WINGLETS;Nubosidad variable;14/04/18
IBB237;FUE;LPA;ATR-42/72;Nubosidad variable;14/04/18
OLY627;FUE;STR;AIRBUS A321;Nubosidad variable;14/04/18
CNF804;FUE;LPA;ATR-72;Nubosidad variable;14/04/18
IBB209;FUE;LPA;ATR-72;Nubosidad variable;14/04/18
TUI2117;FUE;DUS;BOEING 737-700;Nubosidad variable;14/04/18
TUI2873;FUE;TXL;BOEING 737-700 WINGLETS;Nubosidad variable;14/04/18
RYR1102;FUE;SXF;BOEING 737-800 WINGLETS;Nubosidad variable;14/04/18
VLG3197;FUE;CDG;AIRBUS A320;Nubosidad variable;14/04/18
TUI2353;FUE;HAM;BOEING 737-800 WINGLETS;Nubosidad variable;14/04/18
IBB211;FUE;LPA;ATR-72;Nubosidad variable;14/04/18
RYR8183;FUE;STN;BOEING 737-800 WINGLETS;Nubosidad variable;14/04/18
IBB423;FUE;TFN;ATR-42/72;Nubosidad variable;14/04/18
VLG3928;BCN;PMI;32A;Lluvia;14/04/18
ANE8636;VLC;PMI;CANADAIR CRJ-900;Despejado;17/04/18
VLG3902;BCN;PMI;32B;Lluvia;14/04/18
ANE8481;MAH;PMI;BOMBARDIER CRJ-1000;Despejado;17/04/18
ANE8101;IBZ;PMI;BOMBARDIER CRJ-1000;Despejado;17/04/18
VLG3934;ALC;PMI;32A;Despejado;14/04/18
IBS3866;MAD;AGP;AIRBUS A320;Nubosidad variable;14/04/18
AEA5035;MAD;AGP;ATR-72;Nubosidad variable;14/04/18
IBE8261;MLN;AGP;ATR-72;Nubosidad variable;14/04/18
VLG2115;BCN;AGP;32B;Lluvia;14/04/18
VLG1302;BCN;ALC;AIRBUS A320;Lluvia;14/04/18
AEA4047;MAD;ALC;ATR-72;Nubosidad variable;14/04/18
ANE8390;MAD;ALC;BOMBARDIER CRJ-1000;Despejado;17/04/18
AEA9403;LPA;TFN;ATR-72;Abertura de claros;14/04/18
IBB107;LPA;TFN;BOMBARDIER CRJ-1000;Abertura de claros;14/04/18
IBB604;SPC;TFN;ATR-42/72;Abertura de claros;14/04/18
AEA9059;MAD;TFN;BOEING 737-800 WINGLETS;Nubosidad variable;14/04/18
IBB606;SPC;TFN;ATR-42/72;Abertura de claros;14/04/18
RYR3063;BCN;TFN;BOEING 737-800 WINGLETS;Lluvia;14/04/18
RYR5278;MAD;TFN;BOEING 737-800 WINGLETS;Nubosidad variable;14/04/18
IBB453;ACE;TFN;ATR-42/72;Nubosidad variable;14/04/18
IBB415;FUE;TFN;ATR-42/72;Nubosidad variable;14/04/18
CNF413;SPC;TFN;ATR-72;Abertura de claros;14/04/18
IBB608;SPC;TFN;ATR-42/72;Abertura de claros;14/04/18
IBB119;LPA;TFN;BOMBARDIER CRJ-1000;Abertura de claros;14/04/18
IBB656;VDE;TFN;ATR-72;Despejado;14/04/18
VLG3260;BIO;TFN;32A;Chubascos dispersos;14/04/18
AEA9415;LPA;TFN;ATR-72;Abertura de claros;14/04/18
AEA9462;SPC;TFN;ATR-72;Abertura de claros;14/04/18
IBK5756;BCN;TFN;BOEING 737-800 WINGLETS;Lluvia;14/04/18
IBB612;SPC;TFN;ATR-72;Abertura de claros;14/04/18
IBS3942;MAD;TFN;32A;Nubosidad variable;14/04/18
IBB650;GMZ;TFN;ATR-72;Nubes altas;14/04/18
CNF419;SPC;TFN;ATR-72;Abertura de claros;14/04/18
IBB109;LPA;TFN;ATR-72;Abertura de claros;14/04/18
RYR6332;BCN;SCQ;BOEING 737-800 WINGLETS;Lluvia;14/04/18
IBS3876;MAD;SCQ;AIRBUS A320;Nubosidad variable;14/04/18
VLG1670;BCN;SCQ;32A;Lluvia;14/04/18
IBS9508;PMI;SCQ;AIRBUS A320;Lluvia;14/04/18
RYR5315;MAD;SCQ;BOEING 737-800 WINGLETS;Nubosidad variable;14/04/18
IBE8366;PMI;SCQ;CANADAIR CRJ-900;Despejado;17/04/18
AEA7136;LPA;SCQ;BOEING 737-800 WINGLETS;Abertura de claros;14/04/18
IBE8678;IBZ;SCQ;BOMBARDIER CRJ-1000;Lluvia débil;14/04/18
VLG1641;FUE;SCQ;AIRBUS A320;Nubosidad variable;14/04/18
IBS3874;MAD;SCQ;AIRBUS A320;Nubosidad variable;14/04/18
RYR2573;AGP;SCQ;BOEING 737-800 WINGLETS;Despejado;14/04/18
RYR723;PMI;SCQ;BOEING 737-800 WINGLETS;Lluvia;14/04/18
IBS3878;MAD;SCQ;AIRBUS A320;Nubosidad variable;14/04/18
VLG3220;BCN;TFS;AIRBUS A320;Lluvia;14/04/18
IBB123;LPA;TFS;ATR-72;Abertura de claros;14/04/18
IBE8494;PMI;MAH;ATR-42/72;Despejado;17/04/18
VLG3712;BCN;MAH;32A;Lluvia;14/04/18
IBE8480;PMI;MAH;BOMBARDIER CRJ-1000;Despejado;17/04/18
VLG3714;BCN;MAH;AIRBUS A320;Lluvia;14/04/18
IBE8482;PMI;MAH;BOMBARDIER CRJ-1000;Despejado;17/04/18
VLG1340;ALC;MAH;32A;Despejado;14/04/18
AEA4537;PMI;MAH;ATR-72;Lluvia;14/04/18
VLG2432;SVQ;MAH;AIRBUS A320;Despejado;14/04/18
IBE8498;PMI;MAH;ATR-42/72;Despejado;17/04/18
IBE8661;VIT;MAH;BOMBARDIER CRJ-1000;Chubascos dispersos;14/04/18
AEA4531;PMI;MAH;ATR-72;Lluvia;14/04/18
RYR6881;BCN;MAH;BOEING 737-800 WINGLETS;Lluvia;14/04/18
VLG3716;BCN;MAH;AIRBUS A320;Lluvia;14/04/18
VLG3700;BCN;MAH;AIRBUS A320;Lluvia;14/04/18
AEA4063;MAD;VLC;ATR-72;Nubosidad variable;14/04/18
AEA4005;PMI;VLC;EMBRAER ERJ-195;Lluvia;14/04/18
IBE8986;MAD;VLC;BOMBARDIER CRJ-1000;Nubosidad variable;14/04/18
AAL8555;MAD;VLC;BOMBARDIER CRJ-1000;Nubosidad variable;14/04/18
IBE8036;MAD;VLC;BOMBARDIER CRJ-1000;Nubosidad variable;14/04/18
IBE8841;SVQ;VLC;ATR-72;Despejado;14/04/18
IBB102;TFN;LPA;BOMBARDIER CRJ-1000;Nubosidad variable;14/04/18
CNF612;TFN;LPA;ATR-42/72;Nubosidad variable;14/04/18
AEA9404;TFN;LPA;ATR-72;Nubosidad variable;14/04/18
IBB203;FUE;LPA;ATR-72;Nubosidad variable;14/04/18
AEA9432;FUE;LPA;ATR-72;Nubosidad variable;14/04/18
RYR2031;MAD;LPA;BOEING 737-800 WINGLETS;Nubosidad variable;14/04/18
AEA9156;MAD;LPA;BOEING 787-8;Nubosidad variable;14/04/18
IBB501;ACE;LPA;ATR-72;Nubosidad variable;14/04/18
CNF704;ACE;LPA;ATR-42/72;Nubosidad variable;14/04/18
IBB108;TFN;LPA;BOMBARDIER CRJ-1000;Nubosidad variable;14/04/18
IBB304;SPC;LPA;ATR-72;Abertura de claros;14/04/18
IBB237;FUE;LPA;ATR-42/72;Nubosidad variable;14/04/18
AEA9431;LPA;FUE;ATR-72;Abertura de claros;14/04/18
IBB200;LPA;FUE;ATR-72;Abertura de claros;14/04/18
VLG1640;SCQ;FUE;AIRBUS A320;Nubosidad variable;14/04/18
VLG3164;SVQ;FUE;AIRBUS A320;Despejado;14/04/18
IBB414;TFN;FUE;ATR-42/72;Nubosidad variable;14/04/18
CNF803;LPA;FUE;ATR-72;Abertura de claros;14/04/18
IBB236;LPA;FUE;ATR-72;Abertura de claros;14/04/18
IBB208;LPA;FUE;ATR-72;Abertura de claros;14/04/18
IBB210;LPA;FUE;ATR-72;Abertura de claros;14/04/18
IBS3900;MAD;FUE;AIRBUS A320;Nubosidad variable;14/04/18
IBB422;TFN;FUE;ATR-42/72;Nubosidad variable;14/04/18
VLG2506;SVQ;BIO;AIRBUS A320;Despejado;13/04/18
IBE8840;VLC;SVQ;ATR-72;Nubosidad variable;14/04/18
IBS3954;MAD;SVQ;AIRBUS A320;Nubosidad variable;14/04/18
VLG2212;BCN;SVQ;AIRBUS A320;Lluvia;14/04/18
VLG2216;BCN;SVQ;32B;Lluvia;14/04/18
RYR6396;BCN;SVQ;BOEING 737-800 WINGLETS;Lluvia;14/04/18
VLG3940;SVQ;PMI;AIRBUS A320;Despejado;13/04/18
VLG3165;FUE;SVQ;AIRBUS A320;Nubosidad variable;14/04/18
VLG3161;ACE;SVQ;AIRBUS A320;Nubosidad variable;14/04/18
IBS3950;MAD;SVQ;AIRBUS A320;Nubosidad variable;14/04/18
RYR5273;PMI;SVQ;BOEING 737-800 WINGLETS;Lluvia;14/04/18
RYR2036;VIT;SVQ;BOEING 737-800 WINGLETS;Chubascos dispersos;14/04/18
VLG2210;BCN;SVQ;AIRBUS A320;Lluvia;14/04/18
IBB605;TFN;SPC;ATR-42/72;Nubosidad variable;14/04/18
IBB309;LPA;SPC;ATR-72;Abertura de claros;14/04/18
CNF412;TFN;SPC;ATR-72;Nubosidad variable;14/04/18
IBB607;TFN;SPC;ATR-42/72;Nubosidad variable;14/04/18
AEA9461;TFN;SPC;ATR-72;Nubosidad variable;14/04/18
IBB611;TFN;SPC;ATR-42/72;Nubosidad variable;14/04/18
CNF418;TFN;SPC;ATR-72;Nubosidad variable;14/04/18
IBB609;TFN;SPC;ATR-42/72;Nubosidad variable;14/04/18
AEA9463;TFN;SPC;ATR-72;Nubosidad variable;14/04/18
IBB619;TFN;SPC;ATR-72;Nubosidad variable;14/04/18
IBB621;TFN;SPC;ATR-42/72;Nubosidad variable;14/04/18
IBS3842;MAD;SPC;AIRBUS A320;Nubosidad variable;14/04/18
CNF452;TFN;SPC;ATR-72;Nubosidad variable;14/04/18
IBB631;TFN;SPC;ATR-42/72;Nubosidad variable;14/04/18
IBE2228;TFN;SPC;ATR-42/72;Despejado;17/04/18
VLG3248;BCN;SPC;AIRBUS A320;Lluvia;14/04/18
AEA9465;TFN;SPC;ATR-72;Nubosidad variable;14/04/18
RYR6321;VLL;BCN;BOEING 737-800 WINGLETS;Nubosidad variable;14/04/18
IBE8221;RJL;MAD;CANADAIR CRJ-200;Nubosidad variable;14/04/18
IBE8529;PNA;MAD;BOMBARDIER CRJ-1000;Abertura de claros;15/04/18
IBB650;GMZ;TFN;ATR-72;Nubes altas;14/04/18
IBB652;GMZ;TFN;ATR-72;Nubes altas;14/04/18
RYR2036;VIT;SVQ;BOEING 737-800 WINGLETS;Chubascos dispersos;14/04/18
IBE8661;VIT;MAH;BOMBARDIER CRJ-1000;Chubascos dispersos;14/04/18
RYR6320;BCN;VLL;BOEING 737-800 WINGLETS;Lluvia;14/04/18
IBB651;TFN;GMZ;ATR-42/72;Nubosidad variable;14/04/18
IBB653;TFN;GMZ;ATR-42/72;Nubosidad variable;14/04/18
IBE2244;TFN;GMZ;ATR-72;Despejado;17/04/18
RYR2212;REU;EIN;BOEING 737-800 WINGLETS;Lluvia débil;14/04/18
RYR1115;REU;DUB;BOEING 737-800 WINGLETS;Lluvia débil;14/04/18
RYR1865;REU;SNN;BOEING 737-800 WINGLETS;Lluvia débil;14/04/18
RYR3843;REU;STN;BOEING 737-800 WINGLETS;Lluvia débil;14/04/18
EZY2208;REU;LTN;AIRBUS A319;Lluvia débil;14/04/18
RYR2829;REU;CRL;BOEING 737-800 WINGLETS;Lluvia débil;14/04/18
IBB656;VDE;TFN;ATR-72;Despejado;14/04/18
IBB660;VDE;TFN;ATR-42/72;Despejado;14/04/18
IBB664;VDE;TFN;ATR-72;Despejado;14/04/18
IBB366;VDE;LPA;ATR-72;Despejado;14/04/18
IBS2247;VDE;TFN;ATR-72;Despejado;14/04/18
CNF248;VDE;TFN;ATR-72;Despejado;14/04/18
IBB674;VDE;TFN;ATR-72;Despejado;14/04/18
IBE8524;MAD;PNA;CANADAIR CRJ-200;Nubosidad variable;14/04/18
IBE8526;MAD;PNA;BOMBARDIER CRJ-1000;Nubosidad variable;14/04/18
RYR2035;SVQ;VIT;BOEING 737-800 WINGLETS;Despejado;14/04/18
IBE8660;MAH;VIT;BOMBARDIER CRJ-1000;Lluvia moderada;14/04/18
RYR7235;ZAZ;BVA;BOEING 737-800 WINGLETS;Nubes altas;14/04/18
WZZ3192;ZAZ;OTP;AIRBUS A320;Nubes altas;14/04/18
AEA4032;ZAZ;PMI;EMBRAER ERJ-195;Nubes altas;14/04/18
WZZ3418;ZAZ;CLJ;AIRBUS A320;Nubes altas;14/04/18
RYR2635;ZAZ;STN;BOEING 737-800 WINGLETS;Nubes altas;14/04/18
RYR4634;ZAZ;BGY;BOEING 737-800 WINGLETS;Nubes altas;15/04/18
IBE8317;EAS;MAD;ATR-72;Lluvia débil;14/04/18
VLG2487;EAS;BCN;AIRBUS A319;Lluvia débil;14/04/18
IBE8327;EAS;MAD;ATR-72;Lluvia débil;14/04/18
IBE8319;EAS;MAD;ATR-72;Lluvia débil;14/04/18
IBE8329;EAS;MAD;ATR-72;Lluvia débil;14/04/18
VLG2489;EAS;BCN;AIRBUS A319;Lluvia débil;14/04/18
IBE8317;EAS;MAD;ATR-72;Lluvia débil;15/04/18
RYR6384;BCN;SDR;BOEING 737-800 WINGLETS;Lluvia;14/04/18
IBE0554;MAD;SDR;AIRBUS A319;Nubosidad variable;14/04/18
RYR2593;AGP;SDR;BOEING 737-800 WINGLETS;Despejado;14/04/18
RYR2214;VLC;SDR;BOEING 737-800 WINGLETS;Nubosidad variable;14/04/18
IBE0556;MAD;SDR;AIRBUS A319;Nubosidad variable;14/04/18
LGL688;XRY;LUX;BOEING 737-700 WINGLETS;Despejado;14/04/18
DE1723;XRY;MUC;AIRBUS A320;Despejado;14/04/18
DE1565;XRY;HAM;AIRBUS A320;Despejado;14/04/18
IBE0411;XRY;MAD;32A;Despejado;14/04/18
VLG2615;XRY;BIO;32A;Despejado;14/04/18
VLG2287;XRY;BCN;BOEING 737-800 WINGLETS;Despejado;14/04/18
IBE0405;XRY;MAD;AIRBUS A320;Despejado;14/04/18
RYR1284;XRY;BCN;BOEING 737-800 WINGLETS;Despejado;14/04/18
IBE0407;XRY;MAD;AIRBUS A320;Despejado;15/04/18
IBE8594;MAD;LEI;CANADAIR CRJ-900;Nubosidad variable;14/04/18
VLG1251;BCN;LEI;32A;Lluvia;14/04/18
IBE8598;MAD;LEI;CANADAIR CRJ-200;Nubosidad variable;14/04/18
IBE8592;MAD;LEI;BOMBARDIER CRJ-1000;Nubosidad variable;14/04/18
TAP1085;LCG;LIS;ATR-42/72;Nubosidad variable;14/04/18
VLG3971;LCG;PMI;32A;Nubosidad variable;14/04/18
AEA7234;LCG;MAD;EMBRAER ERJ-195;Nubosidad variable;14/04/18
IBE0513;LCG;MAD;AIRBUS A320;Nubosidad variable;14/04/18
AEA7236;LCG;MAD;EMBRAER ERJ-195;Nubosidad variable;14/04/18
VLG7104;LCG;LHR;32A;Nubosidad variable;14/04/18
AEA7238;LCG;MAD;EMBRAER ERJ-195;Nubosidad variable;14/04/18
VLG1291;LCG;BCN;AIRBUS A320;Nubosidad variable;14/04/18
IBE0511;LCG;MAD;AIRBUS A320;Nubosidad variable;15/04/18
VLG3133;LCG;LPA;AIRBUS A320;Nubosidad variable;15/04/18
IBB655;TFN;VDE;ATR-42/72;Nubosidad variable;14/04/18
IBB659;TFN;VDE;ATR-42/72;Nubosidad variable;14/04/18
IBB663;TFN;VDE;ATR-42/72;Nubosidad variable;14/04/18
IBB365;LPA;VDE;ATR-72;Abertura de claros;14/04/18
IBS2218;TFN;VDE;ATR-72;Despejado;17/04/18
CNF247;TFN;VDE;ATR-42/72;Nubosidad variable;14/04/18
IBB673;TFN;VDE;ATR-42/72;Nubosidad variable;14/04/18
RYR6332;BCN;SCQ;BOEING 737-800 WINGLETS;Lluvia;14/04/18
VLG2212;BCN;SVQ;AIRBUS A320;Lluvia;14/04/18
EZY8570;BCN;LGW;AIRBUS A320;Lluvia;14/04/18
BAW477;BCN;LHR;AIRBUS A320;Lluvia;14/04/18
VLG1515;BCN;NCE;AIRBUS A320;Lluvia;14/04/18
VLG2010;BCN;GRX;32B;Lluvia;14/04/18
VLG3712;BCN;MAH;32A;Lluvia;14/04/18
VLG6100;BCN;FCO;32A;Lluvia;14/04/18
VLG8242;BCN;CDG;AIRBUS A320;Lluvia;14/04/18
VLG6330;BCN;MXP;32A;Lluvia;14/04/18
VLG1702;BCN;VGO;BOEING 737-800 WINGLETS;Lluvia;14/04/18
VLG8652;BCN;PRG;AIRBUS A320;Lluvia;14/04/18
VLG7822;BCN;LGW;32B;Lluvia;14/04/18
JAF6902;MJV;ANR;EMBRAER 190;Nubes altas;14/04/18
RYR2155;MJV;BHX;BOEING 737-800 WINGLETS;Nubes altas;14/04/18
EZY8550;MJV;LGW;AIRBUS A319;Nubes altas;14/04/18
EZY6014;MJV;BRS;AIRBUS A319;Nubes altas;14/04/18
RYR1925;MJV;EMA;BOEING 737-800 WINGLETS;Nubes altas;14/04/18
RYR4117;MJV;MAN;BOEING 737-800 WINGLETS;Nubes altas;14/04/18
NAX1703;MJV;OSL;BOEING 737-800 WINGLETS;Nubes altas;14/04/18
RYR3453;MJV;LTN;BOEING 737-800 WINGLETS;Nubes altas;14/04/18
EZY7426;MJV;SEN;AIRBUS A319;Nubes altas;14/04/18
BAW449;MJV;LHR;32A;Nubes altas;14/04/18
RYR8027;MJV;STN;BOEING 737-800 WINGLETS;Nubes altas;14/04/18
EZY8554;MJV;LGW;AIRBUS A320;Nubes altas;14/04/18
RYR7095;MJV;DUB;BOEING 737-800 WINGLETS;Nubes altas;14/04/18
AEA7311;VGO;MAD;EMBRAER ERJ-195;Nubosidad variable;14/04/18
VLG1703;VGO;BCN;BOEING 737-800 WINGLETS;Nubosidad variable;14/04/18
IBE0531;VGO;MAD;AIRBUS A319;Nubosidad variable;14/04/18
RYR7142;VGO;EDI;BOEING 737-800 WINGLETS;Nubosidad variable;14/04/18
AEA7315;VGO;MAD;EMBRAER ERJ-195;Nubosidad variable;14/04/18
IBE0533;VGO;MAD;AIRBUS A319;Nubosidad variable;14/04/18
EVE1124;VGO;ALC;AIRBUS A320;Nubosidad variable;14/04/18
TAP1141;VGO;LIS;ATR-72;Nubosidad variable;14/04/18
AEA7317;VGO;MAD;EMBRAER ERJ-195;Nubosidad variable;14/04/18
IBK6090;MAD;ARN;BOEING 737-800 WINGLETS;Nubosidad variable;14/04/18
IBS3866;MAD;AGP;AIRBUS A320;Nubosidad variable;14/04/18
IBS3954;MAD;SVQ;AIRBUS A320;Nubosidad variable;14/04/18
IBS3918;MAD;PMI;AIRBUS A321;Nubosidad variable;14/04/18
IBS3876;MAD;SCQ;AIRBUS A320;Nubosidad variable;14/04/18
IBE8764;MAD;TLS;BOMBARDIER CRJ-1000;Nubosidad variable;14/04/18
AEA1171;MAD;BRU;EMBRAER ERJ-195;Nubosidad variable;14/04/18
AEA1027;MAD;ORY;BOEING 737-800 WINGLETS;Nubosidad variable;14/04/18
AEA2001;MAD;BCN;AIRBUS A330-200;Nubosidad variable;14/04/18
IBE3090;MAD;OPO;AIRBUS A319;Nubosidad variable;14/04/18
AEA1081;MAD;VCE;EMBRAER ERJ-195;Nubosidad variable;14/04/18
IBS3835;LPA;MAD;AIRBUS A321;Abertura de claros;14/04/18
RYR4504;LPA;KRK;BOEING 737-800 WINGLETS;Abertura de claros;14/04/18
RYR2565;LPA;HAM;BOEING 737-800 WINGLETS;Abertura de claros;14/04/18
RYR3163;LPA;EMA;BOEING 737-800 WINGLETS;Abertura de claros;14/04/18
VLG3186;LPA;NTE;AIRBUS A320;Abertura de claros;14/04/18
AEA9403;LPA;TFN;ATR-72;Abertura de claros;14/04/18
AEA9431;LPA;FUE;ATR-72;Abertura de claros;14/04/18
AEA9018;LPA;MAD;BOEING 737-800 WINGLETS;Abertura de claros;14/04/18
VLG3001;LPA;BCN;AIRBUS A321;Abertura de claros;14/04/18
IBB500;LPA;ACE;BOMBARDIER CRJ-1000;Abertura de claros;14/04/18
RYR3802;LPA;LPL;BOEING 737-800 WINGLETS;Abertura de claros;14/04/18
IBB200;LPA;FUE;ATR-72;Abertura de claros;14/04/18
DK1507;LPA;SVG;32B;Abertura de claros;14/04/18
IBB309;LPA;SPC;ATR-72;Abertura de claros;14/04/18
IBK5800;LPA;BCN;BOEING 737-800 WINGLETS;Abertura de claros;14/04/18
VLG3260;BIO;TFN;32A;Chubascos dispersos;14/04/18
DLH1829;BIO;MUC;AIRBUS A320;Chubascos dispersos;14/04/18
VLG1439;BIO;BCN;32A;Chubascos dispersos;14/04/18
AEA7505;BIO;PMI;EMBRAER ERJ-195;Chubascos dispersos;14/04/18
IBE8387;BIO;ALC;BOMBARDIER CRJ-1000;Chubascos dispersos;14/04/18
VLG2609;BIO;AGP;AIRBUS A320;Chubascos dispersos;14/04/18
VLG1421;BIO;BCN;32B;Chubascos dispersos;14/04/18
AFR1477;BIO;CDG;EMBRAER 170;Chubascos dispersos;14/04/18
IBE0423;BIO;MAD;AIRBUS A320;Chubascos dispersos;14/04/18
VLG2614;BIO;XRY;32A;Chubascos dispersos;14/04/18
DLH1825;BIO;MUC;32A;Chubascos dispersos;14/04/18
VLG1540;BIO;FCO;32A;Chubascos dispersos;14/04/18
KLM1686;BIO;AMS;EMBRAER 190;Chubascos dispersos;14/04/18
AEA4033;PMI;ZAZ;EMBRAER ERJ-195;Lluvia;14/04/18
VLG2011;GRX;BCN;32B;Despejado;14/04/18
IBE8641;GRX;MAD;BOMBARDIER CRJ-1000;Despejado;14/04/18
VLG2021;GRX;BCN;AIRBUS A320;Despejado;14/04/18
AEA5200;GRX;PMI;EMBRAER ERJ-195;Despejado;14/04/18
IBE8645;GRX;MAD;BOMBARDIER CRJ-1000;Despejado;14/04/18
IBE8649;GRX;MAD;CANADAIR CRJ-900;Despejado;14/04/18
VLG2015;GRX;BCN;AIRBUS A320;Despejado;14/04/18
VLG8727;GRX;CDG;AIRBUS A320;Despejado;14/04/18
EZY8172;GRX;LGW;AIRBUS A319;Despejado;14/04/18
VLG2017;GRX;BCN;AIRBUS A321;Despejado;14/04/18
IBE8639;GRX;MAD;BOMBARDIER CRJ-1000;Despejado;15/04/18
IBE8261;MLN;AGP;ATR-72;Nubosidad variable;14/04/18
IBE8789;MLN;MAD;ATR-72;Nubosidad variable;14/04/18
AEA5002;MLN;AGP;ATR-72;Nubosidad variable;14/04/18
IBE8273;MLN;AGP;ATR-72;Nubosidad variable;14/04/18
IBE8263;MLN;AGP;ATR-72;Nubosidad variable;14/04/18
IBE8269;MLN;AGP;ATR-72;Nubosidad variable;14/04/18
IBE8793;MLN;MAD;ATR-72;Nubosidad variable;14/04/18
IBE8271;MLN;AGP;ATR-72;Nubosidad variable;14/04/18
IBE8261;MLN;AGP;ATR-72;Nubosidad variable;15/04/18
IBE8789;MLN;MAD;ATR-72;Nubosidad variable;15/04/18
RYR4471;SVQ;CPH;BOEING 737-800 WINGLETS;Despejado;14/04/18
IBE8841;SVQ;VLC;ATR-72;Despejado;14/04/18
VLG2505;SVQ;BIO;AIRBUS A320;Despejado;13/04/18
IBS3947;SVQ;MAD;AIRBUS A320;Despejado;14/04/18
TVF3101;SVQ;ORY;BOEING 737-800 WINGLETS;Despejado;14/04/18
VLG2211;SVQ;BCN;AIRBUS A320;Despejado;14/04/18
VLG2251;SVQ;BCN;32B;Despejado;14/04/18
VLG8830;SVQ;CDG;32A;Despejado;14/04/18
EZY8176;SVQ;LGW;AIRBUS A319;Despejado;14/04/18
RYR1409;SVQ;MLA;BOEING 737-800 WINGLETS;Despejado;14/04/18
TRA6728;SVQ;AMS;BOEING 737-800 WINGLETS;Despejado;14/04/18
TAP1107;SVQ;LIS;ATR-42/72;Despejado;14/04/18
EVE1102;SVQ;ALC;32A;Despejado;14/04/18
RYR2035;SVQ;VIT;BOEING 737-800 WINGLETS;Despejado;14/04/18
TVF3103;SVQ;ORY;BOEING 737-800 WINGLETS;Despejado;14/04/18
VLG2509;SVQ;BIO;AIRBUS A320;Despejado;14/04/18
VLG3215;TFN;BCN;32B;Nubosidad variable;14/04/18
IBS3945;TFN;MAD;AIRBUS A320;Nubosidad variable;14/04/18
IBB452;TFN;ACE;ATR-42/72;Nubosidad variable;14/04/18
IBB414;TFN;FUE;ATR-42/72;Nubosidad variable;14/04/18
IBK6378;TFN;MAD;BOEING 737-800 WINGLETS;Nubosidad variable;14/04/18
AEA9045;TFN;MAD;BOEING 737-800 WINGLETS;Nubosidad variable;14/04/18
IBB605;TFN;SPC;ATR-42/72;Nubosidad variable;14/04/18
CNF412;TFN;SPC;ATR-72;Nubosidad variable;14/04/18
IBB655;TFN;VDE;ATR-42/72;Nubosidad variable;14/04/18
IBB607;TFN;SPC;ATR-42/72;Nubosidad variable;14/04/18
IBB102;TFN;LPA;BOMBARDIER CRJ-1000;Nubosidad variable;14/04/18
AEA9404;TFN;LPA;ATR-72;Nubosidad variable;14/04/18
CNF612;TFN;LPA;ATR-42/72;Nubosidad variable;14/04/18
AEA9461;TFN;SPC;ATR-72;Nubosidad variable;14/04/18
IBB611;TFN;SPC;ATR-42/72;Nubosidad variable;14/04/18
IBB108;TFN;LPA;BOMBARDIER CRJ-1000;Nubosidad variable;14/04/18
IBK6700;PMI;DUS;BOEING 737-800 WINGLETS;Lluvia;14/04/18
EZY8622;PMI;LGW;32A;Lluvia;14/04/18
LLX5962;PMI;PAD;AIRBUS A320;Lluvia;14/04/18
EWG6832;PMI;NRN;AIRBUS A320;Lluvia;14/04/18
RYR2346;PMI;NCL;BOEING 737-800 WINGLETS;Lluvia;14/04/18
LLP6162;PMI;CDG;AIRBUS A320;Lluvia;14/04/18
DE1503;PMI;FRA;BOEING 757-300 WINGLETS;Lluvia;14/04/18
IBS9508;PMI;SCQ;AIRBUS A320;Lluvia;14/04/18
AEA6012;PMI;MAD;BOEING 737-800 WINGLETS;Lluvia;14/04/18
EWG6846;PMI;STR;AIRBUS A320;Lluvia;14/04/18
VLG3929;PMI;BCN;32A;Lluvia;14/04/18
GMI7755;PMI;NUE;AIRBUS A319;Lluvia;14/04/18
ANE8366;PMI;SCQ;CANADAIR CRJ-900;Lluvia;14/04/18
ANE8480;PMI;MAH;BOMBARDIER CRJ-1000;Lluvia;14/04/18
RYR9803;GRO;STN;BOEING 737-800 WINGLETS;Lluvia;14/04/18
RYR4125;GRO;HHN;BOEING 737-800 WINGLETS;Lluvia;14/04/18
RYR6391;GRO;NRN;BOEING 737-800 WINGLETS;Lluvia;14/04/18
RYR9241;GRO;PSA;BOEING 737-800 WINGLETS;Lluvia;14/04/18
RYR9107;GRO;BVA;BOEING 737-800 WINGLETS;Lluvia;14/04/18
RYR6901;GRO;CRL;BOEING 737-800 WINGLETS;Lluvia;14/04/18
RYR9012;GRO;MLA;BOEING 737-800 WINGLETS;Lluvia;14/04/18
RYR6911;GRO;MST;BOEING 737-800 WINGLETS;Lluvia;14/04/18
RYR9375;GRO;TLL;BOEING 737-800 WINGLETS;Lluvia;14/04/18
RYR9002;GRO;BLL;BOEING 737-800 WINGLETS;Lluvia;14/04/18
RYR9307;GRO;PIK;BOEING 737-800 WINGLETS;Lluvia;14/04/18
RYR6393;GRO;NRN;BOEING 737-800 WINGLETS;Lluvia;14/04/18
RYR3653;GRO;BRE;BOEING 737-800 WINGLETS;Lluvia;14/04/18
RYR9911;GRO;BOH;BOEING 737-800 WINGLETS;Lluvia;14/04/18
RYR9123;GRO;EIN;BOEING 737-800 WINGLETS;Lluvia;15/04/18
RYR7083;GRO;OMR;BOEING 737-800 WINGLETS;Lluvia;15/04/18
RYR9555;GRO;FMM;BOEING 737-800 WINGLETS;Lluvia;15/04/18
RYR6901;GRO;CRL;BOEING 737-800 WINGLETS;Lluvia;15/04/18
VLG1572;OVD;BCN;AIRBUS A320;Nubes altas;14/04/18
VOE3590;OVD;PMI;BOEING 717;Nubes altas;14/04/18
VLG1574;OVD;BCN;AIRBUS A320;Nubes altas;14/04/18
IBE0479;OVD;MAD;AIRBUS A320;Nubes altas;14/04/18
IBE0475;OVD;MAD;AIRBUS A320;Nubes altas;14/04/18
VLG3139;OVD;ACE;AIRBUS A320;Nubes altas;14/04/18
IBS3613;OVD;TFN;AIRBUS A320;Nubes altas;14/04/18
IBS3610;OVD;LHR;AIRBUS A320;Nubes altas;14/04/18
TAP1113;OVD;LIS;ATR-42/72;Nubes altas;14/04/18
VLG1572;OVD;BCN;AIRBUS A320;Nubes altas;15/04/18
VOE3584;OVD;ALC;BOEING 717;Nubes altas;15/04/18
IBS3981;OVD;MAD;AIRBUS A320;Nubes altas;15/04/18
VLG1574;OVD;BCN;AIRBUS A320;Nubes altas;15/04/18
IBE8495;MAH;PMI;ATR-42/72;Lluvia moderada;14/04/18
VLG3713;MAH;BCN;32A;Lluvia moderada;14/04/18
IBE8483;MAH;PMI;BOMBARDIER CRJ-1000;Lluvia moderada;14/04/18
VLG3715;MAH;BCN;AIRBUS A320;Lluvia moderada;14/04/18
IBE8660;MAH;VIT;BOMBARDIER CRJ-1000;Lluvia moderada;14/04/18
VLG1341;MAH;ALC;32A;Lluvia moderada;14/04/18
AEA4532;MAH;PMI;ATR-72;Lluvia moderada;14/04/18
VLG2433;MAH;SVQ;AIRBUS A320;Lluvia moderada;14/04/18
IBE8499;MAH;PMI;ATR-42/72;Lluvia moderada;14/04/18
EZY8304;MAH;LGW;AIRBUS A319;Lluvia moderada;14/04/18
AEA4530;MAH;PMI;ATR-72;Lluvia moderada;14/04/18
IBE8493;MAH;PMI;BOMBARDIER CRJ-1000;Lluvia moderada;14/04/18
RYR6882;MAH;BCN;BOEING 737-800 WINGLETS;Lluvia moderada;14/04/18
VLG3709;MAH;BCN;AIRBUS A320;Lluvia moderada;14/04/18
HOP9615;MAH;LYS;BOMBARDIER CRJ-1000;Lluvia moderada;14/04/18
VLG3701;MAH;BCN;AIRBUS A320;Lluvia moderada;14/04/18
EXS1412;ALC;STN;BOEING 737-800;Despejado;14/04/18
IBK5320;ALC;OSL;BOEING 737-800 WINGLETS;Despejado;14/04/18
RYR2714;ALC;LGW;BOEING 737-800 WINGLETS;Despejado;14/04/18
RYR4079;ALC;NCL;BOEING 737-800 WINGLETS;Despejado;14/04/18
VLG1303;ALC;BCN;AIRBUS A320;Despejado;14/04/18
AEA4025;ALC;PMI;ATR-72;Despejado;14/04/18
EZS1426;ALC;GVA;AIRBUS A319;Despejado;14/04/18
EZS1086;ALC;BSL;AIRBUS A320;Despejado;14/04/18
RYR9054;ALC;FKB;BOEING 737-800 WINGLETS;Despejado;14/04/18
RYR2934;ALC;BRU;BOEING 737-800 WINGLETS;Despejado;14/04/18
BEL3772;ALC;BRU;AIRBUS A320;Despejado;14/04/18
JAF6572;ALC;CRL;EMBRAER 190;Despejado;14/04/18
JAF6794;ALC;ANR;EMBRAER 190;Despejado;14/04/18
EZY8660;ALC;LGW;AIRBUS A319;Despejado;14/04/18
RYR9064;ALC;BGY;BOEING 737-800 WINGLETS;Despejado;14/04/18
ANE8391;ALC;MAD;BOMBARDIER CRJ-1000;Despejado;14/04/18
EWG2265;ALC;STR;AIRBUS A319;Despejado;14/04/18
WZZ1488;ALC;WAW;32A;Despejado;14/04/18
TRA6144;ALC;AMS;BOEING 737-800 WINGLETS;Despejado;14/04/18
AEA4004;VLC;PMI;EMBRAER ERJ-195;Nubosidad variable;14/04/18
WZZ3412;VLC;CLJ;32A;Nubosidad variable;14/04/18
WZZ4410;VLC;SOF;AIRBUS A320;Nubosidad variable;14/04/18
SWR2141;VLC;ZRH;AIRBUS A320;Nubosidad variable;14/04/18
RYR8603;VLC;NRN;BOEING 737-800 WINGLETS;Nubosidad variable;14/04/18
WZZ3186;VLC;OTP;AIRBUS A320;Nubosidad variable;14/04/18
IBE8993;VLC;MAD;BOMBARDIER CRJ-1000;Nubosidad variable;14/04/18
RYR7218;VLC;MLA;BOEING 737-800 WINGLETS;Nubosidad variable;14/04/18
RYR2986;VLC;BRU;BOEING 737-800 WINGLETS;Nubosidad variable;14/04/18
TRA5106;VLC;EIN;BOEING 737-800 WINGLETS;Nubosidad variable;14/04/18
IBE8098;VLC;TFN;BOMBARDIER CRJ-1000;Nubosidad variable;14/04/18
IBE8430;VLC;IBZ;ATR-72;Nubosidad variable;14/04/18
ENT512;VLC;NAP;BOEING 737-800 WINGLETS;Nubosidad variable;14/04/18
RYR8322;VLC;STN;BOEING 737-800 WINGLETS;Nubosidad variable;14/04/18
AEA1007;VLC;CDG;BOEING 737-800 WINGLETS;Nubosidad variable;14/04/18
TAP1097;VLC;LIS;ATR-42/72;Nubosidad variable;14/04/18
AEA4064;VLC;MAD;ATR-72;Nubosidad variable;14/04/18
RYR7216;VLC;IBZ;BOEING 737-800 WINGLETS;Nubosidad variable;14/04/18
IBK5000;AGP;LGW;BOEING 737-800 WINGLETS;Despejado;14/04/18
RYR7047;AGP;DUB;BOEING 737-800 WINGLETS;Despejado;14/04/18
TRA6224;AGP;AMS;BOEING 737-800 WINGLETS;Despejado;14/04/18
VOE9529;AGP;LIG;AIRBUS A319;Despejado;14/04/18
EZS1432;AGP;GVA;AIRBUS A320;Despejado;14/04/18
IBS3865;AGP;MAD;AIRBUS A320;Despejado;14/04/18
TVF3161;AGP;ORY;BOEING 737-800 WINGLETS;Despejado;14/04/18
AEA1011;AGP;CDG;BOEING 737-800 WINGLETS;Despejado;14/04/18
IBE8262;AGP;MLN;ATR-72;Despejado;14/04/18
AEA5001;AGP;MLN;ATR-72;Despejado;14/04/18
EZY2734;AGP;MXP;AIRBUS A319;Despejado;14/04/18
BEL3734;AGP;BRU;AIRBUS A320;Despejado;14/04/18
TRA6486;AGP;RTM;BOEING 737-700 WINGLETS;Despejado;14/04/18
VLG2114;AGP;BCN;32B;Despejado;14/04/18
RYR6333;SCQ;BCN;BOEING 737-800 WINGLETS;Nubosidad variable;14/04/18
IBS3877;SCQ;MAD;AIRBUS A320;Nubosidad variable;14/04/18
EZS1338;SCQ;GVA;AIRBUS A320;Nubosidad variable;14/04/18
VLG1671;SCQ;BCN;32A;Nubosidad variable;14/04/18
EZY8590;SCQ;LGW;AIRBUS A319;Nubosidad variable;14/04/18
IBE8204;SCQ;TFN;CANADAIR CRJ-900;Nubosidad variable;14/04/18
IBS9517;SCQ;PMI;AIRBUS A320;Nubosidad variable;14/04/18
RYR724;SCQ;PMI;BOEING 737-800 WINGLETS;Nubosidad variable;14/04/18
AEA7116;SCQ;ACE;BOEING 737-800 WINGLETS;Nubosidad variable;14/04/18
IBE8679;SCQ;IBZ;BOMBARDIER CRJ-1000;Nubosidad variable;14/04/18
VLG7515;SCQ;ZRH;AIRBUS A320;Nubosidad variable;14/04/18
EZY2682;SCQ;MXP;AIRBUS A319;Nubosidad variable;14/04/18
IBS3875;SCQ;MAD;AIRBUS A320;Nubosidad variable;14/04/18
SWR2553;SCQ;ZRH;AIRBUS A320;Nubosidad variable;14/04/18
RYR2574;SCQ;AGP;BOEING 737-800 WINGLETS;Nubosidad variable;14/04/18
RYR4478;SCQ;HHN;BOEING 737-800 WINGLETS;Nubosidad variable;14/04/18
EIN743;SCQ;DUB;AIRBUS A320;Nubosidad variable;14/04/18
DLH1111;SCQ;FRA;AIRBUS A320;Nubosidad variable;14/04/18
IBS3879;SCQ;MAD;AIRBUS A320;Nubosidad variable;14/04/18
VLG1292;BCN;LCG;32A;Lluvia;14/04/18
AEA7233;MAD;LCG;EMBRAER ERJ-195;Nubosidad variable;14/04/18
IBE0512;MAD;LCG;AIRBUS A320;Nubosidad variable;14/04/18
AEA7235;MAD;LCG;EMBRAER ERJ-195;Nubosidad variable;14/04/18
VLG3970;PMI;LCG;32A;Lluvia;14/04/18
AEA7237;MAD;LCG;EMBRAER ERJ-195;Nubosidad variable;14/04/18
IBE8101;IBZ;PMI;BOMBARDIER CRJ-1000;Lluvia débil;14/04/18
AEA1701;IBZ;PMI;ATR-72;Lluvia débil;14/04/18
EWG5861;IBZ;VIE;32A;Lluvia débil;14/04/18
RYR8137;IBZ;BCN;BOEING 737-800 WINGLETS;Lluvia débil;14/04/18
VLG3541;IBZ;BCN;32A;Lluvia débil;14/04/18
RYR5355;IBZ;MAD;BOEING 737-800 WINGLETS;Lluvia débil;14/04/18
EWG545;IBZ;CGN;BOEING 737-800 WINGLETS;Lluvia débil;14/04/18
VLG3434;IBZ;MAD;AIRBUS A320;Lluvia débil;14/04/18
EZY2692;IBZ;MXP;32A;Lluvia débil;14/04/18
RYR8333;IBZ;BGY;BOEING 737-800 WINGLETS;Lluvia débil;14/04/18
TRA5672;IBZ;AMS;BOEING 737-800 WINGLETS;Lluvia débil;14/04/18
IBE8105;IBZ;PMI;BOMBARDIER CRJ-1000;Lluvia débil;14/04/18
VLG8181;IBZ;ORY;32B;Lluvia débil;14/04/18
AEA1703;IBZ;PMI;ATR-72;Lluvia débil;14/04/18
IBE8678;IBZ;SCQ;BOMBARDIER CRJ-1000;Lluvia débil;14/04/18
TRA6514;IBZ;EIN;BOEING 737-800 WINGLETS;Lluvia débil;14/04/18
VLG3306;IBZ;FCO;32A;Lluvia débil;14/04/18
RYR2493;TFS;LBA;BOEING 737-800 WINGLETS;Nubosidad variable;14/04/18
RYR4067;TFS;SXF;BOEING 737-800 WINGLETS;Nubosidad variable;14/04/18
RYR1038;TFS;FMM;BOEING 737-800 WINGLETS;Nubosidad variable;14/04/18
TOM1609;TFS;ABZ;BOEING 737-800 WINGLETS;Nubosidad variable;14/04/18
IBK6472;TFS;CPH;BOEING 737-800 WINGLETS;Nubosidad variable;14/04/18
TVF1151;TFS;ORY;BOEING 737-800 WINGLETS;Nubosidad variable;14/04/18
IBK6410;TFS;EDI;BOEING 737-800 WINGLETS;Nubosidad variable;14/04/18
IBK6512;TFS;MUC;BOEING 737-800 WINGLETS;Nubosidad variable;14/04/18
EDW215;TFS;ZRH;AIRBUS A320;Nubosidad variable;14/04/18
JAF6114;TFS;BRU;7M8;Nubosidad variable;14/04/18
TUI2197;TFS;MUC;BOEING 737-800 WINGLETS;Nubosidad variable;14/04/18
IBB152;TFS;LPA;ATR-72;Nubosidad variable;14/04/18
RYR4754;TFS;BRS;BOEING 737-800 WINGLETS;Nubosidad variable;14/04/18
VLG3221;TFS;BCN;AIRBUS A320;Nubosidad variable;14/04/18
VLG3135;TFS;ORY;32B;Nubosidad variable;14/04/18
EXS756;TFS;MAN;BOEING 737-800 WINGLETS;Nubosidad variable;14/04/18
RYR1589;TFS;FRA;BOEING 737-800 WINGLETS;Nubosidad variable;14/04/18
RYR8167;TFS;STN;BOEING 737-800 WINGLETS;Nubosidad variable;14/04/18
FIN1692;TFS;HEL;32B;Nubosidad variable;14/04/18
IBE0410;MAD;XRY;32A;Nubosidad variable;14/04/18
VLG2614;BIO;XRY;32A;Chubascos dispersos;14/04/18
VLG2286;BCN;XRY;BOEING 737-800 WINGLETS;Lluvia;14/04/18
IBE0404;MAD;XRY;AIRBUS A319;Nubosidad variable;14/04/18
RYR1283;BCN;XRY;BOEING 737-800 WINGLETS;Lluvia;14/04/18
IBE0406;MAD;XRY;AIRBUS A319;Nubosidad variable;14/04/18
IBB604;SPC;TFN;ATR-42/72;Abertura de claros;14/04/18
IBB606;SPC;TFN;ATR-42/72;Abertura de claros;14/04/18
IBE2282;SPC;TFN;ATR-42/72;Abertura de claros;14/04/18
IBB304;SPC;LPA;ATR-72;Abertura de claros;14/04/18
CNF413;SPC;TFN;ATR-72;Abertura de claros;14/04/18
IBB608;SPC;TFN;ATR-42/72;Abertura de claros;14/04/18
AEA9462;SPC;TFN;ATR-72;Abertura de claros;14/04/18
IBB612;SPC;TFN;ATR-72;Abertura de claros;14/04/18
CNF419;SPC;TFN;ATR-72;Abertura de claros;14/04/18
IBB610;SPC;TFN;ATR-42/72;Abertura de claros;14/04/18
EZY8712;SPC;LGW;AIRBUS A320;Abertura de claros;14/04/18
AEA9464;SPC;TFN;ATR-72;Abertura de claros;14/04/18
IBB620;SPC;TFN;ATR-72;Abertura de claros;14/04/18
EWG9545;SPC;DUS;32A;Abertura de claros;14/04/18
GMI3953;SPC;HAM;AIRBUS A319;Abertura de claros;14/04/18
EWG7529;SPC;HAM;32A;Abertura de claros;14/04/18
IBB622;SPC;TFN;ATR-42/72;Abertura de claros;14/04/18
IBS3843;SPC;MAD;AIRBUS A320;Abertura de claros;14/04/18
CNF453;SPC;TFN;ATR-72;Abertura de claros;14/04/18
IBB632;SPC;TFN;ATR-42/72;Abertura de claros;14/04/18
IBE7265;SPC;TFN;ATR-42/72;Abertura de claros;14/04/18
AEA9466;SPC;TFN;ATR-72;Abertura de claros;14/04/18
VLG3249;SPC;BCN;AIRBUS A320;Abertura de claros;14/04/18
VLG2486;BCN;EAS;AIRBUS A319;Lluvia;14/04/18
IBE8314;MAD;EAS;ATR-72;Nubosidad variable;14/04/18
IBE8316;MAD;EAS;ATR-72;Nubosidad variable;14/04/18
IBE8322;MAD;EAS;ATR-72;Nubosidad variable;14/04/18
VLG2488;BCN;EAS;AIRBUS A319;Lluvia;14/04/18
IBE8324;MAD;EAS;ATR-72;Nubosidad variable;14/04/18
VLG2486;BCN;EAS;AIRBUS A319;Lluvia;15/04/18
IBE8529;PNA;MAD;BOMBARDIER CRJ-1000;Abertura de claros;14/04/18
AEA7232;LCG;MAD;EMBRAER ERJ-195;Nubosidad variable;14/04/18
IBE0443;BIO;MAD;32A;Chubascos dispersos;14/04/18
IBE0511;LCG;MAD;AIRBUS A319;Nubosidad variable;14/04/18
IBE0537;VGO;MAD;AIRBUS A319;Nubosidad variable;14/04/18
IBB203;FUE;LPA;ATR-72;Nubosidad variable;14/04/18
AEA9432;FUE;LPA;ATR-72;Nubosidad variable;14/04/18
VLG3165;FUE;SVQ;AIRBUS A320;Nubosidad variable;14/04/18
IBB415;FUE;TFN;ATR-42/72;Nubosidad variable;14/04/18
VLG1641;FUE;SCQ;AIRBUS A320;Nubosidad variable;14/04/18
TUI2279;FUE;CGN;7S8;Nubosidad variable;14/04/18
TUI2863;FUE;BSL;BOEING 737-800 WINGLETS;Nubosidad variable;14/04/18
IBB237;FUE;LPA;ATR-42/72;Nubosidad variable;14/04/18
OLY627;FUE;STR;AIRBUS A321;Nubosidad variable;14/04/18
CNF804;FUE;LPA;ATR-72;Nubosidad variable;14/04/18
IBB209;FUE;LPA;ATR-72;Nubosidad variable;14/04/18
TUI2117;FUE;DUS;BOEING 737-700;Nubosidad variable;14/04/18
TUI2873;FUE;TXL;BOEING 737-700 WINGLETS;Nubosidad variable;14/04/18
RYR1102;FUE;SXF;BOEING 737-800 WINGLETS;Nubosidad variable;14/04/18
VLG3197;FUE;CDG;AIRBUS A320;Nubosidad variable;14/04/18
TUI2353;FUE;HAM;BOEING 737-800 WINGLETS;Nubosidad variable;14/04/18
IBB211;FUE;LPA;ATR-72;Nubosidad variable;14/04/18
RYR8183;FUE;STN;BOEING 737-800 WINGLETS;Nubosidad variable;14/04/18
IBB423;FUE;TFN;ATR-42/72;Nubosidad variable;14/04/18
AEA7308;MAD;VGO;EMBRAER ERJ-195;Nubosidad variable;14/04/18
VLG1702;BCN;VGO;BOEING 737-800 WINGLETS;Lluvia;14/04/18
IBE0530;MAD;VGO;AIRBUS A319;Nubosidad variable;14/04/18
AEA7302;MAD;VGO;EMBRAER ERJ-195;Nubosidad variable;14/04/18
IBE0532;MAD;VGO;AIRBUS A319;Nubosidad variable;14/04/18
EVE1123;ALC;VGO;32A;Despejado;14/04/18
AEA7300;MAD;VGO;EMBRAER ERJ-195;Nubosidad variable;14/04/18
AEA5001;AGP;MLN;ATR-72;Despejado;14/04/18
IBE8262;AGP;MLN;ATR-72;Despejado;14/04/18
IBE8792;MAD;MLN;ATR-72;Nubosidad variable;14/04/18
IBE8268;AGP;MLN;ATR-72;Despejado;14/04/18
IBE8264;AGP;MLN;ATR-72;Despejado;14/04/18
IBE8270;AGP;MLN;ATR-72;Despejado;14/04/18
IBE8798;MAD;MLN;ATR-72;Nubosidad variable;14/04/18
IBE8272;AGP;MLN;ATR-72;Despejado;14/04/18
AEA6006;PMI;BCN;BOEING 737-800 WINGLETS;Lluvia;14/04/18
VLG3915;PMI;BCN;AIRBUS A320;Lluvia;14/04/18
VLG1311;ALC;BCN;32A;Despejado;14/04/18
VLG2010;BCN;GRX;32B;Lluvia;14/04/18
IBE8640;MAD;GRX;BOMBARDIER CRJ-1000;Nubosidad variable;14/04/18
VLG2020;BCN;GRX;AIRBUS A320;Lluvia;14/04/18
AEA5201;PMI;GRX;EMBRAER ERJ-195;Lluvia;14/04/18
IBE8646;MAD;GRX;BOMBARDIER CRJ-1000;Nubosidad variable;14/04/18
IBE8642;MAD;GRX;CANADAIR CRJ-900;Nubosidad variable;14/04/18
VLG2014;BCN;GRX;AIRBUS A320;Lluvia;14/04/18
VLG2016;BCN;GRX;32B;Lluvia;14/04/18
IBE8648;MAD;GRX;BOMBARDIER CRJ-1000;Nubosidad variable;14/04/18
VLG2010;BCN;GRX;AIRBUS A321;Lluvia;15/04/18
IBE8640;MAD;GRX;BOMBARDIER CRJ-1000;Nubosidad variable;15/04/18
AEA7161;MAD;BIO;EMBRAER ERJ-195;Nubosidad variable;14/04/18
VLG2608;AGP;BIO;AIRBUS A320;Despejado;14/04/18
VLG1420;BCN;BIO;32B;Lluvia;14/04/18
IBE8948;VLC;BIO;BOMBARDIER CRJ-1000;Nubosidad variable;14/04/18
IBE0448;MAD;BIO;AIRBUS A319;Nubosidad variable;14/04/18
VLG2505;SVQ;BIO;AIRBUS A320;Despejado;13/04/18
VLG1440;BCN;BIO;32A;Lluvia;14/04/18
AEA2659;BCN;BIO;BOEING 737-800 WINGLETS;Lluvia;14/04/18
AEA7506;PMI;BIO;EMBRAER ERJ-195;Lluvia;14/04/18
RYR6154;ACE;PIK;BOEING 737-800 WINGLETS;Nubosidad variable;14/04/18
RYR2047;ACE;LBA;BOEING 737-800 WINGLETS;Nubosidad variable;14/04/18
RYR3491;ACE;NCL;BOEING 737-800 WINGLETS;Nubosidad variable;14/04/18
TVS3439;ACE;BES;BOEING 737-800 WINGLETS;Nubosidad variable;14/04/18
IBB501;ACE;LPA;ATR-72;Nubosidad variable;14/04/18
IBB453;ACE;TFN;ATR-42/72;Nubosidad variable;14/04/18
IBE2277;ACE;TFN;ATR-42/72;Nubosidad variable;14/04/18
TVS3441;ACE;LIL;BOEING 737-800 WINGLETS;Nubosidad variable;14/04/18
CNF704;ACE;LPA;ATR-42/72;Nubosidad variable;14/04/18
VLG3161;ACE;SVQ;AIRBUS A320;Nubosidad variable;14/04/18
TVP7307;ACE;WAW;BOEING 737-800 WINGLETS;Nubosidad variable;14/04/18
TVS2415;ACE;DOL;BOEING 737-800 WINGLETS;Nubosidad variable;14/04/18
VLG3281;ACE;BIO;AIRBUS A320;Nubosidad variable;14/04/18
IBB505;ACE;LPA;ATR-42/72;Nubosidad variable;14/04/18
IBB507;ACE;LPA;ATR-42/72;Nubosidad variable;14/04/18
AEA9076;ACE;MAD;BOEING 737-800 WINGLETS;Nubosidad variable;14/04/18
EZS1250;ACE;BSL;AIRBUS A320;Nubosidad variable;14/04/18
RYR6209;ACE;NRN;BOEING 737-800 WINGLETS;Nubosidad variable;14/04/18
VLG2481;ACE;BCN;AIRBUS A320;Nubosidad variable;14/04/18
VLG1573;BCN;OVD;AIRBUS A320;Lluvia;14/04/18
IBE0488;MAD;OVD;AIRBUS A320;Nubosidad variable;14/04/18
VLG1579;BCN;OVD;AIRBUS A320;Lluvia;14/04/18
VOE3591;PMI;OVD;BOEING 717;Lluvia;14/04/18
IBS3612;TFN;OVD;AIRBUS A320;Nubosidad variable;14/04/18
IBS3980;MAD;OVD;AIRBUS A320;Nubosidad variable;14/04/18
IBE0480;MAD;OVD;32A;Nubosidad variable;14/04/18
VLG3138;ACE;OVD;AIRBUS A320;Nubosidad variable;14/04/18
VLG1573;BCN;OVD;AIRBUS A320;Lluvia;15/04/18
IBE8494;PMI;MAH;ATR-42/72;Despejado;17/04/18
VLG3712;BCN;MAH;32A;Lluvia;14/04/18
IBE8480;PMI;MAH;BOMBARDIER CRJ-1000;Despejado;17/04/18
VLG3714;BCN;MAH;AIRBUS A320;Lluvia;14/04/18
IBE8482;PMI;MAH;BOMBARDIER CRJ-1000;Despejado;17/04/18
VLG1340;ALC;MAH;32A;Despejado;14/04/18
AEA4537;PMI;MAH;ATR-72;Lluvia;14/04/18
VLG2432;SVQ;MAH;AIRBUS A320;Despejado;14/04/18
IBE8498;PMI;MAH;ATR-42/72;Despejado;17/04/18
IBE8661;VIT;MAH;BOMBARDIER CRJ-1000;Chubascos dispersos;14/04/18
AEA4531;PMI;MAH;ATR-72;Lluvia;14/04/18
RYR6881;BCN;MAH;BOEING 737-800 WINGLETS;Lluvia;14/04/18
VLG3716;BCN;MAH;AIRBUS A320;Lluvia;14/04/18
VLG3700;BCN;MAH;AIRBUS A320;Lluvia;14/04/18
IBB102;TFN;LPA;BOMBARDIER CRJ-1000;Nubosidad variable;14/04/18
CNF612;TFN;LPA;ATR-42/72;Nubosidad variable;14/04/18
AEA9404;TFN;LPA;ATR-72;Nubosidad variable;14/04/18
IBB203;FUE;LPA;ATR-72;Nubosidad variable;14/04/18
AEA9432;FUE;LPA;ATR-72;Nubosidad variable;14/04/18
RYR2031;MAD;LPA;BOEING 737-800 WINGLETS;Nubosidad variable;14/04/18
AEA9156;MAD;LPA;BOEING 787-8;Nubosidad variable;14/04/18
IBB501;ACE;LPA;ATR-72;Nubosidad variable;14/04/18
CNF704;ACE;LPA;ATR-42/72;Nubosidad variable;14/04/18
IBB108;TFN;LPA;BOMBARDIER CRJ-1000;Nubosidad variable;14/04/18
IBB304;SPC;LPA;ATR-72;Abertura de claros;14/04/18
IBB237;FUE;LPA;ATR-42/72;Nubosidad variable;14/04/18
IBS3866;MAD;AGP;AIRBUS A320;Nubosidad variable;14/04/18
AEA5035;MAD;AGP;ATR-72;Nubosidad variable;14/04/18
IBE8261;MLN;AGP;ATR-72;Nubosidad variable;14/04/18
VLG2115;BCN;AGP;32B;Lluvia;14/04/18
AEA4063;MAD;VLC;ATR-72;Nubosidad variable;14/04/18
AEA4005;PMI;VLC;EMBRAER ERJ-195;Lluvia;14/04/18
IBE8986;MAD;VLC;BOMBARDIER CRJ-1000;Nubosidad variable;14/04/18
AAL8555;MAD;VLC;BOMBARDIER CRJ-1000;Nubosidad variable;14/04/18
IBE8036;MAD;VLC;BOMBARDIER CRJ-1000;Nubosidad variable;14/04/18
IBE8841;SVQ;VLC;ATR-72;Despejado;14/04/18
RYR6332;BCN;SCQ;BOEING 737-800 WINGLETS;Lluvia;14/04/18
IBS3876;MAD;SCQ;AIRBUS A320;Nubosidad variable;14/04/18
VLG1670;BCN;SCQ;32A;Lluvia;14/04/18
IBS9508;PMI;SCQ;AIRBUS A320;Lluvia;14/04/18
RYR5315;MAD;SCQ;BOEING 737-800 WINGLETS;Nubosidad variable;14/04/18
IBE8366;PMI;SCQ;CANADAIR CRJ-900;Despejado;17/04/18
AEA7136;LPA;SCQ;BOEING 737-800 WINGLETS;Abertura de claros;14/04/18
IBE8678;IBZ;SCQ;BOMBARDIER CRJ-1000;Lluvia débil;14/04/18
VLG1641;FUE;SCQ;AIRBUS A320;Nubosidad variable;14/04/18
IBS3874;MAD;SCQ;AIRBUS A320;Nubosidad variable;14/04/18
RYR2573;AGP;SCQ;BOEING 737-800 WINGLETS;Despejado;14/04/18
RYR723;PMI;SCQ;BOEING 737-800 WINGLETS;Lluvia;14/04/18
IBS3878;MAD;SCQ;AIRBUS A320;Nubosidad variable;14/04/18
VLG1302;BCN;ALC;AIRBUS A320;Lluvia;14/04/18
AEA4047;MAD;ALC;ATR-72;Nubosidad variable;14/04/18
ANE8390;MAD;ALC;BOMBARDIER CRJ-1000;Despejado;17/04/18
VLG3902;BCN;PMI;32B;Lluvia;14/04/18
ANE8481;MAH;PMI;BOMBARDIER CRJ-1000;Despejado;17/04/18
ANE8101;IBZ;PMI;BOMBARDIER CRJ-1000;Despejado;17/04/18
VLG3934;ALC;PMI;32A;Despejado;14/04/18
AEA1701;IBZ;PMI;ATR-72;Lluvia débil;14/04/18
VLG3941;SVQ;PMI;AIRBUS A320;Despejado;13/04/18
IBE8840;VLC;SVQ;ATR-72;Nubosidad variable;14/04/18
VLG2506;BIO;SVQ;32A;Chubascos dispersos;14/04/18
IBS3954;MAD;SVQ;AIRBUS A320;Nubosidad variable;14/04/18
VLG2212;BCN;SVQ;AIRBUS A320;Lluvia;14/04/18
VLG2216;BCN;SVQ;32B;Lluvia;14/04/18
RYR6396;BCN;SVQ;BOEING 737-800 WINGLETS;Lluvia;14/04/18
VLG3940;PMI;SVQ;AIRBUS A320;Lluvia;14/04/18
VLG3165;FUE;SVQ;AIRBUS A320;Nubosidad variable;14/04/18
VLG3161;ACE;SVQ;AIRBUS A320;Nubosidad variable;14/04/18
IBS3950;MAD;SVQ;AIRBUS A320;Nubosidad variable;14/04/18
RYR5273;PMI;SVQ;BOEING 737-800 WINGLETS;Lluvia;14/04/18
RYR2036;VIT;SVQ;BOEING 737-800 WINGLETS;Chubascos dispersos;14/04/18
VLG2210;BCN;SVQ;AIRBUS A320;Lluvia;14/04/18
VLG3220;BCN;TFS;AIRBUS A320;Lluvia;14/04/18
IBB123;LPA;TFS;ATR-72;Abertura de claros;14/04/18
IBB605;TFN;SPC;ATR-42/72;Nubosidad variable;14/04/18
IBB309;LPA;SPC;ATR-72;Abertura de claros;14/04/18
CNF412;TFN;SPC;ATR-72;Nubosidad variable;14/04/18
IBB607;TFN;SPC;ATR-42/72;Nubosidad variable;14/04/18
AEA9461;TFN;SPC;ATR-72;Nubosidad variable;14/04/18
IBB611;TFN;SPC;ATR-42/72;Nubosidad variable;14/04/18
CNF418;TFN;SPC;ATR-72;Nubosidad variable;14/04/18
IBB609;TFN;SPC;ATR-42/72;Nubosidad variable;14/04/18
AEA9463;TFN;SPC;ATR-72;Nubosidad variable;14/04/18
IBB619;TFN;SPC;ATR-72;Nubosidad variable;14/04/18
IBB621;TFN;SPC;ATR-42/72;Nubosidad variable;14/04/18
IBS3842;MAD;SPC;AIRBUS A320;Nubosidad variable;14/04/18
CNF452;TFN;SPC;ATR-72;Nubosidad variable;14/04/18
IBB631;TFN;SPC;ATR-42/72;Nubosidad variable;14/04/18
IBE2228;TFN;SPC;ATR-42/72;Despejado;17/04/18
VLG3248;BCN;SPC;AIRBUS A320;Lluvia;14/04/18
AEA9465;TFN;SPC;ATR-72;Nubosidad variable;14/04/18
RYR8136;BCN;IBZ;BOEING 737-800 WINGLETS;Lluvia;14/04/18
VLG3540;BCN;IBZ;32A;Lluvia;14/04/18
RYR5354;MAD;IBZ;BOEING 737-800 WINGLETS;Nubosidad variable;14/04/18
VLG3447;MAD;IBZ;AIRBUS A320;Nubosidad variable;14/04/18
IBE8104;PMI;IBZ;BOMBARDIER CRJ-1000;Despejado;17/04/18
IBE8676;BCN;IBZ;BOMBARDIER CRJ-1000;Despejado;17/04/18
AEA1702;PMI;IBZ;ATR-72;Lluvia;14/04/18
AEA9431;LPA;FUE;ATR-72;Abertura de claros;14/04/18
IBB200;LPA;FUE;ATR-72;Abertura de claros;14/04/18
VLG1640;SCQ;FUE;AIRBUS A320;Nubosidad variable;14/04/18
VLG3164;SVQ;FUE;AIRBUS A320;Despejado;14/04/18
IBB414;TFN;FUE;ATR-42/72;Nubosidad variable;14/04/18
CNF803;LPA;FUE;ATR-72;Abertura de claros;14/04/18
IBB236;LPA;FUE;ATR-72;Abertura de claros;14/04/18
IBB208;LPA;FUE;ATR-72;Abertura de claros;14/04/18
IBB210;LPA;FUE;ATR-72;Abertura de claros;14/04/18
IBS3900;MAD;FUE;AIRBUS A320;Nubosidad variable;14/04/18
IBB422;TFN;FUE;ATR-42/72;Nubosidad variable;14/04/18
AEA9403;LPA;TFN;ATR-72;Abertura de claros;14/04/18
IBB604;SPC;TFN;ATR-42/72;Abertura de claros;14/04/18
IBB107;LPA;TFN;BOMBARDIER CRJ-1000;Abertura de claros;14/04/18
AEA9059;MAD;TFN;BOEING 737-800 WINGLETS;Nubosidad variable;14/04/18
RYR3063;BCN;TFN;BOEING 737-800 WINGLETS;Lluvia;14/04/18
IBB606;SPC;TFN;ATR-42/72;Abertura de claros;14/04/18
RYR5278;MAD;TFN;BOEING 737-800 WINGLETS;Nubosidad variable;14/04/18
IBB453;ACE;TFN;ATR-42/72;Nubosidad variable;14/04/18
IBB415;FUE;TFN;ATR-42/72;Nubosidad variable;14/04/18
CNF413;SPC;TFN;ATR-72;Abertura de claros;14/04/18
IBB608;SPC;TFN;ATR-42/72;Abertura de claros;14/04/18
IBB119;LPA;TFN;BOMBARDIER CRJ-1000;Abertura de claros;14/04/18
IBB656;VDE;TFN;ATR-72;Despejado;14/04/18
VLG3260;BIO;TFN;32A;Chubascos dispersos;14/04/18
AEA9415;LPA;TFN;ATR-72;Abertura de claros;14/04/18
AEA9462;SPC;TFN;ATR-72;Abertura de claros;14/04/18
IBB612;SPC;TFN;ATR-72;Abertura de claros;14/04/18
IBK5756;BCN;TFN;BOEING 737-800 WINGLETS;Lluvia;14/04/18
IBS3942;MAD;TFN;32A;Nubosidad variable;14/04/18
IBB650;GMZ;TFN;ATR-72;Nubes altas;14/04/18
CNF419;SPC;TFN;ATR-72;Abertura de claros;14/04/18
IBB610;SPC;TFN;ATR-42/72;Abertura de claros;14/04/18
IBB500;LPA;ACE;BOMBARDIER CRJ-1000;Abertura de claros;14/04/18
IBB452;TFN;ACE;ATR-42/72;Nubosidad variable;14/04/18
CNF703;LPA;ACE;ATR-72;Abertura de claros;14/04/18
VLG3160;SVQ;ACE;AIRBUS A320;Despejado;14/04/18
VLG3280;BIO;ACE;AIRBUS A320;Chubascos dispersos;14/04/18
IBB506;LPA;ACE;ATR-72;Abertura de claros;14/04/18
AEA9073;MAD;ACE;BOEING 737-800 WINGLETS;Nubosidad variable;14/04/18
AEA9447;LPA;ACE;ATR-72;Abertura de claros;14/04/18
VLG2480;BCN;ACE;AIRBUS A320;Lluvia;14/04/18
RYR6321;VLL;BCN;BOEING 737-800 WINGLETS;Nubosidad variable;14/04/18
IBE8221;RJL;MAD;CANADAIR CRJ-200;Nubosidad variable;14/04/18
RYR2036;VIT;SVQ;BOEING 737-800 WINGLETS;Chubascos dispersos;14/04/18
IBE8661;VIT;MAH;BOMBARDIER CRJ-1000;Chubascos dispersos;14/04/18
IBB650;GMZ;TFN;ATR-42/72;Nubes altas;14/04/18
IBB652;GMZ;TFN;ATR-42/72;Nubes altas;14/04/18
RYR6320;BCN;VLL;BOEING 737-800 WINGLETS;Lluvia;14/04/18
IBE8525;PNA;MAD;CANADAIR CRJ-200;Abertura de claros;14/04/18
IBE8529;PNA;MAD;BOMBARDIER CRJ-1000;Abertura de claros;15/04/18
RYR2035;SVQ;VIT;BOEING 737-800 WINGLETS;Despejado;14/04/18
IBE8660;MAH;VIT;BOMBARDIER CRJ-1000;Lluvia moderada;14/04/18
RYR2212;REU;EIN;BOEING 737-800 WINGLETS;Lluvia débil;14/04/18
RYR1115;REU;DUB;BOEING 737-800 WINGLETS;Lluvia débil;14/04/18
RYR1865;REU;SNN;BOEING 737-800 WINGLETS;Lluvia débil;14/04/18
RYR3843;REU;STN;BOEING 737-800 WINGLETS;Lluvia débil;14/04/18
EZY2208;REU;LTN;AIRBUS A319;Lluvia débil;14/04/18
RYR2829;REU;CRL;BOEING 737-800 WINGLETS;Lluvia débil;14/04/18
IBB651;TFN;GMZ;ATR-42/72;Nubosidad variable;14/04/18
IBB653;TFN;GMZ;ATR-42/72;Nubosidad variable;14/04/18
IBE2244;TFN;GMZ;ATR-42/72;Despejado;17/04/18
IBE8524;MAD;PNA;CANADAIR CRJ-200;Nubosidad variable;14/04/18
IBE8526;MAD;PNA;BOMBARDIER CRJ-1000;Nubosidad variable;14/04/18
RYR7235;ZAZ;BVA;BOEING 737-800 WINGLETS;Nubes altas;14/04/18
WZZ3192;ZAZ;OTP;AIRBUS A320;Nubes altas;14/04/18
AEA4032;ZAZ;PMI;EMBRAER ERJ-195;Nubes altas;14/04/18
WZZ3418;ZAZ;CLJ;AIRBUS A320;Nubes altas;14/04/18
RYR2635;ZAZ;STN;BOEING 737-800 WINGLETS;Nubes altas;14/04/18
RYR4634;ZAZ;BGY;BOEING 737-800 WINGLETS;Nubes altas;15/04/18
VLG2487;EAS;BCN;AIRBUS A319;Lluvia débil;14/04/18
IBE8327;EAS;MAD;ATR-72;Lluvia débil;14/04/18
IBE8319;EAS;MAD;ATR-72;Lluvia débil;14/04/18
IBE8329;EAS;MAD;ATR-72;Lluvia débil;14/04/18
VLG2489;EAS;BCN;AIRBUS A319;Lluvia débil;14/04/18
IBE8317;EAS;MAD;ATR-72;Lluvia débil;15/04/18
VLG2487;EAS;BCN;AIRBUS A319;Lluvia débil;15/04/18
RYR6385;SDR;BCN;BOEING 737-800 WINGLETS;Nubosidad variable;14/04/18
IBE0555;SDR;MAD;AIRBUS A319;Nubosidad variable;14/04/18
RYR4793;SDR;BGY;BOEING 737-800 WINGLETS;Nubosidad variable;14/04/18
RYR2594;SDR;AGP;BOEING 737-800 WINGLETS;Nubosidad variable;14/04/18
RYR2215;SDR;VLC;BOEING 737-800 WINGLETS;Nubosidad variable;14/04/18
IBE0557;SDR;MAD;AIRBUS A319;Nubosidad variable;14/04/18
RYR1573;SDR;SXF;BOEING 737-800 WINGLETS;Nubosidad variable;14/04/18
WZZ1480;SDR;WAW;AIRBUS A320;Nubosidad variable;15/04/18
IBB656;VDE;TFN;ATR-42/72;Despejado;14/04/18
IBB660;VDE;TFN;ATR-42/72;Despejado;14/04/18
IBB664;VDE;TFN;ATR-42/72;Despejado;14/04/18
IBB366;VDE;LPA;ATR-72;Despejado;14/04/18
IBS2247;VDE;TFN;ATR-72;Despejado;14/04/18
CNF248;VDE;TFN;ATR-42/72;Despejado;14/04/18
IBB674;VDE;TFN;ATR-42/72;Despejado;14/04/18
IBB656;VDE;TFN;ATR-72;Despejado;15/04/18
AEA1013;MAD;LGW;BOEING 737-800 WINGLETS;Nubosidad variable;14/04/18
AEA6031;MAD;PMI;EMBRAER ERJ-195;Nubosidad variable;14/04/18
IBE3162;MAD;LHR;AIRBUS A319;Nubosidad variable;14/04/18
IBS3722;MAD;AMS;AIRBUS A320;Nubosidad variable;14/04/18
DLH1123;MAD;FRA;32A;Nubosidad variable;14/04/18
RYR2051;MAD;PMI;BOEING 737-800 WINGLETS;Nubosidad variable;14/04/18
RYR5315;MAD;SCQ;BOEING 737-800 WINGLETS;Nubosidad variable;14/04/18
IBS3942;MAD;TFN;32A;Nubosidad variable;14/04/18
IBS3826;MAD;LPA;AIRBUS A321;Nubosidad variable;14/04/18
IBE3120;MAD;VIE;AIRBUS A319;Nubosidad variable;14/04/18
LGL688;XRY;LUX;BOEING 737-700 WINGLETS;Despejado;14/04/18
DE1723;XRY;MUC;AIRBUS A320;Despejado;14/04/18
DE1565;XRY;HAM;AIRBUS A320;Despejado;14/04/18
IBE0411;XRY;MAD;32A;Despejado;14/04/18
VLG2615;XRY;BIO;32A;Despejado;14/04/18
VLG2287;XRY;BCN;BOEING 737-800 WINGLETS;Despejado;14/04/18
IBE0405;XRY;MAD;AIRBUS A320;Despejado;14/04/18
RYR1284;XRY;BCN;BOEING 737-800 WINGLETS;Despejado;14/04/18
IBE0407;XRY;MAD;AIRBUS A320;Despejado;15/04/18
EWG575;XRY;CGN;AIRBUS A319;Despejado;15/04/18
JAF7922;XRY;BRU;EMBRAER 190;Despejado;15/04/18
TAP1085;LCG;LIS;ATR-42/72;Nubosidad variable;14/04/18
VLG3971;LCG;PMI;32A;Nubosidad variable;14/04/18
AEA7234;LCG;MAD;EMBRAER ERJ-195;Nubosidad variable;14/04/18
IBE0513;LCG;MAD;AIRBUS A320;Nubosidad variable;14/04/18
AEA7236;LCG;MAD;EMBRAER ERJ-195;Nubosidad variable;14/04/18
VLG7104;LCG;LHR;32A;Nubosidad variable;14/04/18
AEA7238;LCG;MAD;EMBRAER ERJ-195;Nubosidad variable;14/04/18
VLG1291;LCG;BCN;AIRBUS A320;Nubosidad variable;14/04/18
IBE0511;LCG;MAD;AIRBUS A320;Nubosidad variable;15/04/18
VLG3133;LCG;LPA;AIRBUS A320;Nubosidad variable;15/04/18
AEA7311;VGO;MAD;EMBRAER ERJ-195;Nubosidad variable;14/04/18
IBE5903;VGO;BCN;AIRBUS A320;Nubosidad variable;14/04/18
VLG1703;VGO;BCN;AIRBUS A320;Nubosidad variable;14/04/18
QTR3537;VGO;BCN;AIRBUS A320;Nubosidad variable;14/04/18
IBE0531;VGO;MAD;AIRBUS A319;Nubosidad variable;14/04/18
RYR7142;VGO;EDI;BOEING 737-800 WINGLETS;Nubosidad variable;14/04/18
AEA7315;VGO;MAD;EMBRAER ERJ-195;Nubosidad variable;14/04/18
IBE0533;VGO;MAD;AIRBUS A319;Nubosidad variable;14/04/18
EVE1124;VGO;ALC;AIRBUS A320;Nubosidad variable;14/04/18
TAP1141;VGO;LIS;ATR-72;Nubosidad variable;14/04/18
AEA7317;VGO;MAD;EMBRAER ERJ-195;Nubosidad variable;14/04/18
IBE8789;MLN;MAD;ATR-72;Nubosidad variable;14/04/18
AEA5002;MLN;AGP;ATR-72;Nubosidad variable;14/04/18
IBE8273;MLN;AGP;ATR-72;Nubosidad variable;14/04/18
IBE8263;MLN;AGP;ATR-72;Nubosidad variable;14/04/18
IBE8269;MLN;AGP;ATR-72;Nubosidad variable;14/04/18
IBE8793;MLN;MAD;ATR-72;Nubosidad variable;14/04/18
IBE8271;MLN;AGP;ATR-72;Nubosidad variable;14/04/18
IBE8261;MLN;AGP;ATR-72;Nubosidad variable;15/04/18
IBE8789;MLN;MAD;ATR-72;Nubosidad variable;15/04/18
JAF6902;MJV;ANR;EMBRAER 190;Nubes altas;14/04/18
RYR2155;MJV;BHX;BOEING 737-800 WINGLETS;Nubes altas;14/04/18
EZY8550;MJV;LGW;AIRBUS A319;Nubes altas;14/04/18
EZY6014;MJV;BRS;AIRBUS A319;Nubes altas;14/04/18
RYR1925;MJV;EMA;BOEING 737-800 WINGLETS;Nubes altas;14/04/18
RYR4117;MJV;MAN;BOEING 737-800 WINGLETS;Nubes altas;14/04/18
NAX1703;MJV;OSL;BOEING 737-800 WINGLETS;Nubes altas;14/04/18
RYR3453;MJV;LTN;BOEING 737-800 WINGLETS;Nubes altas;14/04/18
EZY7426;MJV;SEN;AIRBUS A319;Nubes altas;14/04/18
BAW449;MJV;LHR;32A;Nubes altas;14/04/18
RYR8027;MJV;STN;BOEING 737-800 WINGLETS;Nubes altas;14/04/18
EZY8554;MJV;LGW;AIRBUS A320;Nubes altas;14/04/18
RYR7095;MJV;DUB;BOEING 737-800 WINGLETS;Nubes altas;14/04/18
AEA4033;PMI;ZAZ;EMBRAER ERJ-195;Lluvia;14/04/18
LGL694;LEI;LUX;BOEING 737-800 WINGLETS;Despejado;14/04/18
JAF6944;LEI;BRU;EMBRAER 190;Despejado;14/04/18
IBE8595;LEI;MAD;CANADAIR CRJ-900;Despejado;14/04/18
EZY8164;LEI;LGW;32A;Despejado;14/04/18
VLG1252;LEI;BCN;32A;Despejado;14/04/18
IBE8577;LEI;MAD;CANADAIR CRJ-200;Despejado;14/04/18
IBE8601;LEI;MAD;BOMBARDIER CRJ-1000;Despejado;14/04/18
BAW421;LEI;LHR;AIRBUS A319;Despejado;14/04/18
TRA5644;LEI;RTM;BOEING 737-700 WINGLETS;Despejado;14/04/18
RYR7319;LEI;DUB;BOEING 737-800 WINGLETS;Despejado;14/04/18
BEL3776;LEI;BRU;AIRBUS A320;Despejado;15/04/18
EZY8164;LEI;LGW;AIRBUS A319;Despejado;15/04/18
VLG1574;OVD;BCN;AIRBUS A320;Nubes altas;14/04/18
IBE0479;OVD;MAD;AIRBUS A320;Nubes altas;14/04/18
IBE0475;OVD;MAD;AIRBUS A320;Nubes altas;14/04/18
VLG3139;OVD;ACE;AIRBUS A320;Nubes altas;14/04/18
IBS3613;OVD;TFN;AIRBUS A320;Nubes altas;14/04/18
IBS3610;OVD;LHR;AIRBUS A320;Nubes altas;14/04/18
TAP1113;OVD;LIS;ATR-42/72;Nubes altas;14/04/18
VLG1572;OVD;BCN;AIRBUS A320;Nubes altas;15/04/18
VOE3584;OVD;ALC;BOEING 717;Nubes altas;15/04/18
IBS3981;OVD;MAD;AIRBUS A320;Nubes altas;15/04/18
VLG1574;OVD;BCN;AIRBUS A320;Nubes altas;15/04/18
IBE0479;OVD;MAD;32A;Nubes altas;15/04/18
TRA6224;AGP;AMS;BOEING 737-800 WINGLETS;Despejado;14/04/18
VOE9529;AGP;LIG;AIRBUS A319;Despejado;14/04/18
EZS1432;AGP;GVA;AIRBUS A320;Despejado;14/04/18
IBS3865;AGP;MAD;AIRBUS A320;Despejado;14/04/18
TVF3161;AGP;ORY;BOEING 737-800 WINGLETS;Despejado;14/04/18
AEA1011;AGP;CDG;BOEING 737-800 WINGLETS;Despejado;14/04/18
IBE8262;AGP;MLN;ATR-72;Despejado;14/04/18
AEA5001;AGP;MLN;ATR-72;Despejado;14/04/18
EZY2734;AGP;MXP;AIRBUS A319;Despejado;14/04/18
BEL3734;AGP;BRU;AIRBUS A320;Despejado;14/04/18
TRA6486;AGP;RTM;BOEING 737-700 WINGLETS;Despejado;14/04/18
VLG2114;AGP;BCN;32B;Despejado;14/04/18
RYR5157;AGP;FKB;BOEING 737-800 WINGLETS;Despejado;14/04/18
PRI458;AGP;BLL;BOEING 737-800 WINGLETS;Despejado;14/04/18
IBE8314;MAD;EAS;ATR-72;Nubosidad variable;14/04/18
IBE8316;MAD;EAS;ATR-72;Nubosidad variable;14/04/18
IBE8322;MAD;EAS;ATR-72;Nubosidad variable;14/04/18
VLG2488;BCN;EAS;AIRBUS A319;Lluvia;14/04/18
IBE8324;MAD;EAS;ATR-72;Nubosidad variable;14/04/18
VLG2486;BCN;EAS;AIRBUS A319;Lluvia;15/04/18
AEA7505;BIO;PMI;EMBRAER ERJ-195;Chubascos dispersos;14/04/18
IBE8387;BIO;ALC;BOMBARDIER CRJ-1000;Chubascos dispersos;14/04/18
VLG2609;BIO;AGP;AIRBUS A320;Chubascos dispersos;14/04/18
VLG1421;BIO;BCN;32B;Chubascos dispersos;14/04/18
AFR1477;BIO;CDG;EMBRAER 170;Chubascos dispersos;14/04/18
IBE0423;BIO;MAD;AIRBUS A319;Chubascos dispersos;14/04/18
VLG2614;BIO;XRY;32A;Chubascos dispersos;14/04/18
DLH1825;BIO;MUC;32A;Chubascos dispersos;14/04/18
VLG1540;BIO;FCO;32A;Chubascos dispersos;14/04/18
KLM1686;BIO;AMS;EMBRAER 190;Chubascos dispersos;14/04/18
BAW467;BIO;LHR;AIRBUS A320;Chubascos dispersos;14/04/18
AEA7158;BIO;MAD;EMBRAER ERJ-195;Chubascos dispersos;14/04/18
RYR6384;BCN;SDR;BOEING 737-800 WINGLETS;Lluvia;14/04/18
IBE0554;MAD;SDR;AIRBUS A319;Nubosidad variable;14/04/18
RYR2593;AGP;SDR;BOEING 737-800 WINGLETS;Despejado;14/04/18
RYR2214;VLC;SDR;BOEING 737-800 WINGLETS;Nubosidad variable;14/04/18
IBE0556;MAD;SDR;AIRBUS A319;Nubosidad variable;14/04/18
RYR6391;GRO;NRN;BOEING 737-800 WINGLETS;Lluvia;14/04/18
RYR9241;GRO;PSA;BOEING 737-800 WINGLETS;Lluvia;14/04/18
RYR9107;GRO;BVA;BOEING 737-800 WINGLETS;Lluvia;14/04/18
RYR6901;GRO;CRL;BOEING 737-800 WINGLETS;Lluvia;14/04/18
RYR9012;GRO;MLA;BOEING 737-800 WINGLETS;Lluvia;14/04/18
RYR6911;GRO;MST;BOEING 737-800 WINGLETS;Lluvia;14/04/18
RYR9375;GRO;TLL;BOEING 737-800 WINGLETS;Lluvia;14/04/18
RYR9002;GRO;BLL;BOEING 737-800 WINGLETS;Lluvia;14/04/18
RYR9307;GRO;PIK;BOEING 737-800 WINGLETS;Lluvia;14/04/18
RYR6393;GRO;NRN;BOEING 737-800 WINGLETS;Lluvia;14/04/18
RYR3653;GRO;BRE;BOEING 737-800 WINGLETS;Lluvia;14/04/18
RYR9911;GRO;BOH;BOEING 737-800 WINGLETS;Lluvia;14/04/18
RYR9123;GRO;EIN;BOEING 737-800 WINGLETS;Lluvia;15/04/18
RYR7083;GRO;OMR;BOEING 737-800 WINGLETS;Lluvia;15/04/18
RYR9555;GRO;FMM;BOEING 737-800 WINGLETS;Lluvia;15/04/18
RYR6901;GRO;CRL;BOEING 737-800 WINGLETS;Lluvia;15/04/18
IBB655;TFN;VDE;ATR-42/72;Nubosidad variable;14/04/18
IBB659;TFN;VDE;ATR-42/72;Nubosidad variable;14/04/18
IBB663;TFN;VDE;ATR-42/72;Nubosidad variable;14/04/18
IBB365;LPA;VDE;ATR-72;Abertura de claros;14/04/18
IBS2218;TFN;VDE;ATR-72;Despejado;17/04/18
CNF247;TFN;VDE;ATR-42/72;Nubosidad variable;14/04/18
IBB673;TFN;VDE;ATR-42/72;Nubosidad variable;14/04/18
IBB655;TFN;VDE;ATR-72;Nubosidad variable;15/04/18
IBE8841;SVQ;VLC;ATR-72;Despejado;14/04/18
IBS3947;SVQ;MAD;AIRBUS A320;Despejado;14/04/18
VLG2505;BIO;SVQ;AIRBUS A320;Chubascos dispersos;13/04/18
TVF3101;SVQ;ORY;BOEING 737-800 WINGLETS;Despejado;14/04/18
VLG2211;SVQ;BCN;AIRBUS A320;Despejado;14/04/18
VLG2251;SVQ;BCN;32B;Despejado;14/04/18
VLG8830;SVQ;CDG;32A;Despejado;14/04/18
EZY8176;SVQ;LGW;AIRBUS A319;Despejado;14/04/18
RYR1409;SVQ;MLA;BOEING 737-800 WINGLETS;Despejado;14/04/18
TRA6728;SVQ;AMS;BOEING 737-800 WINGLETS;Despejado;14/04/18
TAP1107;SVQ;LIS;ATR-42/72;Despejado;14/04/18
EVE1102;SVQ;ALC;32A;Despejado;14/04/18
TVF3103;SVQ;ORY;BOEING 737-800 WINGLETS;Despejado;14/04/18
RYR2035;SVQ;VIT;BOEING 737-800 WINGLETS;Despejado;14/04/18
VLG2509;SVQ;BIO;AIRBUS A320;Despejado;14/04/18
VLG2432;SVQ;MAH;AIRBUS A320;Despejado;14/04/18
AEA4004;VLC;PMI;EMBRAER ERJ-195;Nubosidad variable;14/04/18
WZZ3412;VLC;CLJ;32A;Nubosidad variable;14/04/18
WZZ4410;VLC;SOF;AIRBUS A320;Nubosidad variable;14/04/18
RYR8603;VLC;NRN;BOEING 737-800 WINGLETS;Nubosidad variable;14/04/18
SWR2141;VLC;ZRH;AIRBUS A320;Nubosidad variable;14/04/18
WZZ3186;VLC;OTP;AIRBUS A320;Nubosidad variable;14/04/18
IBE8993;VLC;MAD;BOMBARDIER CRJ-1000;Nubosidad variable;14/04/18
RYR7218;VLC;MLA;BOEING 737-800 WINGLETS;Nubosidad variable;14/04/18
RYR2986;VLC;BRU;BOEING 737-800 WINGLETS;Nubosidad variable;14/04/18
TRA5106;VLC;EIN;BOEING 737-800 WINGLETS;Nubosidad variable;14/04/18
IBE8098;VLC;TFN;BOMBARDIER CRJ-1000;Nubosidad variable;14/04/18
IBE8430;VLC;IBZ;ATR-72;Nubosidad variable;14/04/18
RYR8322;VLC;STN;BOEING 737-800 WINGLETS;Nubosidad variable;14/04/18
ENT512;VLC;NAP;BOEING 737-800 WINGLETS;Nubosidad variable;14/04/18
AEA1007;VLC;CDG;BOEING 737-800 WINGLETS;Nubosidad variable;14/04/18
TAP1097;VLC;LIS;ATR-42/72;Nubosidad variable;14/04/18
AEA4064;VLC;MAD;ATR-72;Nubosidad variable;14/04/18
RYR7216;VLC;IBZ;BOEING 737-800 WINGLETS;Nubosidad variable;14/04/18
IBE8495;MAH;PMI;ATR-42/72;Lluvia moderada;14/04/18
VLG3713;MAH;BCN;32A;Lluvia moderada;14/04/18
IBE8483;MAH;PMI;BOMBARDIER CRJ-1000;Lluvia moderada;14/04/18
VLG3715;MAH;BCN;AIRBUS A320;Lluvia moderada;14/04/18
IBE8660;MAH;VIT;BOMBARDIER CRJ-1000;Lluvia moderada;14/04/18
VLG1341;MAH;ALC;32A;Lluvia moderada;14/04/18
AEA4532;MAH;PMI;ATR-72;Lluvia moderada;14/04/18
VLG2433;MAH;SVQ;AIRBUS A320;Lluvia moderada;14/04/18
IBE8499;MAH;PMI;ATR-42/72;Lluvia moderada;14/04/18
EZY8304;MAH;LGW;AIRBUS A319;Lluvia moderada;14/04/18
RYR6882;MAH;BCN;BOEING 737-800 WINGLETS;Lluvia moderada;14/04/18
IBE8493;MAH;PMI;BOMBARDIER CRJ-1000;Lluvia moderada;14/04/18
VLG3709;MAH;BCN;AIRBUS A320;Lluvia moderada;14/04/18
HOP9615;MAH;LYS;BOMBARDIER CRJ-1000;Lluvia moderada;14/04/18
VLG3701;MAH;BCN;AIRBUS A320;Lluvia moderada;14/04/18
VLG2010;BCN;GRX;32B;Lluvia;14/04/18
VLG7822;BCN;LGW;32B;Lluvia;14/04/18
IBE0831;BCN;MAD;32A;Lluvia;14/04/18
AAL8801;BCN;MAD;32A;Lluvia;14/04/18
CPA1832;BCN;MAD;32A;Lluvia;14/04/18
VLG9741;BCN;MAD;32A;Lluvia;14/04/18
IBE0831S;BCN;MAD;32A;Lluvia;14/04/18
ANE8676;BCN;IBZ;BOMBARDIER CRJ-1000;Lluvia;14/04/18
VLG3916;BCN;PMI;AIRBUS A320;Lluvia;14/04/18
EZY2760;BCN;MXP;AIRBUS A320;Lluvia;14/04/18
AEA6007;BCN;PMI;BOEING 737-800 WINGLETS;Lluvia;14/04/18
EZS1402;BCN;GVA;32A;Lluvia;14/04/18
QTR138;BCN;DOH;BOEING 787-8;Lluvia;14/04/18
KTK7756;BCN;DME;BOEING 737-800 WINGLETS;Lluvia;14/04/18
RYR6396;BCN;SVQ;BOEING 737-800 WINGLETS;Lluvia;14/04/18
TRA5132;BCN;AMS;BOEING 737-700 WINGLETS;Lluvia;14/04/18
VLG1312;BCN;ALC;AIRBUS A320;Lluvia;14/04/18
VLG1292;BCN;LCG;32A;Lluvia;14/04/18
AEA7233;MAD;LCG;EMBRAER ERJ-195;Nubosidad variable;14/04/18
IBE0512;MAD;LCG;AIRBUS A320;Nubosidad variable;14/04/18
AEA7235;MAD;LCG;EMBRAER ERJ-195;Nubosidad variable;14/04/18
VLG3970;PMI;LCG;32A;Lluvia;14/04/18
AEA7237;MAD;LCG;EMBRAER ERJ-195;Nubosidad variable;14/04/18
VLG2011;GRX;BCN;32B;Despejado;14/04/18
IBE8641;GRX;MAD;BOMBARDIER CRJ-1000;Despejado;14/04/18
VLG2021;GRX;BCN;AIRBUS A320;Despejado;14/04/18
AEA5200;GRX;PMI;EMBRAER ERJ-195;Despejado;14/04/18
IBE8645;GRX;MAD;BOMBARDIER CRJ-1000;Despejado;14/04/18
IBE8649;GRX;MAD;CANADAIR CRJ-900;Despejado;14/04/18
VLG2015;GRX;BCN;AIRBUS A320;Despejado;14/04/18
VLG8727;GRX;CDG;AIRBUS A320;Despejado;14/04/18
EZY8172;GRX;LGW;AIRBUS A319;Despejado;14/04/18
VLG2017;GRX;BCN;32A;Despejado;14/04/18
IBE8639;GRX;MAD;BOMBARDIER CRJ-1000;Despejado;15/04/18
VLG2011;GRX;BCN;AIRBUS A320;Despejado;15/04/18
IBE8641;GRX;MAD;BOMBARDIER CRJ-1000;Despejado;15/04/18
IBB203;FUE;LPA;ATR-72;Nubosidad variable;14/04/18
AEA9432;FUE;LPA;ATR-72;Nubosidad variable;14/04/18
VLG3165;FUE;SVQ;AIRBUS A320;Nubosidad variable;14/04/18
IBB415;FUE;TFN;ATR-42/72;Nubosidad variable;14/04/18
VLG1641;FUE;SCQ;AIRBUS A320;Nubosidad variable;14/04/18
TUI2279;FUE;CGN;7S8;Nubosidad variable;14/04/18
IBB237;FUE;LPA;ATR-42/72;Nubosidad variable;14/04/18
OLY627;FUE;STR;AIRBUS A321;Nubosidad variable;14/04/18
CNF804;FUE;LPA;ATR-72;Nubosidad variable;14/04/18
IBB209;FUE;LPA;ATR-72;Nubosidad variable;14/04/18
TUI2117;FUE;DUS;BOEING 737-700;Nubosidad variable;14/04/18
TUI2873;FUE;TXL;BOEING 737-700 WINGLETS;Nubosidad variable;14/04/18
RYR1102;FUE;SXF;BOEING 737-800 WINGLETS;Nubosidad variable;14/04/18
VLG3197;FUE;CDG;AIRBUS A320;Nubosidad variable;14/04/18
TUI2353;FUE;HAM;BOEING 737-800 WINGLETS;Nubosidad variable;14/04/18
IBB211;FUE;LPA;ATR-72;Nubosidad variable;14/04/18
RYR8183;FUE;STN;BOEING 737-800 WINGLETS;Nubosidad variable;14/04/18
IBB423;FUE;TFN;ATR-42/72;Nubosidad variable;14/04/18
IBS3901;FUE;MAD;AIRBUS A320;Nubosidad variable;14/04/18
AEA5001;AGP;MLN;ATR-72;Despejado;14/04/18
IBE8262;AGP;MLN;ATR-72;Despejado;14/04/18
IBE8792;MAD;MLN;ATR-72;Nubosidad variable;14/04/18
IBE8268;AGP;MLN;ATR-72;Despejado;14/04/18
IBE8264;AGP;MLN;ATR-72;Despejado;14/04/18
IBE8270;AGP;MLN;ATR-72;Despejado;14/04/18
IBE8798;MAD;MLN;ATR-72;Nubosidad variable;14/04/18
IBE8272;AGP;MLN;ATR-72;Despejado;14/04/18
IBE8262;AGP;MLN;ATR-72;Despejado;15/04/18
IBK6700;PMI;DUS;BOEING 737-800 WINGLETS;Lluvia;14/04/18
ANE8480;PMI;MAH;BOMBARDIER CRJ-1000;Lluvia;14/04/18
ANE8104;PMI;IBZ;BOMBARDIER CRJ-1000;Lluvia;14/04/18
EWG3593;PMI;HAJ;BOEING 737-800 WINGLETS;Lluvia;14/04/18
TUI2407;PMI;MUC;BOEING 737-800 WINGLETS;Lluvia;14/04/18
EWG585;PMI;CGN;AIRBUS A320;Lluvia;14/04/18
GMI3873;PMI;FMO;AIRBUS A319;Lluvia;14/04/18
VLG3903;PMI;BCN;32B;Lluvia;14/04/18
VLG3935;PMI;ALC;32A;Lluvia;14/04/18
DE1535;PMI;HAJ;AIRBUS A320;Lluvia;14/04/18
AEA1702;PMI;IBZ;ATR-72;Lluvia;14/04/18
TUI2715;PMI;STR;BOEING 737-800 WINGLETS;Lluvia;14/04/18
EWG6804;PMI;FKB;32A;Lluvia;14/04/18
DE1509;PMI;MUC;BOEING 757-300 WINGLETS;Lluvia;14/04/18
TUI2313;PMI;DUS;BOEING 737-800 WINGLETS;Lluvia;14/04/18
EWG2593;PMI;STR;32A;Lluvia;14/04/18
VOE3970;PMI;TLS;BOEING 717;Lluvia;14/04/18
DE1525;PMI;STR;AIRBUS A320;Lluvia;14/04/18
DE1527;PMI;LEJ;32B;Lluvia;14/04/18
VLG3940;PMI;SVQ;AIRBUS A320;Lluvia;14/04/18
LDM313;PMI;STR;AIRBUS A320;Lluvia;14/04/18
IBE8101;IBZ;PMI;BOMBARDIER CRJ-1000;Lluvia débil;14/04/18
RYR8137;IBZ;BCN;BOEING 737-800 WINGLETS;Lluvia débil;14/04/18
VLG3541;IBZ;BCN;32A;Lluvia débil;14/04/18
RYR5355;IBZ;MAD;BOEING 737-800 WINGLETS;Lluvia débil;14/04/18
EWG545;IBZ;CGN;BOEING 737-800 WINGLETS;Lluvia débil;14/04/18
VLG3434;IBZ;MAD;AIRBUS A320;Lluvia débil;14/04/18
EZY2692;IBZ;MXP;32A;Lluvia débil;14/04/18
RYR8333;IBZ;BGY;BOEING 737-800 WINGLETS;Lluvia débil;14/04/18
TRA5672;IBZ;AMS;BOEING 737-800 WINGLETS;Lluvia débil;14/04/18
IBE8105;IBZ;PMI;BOMBARDIER CRJ-1000;Lluvia débil;14/04/18
VLG8181;IBZ;ORY;32B;Lluvia débil;14/04/18
AEA1703;IBZ;PMI;ATR-72;Lluvia débil;14/04/18
IBE8678;IBZ;SCQ;BOMBARDIER CRJ-1000;Lluvia débil;14/04/18
TRA6514;IBZ;EIN;BOEING 737-800 WINGLETS;Lluvia débil;14/04/18
VLG3306;IBZ;FCO;32A;Lluvia débil;14/04/18
CND698;IBZ;AMS;BOEING 737-800 WINGLETS;Lluvia débil;14/04/18
RYR6419;IBZ;NRN;BOEING 737-800 WINGLETS;Lluvia débil;14/04/18
TOM1609;TFS;ABZ;BOEING 737-800 WINGLETS;Nubosidad variable;14/04/18
IBK6472;TFS;CPH;BOEING 737-800 WINGLETS;Nubosidad variable;14/04/18
IBK6410;TFS;EDI;BOEING 737-800 WINGLETS;Nubosidad variable;14/04/18
TVF1151;TFS;ORY;BOEING 737-800 WINGLETS;Nubosidad variable;14/04/18
IBK6512;TFS;MUC;BOEING 737-800 WINGLETS;Nubosidad variable;14/04/18
EDW215;TFS;ZRH;AIRBUS A320;Nubosidad variable;14/04/18
JAF6114;TFS;BRU;7M8;Nubosidad variable;14/04/18
TUI2197;TFS;MUC;BOEING 737-800 WINGLETS;Nubosidad variable;14/04/18
IBB152;TFS;LPA;ATR-72;Nubosidad variable;14/04/18
IBE2233;TFS;LPA;ATR-72;Nubosidad variable;14/04/18
RYR4754;TFS;BRS;BOEING 737-800 WINGLETS;Nubosidad variable;14/04/18
VLG3221;TFS;BCN;AIRBUS A320;Nubosidad variable;14/04/18
VLG3135;TFS;ORY;32B;Nubosidad variable;14/04/18
RYR8167;TFS;STN;BOEING 737-800 WINGLETS;Nubosidad variable;14/04/18
EXS756;TFS;MAN;BOEING 737-800 WINGLETS;Nubosidad variable;14/04/18
RYR1589;TFS;FRA;BOEING 737-800 WINGLETS;Nubosidad variable;14/04/18
FIN1692;TFS;HEL;32B;Nubosidad variable;14/04/18
JAF6704;TFS;CRL;BOEING 737-700 WINGLETS;Nubosidad variable;14/04/18
TFL540;TFS;AMS;BOEING 737-800 WINGLETS;Nubosidad variable;14/04/18
RYR5553;TFS;HHN;BOEING 737-800 WINGLETS;Nubosidad variable;14/04/18
IBB605;TFN;SPC;ATR-42/72;Nubosidad variable;14/04/18
CNF412;TFN;SPC;ATR-72;Nubosidad variable;14/04/18
IBB655;TFN;VDE;ATR-42/72;Nubosidad variable;14/04/18
IBB607;TFN;SPC;ATR-42/72;Nubosidad variable;14/04/18
IBB102;TFN;LPA;BOMBARDIER CRJ-1000;Nubosidad variable;14/04/18
AEA9404;TFN;LPA;ATR-72;Nubosidad variable;14/04/18
CNF612;TFN;LPA;ATR-42/72;Nubosidad variable;14/04/18
AEA9461;TFN;SPC;ATR-72;Nubosidad variable;14/04/18
IBB611;TFN;SPC;ATR-42/72;Nubosidad variable;14/04/18
IBB108;TFN;LPA;BOMBARDIER CRJ-1000;Nubosidad variable;14/04/18
LAV5547;TFN;BIO;BOEING 737-400;Nubosidad variable;14/04/18
IBB651;TFN;GMZ;ATR-42/72;Nubosidad variable;14/04/18
RYR3064;TFN;BCN;BOEING 737-800 WINGLETS;Nubosidad variable;14/04/18
CNF418;TFN;SPC;ATR-72;Nubosidad variable;14/04/18
AEA9047;TFN;MAD;BOEING 737-800 WINGLETS;Nubosidad variable;14/04/18
IBB609;TFN;SPC;ATR-42/72;Nubosidad variable;14/04/18
IBB468;TFN;ACE;ATR-42/72;Nubosidad variable;14/04/18
IBB422;TFN;FUE;ATR-42/72;Nubosidad variable;14/04/18
IBB659;TFN;VDE;ATR-42/72;Nubosidad variable;14/04/18
RYR5279;TFN;MAD;BOEING 737-800 WINGLETS;Nubosidad variable;14/04/18
RYR3491;ACE;NCL;BOEING 737-800 WINGLETS;Nubosidad variable;14/04/18
TVS3439;ACE;BES;BOEING 737-800 WINGLETS;Nubosidad variable;14/04/18
IBB501;ACE;LPA;ATR-72;Nubosidad variable;14/04/18
IBB453;ACE;TFN;ATR-42/72;Nubosidad variable;14/04/18
IBE2277;ACE;TFN;ATR-42/72;Nubosidad variable;14/04/18
TVS3441;ACE;LIL;BOEING 737-800 WINGLETS;Nubosidad variable;14/04/18
CNF704;ACE;LPA;ATR-42/72;Nubosidad variable;14/04/18
VLG3161;ACE;SVQ;AIRBUS A320;Nubosidad variable;14/04/18
TVS2415;ACE;DOL;BOEING 737-800 WINGLETS;Nubosidad variable;14/04/18
TVP7307;ACE;WAW;BOEING 737-800 WINGLETS;Nubosidad variable;14/04/18
VLG3281;ACE;BIO;AIRBUS A320;Nubosidad variable;14/04/18
IBB505;ACE;LPA;ATR-42/72;Nubosidad variable;14/04/18
IBB507;ACE;LPA;ATR-42/72;Nubosidad variable;14/04/18
AEA9076;ACE;MAD;BOEING 737-800 WINGLETS;Nubosidad variable;14/04/18
EZS1250;ACE;BSL;AIRBUS A320;Nubosidad variable;14/04/18
RYR6209;ACE;NRN;BOEING 737-800 WINGLETS;Nubosidad variable;14/04/18
VLG2481;ACE;BCN;AIRBUS A320;Nubosidad variable;14/04/18
RYR7125;ACE;DUB;BOEING 737-800 WINGLETS;Nubosidad variable;14/04/18
AEA9018;LPA;MAD;BOEING 737-800 WINGLETS;Abertura de claros;14/04/18
CNF703;LPA;ACE;ATR-72;Abertura de claros;14/04/18
DK1403;LPA;UME;32B;Abertura de claros;14/04/18
CNF803;LPA;FUE;ATR-72;Abertura de claros;14/04/18
IBB107;LPA;TFN;BOMBARDIER CRJ-1000;Abertura de claros;14/04/18
IBB236;LPA;FUE;ATR-72;Abertura de claros;14/04/18
IBB506;LPA;ACE;ATR-72;Abertura de claros;14/04/18
ENT988;LPA;CDG;BOEING 737-800;Abertura de claros;14/04/18
IBB119;LPA;TFN;BOMBARDIER CRJ-1000;Abertura de claros;14/04/18
IBK5874;LPA;BGO;BOEING 737-800 WINGLETS;Abertura de claros;14/04/18
TUI2169;LPA;STR;7S8;Abertura de claros;14/04/18
AEA9415;LPA;TFN;ATR-72;Abertura de claros;14/04/18
IBB208;LPA;FUE;ATR-72;Abertura de claros;14/04/18
AEA9447;LPA;ACE;ATR-72;Abertura de claros;14/04/18
RYR2032;LPA;MAD;BOEING 737-800 WINGLETS;Abertura de claros;14/04/18
IBK5962;LPA;MUC;BOEING 737-800 WINGLETS;Abertura de claros;14/04/18
IBB210;LPA;FUE;ATR-72;Abertura de claros;14/04/18
AEA9161;LPA;MAD;BOEING 787-8;Abertura de claros;14/04/18
RYR6333;SCQ;BCN;BOEING 737-800 WINGLETS;Nubosidad variable;14/04/18
IBS3877;SCQ;MAD;AIRBUS A320;Nubosidad variable;14/04/18
EZS1338;SCQ;GVA;AIRBUS A320;Nubosidad variable;14/04/18
VLG1671;SCQ;BCN;32A;Nubosidad variable;14/04/18
EZY8590;SCQ;LGW;AIRBUS A319;Nubosidad variable;14/04/18
IBE8204;SCQ;TFN;CANADAIR CRJ-900;Nubosidad variable;14/04/18
IBS9517;SCQ;PMI;AIRBUS A320;Nubosidad variable;14/04/18
RYR724;SCQ;PMI;BOEING 737-800 WINGLETS;Nubosidad variable;14/04/18
IBE8679;SCQ;IBZ;BOMBARDIER CRJ-1000;Nubosidad variable;14/04/18
AEA7116;SCQ;ACE;BOEING 737-800 WINGLETS;Nubosidad variable;14/04/18
VLG7515;SCQ;ZRH;AIRBUS A320;Nubosidad variable;14/04/18
EZY2682;SCQ;MXP;AIRBUS A319;Nubosidad variable;14/04/18
IBS3875;SCQ;MAD;AIRBUS A320;Nubosidad variable;14/04/18
SWR2553;SCQ;ZRH;AIRBUS A320;Nubosidad variable;14/04/18
RYR2574;SCQ;AGP;BOEING 737-800 WINGLETS;Nubosidad variable;14/04/18
RYR4478;SCQ;HHN;BOEING 737-800 WINGLETS;Nubosidad variable;14/04/18
DLH1111;SCQ;FRA;AIRBUS A320;Nubosidad variable;14/04/18
EIN743;SCQ;DUB;AIRBUS A320;Nubosidad variable;14/04/18
IBS3879;SCQ;MAD;AIRBUS A320;Nubosidad variable;14/04/18
IBE0410;MAD;XRY;32A;Nubosidad variable;14/04/18
VLG2614;BIO;XRY;32A;Chubascos dispersos;14/04/18
VLG2286;BCN;XRY;BOEING 737-800 WINGLETS;Lluvia;14/04/18
IBE0404;MAD;XRY;AIRBUS A319;Nubosidad variable;14/04/18
RYR1283;BCN;XRY;BOEING 737-800 WINGLETS;Lluvia;14/04/18
IBE0406;MAD;XRY;AIRBUS A319;Nubosidad variable;14/04/18
IBE8861;SDR;MAD;BOMBARDIER CRJ-1000;Nubosidad variable;14/04/18
IBE8951;MAH;MAD;CANADAIR CRJ-900;Lluvia moderada;14/04/18
IBE8317;EAS;MAD;ATR-72;Lluvia débil;14/04/18
IBB604;SPC;TFN;ATR-42/72;Abertura de claros;14/04/18
IBB606;SPC;TFN;ATR-42/72;Abertura de claros;14/04/18
IBE2282;SPC;TFN;ATR-42/72;Abertura de claros;14/04/18
IBB304;SPC;LPA;ATR-72;Abertura de claros;14/04/18
CNF413;SPC;TFN;ATR-72;Abertura de claros;14/04/18
IBB608;SPC;TFN;ATR-42/72;Abertura de claros;14/04/18
AEA9462;SPC;TFN;ATR-72;Abertura de claros;14/04/18
IBB612;SPC;TFN;ATR-72;Abertura de claros;14/04/18
CNF419;SPC;TFN;ATR-72;Abertura de claros;14/04/18
IBB610;SPC;TFN;ATR-42/72;Abertura de claros;14/04/18
EZY8712;SPC;LGW;32A;Abertura de claros;14/04/18
AEA9464;SPC;TFN;ATR-72;Abertura de claros;14/04/18
IBB620;SPC;TFN;ATR-72;Abertura de claros;14/04/18
EWG9545;SPC;DUS;32A;Abertura de claros;14/04/18
GMI3953;SPC;HAM;AIRBUS A319;Abertura de claros;14/04/18
EWG7529;SPC;HAM;32A;Abertura de claros;14/04/18
IBB622;SPC;TFN;ATR-42/72;Abertura de claros;14/04/18
IBS3843;SPC;MAD;AIRBUS A320;Abertura de claros;14/04/18
CNF453;SPC;TFN;ATR-72;Abertura de claros;14/04/18
IBB632;SPC;TFN;ATR-42/72;Abertura de claros;14/04/18
IBE7265;SPC;TFN;ATR-42/72;Abertura de claros;14/04/18
AEA9466;SPC;TFN;ATR-72;Abertura de claros;14/04/18
VLG3249;SPC;BCN;AIRBUS A320;Abertura de claros;14/04/18
RYR2714;ALC;LGW;BOEING 737-800 WINGLETS;Despejado;14/04/18
RYR4079;ALC;NCL;BOEING 737-800 WINGLETS;Despejado;14/04/18
VLG1303;ALC;BCN;AIRBUS A320;Despejado;14/04/18
AEA4025;ALC;PMI;ATR-72;Despejado;14/04/18
EZS1426;ALC;GVA;AIRBUS A319;Despejado;14/04/18
EZS1086;ALC;BSL;AIRBUS A320;Despejado;14/04/18
RYR9054;ALC;FKB;BOEING 737-800 WINGLETS;Despejado;14/04/18
RYR2934;ALC;BRU;BOEING 737-800 WINGLETS;Despejado;14/04/18
BEL3772;ALC;BRU;AIRBUS A320;Despejado;14/04/18
JAF6572;ALC;CRL;EMBRAER 190;Despejado;14/04/18
JAF6794;ALC;ANR;EMBRAER 190;Despejado;14/04/18
JAF6158;ALC;BRU;BOEING 737-800 WINGLETS;Despejado;14/04/18
EZY8660;ALC;LGW;AIRBUS A319;Despejado;14/04/18
RYR9064;ALC;BGY;BOEING 737-800 WINGLETS;Despejado;14/04/18
ANE8391;ALC;MAD;BOMBARDIER CRJ-1000;Despejado;14/04/18
WZZ1488;ALC;WAW;32A;Despejado;14/04/18
EWG2265;ALC;STR;AIRBUS A319;Despejado;14/04/18
TRA6144;ALC;AMS;BOEING 737-800 WINGLETS;Despejado;14/04/18
EZY6072;ALC;BRS;AIRBUS A319;Despejado;14/04/18
QTR3622;BCN;VGO;AIRBUS A320;Despejado;17/04/18
VLG1702;BCN;VGO;AIRBUS A320;Lluvia;14/04/18
IBE5512;BCN;VGO;AIRBUS A320;Lluvia;14/04/18
IBE0530;MAD;VGO;AIRBUS A319;Nubosidad variable;14/04/18
AEA7302;MAD;VGO;EMBRAER ERJ-195;Nubosidad variable;14/04/18
IBE0532;MAD;VGO;AIRBUS A319;Nubosidad variable;14/04/18
EVE1123;ALC;VGO;32A;Despejado;14/04/18
AEA7300;MAD;VGO;EMBRAER ERJ-195;Nubosidad variable;14/04/18
RYR245;BCN;VGO;BOEING 737-800 WINGLETS;Lluvia;14/04/18
AEA7306;MAD;VGO;EMBRAER ERJ-195;Nubosidad variable;14/04/18
IBE0488;MAD;OVD;AIRBUS A320;Nubosidad variable;14/04/18
VLG1579;BCN;OVD;AIRBUS A320;Lluvia;14/04/18
IBS3612;TFN;OVD;AIRBUS A320;Nubosidad variable;14/04/18
IBS3980;MAD;OVD;AIRBUS A320;Nubosidad variable;14/04/18
IBE0480;MAD;OVD;32A;Nubosidad variable;14/04/18
VLG3138;ACE;OVD;AIRBUS A320;Nubosidad variable;14/04/18
VLG1573;BCN;OVD;AIRBUS A320;Lluvia;15/04/18
IBE8594;MAD;LEI;CANADAIR CRJ-900;Nubosidad variable;14/04/18
VLG1251;BCN;LEI;32A;Lluvia;14/04/18
IBE8598;MAD;LEI;CANADAIR CRJ-200;Nubosidad variable;14/04/18
IBE8592;MAD;LEI;BOMBARDIER CRJ-1000;Nubosidad variable;14/04/18
IBE8594;MAD;LEI;BOMBARDIER CRJ-1000;Nubosidad variable;15/04/18
AEA2887;BCN;LEI;BOEING 737-800 WINGLETS;Lluvia;15/04/18
IBE0448;MAD;BIO;AIRBUS A319;Nubosidad variable;14/04/18
VLG2505;BIO;SVQ;AIRBUS A320;Chubascos dispersos;13/04/18
VLG1440;BCN;BIO;32A;Lluvia;14/04/18
AEA7506;PMI;BIO;EMBRAER ERJ-195;Lluvia;14/04/18
AEA2659;BCN;BIO;BOEING 737-800 WINGLETS;Lluvia;14/04/18
IBE0426;MAD;BIO;AIRBUS A320;Nubosidad variable;14/04/18
VLG2509;SVQ;BIO;AIRBUS A320;Despejado;14/04/18
VLG3281;ACE;BIO;AIRBUS A320;Nubosidad variable;14/04/18
VLG1293;LCG;BCN;32A;Nubosidad variable;14/04/18
AEA2001;MAD;BCN;AIRBUS A330-200;Nubosidad variable;14/04/18
IBS3866;MAD;AGP;AIRBUS A320;Nubosidad variable;14/04/18
AEA5035;MAD;AGP;ATR-72;Nubosidad variable;14/04/18
IBE8261;MLN;AGP;ATR-72;Nubosidad variable;14/04/18
VLG2115;BCN;AGP;32B;Lluvia;14/04/18
VLG2010;BCN;GRX;32B;Lluvia;14/04/18
IBE8640;MAD;GRX;BOMBARDIER CRJ-1000;Nubosidad variable;14/04/18
VLG2020;BCN;GRX;AIRBUS A320;Lluvia;14/04/18
AEA5201;PMI;GRX;EMBRAER ERJ-195;Lluvia;14/04/18
IBE8646;MAD;GRX;BOMBARDIER CRJ-1000;Nubosidad variable;14/04/18
IBE8642;MAD;GRX;CANADAIR CRJ-900;Nubosidad variable;14/04/18
VLG2014;BCN;GRX;AIRBUS A320;Lluvia;14/04/18
VLG2016;BCN;GRX;32A;Lluvia;14/04/18
IBE8648;MAD;GRX;BOMBARDIER CRJ-1000;Nubosidad variable;14/04/18
VLG2010;BCN;GRX;AIRBUS A321;Lluvia;15/04/18
IBE8640;MAD;GRX;BOMBARDIER CRJ-1000;Nubosidad variable;15/04/18
IBB500;LPA;ACE;BOMBARDIER CRJ-1000;Abertura de claros;14/04/18
IBB452;TFN;ACE;ATR-42/72;Nubosidad variable;14/04/18
CNF703;LPA;ACE;ATR-72;Abertura de claros;14/04/18
VLG3160;SVQ;ACE;AIRBUS A320;Despejado;14/04/18
VLG3280;BIO;ACE;AIRBUS A320;Chubascos dispersos;14/04/18
IBB506;LPA;ACE;ATR-72;Abertura de claros;14/04/18
AEA9073;MAD;ACE;BOEING 737-800 WINGLETS;Nubosidad variable;14/04/18
AEA9447;LPA;ACE;ATR-72;Abertura de claros;14/04/18
VLG2480;BCN;ACE;AIRBUS A320;Lluvia;14/04/18
IBE8480;PMI;MAH;BOMBARDIER CRJ-1000;Despejado;17/04/18
VLG3714;BCN;MAH;AIRBUS A320;Lluvia;14/04/18
IBE8482;PMI;MAH;BOMBARDIER CRJ-1000;Despejado;17/04/18
VLG1340;ALC;MAH;32A;Despejado;14/04/18
AEA4537;PMI;MAH;ATR-72;Lluvia;14/04/18
VLG2432;SVQ;MAH;AIRBUS A320;Despejado;14/04/18
IBE8498;PMI;MAH;ATR-42/72;Despejado;17/04/18
IBE8661;VIT;MAH;BOMBARDIER CRJ-1000;Chubascos dispersos;14/04/18
AEA4531;PMI;MAH;ATR-72;Lluvia;14/04/18
RYR6881;BCN;MAH;BOEING 737-800 WINGLETS;Lluvia;14/04/18
VLG3716;BCN;MAH;AIRBUS A320;Lluvia;14/04/18
VLG3700;BCN;MAH;AIRBUS A320;Lluvia;14/04/18
IBE8492;PMI;MAH;ATR-42/72;Despejado;17/04/18
IBE8986;MAD;VLC;BOMBARDIER CRJ-1000;Nubosidad variable;14/04/18
AAL8555;MAD;VLC;BOMBARDIER CRJ-1000;Nubosidad variable;14/04/18
IBE8036;MAD;VLC;BOMBARDIER CRJ-1000;Nubosidad variable;14/04/18
IBE8841;SVQ;VLC;ATR-72;Despejado;14/04/18
ANE8101;IBZ;PMI;BOMBARDIER CRJ-1000;Despejado;17/04/18
VLG3941;PMI;SVQ;AIRBUS A320;Lluvia;13/04/18
IBS3918;MAD;PMI;AIRBUS A321;Nubosidad variable;14/04/18
RYR6362;BCN;PMI;BOEING 737-800 WINGLETS;Lluvia;14/04/18
ANE8495;MAH;PMI;ATR-42/72;Despejado;17/04/18
VOE3590;OVD;PMI;BOEING 717;Nubes altas;14/04/18
AEA6007;BCN;PMI;BOEING 737-800 WINGLETS;Lluvia;14/04/18
RYR6332;BCN;SCQ;BOEING 737-800 WINGLETS;Lluvia;14/04/18
IBS3876;MAD;SCQ;AIRBUS A320;Nubosidad variable;14/04/18
VLG1670;BCN;SCQ;32A;Lluvia;14/04/18
IBS9508;PMI;SCQ;AIRBUS A320;Lluvia;14/04/18
RYR5315;MAD;SCQ;BOEING 737-800 WINGLETS;Nubosidad variable;14/04/18
AEA7136;LPA;SCQ;BOEING 737-800 WINGLETS;Abertura de claros;14/04/18
IBE8678;IBZ;SCQ;BOMBARDIER CRJ-1000;Lluvia débil;14/04/18
VLG1641;FUE;SCQ;AIRBUS A320;Nubosidad variable;14/04/18
IBS3874;MAD;SCQ;AIRBUS A320;Nubosidad variable;14/04/18
RYR2573;AGP;SCQ;BOEING 737-800 WINGLETS;Despejado;14/04/18
RYR723;PMI;SCQ;BOEING 737-800 WINGLETS;Lluvia;14/04/18
IBS3878;MAD;SCQ;AIRBUS A320;Nubosidad variable;14/04/18
AEA9403;LPA;TFN;ATR-72;Abertura de claros;14/04/18
IBB604;SPC;TFN;ATR-42/72;Abertura de claros;14/04/18
IBB107;LPA;TFN;BOMBARDIER CRJ-1000;Abertura de claros;14/04/18
AEA9059;MAD;TFN;BOEING 737-800 WINGLETS;Nubosidad variable;14/04/18
IBB606;SPC;TFN;ATR-42/72;Abertura de claros;14/04/18
RYR3063;BCN;TFN;BOEING 737-800 WINGLETS;Lluvia;14/04/18
RYR5278;MAD;TFN;BOEING 737-800 WINGLETS;Nubosidad variable;14/04/18
IBB453;ACE;TFN;ATR-42/72;Nubosidad variable;14/04/18
IBB415;FUE;TFN;ATR-42/72;Nubosidad variable;14/04/18
CNF413;SPC;TFN;ATR-72;Abertura de claros;14/04/18
IBB608;SPC;TFN;ATR-42/72;Abertura de claros;14/04/18
IBB119;LPA;TFN;BOMBARDIER CRJ-1000;Abertura de claros;14/04/18
IBB656;VDE;TFN;ATR-42/72;Despejado;14/04/18
VLG3260;BIO;TFN;32A;Chubascos dispersos;14/04/18
AEA9415;LPA;TFN;ATR-72;Abertura de claros;14/04/18
AEA9462;SPC;TFN;ATR-72;Abertura de claros;14/04/18
IBB612;SPC;TFN;ATR-72;Abertura de claros;14/04/18
IBK5756;BCN;TFN;BOEING 737-800 WINGLETS;Lluvia;14/04/18
IBS3942;MAD;TFN;32A;Nubosidad variable;14/04/18
IBB650;GMZ;TFN;ATR-42/72;Nubes altas;14/04/18
CNF419;SPC;TFN;ATR-72;Abertura de claros;14/04/18
IBB109;LPA;TFN;ATR-72;Abertura de claros;14/04/18
IBE8104;PMI;IBZ;BOMBARDIER CRJ-1000;Despejado;17/04/18
IBE8676;BCN;IBZ;BOMBARDIER CRJ-1000;Despejado;17/04/18
AEA1702;PMI;IBZ;ATR-72;Lluvia;14/04/18
VLG3508;BCN;IBZ;32A;Lluvia;14/04/18
IBE8106;PMI;IBZ;ATR-42/72;Despejado;17/04/18
IBE8430;VLC;IBZ;ATR-72;Nubosidad variable;14/04/18
IBB102;TFN;LPA;BOMBARDIER CRJ-1000;Nubosidad variable;14/04/18
CNF612;TFN;LPA;ATR-42/72;Nubosidad variable;14/04/18
AEA9404;TFN;LPA;ATR-72;Nubosidad variable;14/04/18
IBB203;FUE;LPA;ATR-72;Nubosidad variable;14/04/18
AEA9432;FUE;LPA;ATR-72;Nubosidad variable;14/04/18
RYR2031;MAD;LPA;BOEING 737-800 WINGLETS;Nubosidad variable;14/04/18
AEA9156;MAD;LPA;BOEING 787-8;Nubosidad variable;14/04/18
IBB501;ACE;LPA;ATR-72;Nubosidad variable;14/04/18
CNF704;ACE;LPA;ATR-42/72;Nubosidad variable;14/04/18
IBB108;TFN;LPA;BOMBARDIER CRJ-1000;Nubosidad variable;14/04/18
IBB304;SPC;LPA;ATR-72;Abertura de claros;14/04/18
IBB237;FUE;LPA;ATR-42/72;Nubosidad variable;14/04/18
VLG3220;BCN;TFS;AIRBUS A320;Lluvia;14/04/18
IBB123;LPA;TFS;ATR-72;Abertura de claros;14/04/18
ANE8390;MAD;ALC;BOMBARDIER CRJ-1000;Despejado;17/04/18
AAL8531;MAD;ALC;BOMBARDIER CRJ-1000;Nubosidad variable;14/04/18
VLG3935;PMI;ALC;32A;Lluvia;14/04/18
ANE8387;BIO;ALC;BOMBARDIER CRJ-1000;Despejado;17/04/18
VLG1312;BCN;ALC;AIRBUS A320;Lluvia;14/04/18
AEA9431;LPA;FUE;ATR-72;Abertura de claros;14/04/18
IBB200;LPA;FUE;ATR-72;Abertura de claros;14/04/18
VLG3164;SVQ;FUE;AIRBUS A320;Despejado;14/04/18
VLG1640;SCQ;FUE;AIRBUS A320;Nubosidad variable;14/04/18
IBB414;TFN;FUE;ATR-42/72;Nubosidad variable;14/04/18
CNF803;LPA;FUE;ATR-72;Abertura de claros;14/04/18
IBB236;LPA;FUE;ATR-72;Abertura de claros;14/04/18
IBB208;LPA;FUE;ATR-72;Abertura de claros;14/04/18
IBB210;LPA;FUE;ATR-72;Abertura de claros;14/04/18
IBS3900;MAD;FUE;AIRBUS A320;Nubosidad variable;14/04/18
IBB422;TFN;FUE;ATR-42/72;Nubosidad variable;14/04/18
IBB605;TFN;SPC;ATR-42/72;Nubosidad variable;14/04/18
IBB309;LPA;SPC;ATR-72;Abertura de claros;14/04/18
CNF412;TFN;SPC;ATR-72;Nubosidad variable;14/04/18
IBB607;TFN;SPC;ATR-42/72;Nubosidad variable;14/04/18
AEA9461;TFN;SPC;ATR-72;Nubosidad variable;14/04/18
IBB611;TFN;SPC;ATR-42/72;Nubosidad variable;14/04/18
CNF418;TFN;SPC;ATR-72;Nubosidad variable;14/04/18
IBB609;TFN;SPC;ATR-42/72;Nubosidad variable;14/04/18
AEA9463;TFN;SPC;ATR-72;Nubosidad variable;14/04/18
IBB619;TFN;SPC;ATR-72;Nubosidad variable;14/04/18
IBB621;TFN;SPC;ATR-42/72;Nubosidad variable;14/04/18
IBS3842;MAD;SPC;AIRBUS A320;Nubosidad variable;14/04/18
CNF452;TFN;SPC;ATR-72;Nubosidad variable;14/04/18
IBB631;TFN;SPC;ATR-42/72;Nubosidad variable;14/04/18
IBE2228;TFN;SPC;ATR-42/72;Despejado;17/04/18
VLG3248;BCN;SPC;AIRBUS A320;Lluvia;14/04/18
AEA9465;TFN;SPC;ATR-72;Nubosidad variable;14/04/18
IBS3954;MAD;SVQ;AIRBUS A320;Nubosidad variable;14/04/18
VLG2212;BCN;SVQ;AIRBUS A320;Lluvia;14/04/18
VLG2216;BCN;SVQ;32B;Lluvia;14/04/18
RYR6396;BCN;SVQ;BOEING 737-800 WINGLETS;Lluvia;14/04/18
VLG3940;PMI;SVQ;AIRBUS A320;Lluvia;14/04/18
VLG3165;FUE;SVQ;AIRBUS A320;Nubosidad variable;14/04/18
VLG3161;ACE;SVQ;AIRBUS A320;Nubosidad variable;14/04/18
IBS3950;MAD;SVQ;AIRBUS A320;Nubosidad variable;14/04/18
RYR5273;PMI;SVQ;BOEING 737-800 WINGLETS;Lluvia;14/04/18
RYR2036;VIT;SVQ;BOEING 737-800 WINGLETS;Chubascos dispersos;14/04/18
VLG2210;BCN;SVQ;AIRBUS A320;Lluvia;14/04/18
VLG2510;BIO;SVQ;AIRBUS A320;Chubascos dispersos;14/04/18
IBS9526;PMI;SVQ;AIRBUS A320;Lluvia;14/04/18
RYR6321;VLL;BCN;BOEING 737-800 WINGLETS;Nubosidad variable;14/04/18
IBB650;GMZ;TFN;ATR-42/72;Nubes altas;14/04/18
IBB652;GMZ;TFN;ATR-42/72;Nubes altas;14/04/18
IBE8525;PNA;MAD;CANADAIR CRJ-200;Abertura de claros;14/04/18
IBE8529;PNA;MAD;BOMBARDIER CRJ-1000;Abertura de claros;15/04/18
RYR2035;SVQ;VIT;BOEING 737-800 WINGLETS;Despejado;14/04/18
IBE8660;MAH;VIT;BOMBARDIER CRJ-1000;Lluvia moderada;14/04/18
RYR6320;BCN;VLL;BOEING 737-800 WINGLETS;Lluvia;14/04/18
IBE8327;EAS;MAD;ATR-72;Lluvia débil;14/04/18
IBE8319;EAS;MAD;ATR-72;Lluvia débil;14/04/18
VLG2489;EAS;BCN;AIRBUS A319;Lluvia débil;14/04/18
IBE8317;EAS;MAD;ATR-72;Lluvia débil;15/04/18
VLG2487;EAS;BCN;AIRBUS A319;Lluvia débil;15/04/18
IBE8524;MAD;PNA;CANADAIR CRJ-200;Nubosidad variable;14/04/18
IBE8526;MAD;PNA;BOMBARDIER CRJ-1000;Nubosidad variable;14/04/18
RYR7235;ZAZ;BVA;BOEING 737-800 WINGLETS;Nubes altas;14/04/18
WZZ3192;ZAZ;OTP;AIRBUS A320;Nubes altas;14/04/18
AEA4032;ZAZ;PMI;EMBRAER ERJ-195;Nubes altas;14/04/18
WZZ3418;ZAZ;CLJ;AIRBUS A320;Nubes altas;14/04/18
RYR2635;ZAZ;STN;BOEING 737-800 WINGLETS;Nubes altas;14/04/18
RYR4634;ZAZ;BGY;BOEING 737-800 WINGLETS;Nubes altas;15/04/18
AEA5002;MLN;AGP;ATR-72;Nubosidad variable;14/04/18
IBE8273;MLN;AGP;ATR-72;Nubosidad variable;14/04/18
IBE8263;MLN;AGP;ATR-72;Nubosidad variable;14/04/18
IBE8269;MLN;AGP;ATR-72;Nubosidad variable;14/04/18
IBE8793;MLN;MAD;ATR-72;Nubosidad variable;14/04/18
IBE8271;MLN;AGP;ATR-72;Nubosidad variable;14/04/18
IBE8261;MLN;AGP;ATR-72;Nubosidad variable;15/04/18
IBE8789;MLN;MAD;ATR-72;Nubosidad variable;15/04/18
IBE8316;MAD;EAS;ATR-72;Nubosidad variable;14/04/18
IBE8322;MAD;EAS;ATR-72;Nubosidad variable;14/04/18
VLG2488;BCN;EAS;AIRBUS A319;Lluvia;14/04/18
IBE8324;MAD;EAS;ATR-72;Nubosidad variable;14/04/18
VLG2486;BCN;EAS;AIRBUS A319;Lluvia;15/04/18
IBB656;VDE;TFN;ATR-42/72;Despejado;14/04/18
IBB660;VDE;TFN;ATR-42/72;Despejado;14/04/18
IBB664;VDE;TFN;ATR-42/72;Despejado;14/04/18
IBB366;VDE;LPA;ATR-72;Despejado;14/04/18
IBS2247;VDE;TFN;ATR-72;Despejado;14/04/18
CNF248;VDE;TFN;ATR-42/72;Despejado;14/04/18
IBB674;VDE;TFN;ATR-42/72;Despejado;14/04/18
IBB656;VDE;TFN;ATR-72;Despejado;15/04/18
TAP1085;LCG;LIS;ATR-42/72;Nubosidad variable;14/04/18
VLG3971;LCG;PMI;32A;Nubosidad variable;14/04/18
AEA7234;LCG;MAD;EMBRAER ERJ-195;Nubosidad variable;14/04/18
IBE0513;LCG;MAD;AIRBUS A320;Nubosidad variable;14/04/18
AEA7236;LCG;MAD;EMBRAER ERJ-195;Nubosidad variable;14/04/18
VLG7104;LCG;LHR;32A;Nubosidad variable;14/04/18
AEA7238;LCG;MAD;EMBRAER ERJ-195;Nubosidad variable;14/04/18
VLG1291;LCG;BCN;AIRBUS A320;Nubosidad variable;14/04/18
IBE0511;LCG;MAD;AIRBUS A320;Nubosidad variable;15/04/18
VLG3133;LCG;LPA;AIRBUS A320;Nubosidad variable;15/04/18
JAF6944;LEI;BRU;EMBRAER 190;Despejado;14/04/18
IBE8595;LEI;MAD;CANADAIR CRJ-900;Despejado;14/04/18
EZY8164;LEI;LGW;32A;Despejado;14/04/18
IBE8577;LEI;MAD;CANADAIR CRJ-200;Despejado;14/04/18
IBE8601;LEI;MAD;BOMBARDIER CRJ-1000;Despejado;14/04/18
BAW421;LEI;LHR;AIRBUS A319;Despejado;14/04/18
TRA5644;LEI;RTM;BOEING 737-700 WINGLETS;Despejado;14/04/18
RYR7319;LEI;DUB;BOEING 737-800 WINGLETS;Despejado;14/04/18
BEL3776;LEI;BRU;AIRBUS A320;Despejado;15/04/18
EZY8164;LEI;LGW;AIRBUS A319;Despejado;15/04/18
IBE8595;LEI;MAD;BOMBARDIER CRJ-1000;Despejado;15/04/18
AEA2634;LEI;ZAZ;BOEING 737-800 WINGLETS;Despejado;15/04/18
AFR1477;BIO;CDG;EMBRAER 170;Chubascos dispersos;14/04/18
IBE0423;BIO;MAD;AIRBUS A319;Chubascos dispersos;14/04/18
VLG2614;BIO;XRY;32A;Chubascos dispersos;14/04/18
DLH1825;BIO;MUC;32A;Chubascos dispersos;14/04/18
VLG1540;BIO;FCO;32A;Chubascos dispersos;14/04/18
KLM1686;BIO;AMS;EMBRAER 190;Chubascos dispersos;14/04/18
BAW467;BIO;LHR;AIRBUS A320;Chubascos dispersos;14/04/18
AEA7158;BIO;MAD;EMBRAER ERJ-195;Chubascos dispersos;14/04/18
AEA2674;BIO;ALC;BOEING 737-800 WINGLETS;Chubascos dispersos;14/04/18
IBE0447;BIO;MAD;AIRBUS A321;Chubascos dispersos;14/04/18
EZS1440;BIO;GVA;AIRBUS A319;Chubascos dispersos;14/04/18
VLG2510;BIO;SVQ;AIRBUS A320;Chubascos dispersos;14/04/18
BEL3714;BIO;BRU;AIRBUS A319;Chubascos dispersos;14/04/18
DLH1143;BIO;FRA;AIRBUS A320;Chubascos dispersos;14/04/18
AEA4033;PMI;ZAZ;EMBRAER ERJ-195;Lluvia;14/04/18
VLG2010;BCN;GRX;32B;Lluvia;14/04/18
IBE8640;MAD;GRX;BOMBARDIER CRJ-1000;Nubosidad variable;14/04/18
VLG2020;BCN;GRX;AIRBUS A320;Lluvia;14/04/18
AEA5201;PMI;GRX;EMBRAER ERJ-195;Lluvia;14/04/18
IBE8646;MAD;GRX;BOMBARDIER CRJ-1000;Nubosidad variable;14/04/18
IBE8642;MAD;GRX;CANADAIR CRJ-900;Nubosidad variable;14/04/18
VLG2014;BCN;GRX;AIRBUS A320;Lluvia;14/04/18
VLG2016;BCN;GRX;32A;Lluvia;14/04/18
IBE8648;MAD;GRX;BOMBARDIER CRJ-1000;Nubosidad variable;14/04/18
VLG2010;BCN;GRX;AIRBUS A321;Lluvia;15/04/18
IBE8640;MAD;GRX;BOMBARDIER CRJ-1000;Nubosidad variable;15/04/18
IBE5903;VGO;BCN;AIRBUS A320;Nubosidad variable;14/04/18
QTR3537;VGO;BCN;AIRBUS A320;Nubosidad variable;14/04/18
VLG1703;VGO;BCN;AIRBUS A320;Nubosidad variable;14/04/18
IBE0531;VGO;MAD;AIRBUS A319;Nubosidad variable;14/04/18
RYR7142;VGO;EDI;BOEING 737-800 WINGLETS;Nubosidad variable;14/04/18
AEA7315;VGO;MAD;EMBRAER ERJ-195;Nubosidad variable;14/04/18
IBE0533;VGO;MAD;AIRBUS A319;Nubosidad variable;14/04/18
EVE1124;VGO;ALC;AIRBUS A320;Nubosidad variable;14/04/18
TAP1141;VGO;LIS;ATR-72;Nubosidad variable;14/04/18
AEA7317;VGO;MAD;EMBRAER ERJ-195;Nubosidad variable;14/04/18
RYR246;VGO;BCN;BOEING 737-800 WINGLETS;Nubosidad variable;14/04/18
AEA7319;VGO;MAD;EMBRAER ERJ-195;Nubosidad variable;14/04/18
AEA7311;VGO;MAD;EMBRAER ERJ-195;Nubosidad variable;15/04/18
RYR6385;SDR;BCN;BOEING 737-800 WINGLETS;Nubosidad variable;14/04/18
IBE0555;SDR;MAD;AIRBUS A319;Nubosidad variable;14/04/18
RYR4793;SDR;BGY;BOEING 737-800 WINGLETS;Nubosidad variable;14/04/18
RYR2594;SDR;AGP;BOEING 737-800 WINGLETS;Nubosidad variable;14/04/18
RYR2215;SDR;VLC;BOEING 737-800 WINGLETS;Nubosidad variable;14/04/18
IBE0557;SDR;MAD;AIRBUS A319;Nubosidad variable;14/04/18
RYR1573;SDR;SXF;BOEING 737-800 WINGLETS;Nubosidad variable;14/04/18
WZZ1480;SDR;WAW;AIRBUS A320;Nubosidad variable;15/04/18
RYR7617;SDR;EDI;BOEING 737-800 WINGLETS;Nubosidad variable;15/04/18
RYR6333;SCQ;BCN;BOEING 737-800 WINGLETS;Nubosidad variable;14/04/18
IBS3877;SCQ;MAD;AIRBUS A320;Nubosidad variable;14/04/18
VLG1671;SCQ;BCN;32A;Nubosidad variable;14/04/18
EZY8590;SCQ;LGW;AIRBUS A319;Nubosidad variable;14/04/18
IBE8204;SCQ;TFN;CANADAIR CRJ-900;Nubosidad variable;14/04/18
IBS9517;SCQ;PMI;AIRBUS A320;Nubosidad variable;14/04/18
RYR724;SCQ;PMI;BOEING 737-800 WINGLETS;Nubosidad variable;14/04/18
AEA7116;SCQ;ACE;BOEING 737-800 WINGLETS;Nubosidad variable;14/04/18
IBE8679;SCQ;IBZ;BOMBARDIER CRJ-1000;Nubosidad variable;14/04/18
VLG7515;SCQ;ZRH;AIRBUS A320;Nubosidad variable;14/04/18
EZY2682;SCQ;MXP;AIRBUS A319;Nubosidad variable;14/04/18
IBS3875;SCQ;MAD;AIRBUS A320;Nubosidad variable;14/04/18
SWR2553;SCQ;ZRH;AIRBUS A320;Nubosidad variable;14/04/18
RYR2574;SCQ;AGP;BOEING 737-800 WINGLETS;Nubosidad variable;14/04/18
RYR4478;SCQ;HHN;BOEING 737-800 WINGLETS;Nubosidad variable;14/04/18
DLH1111;SCQ;FRA;AIRBUS A320;Nubosidad variable;14/04/18
EIN743;SCQ;DUB;AIRBUS A320;Nubosidad variable;14/04/18
IBS3879;SCQ;MAD;AIRBUS A320;Nubosidad variable;14/04/18
VLG3137;SCQ;ACE;AIRBUS A320;Nubosidad variable;14/04/18
VLG2010;BCN;GRX;32B;Lluvia;14/04/18
DLH1809;BCN;MUC;32A;Lluvia;14/04/18
UTN4452;BCN;KBP;BOEING 737-900 WINGLETS;Lluvia;14/04/18
EWG5921;BCN;VIE;AIRBUS A319;Lluvia;14/04/18
BEL3696;BCN;BRU;AIRBUS A319;Lluvia;14/04/18
VLG1292;BCN;LCG;32A;Lluvia;14/04/18
EZY4526;BCN;SXF;AIRBUS A320;Lluvia;14/04/18
EZY4862;BCN;NAP;AIRBUS A319;Lluvia;14/04/18
EWG9441;BCN;DUS;32A;Lluvia;14/04/18
SWR1947;BCN;GVA;CS3;Lluvia;14/04/18
RYR133;BCN;SXF;BOEING 737-800 WINGLETS;Lluvia;14/04/18
WZZ2376;BCN;BUD;32B;Lluvia;14/04/18
VLG3714;BCN;MAH;AIRBUS A320;Lluvia;14/04/18
VLG6108;BCN;FCO;AIRBUS A320;Lluvia;14/04/18
SWR1953;BCN;ZRH;32B;Lluvia;14/04/18
VLG2211;SVQ;BCN;AIRBUS A320;Despejado;14/04/18
VLG2251;SVQ;BCN;32B;Despejado;14/04/18
VLG8830;SVQ;CDG;32A;Despejado;14/04/18
EZY8176;SVQ;LGW;AIRBUS A319;Despejado;14/04/18
RYR1409;SVQ;MLA;BOEING 737-800 WINGLETS;Despejado;14/04/18
TRA6728;SVQ;AMS;BOEING 737-800 WINGLETS;Despejado;14/04/18
EVE1102;SVQ;ALC;32A;Despejado;14/04/18
TVF3103;SVQ;ORY;BOEING 737-800 WINGLETS;Despejado;14/04/18
RYR2035;SVQ;VIT;BOEING 737-800 WINGLETS;Despejado;14/04/18
VLG2509;SVQ;BIO;AIRBUS A320;Despejado;14/04/18
VLG2432;SVQ;MAH;AIRBUS A320;Despejado;14/04/18
VLG3254;SVQ;TFN;AIRBUS A320;Despejado;14/04/18
IBS3949;SVQ;MAD;AIRBUS A320;Despejado;14/04/18
DLH1141;SVQ;FRA;AIRBUS A321;Despejado;14/04/18
IBE0475;OVD;MAD;AIRBUS A320;Nubes altas;14/04/18
VLG3139;OVD;ACE;AIRBUS A320;Nubes altas;14/04/18
IBS3613;OVD;TFN;AIRBUS A320;Nubes altas;14/04/18
IBS3610;OVD;LHR;AIRBUS A320;Nubes altas;14/04/18
TAP1113;OVD;LIS;ATR-42/72;Nubes altas;14/04/18
VLG1572;OVD;BCN;AIRBUS A320;Nubes altas;15/04/18
VOE3584;OVD;ALC;BOEING 717;Nubes altas;15/04/18
IBS3981;OVD;MAD;AIRBUS A320;Nubes altas;15/04/18
VLG1574;OVD;BCN;AIRBUS A320;Nubes altas;15/04/18
IBE0479;OVD;MAD;32A;Nubes altas;15/04/18
EZY3084;OVD;STN;AIRBUS A319;Nubes altas;15/04/18
WZZ3412;VLC;CLJ;32A;Nubosidad variable;14/04/18
WZZ4410;VLC;SOF;AIRBUS A320;Nubosidad variable;14/04/18
RYR8603;VLC;NRN;BOEING 737-800 WINGLETS;Nubosidad variable;14/04/18
WZZ3186;VLC;OTP;AIRBUS A320;Nubosidad variable;14/04/18
IBE8993;VLC;MAD;BOMBARDIER CRJ-1000;Nubosidad variable;14/04/18
RYR7218;VLC;MLA;BOEING 737-800 WINGLETS;Nubosidad variable;14/04/18
TRA5106;VLC;EIN;BOEING 737-800 WINGLETS;Nubosidad variable;14/04/18
IBE8098;VLC;TFN;BOMBARDIER CRJ-1000;Nubosidad variable;14/04/18
IBE8430;VLC;IBZ;ATR-72;Nubosidad variable;14/04/18
RYR8322;VLC;STN;BOEING 737-800 WINGLETS;Nubosidad variable;14/04/18
ENT512;VLC;NAP;BOEING 737-800 WINGLETS;Nubosidad variable;14/04/18
AEA1007;VLC;CDG;BOEING 737-800 WINGLETS;Nubosidad variable;14/04/18
TAP1097;VLC;LIS;ATR-42/72;Nubosidad variable;14/04/18
AEA4064;VLC;MAD;ATR-72;Nubosidad variable;14/04/18
RYR7216;VLC;IBZ;BOEING 737-800 WINGLETS;Nubosidad variable;14/04/18
VLG8152;VLC;ORY;AIRBUS A320;Nubosidad variable;14/04/18
JAF6902;MJV;ANR;EMBRAER 190;Nubes altas;14/04/18
RYR2155;MJV;BHX;BOEING 737-800 WINGLETS;Nubes altas;14/04/18
EZY8550;MJV;LGW;AIRBUS A319;Nubes altas;14/04/18
EZY6014;MJV;BRS;AIRBUS A319;Nubes altas;14/04/18
RYR1925;MJV;EMA;BOEING 737-800 WINGLETS;Nubes altas;14/04/18
RYR4117;MJV;MAN;BOEING 737-800 WINGLETS;Nubes altas;14/04/18
NAX1703;MJV;OSL;BOEING 737-800 WINGLETS;Nubes altas;14/04/18
RYR3453;MJV;LTN;BOEING 737-800 WINGLETS;Nubes altas;14/04/18
EZY7426;MJV;SEN;AIRBUS A319;Nubes altas;14/04/18
BAW449;MJV;LHR;32A;Nubes altas;14/04/18
RYR8027;MJV;STN;BOEING 737-800 WINGLETS;Nubes altas;14/04/18
EZY8554;MJV;LGW;AIRBUS A320;Nubes altas;14/04/18
RYR7095;MJV;DUB;BOEING 737-800 WINGLETS;Nubes altas;14/04/18
EZY8550;MJV;LGW;AIRBUS A319;Nubes altas;15/04/18
EZY6014;MJV;BRS;AIRBUS A320;Nubes altas;15/04/18
RYR1925;MJV;EMA;BOEING 737-800 WINGLETS;Nubes altas;15/04/18
RYR4253;MJV;FRA;BOEING 737-800 WINGLETS;Nubes altas;15/04/18
IBE8483;MAH;PMI;BOMBARDIER CRJ-1000;Lluvia moderada;14/04/18
VLG3715;MAH;BCN;AIRBUS A320;Lluvia moderada;14/04/18
IBE8660;MAH;VIT;BOMBARDIER CRJ-1000;Lluvia moderada;14/04/18
VLG1341;MAH;ALC;32A;Lluvia moderada;14/04/18
AEA4532;MAH;PMI;ATR-72;Lluvia moderada;14/04/18
VLG2433;MAH;SVQ;AIRBUS A320;Lluvia moderada;14/04/18
IBE8499;MAH;PMI;ATR-42/72;Lluvia moderada;14/04/18
EZY8304;MAH;LGW;AIRBUS A319;Lluvia moderada;14/04/18
AEA4530;MAH;PMI;ATR-72;Lluvia moderada;14/04/18
IBE8493;MAH;PMI;BOMBARDIER CRJ-1000;Lluvia moderada;14/04/18
VLG3709;MAH;BCN;AIRBUS A320;Lluvia moderada;14/04/18
HOP9615;MAH;LYS;BOMBARDIER CRJ-1000;Lluvia moderada;14/04/18
VLG3701;MAH;BCN;AIRBUS A320;Lluvia moderada;14/04/18
VLG8191;MAH;ORY;AIRBUS A321;Lluvia moderada;14/04/18
IBE8487;MAH;PMI;ATR-42/72;Lluvia moderada;14/04/18
VLG3719;MAH;BCN;AIRBUS A321;Lluvia moderada;14/04/18
IBB606;SPC;TFN;ATR-42/72;Abertura de claros;14/04/18
IBB304;SPC;LPA;ATR-72;Abertura de claros;14/04/18
CNF413;SPC;TFN;ATR-72;Abertura de claros;14/04/18
IBB608;SPC;TFN;ATR-42/72;Abertura de claros;14/04/18
AEA9462;SPC;TFN;ATR-72;Abertura de claros;14/04/18
IBB612;SPC;TFN;ATR-42/72;Abertura de claros;14/04/18
CNF419;SPC;TFN;ATR-72;Abertura de claros;14/04/18
IBB610;SPC;TFN;ATR-42/72;Abertura de claros;14/04/18
EZY8712;SPC;LGW;32A;Abertura de claros;14/04/18
AEA9464;SPC;TFN;ATR-72;Abertura de claros;14/04/18
IBB620;SPC;TFN;ATR-72;Abertura de claros;14/04/18
EWG9545;SPC;DUS;32A;Abertura de claros;14/04/18
GMI3953;SPC;HAM;AIRBUS A319;Abertura de claros;14/04/18
EWG7529;SPC;HAM;32A;Abertura de claros;14/04/18
IBB622;SPC;TFN;ATR-42/72;Abertura de claros;14/04/18
IBS3843;SPC;MAD;AIRBUS A320;Abertura de claros;14/04/18
CNF453;SPC;TFN;ATR-72;Abertura de claros;14/04/18
IBB632;SPC;TFN;ATR-42/72;Abertura de claros;14/04/18
AEA9466;SPC;TFN;ATR-72;Abertura de claros;14/04/18
VLG3249;SPC;BCN;AIRBUS A320;Abertura de claros;14/04/18
RYR9241;GRO;PSA;BOEING 737-800 WINGLETS;Lluvia;14/04/18
RYR9107;GRO;BVA;BOEING 737-800 WINGLETS;Lluvia;14/04/18
RYR6901;GRO;CRL;BOEING 737-800 WINGLETS;Lluvia;14/04/18
RYR9012;GRO;MLA;BOEING 737-800 WINGLETS;Lluvia;14/04/18
RYR6911;GRO;MST;BOEING 737-800 WINGLETS;Lluvia;14/04/18
RYR9375;GRO;TLL;BOEING 737-800 WINGLETS;Lluvia;14/04/18
RYR9002;GRO;BLL;BOEING 737-800 WINGLETS;Lluvia;14/04/18
RYR9307;GRO;PIK;BOEING 737-800 WINGLETS;Lluvia;14/04/18
RYR6393;GRO;NRN;BOEING 737-800 WINGLETS;Lluvia;14/04/18
RYR3653;GRO;BRE;BOEING 737-800 WINGLETS;Lluvia;14/04/18
RYR9911;GRO;BOH;BOEING 737-800 WINGLETS;Lluvia;14/04/18
RYR9123;GRO;EIN;BOEING 737-800 WINGLETS;Lluvia;15/04/18
RYR7083;GRO;OMR;BOEING 737-800 WINGLETS;Lluvia;15/04/18
RYR9555;GRO;FMM;BOEING 737-800 WINGLETS;Lluvia;15/04/18
RYR6901;GRO;CRL;BOEING 737-800 WINGLETS;Lluvia;15/04/18
RYR9305;GRO;LPL;BOEING 737-800 WINGLETS;Lluvia;15/04/18
RYR9172;GRO;WRO;BOEING 737-800 WINGLETS;Lluvia;15/04/18
RYR4125;GRO;HHN;BOEING 737-800 WINGLETS;Lluvia;15/04/18
AEA5001;AGP;MLN;ATR-72;Despejado;14/04/18
IBE8262;AGP;MLN;ATR-72;Despejado;14/04/18
IBE8792;MAD;MLN;ATR-72;Nubosidad variable;14/04/18
IBE8268;AGP;MLN;ATR-72;Despejado;14/04/18
IBE8264;AGP;MLN;ATR-72;Despejado;14/04/18
IBE8270;AGP;MLN;ATR-72;Despejado;14/04/18
IBE8798;MAD;MLN;ATR-72;Nubosidad variable;14/04/18
IBE8272;AGP;MLN;ATR-72;Despejado;14/04/18
IBE8262;AGP;MLN;ATR-72;Despejado;15/04/18
IBE8792;MAD;MLN;ATR-72;Nubosidad variable;15/04/18
IBE3160;MAD;LHR;AIRBUS A320;Nubosidad variable;14/04/18
AVA027;MAD;BOG;BOEING 787-8;Nubosidad variable;14/04/18
RYR5482;MAD;OPO;BOEING 737-800 WINGLETS;Nubosidad variable;14/04/18
IBE8708;MAD;LYS;BOMBARDIER CRJ-1000;Nubosidad variable;14/04/18
IBE0930;MAD;BCN;AIRBUS A321;Nubosidad variable;14/04/18
IBE8792;MAD;MLN;ATR-72;Nubosidad variable;14/04/18
AAL8733;MAD;BCN;AIRBUS A321;Nubosidad variable;14/04/18
IBE0930S;MAD;BCN;AIRBUS A321;Nubosidad variable;14/04/18
AVA6078;MAD;BCN;AIRBUS A321;Nubosidad variable;14/04/18
VLG9742;MAD;BCN;AIRBUS A321;Nubosidad variable;14/04/18
CEL501;MAD;SSG;BOEING 777-200LR;Nubosidad variable;14/04/18
IBE3480;MAD;GVA;AIRBUS A321;Nubosidad variable;14/04/18
SWR2043;MAD;GVA;CS1;Nubosidad variable;14/04/18
IBE8784;MAD;BLQ;BOMBARDIER CRJ-1000;Nubosidad variable;14/04/18
RYR6991;MAD;BGY;BOEING 737-800 WINGLETS;Nubosidad variable;14/04/18
RYR9472;MAD;PSA;BOEING 737-800 WINGLETS;Nubosidad variable;14/04/18
LGL688;XRY;LUX;BOEING 737-700 WINGLETS;Despejado;14/04/18
DE1723;XRY;MUC;AIRBUS A320;Despejado;14/04/18
DE1565;XRY;HAM;AIRBUS A320;Despejado;14/04/18
IBE0411;XRY;MAD;32A;Despejado;14/04/18
VLG2615;XRY;BIO;32A;Despejado;14/04/18
VLG2287;XRY;BCN;BOEING 737-800 WINGLETS;Despejado;14/04/18
IBE0405;XRY;MAD;AIRBUS A320;Despejado;14/04/18
RYR1284;XRY;BCN;BOEING 737-800 WINGLETS;Despejado;14/04/18
IBE0407;XRY;MAD;AIRBUS A320;Despejado;15/04/18
EWG575;XRY;CGN;AIRBUS A319;Despejado;15/04/18
JAF7922;XRY;BRU;EMBRAER 190;Despejado;15/04/18
EWG9571;XRY;DUS;32A;Despejado;15/04/18
IBB655;TFN;VDE;ATR-42/72;Nubosidad variable;14/04/18
IBB659;TFN;VDE;ATR-42/72;Nubosidad variable;14/04/18
IBB663;TFN;VDE;ATR-42/72;Nubosidad variable;14/04/18
IBB365;LPA;VDE;ATR-72;Abertura de claros;14/04/18
IBS2218;TFN;VDE;ATR-72;Despejado;17/04/18
CNF247;TFN;VDE;ATR-42/72;Nubosidad variable;14/04/18
IBB673;TFN;VDE;ATR-42/72;Nubosidad variable;14/04/18
IBB655;TFN;VDE;ATR-72;Nubosidad variable;15/04/18
ENT988;LPA;CDG;BOEING 737-800;Abertura de claros;14/04/18
IBB119;LPA;TFN;BOMBARDIER CRJ-1000;Abertura de claros;14/04/18
IBK5874;LPA;BGO;BOEING 737-800 WINGLETS;Abertura de claros;14/04/18
TUI2169;LPA;STR;7S8;Abertura de claros;14/04/18
AEA9415;LPA;TFN;ATR-72;Abertura de claros;14/04/18
IBB208;LPA;FUE;ATR-72;Abertura de claros;14/04/18
AEA9447;LPA;ACE;ATR-72;Abertura de claros;14/04/18
RYR2032;LPA;MAD;BOEING 737-800 WINGLETS;Abertura de claros;14/04/18
IBK5962;LPA;MUC;BOEING 737-800 WINGLETS;Abertura de claros;14/04/18
IBB210;LPA;FUE;ATR-72;Abertura de claros;14/04/18
AEA9161;LPA;MAD;BOEING 787-8;Abertura de claros;14/04/18
IBB123;LPA;TFS;ATR-72;Abertura de claros;14/04/18
OLY603;LPA;ZRH;AIRBUS A319;Abertura de claros;14/04/18
CNF809;LPA;FUE;ATR-72;Abertura de claros;14/04/18
TRA6456;LPA;AMS;BOEING 737-800 WINGLETS;Abertura de claros;14/04/18
TFL628;LPA;EIN;BOEING 737-800 WINGLETS;Abertura de claros;14/04/18
EDW201;LPA;ZRH;AIRBUS A320;Abertura de claros;14/04/18
TUI2239;LPA;MUC;7S8;Abertura de claros;14/04/18
JAF6198;LPA;CRL;BOEING 737-800 WINGLETS;Abertura de claros;14/04/18
IBB611;TFN;SPC;ATR-42/72;Nubosidad variable;14/04/18
IBB108;TFN;LPA;BOMBARDIER CRJ-1000;Nubosidad variable;14/04/18
LAV5547;TFN;BIO;BOEING 737-400;Nubosidad variable;14/04/18
IBB651;TFN;GMZ;ATR-42/72;Nubosidad variable;14/04/18
RYR3064;TFN;BCN;BOEING 737-800 WINGLETS;Nubosidad variable;14/04/18
CNF418;TFN;SPC;ATR-72;Nubosidad variable;14/04/18
AEA9047;TFN;MAD;BOEING 737-800 WINGLETS;Nubosidad variable;14/04/18
IBB468;TFN;ACE;ATR-42/72;Nubosidad variable;14/04/18
IBB609;TFN;SPC;ATR-42/72;Nubosidad variable;14/04/18
IBB422;TFN;FUE;ATR-42/72;Nubosidad variable;14/04/18
IBB659;TFN;VDE;ATR-42/72;Nubosidad variable;14/04/18
RYR5279;TFN;MAD;BOEING 737-800 WINGLETS;Nubosidad variable;14/04/18
AEA9416;TFN;LPA;ATR-72;Nubosidad variable;14/04/18
VLG3261;TFN;BIO;32A;Nubosidad variable;14/04/18
IBB120;TFN;LPA;ATR-42/72;Nubosidad variable;14/04/18
IBS3943;TFN;MAD;32A;Nubosidad variable;14/04/18
IBK5757;TFN;BCN;BOEING 737-800 WINGLETS;Nubosidad variable;14/04/18
AEA9463;TFN;SPC;ATR-72;Nubosidad variable;14/04/18
TRA6224;AGP;AMS;BOEING 737-800 WINGLETS;Despejado;14/04/18
TVF3161;AGP;ORY;BOEING 737-800 WINGLETS;Despejado;14/04/18
IBE8262;AGP;MLN;ATR-72;Despejado;14/04/18
BEL3734;AGP;BRU;AIRBUS A320;Despejado;14/04/18
TRA6486;AGP;RTM;BOEING 737-700 WINGLETS;Despejado;14/04/18
VLG2114;AGP;BCN;32B;Despejado;14/04/18
PRI458;AGP;BLL;BOEING 737-800 WINGLETS;Despejado;14/04/18
JAF6832;AGP;OST;BOEING 737-800 WINGLETS;Despejado;14/04/18
RYR5157;AGP;FKB;BOEING 737-800 WINGLETS;Despejado;14/04/18
RYR1929;AGP;CRL;BOEING 737-800 WINGLETS;Despejado;14/04/18
EWG9537;AGP;DUS;32A;Despejado;14/04/18
RYR6139;AGP;FCO;BOEING 737-800 WINGLETS;Despejado;14/04/18
EZY4522;AGP;SXF;32A;Despejado;14/04/18
RYR8805;AGP;CGN;BOEING 737-800 WINGLETS;Despejado;14/04/18
IBK3671;AGP;CPH;BOEING 737-800 WINGLETS;Despejado;14/04/18
EZY6052;AGP;BRS;AIRBUS A319;Despejado;14/04/18
EZY8602;AGP;LGW;AIRBUS A319;Despejado;14/04/18
EZY2406;AGP;LTN;AIRBUS A319;Despejado;14/04/18
RYR3659;AGP;BRE;BOEING 737-800 WINGLETS;Despejado;14/04/18
JAF6414;AGP;CDG;BOEING 737-700 WINGLETS;Despejado;14/04/18
IBK6472;TFS;CPH;BOEING 737-800 WINGLETS;Nubosidad variable;14/04/18
IBK6410;TFS;EDI;BOEING 737-800 WINGLETS;Nubosidad variable;14/04/18
TVF1151;TFS;ORY;BOEING 737-800 WINGLETS;Nubosidad variable;14/04/18
IBK6512;TFS;MUC;BOEING 737-800 WINGLETS;Nubosidad variable;14/04/18
EDW215;TFS;ZRH;AIRBUS A320;Nubosidad variable;14/04/18
JAF6114;TFS;BRU;7M8;Nubosidad variable;14/04/18
TUI2197;TFS;MUC;BOEING 737-800 WINGLETS;Nubosidad variable;14/04/18
IBB152;TFS;LPA;ATR-72;Nubosidad variable;14/04/18
RYR4754;TFS;BRS;BOEING 737-800 WINGLETS;Nubosidad variable;14/04/18
VLG3135;TFS;ORY;32B;Nubosidad variable;14/04/18
VLG3221;TFS;BCN;AIRBUS A320;Nubosidad variable;14/04/18
RYR8167;TFS;STN;BOEING 737-800 WINGLETS;Nubosidad variable;14/04/18
EXS756;TFS;MAN;BOEING 737-800 WINGLETS;Nubosidad variable;14/04/18
RYR1589;TFS;FRA;BOEING 737-800 WINGLETS;Nubosidad variable;14/04/18
JAF6704;TFS;CRL;BOEING 737-700 WINGLETS;Nubosidad variable;14/04/18
FIN1692;TFS;HEL;32B;Nubosidad variable;14/04/18
TFL540;TFS;AMS;BOEING 737-800 WINGLETS;Nubosidad variable;14/04/18
RYR5553;TFS;HHN;BOEING 737-800 WINGLETS;Nubosidad variable;14/04/18
VLG6217;TFS;FCO;32A;Nubosidad variable;14/04/18
VLG1292;BCN;LCG;32A;Lluvia;14/04/18
AEA7233;MAD;LCG;EMBRAER ERJ-195;Nubosidad variable;14/04/18
IBE0512;MAD;LCG;AIRBUS A320;Nubosidad variable;14/04/18
AEA7235;MAD;LCG;EMBRAER ERJ-195;Nubosidad variable;14/04/18
VLG3970;PMI;LCG;32A;Lluvia;14/04/18
AEA7237;MAD;LCG;EMBRAER ERJ-195;Nubosidad variable;14/04/18
IBB501;ACE;LPA;ATR-72;Nubosidad variable;14/04/18
TVS3441;ACE;LIL;BOEING 737-800 WINGLETS;Nubosidad variable;14/04/18
CNF704;ACE;LPA;ATR-42/72;Nubosidad variable;14/04/18
VLG3161;ACE;SVQ;AIRBUS A320;Nubosidad variable;14/04/18
TVP7307;ACE;WAW;BOEING 737-800 WINGLETS;Nubosidad variable;14/04/18
TVS2415;ACE;DOL;BOEING 737-800 WINGLETS;Nubosidad variable;14/04/18
VLG3281;ACE;BIO;AIRBUS A320;Nubosidad variable;14/04/18
IBB505;ACE;LPA;ATR-42/72;Nubosidad variable;14/04/18
IBB507;ACE;LPA;ATR-42/72;Nubosidad variable;14/04/18
AEA9076;ACE;MAD;BOEING 737-800 WINGLETS;Nubosidad variable;14/04/18
EZS1250;ACE;BSL;AIRBUS A320;Nubosidad variable;14/04/18
RYR6209;ACE;NRN;BOEING 737-800 WINGLETS;Nubosidad variable;14/04/18
VLG2481;ACE;BCN;AIRBUS A320;Nubosidad variable;14/04/18
RYR7125;ACE;DUB;BOEING 737-800 WINGLETS;Nubosidad variable;14/04/18
EZY6194;ACE;BRS;32A;Nubosidad variable;14/04/18
IBB469;ACE;TFN;ATR-42/72;Nubosidad variable;14/04/18
IBE2284;ACE;TFN;ATR-42/72;Nubosidad variable;14/04/18
JAF6158;ALC;BRU;BOEING 737-800 WINGLETS;Despejado;14/04/18
EZY8660;ALC;LGW;AIRBUS A319;Despejado;14/04/18
RYR9064;ALC;BGY;BOEING 737-800 WINGLETS;Despejado;14/04/18
ANE8391;ALC;MAD;BOMBARDIER CRJ-1000;Despejado;14/04/18
AAL8543;ALC;MAD;BOMBARDIER CRJ-1000;Despejado;14/04/18
WZZ1488;ALC;WAW;32A;Despejado;14/04/18
EWG2265;ALC;STR;AIRBUS A319;Despejado;14/04/18
TRA6144;ALC;AMS;BOEING 737-800 WINGLETS;Despejado;14/04/18
EZY6072;ALC;BRS;AIRBUS A319;Despejado;14/04/18
VLG1374;ALC;AMS;32A;Despejado;14/04/18
VLG1340;ALC;MAH;32A;Despejado;14/04/18
EIN573;ALC;DUB;AIRBUS A320;Despejado;14/04/18
ANE8804;ALC;LPA;BOMBARDIER CRJ-1000;Despejado;14/04/18
VLG1241;ALC;CWL;AIRBUS A320;Despejado;14/04/18
TOM4631;ALC;LGW;BOEING 737-800 WINGLETS;Despejado;14/04/18
TOM7655;ALC;EMA;BOEING 737-800 WINGLETS;Despejado;14/04/18
TRA6626;ALC;EIN;BOEING 737-800 WINGLETS;Despejado;14/04/18
RYR8383;ALC;STN;BOEING 737-800 WINGLETS;Despejado;14/04/18
TOM6645;ALC;CWL;BOEING 737-800 WINGLETS;Despejado;14/04/18
ANE8480;PMI;MAH;BOMBARDIER CRJ-1000;Lluvia;14/04/18
EWG585;PMI;CGN;AIRBUS A320;Lluvia;14/04/18
DE1527;PMI;LEJ;32B;Lluvia;14/04/18
LDM313;PMI;STR;AIRBUS A320;Lluvia;14/04/18
GMI4571;PMI;BRE;AIRBUS A319;Lluvia;14/04/18
EWG9585;PMI;DUS;AIRBUS A321;Lluvia;14/04/18
EZY5802;PMI;TXL;AIRBUS A320;Lluvia;14/04/18
DE1515;PMI;DUS;BOEING 757-300 WINGLETS;Lluvia;14/04/18
IBS3913;PMI;MAD;AIRBUS A321;Lluvia;14/04/18
EZY4502;PMI;SXF;AIRBUS A319;Lluvia;14/04/18
SRK2115;PMI;BRN;SAAB 2000;Lluvia;14/04/18
EWG4369;PMI;SZG;32A;Lluvia;14/04/18
RYR5943;PMI;BOH;BOEING 737-800 WINGLETS;Lluvia;14/04/18
RYR9867;PMI;HHN;BOEING 737-800 WINGLETS;Lluvia;14/04/18
EZY8626;PMI;LGW;32A;Lluvia;14/04/18
IBK3665;PMI;CPH;BOEING 737-800 WINGLETS;Lluvia;14/04/18
ENT7248;PMI;WAW;BOEING 737-800 WINGLETS;Lluvia;14/04/18
VOE2623;PMI;LYS;BOEING 717;Lluvia;14/04/18
IBE0530;MAD;VGO;AIRBUS A319;Nubosidad variable;14/04/18
AEA7302;MAD;VGO;EMBRAER ERJ-195;Nubosidad variable;14/04/18
IBE0532;MAD;VGO;AIRBUS A319;Nubosidad variable;14/04/18
EVE1123;ALC;VGO;32A;Despejado;14/04/18
AEA7300;MAD;VGO;EMBRAER ERJ-195;Nubosidad variable;14/04/18
RYR245;BCN;VGO;BOEING 737-800 WINGLETS;Lluvia;14/04/18
AEA7306;MAD;VGO;EMBRAER ERJ-195;Nubosidad variable;14/04/18
IBE8101;IBZ;PMI;BOMBARDIER CRJ-1000;Lluvia débil;14/04/18
TRA5672;IBZ;AMS;BOEING 737-800 WINGLETS;Lluvia débil;14/04/18
IBE8105;IBZ;PMI;BOMBARDIER CRJ-1000;Lluvia débil;14/04/18
VLG8181;IBZ;ORY;32B;Lluvia débil;14/04/18
AEA1703;IBZ;PMI;ATR-72;Lluvia débil;14/04/18
IBE8678;IBZ;SCQ;BOMBARDIER CRJ-1000;Lluvia débil;14/04/18
TRA6514;IBZ;EIN;BOEING 737-800 WINGLETS;Lluvia débil;14/04/18
VLG3306;IBZ;FCO;32A;Lluvia débil;14/04/18
CND698;IBZ;AMS;BOEING 737-800 WINGLETS;Lluvia débil;14/04/18
RYR6419;IBZ;NRN;BOEING 737-800 WINGLETS;Lluvia débil;14/04/18
BAW8462;IBZ;LCY;EMBRAER 190;Lluvia débil;14/04/18
VLG3515;IBZ;BCN;32A;Lluvia débil;14/04/18
RYR9254;IBZ;STN;BOEING 737-800 WINGLETS;Lluvia débil;14/04/18
IBE8111;IBZ;PMI;ATR-42/72;Lluvia débil;14/04/18
IBE8441;IBZ;VLC;ATR-72;Lluvia débil;14/04/18
DLH1157;IBZ;FRA;32A;Lluvia débil;14/04/18
RYR6703;IBZ;FCO;BOEING 737-800 WINGLETS;Lluvia débil;14/04/18
RYR8810;IBZ;BGY;BOEING 737-800 WINGLETS;Lluvia débil;14/04/18
RYR9176;IBZ;DUB;BOEING 737-800 WINGLETS;Lluvia débil;14/04/18
RYR6384;BCN;SDR;BOEING 737-800 WINGLETS;Lluvia;14/04/18
IBE0554;MAD;SDR;AIRBUS A319;Nubosidad variable;14/04/18
RYR2593;AGP;SDR;BOEING 737-800 WINGLETS;Despejado;14/04/18
RYR2214;VLC;SDR;BOEING 737-800 WINGLETS;Nubosidad variable;14/04/18
IBE0556;MAD;SDR;AIRBUS A319;Nubosidad variable;14/04/18
TUI2279;FUE;CGN;7S8;Nubosidad variable;14/04/18
TUI2863;FUE;BSL;BOEING 737-800 WINGLETS;Nubosidad variable;14/04/18
IBB237;FUE;LPA;ATR-42/72;Nubosidad variable;14/04/18
OLY627;FUE;STR;AIRBUS A321;Nubosidad variable;14/04/18
CNF804;FUE;LPA;ATR-72;Nubosidad variable;14/04/18
IBB209;FUE;LPA;ATR-72;Nubosidad variable;14/04/18
IBE2232;FUE;LPA;ATR-72;Nubosidad variable;14/04/18
TUI2117;FUE;DUS;BOEING 737-700;Nubosidad variable;14/04/18
TUI2873;FUE;TXL;BOEING 737-700 WINGLETS;Nubosidad variable;14/04/18
RYR1102;FUE;SXF;BOEING 737-800 WINGLETS;Nubosidad variable;14/04/18
VLG3197;FUE;CDG;AIRBUS A320;Nubosidad variable;14/04/18
TUI2353;FUE;HAM;BOEING 737-800 WINGLETS;Nubosidad variable;14/04/18
IBB211;FUE;LPA;ATR-72;Nubosidad variable;14/04/18
RYR8183;FUE;STN;BOEING 737-800 WINGLETS;Nubosidad variable;14/04/18
IBB423;FUE;TFN;ATR-42/72;Nubosidad variable;14/04/18
IBS3901;FUE;MAD;AIRBUS A320;Nubosidad variable;14/04/18
DE1453;FUE;STR;AIRBUS A320;Nubosidad variable;14/04/18
GMI2863;FUE;HAM;AIRBUS A319;Nubosidad variable;14/04/18
CNF810;FUE;LPA;ATR-42/72;Nubosidad variable;14/04/18
TCX1863;FUE;BHX;AIRBUS A321;Nubosidad variable;14/04/18
RYR3526;FUE;LTN;BOEING 737-800 WINGLETS;Nubosidad variable;14/04/18
GMI8985;FUE;BRE;AIRBUS A319;Nubosidad variable;14/04/18
IBE8594;MAD;LEI;CANADAIR CRJ-900;Nubosidad variable;14/04/18
VLG1251;BCN;LEI;32A;Lluvia;14/04/18
IBE8598;MAD;LEI;CANADAIR CRJ-200;Nubosidad variable;14/04/18
IBE8592;MAD;LEI;BOMBARDIER CRJ-1000;Nubosidad variable;14/04/18
IBE8594;MAD;LEI;BOMBARDIER CRJ-1000;Nubosidad variable;15/04/18
AEA2887;BCN;LEI;BOEING 737-800 WINGLETS;Lluvia;15/04/18
AEA6012;PMI;MAD;BOEING 737-800 WINGLETS;Lluvia;14/04/18
IBE0488;MAD;OVD;AIRBUS A320;Nubosidad variable;14/04/18
VLG1579;BCN;OVD;AIRBUS A320;Lluvia;14/04/18
VOE3591;PMI;OVD;BOEING 717;Lluvia;14/04/18
IBS3612;TFN;OVD;AIRBUS A320;Nubosidad variable;14/04/18
IBS3980;MAD;OVD;AIRBUS A320;Nubosidad variable;14/04/18
IBE0480;MAD;OVD;32A;Nubosidad variable;14/04/18
VLG3138;ACE;OVD;AIRBUS A320;Nubosidad variable;14/04/18
VLG1573;BCN;OVD;AIRBUS A320;Lluvia;15/04/18
IBE0448;MAD;BIO;AIRBUS A319;Nubosidad variable;14/04/18
VLG2505;SVQ;BIO;32A;Despejado;14/04/18
AEA2659;BCN;BIO;BOEING 737-800 WINGLETS;Lluvia;14/04/18
AEA7506;PMI;BIO;EMBRAER ERJ-195;Lluvia;14/04/18
IBE0426;MAD;BIO;AIRBUS A320;Nubosidad variable;14/04/18
VLG2509;SVQ;BIO;AIRBUS A320;Despejado;14/04/18
VLG3281;ACE;BIO;AIRBUS A320;Nubosidad variable;14/04/18
IBE0410;MAD;XRY;32A;Nubosidad variable;14/04/18
VLG2614;BIO;XRY;32A;Chubascos dispersos;14/04/18
VLG2286;BCN;XRY;BOEING 737-800 WINGLETS;Lluvia;14/04/18
IBE0404;MAD;XRY;AIRBUS A319;Nubosidad variable;14/04/18
RYR1283;BCN;XRY;BOEING 737-800 WINGLETS;Lluvia;14/04/18
IBE0406;MAD;XRY;AIRBUS A319;Nubosidad variable;14/04/18
IBE8480;PMI;MAH;BOMBARDIER CRJ-1000;Despejado;17/04/18
VLG3714;BCN;MAH;AIRBUS A320;Lluvia;14/04/18
IBE8482;PMI;MAH;BOMBARDIER CRJ-1000;Despejado;17/04/18
VLG1340;ALC;MAH;32A;Despejado;14/04/18
AEA4537;PMI;MAH;ATR-72;Lluvia;14/04/18
VLG2432;SVQ;MAH;AIRBUS A320;Despejado;14/04/18
IBE8498;PMI;MAH;ATR-42/72;Despejado;17/04/18
IBE8661;VIT;MAH;BOMBARDIER CRJ-1000;Chubascos dispersos;14/04/18
AEA4531;PMI;MAH;ATR-72;Lluvia;14/04/18
RYR6881;BCN;MAH;BOEING 737-800 WINGLETS;Lluvia;14/04/18
VLG3716;BCN;MAH;AIRBUS A320;Lluvia;14/04/18
VLG3700;BCN;MAH;AIRBUS A320;Lluvia;14/04/18
IBE8492;PMI;MAH;ATR-42/72;Despejado;17/04/18
VLG3903;PMI;BCN;32B;Lluvia;14/04/18
VLG2487;EAS;BCN;AIRBUS A319;Lluvia débil;14/04/18
VLG3713;MAH;BCN;32A;Lluvia moderada;14/04/18
VLG1303;ALC;BCN;AIRBUS A320;Despejado;14/04/18
RYR6332;BCN;SCQ;BOEING 737-800 WINGLETS;Lluvia;14/04/18
VLG1670;BCN;SCQ;32A;Lluvia;14/04/18
RYR5315;MAD;SCQ;BOEING 737-800 WINGLETS;Nubosidad variable;14/04/18
IBS9508;PMI;SCQ;AIRBUS A320;Lluvia;14/04/18
AEA7136;LPA;SCQ;BOEING 737-800 WINGLETS;Abertura de claros;14/04/18
IBE8678;IBZ;SCQ;BOMBARDIER CRJ-1000;Lluvia débil;14/04/18
VLG1641;FUE;SCQ;AIRBUS A320;Nubosidad variable;14/04/18
IBS3874;MAD;SCQ;AIRBUS A320;Nubosidad variable;14/04/18
RYR2573;AGP;SCQ;BOEING 737-800 WINGLETS;Despejado;14/04/18
RYR723;PMI;SCQ;BOEING 737-800 WINGLETS;Lluvia;14/04/18
IBS3878;MAD;SCQ;AIRBUS A320;Nubosidad variable;14/04/18
AEA7117;ACE;SCQ;BOEING 737-800 WINGLETS;Nubosidad variable;14/04/18
IBB607;TFN;SPC;ATR-42/72;Nubosidad variable;14/04/18
AEA9461;TFN;SPC;ATR-72;Nubosidad variable;14/04/18
IBB611;TFN;SPC;ATR-42/72;Nubosidad variable;14/04/18
CNF418;TFN;SPC;ATR-72;Nubosidad variable;14/04/18
IBB609;TFN;SPC;ATR-42/72;Nubosidad variable;14/04/18
AEA9463;TFN;SPC;ATR-72;Nubosidad variable;14/04/18
IBB619;TFN;SPC;ATR-72;Nubosidad variable;14/04/18
IBB621;TFN;SPC;ATR-42/72;Nubosidad variable;14/04/18
IBS3842;MAD;SPC;AIRBUS A320;Nubosidad variable;14/04/18
CNF452;TFN;SPC;ATR-72;Nubosidad variable;14/04/18
IBB631;TFN;SPC;ATR-42/72;Nubosidad variable;14/04/18
VLG3248;BCN;SPC;AIRBUS A320;Lluvia;14/04/18
AEA9465;TFN;SPC;ATR-72;Nubosidad variable;14/04/18
IBB623;TFN;SPC;ATR-42/72;Nubosidad variable;14/04/18
AEA9479;TFN;SPC;ATR-72;Nubosidad variable;14/04/18
IBB315;LPA;SPC;ATR-72;Abertura de claros;14/04/18
VLG3280;BIO;ACE;AIRBUS A320;Chubascos dispersos;14/04/18
IBB506;LPA;ACE;ATR-72;Abertura de claros;14/04/18
AEA9073;MAD;ACE;BOEING 737-800 WINGLETS;Nubosidad variable;14/04/18
AEA9447;LPA;ACE;ATR-72;Abertura de claros;14/04/18
VLG2480;BCN;ACE;AIRBUS A320;Lluvia;14/04/18
IBB468;TFN;ACE;ATR-42/72;Nubosidad variable;14/04/18
IBB510;LPA;ACE;ATR-72;Abertura de claros;14/04/18
IBE8036;MAD;VLC;BOMBARDIER CRJ-1000;Nubosidad variable;14/04/18
IBE8841;SVQ;VLC;ATR-72;Despejado;14/04/18
RYR6396;BCN;SVQ;BOEING 737-800 WINGLETS;Lluvia;14/04/18
VLG3940;PMI;SVQ;AIRBUS A320;Lluvia;14/04/18
VLG3165;FUE;SVQ;AIRBUS A320;Nubosidad variable;14/04/18
VLG3161;ACE;SVQ;AIRBUS A320;Nubosidad variable;14/04/18
IBS3950;MAD;SVQ;AIRBUS A320;Nubosidad variable;14/04/18
RYR5273;PMI;SVQ;BOEING 737-800 WINGLETS;Lluvia;14/04/18
RYR2036;VIT;SVQ;BOEING 737-800 WINGLETS;Chubascos dispersos;14/04/18
VLG2210;BCN;SVQ;32A;Lluvia;14/04/18
VLG2510;BIO;SVQ;AIRBUS A320;Chubascos dispersos;14/04/18
IBS9526;PMI;SVQ;AIRBUS A320;Lluvia;14/04/18
VLG2433;MAH;SVQ;AIRBUS A320;Lluvia moderada;14/04/18
VLG3935;PMI;ALC;32A;Lluvia;14/04/18
ANE8387;BIO;ALC;BOMBARDIER CRJ-1000;Despejado;17/04/18
VLG1312;BCN;ALC;AIRBUS A320;Lluvia;14/04/18
IBB604;SPC;TFN;ATR-42/72;Abertura de claros;14/04/18
IBB107;LPA;TFN;BOMBARDIER CRJ-1000;Abertura de claros;14/04/18
AEA9059;MAD;TFN;BOEING 737-800 WINGLETS;Nubosidad variable;14/04/18
IBB606;SPC;TFN;ATR-42/72;Abertura de claros;14/04/18
RYR3063;BCN;TFN;BOEING 737-800 WINGLETS;Lluvia;14/04/18
RYR5278;MAD;TFN;BOEING 737-800 WINGLETS;Nubosidad variable;14/04/18
IBB453;ACE;TFN;ATR-42/72;Nubosidad variable;14/04/18
IBB415;FUE;TFN;ATR-42/72;Nubosidad variable;14/04/18
CNF413;SPC;TFN;ATR-72;Abertura de claros;14/04/18
IBB608;SPC;TFN;ATR-42/72;Abertura de claros;14/04/18
IBB119;LPA;TFN;BOMBARDIER CRJ-1000;Abertura de claros;14/04/18
IBB656;VDE;TFN;ATR-42/72;Despejado;14/04/18
VLG3260;BIO;TFN;32A;Chubascos dispersos;14/04/18
AEA9415;LPA;TFN;ATR-72;Abertura de claros;14/04/18
AEA9462;SPC;TFN;ATR-72;Abertura de claros;14/04/18
IBB612;SPC;TFN;ATR-42/72;Abertura de claros;14/04/18
IBK5756;BCN;TFN;BOEING 737-800 WINGLETS;Lluvia;14/04/18
IBS3942;MAD;TFN;32A;Nubosidad variable;14/04/18
IBB650;GMZ;TFN;ATR-42/72;Nubes altas;14/04/18
CNF419;SPC;TFN;ATR-72;Abertura de claros;14/04/18
IBB109;LPA;TFN;ATR-72;Abertura de claros;14/04/18
IBB610;SPC;TFN;ATR-42/72;Abertura de claros;14/04/18
VLG3220;BCN;TFS;AIRBUS A320;Lluvia;14/04/18
IBB123;LPA;TFS;ATR-72;Abertura de claros;14/04/18
VLG2609;BIO;AGP;AIRBUS A320;Chubascos dispersos;14/04/18
CNF803;LPA;FUE;ATR-72;Abertura de claros;14/04/18
IBB236;LPA;FUE;ATR-72;Abertura de claros;14/04/18
IBB208;LPA;FUE;ATR-72;Abertura de claros;14/04/18
IBB210;LPA;FUE;ATR-72;Abertura de claros;14/04/18
IBS3900;MAD;FUE;AIRBUS A320;Nubosidad variable;14/04/18
IBB422;TFN;FUE;ATR-42/72;Nubosidad variable;14/04/18
CNF809;LPA;FUE;ATR-72;Abertura de claros;14/04/18
CNF612;TFN;LPA;ATR-42/72;Nubosidad variable;14/04/18
AEA9404;TFN;LPA;ATR-72;Nubosidad variable;14/04/18
IBB102;TFN;LPA;BOMBARDIER CRJ-1000;Nubosidad variable;14/04/18
IBB203;FUE;LPA;ATR-72;Nubosidad variable;14/04/18
AEA9432;FUE;LPA;ATR-72;Nubosidad variable;14/04/18
RYR2031;MAD;LPA;BOEING 737-800 WINGLETS;Nubosidad variable;14/04/18
AEA9156;MAD;LPA;BOEING 787-8;Nubosidad variable;14/04/18
IBB501;ACE;LPA;ATR-72;Nubosidad variable;14/04/18
CNF704;ACE;LPA;ATR-42/72;Nubosidad variable;14/04/18
IBB108;TFN;LPA;BOMBARDIER CRJ-1000;Nubosidad variable;14/04/18
IBB304;SPC;LPA;ATR-72;Abertura de claros;14/04/18
IBB237;FUE;LPA;ATR-42/72;Nubosidad variable;14/04/18
IBB505;ACE;LPA;ATR-42/72;Nubosidad variable;14/04/18
ANE8101;IBZ;PMI;BOMBARDIER CRJ-1000;Despejado;17/04/18
AEA6007;BCN;PMI;BOEING 737-800 WINGLETS;Lluvia;14/04/18
VLG3916;BCN;PMI;AIRBUS A320;Lluvia;14/04/18
AEA6031;MAD;PMI;EMBRAER ERJ-195;Nubosidad variable;14/04/18
AEA4004;VLC;PMI;EMBRAER ERJ-195;Nubosidad variable;14/04/18
AEA7505;BIO;PMI;EMBRAER ERJ-195;Chubascos dispersos;14/04/18
ANE8483;MAH;PMI;BOMBARDIER CRJ-1000;Despejado;17/04/18
RYR2051;MAD;PMI;BOEING 737-800 WINGLETS;Nubosidad variable;14/04/18
ANE8105;IBZ;PMI;BOMBARDIER CRJ-1000;Despejado;17/04/18
IBE8676;BCN;IBZ;BOMBARDIER CRJ-1000;Despejado;17/04/18
AEA1702;PMI;IBZ;ATR-72;Lluvia;14/04/18
VLG3508;BCN;IBZ;32A;Lluvia;14/04/18
IBE8106;PMI;IBZ;ATR-42/72;Despejado;17/04/18
IBE8430;VLC;IBZ;ATR-72;Nubosidad variable;14/04/18
RYR7216;VLC;IBZ;BOEING 737-800 WINGLETS;Nubosidad variable;14/04/18
IBE8910;MAD;IBZ;BOMBARDIER CRJ-1000;Nubosidad variable;14/04/18
IBE8108;PMI;IBZ;BOMBARDIER CRJ-1000;Despejado;17/04/18
VLG3510;BCN;IBZ;32A;Lluvia;14/04/18
IBE8679;SCQ;IBZ;BOMBARDIER CRJ-1000;Nubosidad variable;14/04/18
AEA6025;MAD;IBZ;EMBRAER ERJ-195;Nubosidad variable;14/04/18
RYR2036;VIT;SVQ;BOEING 737-800 WINGLETS;Abertura de claros;14/04/18
IBE8661;VIT;MAH;BOMBARDIER CRJ-1000;Abertura de claros;14/04/18
RYR6321;VLL;BCN;BOEING 737-800 WINGLETS;Nubosidad variable;14/04/18
RYR6320;BCN;VLL;BOEING 737-800 WINGLETS;Lluvia;14/04/18
IBE8525;PNA;MAD;CANADAIR CRJ-200;Nubosidad variable;14/04/18
IBE8529;PNA;MAD;BOMBARDIER CRJ-1000;Nubosidad variable;15/04/18
IBB650;GMZ;TFN;ATR-42/72;Nubes altas;14/04/18
IBB652;GMZ;TFN;ATR-42/72;Nubes altas;14/04/18
IBB650;GMZ;TFN;ATR-72;Nubes altas;15/04/18
RYR2035;SVQ;VIT;BOEING 737-800 WINGLETS;Nubes altas;14/04/18
IBE8660;MAH;VIT;BOMBARDIER CRJ-1000;Lluvia moderada;14/04/18
RYR7235;ZAZ;BVA;BOEING 737-800 WINGLETS;Nubes altas;14/04/18
WZZ3192;ZAZ;OTP;AIRBUS A320;Nubes altas;14/04/18
AEA4032;ZAZ;PMI;EMBRAER ERJ-195;Nubes altas;14/04/18
WZZ3418;ZAZ;CLJ;AIRBUS A320;Nubes altas;14/04/18
RYR2635;ZAZ;STN;BOEING 737-800 WINGLETS;Nubes altas;14/04/18
RYR4634;ZAZ;BGY;BOEING 737-800 WINGLETS;Nubes altas;15/04/18
IBB660;VDE;TFN;ATR-42/72;Despejado;14/04/18
IBB664;VDE;TFN;ATR-42/72;Despejado;14/04/18
IBB366;VDE;LPA;ATR-72;Despejado;14/04/18
CNF248;VDE;TFN;ATR-42/72;Despejado;14/04/18
IBB674;VDE;TFN;ATR-42/72;Despejado;14/04/18
IBB656;VDE;TFN;ATR-72;Despejado;15/04/18
IBB662;VDE;TFN;ATR-72;Despejado;15/04/18
RYR2212;REU;EIN;BOEING 737-800 WINGLETS;Lluvia;14/04/18
RYR1115;REU;DUB;BOEING 737-800 WINGLETS;Lluvia;14/04/18
RYR1865;REU;SNN;BOEING 737-800 WINGLETS;Lluvia;14/04/18
RYR3843;REU;STN;BOEING 737-800 WINGLETS;Lluvia;14/04/18
EZY2208;REU;LTN;AIRBUS A319;Lluvia;14/04/18
RYR2829;REU;CRL;BOEING 737-800 WINGLETS;Lluvia;14/04/18
RYR1115;REU;DUB;BOEING 737-800 WINGLETS;Lluvia;15/04/18
RYR9825;REU;LPL;BOEING 737-800 WINGLETS;Lluvia;15/04/18
IBB651;TFN;GMZ;ATR-42/72;Despejado;14/04/18
IBB653;TFN;GMZ;ATR-42/72;Despejado;14/04/18
IBE2244;TFN;GMZ;ATR-42/72;Despejado;17/04/18
IBB651;TFN;GMZ;ATR-72;Despejado;15/04/18
IBE8319;EAS;MAD;ATR-72;Nubosidad variable;14/04/18
IBE8329;EAS;MAD;ATR-72;Nubosidad variable;14/04/18
VLG2489;EAS;BCN;AIRBUS A319;Nubosidad variable;14/04/18
IBE8317;EAS;MAD;ATR-72;Nubosidad variable;15/04/18
VLG2487;EAS;BCN;AIRBUS A319;Nubosidad variable;15/04/18
IBE8524;MAD;PNA;CANADAIR CRJ-200;Nubosidad variable;14/04/18
IBE8526;MAD;PNA;BOMBARDIER CRJ-1000;Nubosidad variable;14/04/18
IBE0411;XRY;MAD;32A;Nubosidad variable;14/04/18
VLG2615;XRY;BIO;32A;Nubosidad variable;14/04/18
VLG2287;XRY;BCN;BOEING 737-800 WINGLETS;Nubosidad variable;14/04/18
IBE0405;XRY;MAD;AIRBUS A320;Nubosidad variable;14/04/18
RYR1284;XRY;BCN;BOEING 737-800 WINGLETS;Nubosidad variable;14/04/18
IBE0407;XRY;MAD;AIRBUS A320;Nubosidad variable;15/04/18
EWG575;XRY;CGN;AIRBUS A319;Nubosidad variable;15/04/18
JAF7922;XRY;BRU;EMBRAER 190;Nubosidad variable;15/04/18
EWG9571;XRY;DUS;32A;Nubosidad variable;15/04/18
RYR8397;XRY;STN;BOEING 737-800 WINGLETS;Nubosidad variable;15/04/18
AEA4033;PMI;ZAZ;EMBRAER ERJ-195;Lluvia moderada;14/04/18
EVE1605;SVQ;ZAZ;32A;Nubes altas;15/04/18
IBE8316;MAD;EAS;ATR-72;Nubosidad variable;14/04/18
IBE8322;MAD;EAS;ATR-72;Nubosidad variable;14/04/18
VLG2488;BCN;EAS;AIRBUS A319;Lluvia;14/04/18
IBE8324;MAD;EAS;ATR-72;Nubosidad variable;14/04/18
VLG2486;BCN;EAS;AIRBUS A319;Lluvia;15/04/18
IBE0475;OVD;MAD;AIRBUS A320;Nubosidad variable;14/04/18
VLG3139;OVD;ACE;AIRBUS A320;Nubosidad variable;14/04/18
IBS3613;OVD;TFN;AIRBUS A320;Nubosidad variable;14/04/18
IBS3610;OVD;LHR;AIRBUS A320;Nubosidad variable;14/04/18
TAP1113;OVD;LIS;ATR-42/72;Nubosidad variable;14/04/18
VLG1572;OVD;BCN;AIRBUS A320;Nubosidad variable;15/04/18
VOE3584;OVD;ALC;BOEING 717;Nubosidad variable;15/04/18
IBS3981;OVD;MAD;AIRBUS A320;Nubosidad variable;15/04/18
VLG1574;OVD;BCN;AIRBUS A320;Nubosidad variable;15/04/18
IBE0479;OVD;MAD;32A;Nubosidad variable;15/04/18
EZY3084;OVD;STN;AIRBUS A319;Nubosidad variable;15/04/18
IBE0531;VGO;MAD;AIRBUS A319;Nubosidad variable;14/04/18
RYR7142;VGO;EDI;BOEING 737-800 WINGLETS;Nubosidad variable;14/04/18
AEA7315;VGO;MAD;EMBRAER ERJ-195;Nubosidad variable;14/04/18
IBE0533;VGO;MAD;AIRBUS A319;Nubosidad variable;14/04/18
EVE1124;VGO;ALC;AIRBUS A320;Nubosidad variable;14/04/18
TAP1141;VGO;LIS;ATR-72;Nubosidad variable;14/04/18
AEA7317;VGO;MAD;EMBRAER ERJ-195;Nubosidad variable;14/04/18
RYR246;VGO;BCN;BOEING 737-800 WINGLETS;Nubosidad variable;14/04/18
AEA7319;VGO;MAD;EMBRAER ERJ-195;Nubosidad variable;14/04/18
AEA7311;VGO;MAD;EMBRAER ERJ-195;Nubosidad variable;15/04/18
UTN4452;BCN;KBP;BOEING 737-900 WINGLETS;Lluvia;14/04/18
EWG8527;BCN;TXL;AIRBUS A319;Lluvia;14/04/18
BAW473;BCN;LHR;AIRBUS A320;Lluvia;14/04/18
FIN1654;BCN;HEL;AIRBUS A321;Lluvia;14/04/18
RYR7543;BCN;MAN;BOEING 737-800 WINGLETS;Lluvia;14/04/18
RYR6874;BCN;DUB;BOEING 737-800 WINGLETS;Lluvia;14/04/18
VLG7222;BCN;CWL;AIRBUS A319;Lluvia;14/04/18
VLG8100;BCN;ATH;32B;Lluvia;14/04/18
DLH1125;BCN;FRA;AIRBUS A321;Lluvia;14/04/18
VLG2020;BCN;GRX;AIRBUS A320;Lluvia;14/04/18
VLG8319;BCN;AMS;AIRBUS A320;Lluvia;14/04/18
VLG2915;BCN;BOD;32A;Lluvia;14/04/18
BAW2707;BCN;LGW;AIRBUS A320;Lluvia;14/04/18
RYR9045;BCN;STN;BOEING 737-800 WINGLETS;Lluvia;14/04/18
EZY4416;BCN;LYS;32A;Lluvia;14/04/18
EZY8572;BCN;LGW;AIRBUS A319;Lluvia;14/04/18
IBE8273;MLN;AGP;ATR-72;Despejado;14/04/18
IBE8263;MLN;AGP;ATR-72;Despejado;14/04/18
IBE8269;MLN;AGP;ATR-72;Despejado;14/04/18
IBE8793;MLN;MAD;ATR-72;Despejado;14/04/18
IBE8271;MLN;AGP;ATR-72;Despejado;14/04/18
IBE8261;MLN;AGP;ATR-72;Despejado;15/04/18
IBE8789;MLN;MAD;ATR-72;Despejado;15/04/18
IBE8791;MLN;MAD;ATR-72;Despejado;15/04/18
IBE8263;MLN;AGP;ATR-72;Despejado;15/04/18
RYR6385;SDR;BCN;BOEING 737-800 WINGLETS;Despejado;14/04/18
IBE0555;SDR;MAD;AIRBUS A319;Despejado;14/04/18
RYR4793;SDR;BGY;BOEING 737-800 WINGLETS;Despejado;14/04/18
RYR2594;SDR;AGP;BOEING 737-800 WINGLETS;Despejado;14/04/18
RYR2215;SDR;VLC;BOEING 737-800 WINGLETS;Despejado;14/04/18
IBE0557;SDR;MAD;AIRBUS A319;Despejado;14/04/18
RYR1573;SDR;SXF;BOEING 737-800 WINGLETS;Despejado;14/04/18
WZZ1480;SDR;WAW;AIRBUS A320;Despejado;15/04/18
RYR7617;SDR;EDI;BOEING 737-800 WINGLETS;Despejado;15/04/18
EZY8164;LEI;LGW;32A;Despejado;14/04/18
VLG1252;LEI;BCN;32A;Despejado;14/04/18
IBE8577;LEI;MAD;CANADAIR CRJ-200;Despejado;14/04/18
IBE8601;LEI;MAD;BOMBARDIER CRJ-1000;Despejado;14/04/18
BAW421;LEI;LHR;AIRBUS A320;Despejado;14/04/18
TRA5644;LEI;RTM;BOEING 737-700 WINGLETS;Despejado;14/04/18
RYR7319;LEI;DUB;BOEING 737-800 WINGLETS;Despejado;14/04/18
BEL3776;LEI;BRU;AIRBUS A320;Despejado;15/04/18
EZY8164;LEI;LGW;AIRBUS A319;Despejado;15/04/18
IBE8595;LEI;MAD;BOMBARDIER CRJ-1000;Despejado;15/04/18
AEA2634;LEI;ZAZ;BOEING 737-800 WINGLETS;Despejado;15/04/18
IBE8213;LEI;PMI;CANADAIR CRJ-200;Despejado;15/04/18
VLG1252;LEI;BCN;AIRBUS A320;Despejado;15/04/18
VLG2011;GRX;BCN;32B;Nubosidad variable;14/04/18
IBE8641;GRX;MAD;BOMBARDIER CRJ-1000;Nubosidad variable;14/04/18
VLG2021;GRX;BCN;AIRBUS A320;Nubosidad variable;14/04/18
AEA5200;GRX;PMI;EMBRAER ERJ-195;Nubosidad variable;14/04/18
IBE8645;GRX;MAD;BOMBARDIER CRJ-1000;Nubosidad variable;14/04/18
IBE8649;GRX;MAD;CANADAIR CRJ-900;Nubosidad variable;14/04/18
VLG2015;GRX;BCN;32A;Nubosidad variable;14/04/18
VLG8727;GRX;CDG;AIRBUS A320;Nubosidad variable;14/04/18
EZY8172;GRX;LGW;AIRBUS A319;Nubosidad variable;14/04/18
VLG2017;GRX;BCN;32A;Nubosidad variable;14/04/18
IBE8639;GRX;MAD;BOMBARDIER CRJ-1000;Nubosidad variable;15/04/18
VLG2011;GRX;BCN;AIRBUS A320;Nubosidad variable;15/04/18
IBE8641;GRX;MAD;BOMBARDIER CRJ-1000;Nubosidad variable;15/04/18
EZY2676;GRX;MXP;AIRBUS A319;Nubosidad variable;15/04/18
IBB659;TFN;VDE;ATR-42/72;Despejado;14/04/18
IBB663;TFN;VDE;ATR-42/72;Despejado;14/04/18
IBB365;LPA;VDE;ATR-72;Nubes altas;14/04/18
CNF247;TFN;VDE;ATR-42/72;Despejado;14/04/18
IBB673;TFN;VDE;ATR-42/72;Despejado;14/04/18
IBS2237;TFN;VDE;ATR-42/72;Despejado;17/04/18
IBB655;TFN;VDE;ATR-72;Despejado;15/04/18
IBB659;TFN;VDE;ATR-72;Despejado;15/04/18
IBE0423;BIO;MAD;AIRBUS A319;Nubosidad variable;14/04/18
VLG2614;BIO;XRY;32A;Nubosidad variable;14/04/18
DLH1825;BIO;MUC;32A;Nubosidad variable;14/04/18
VLG1540;BIO;FCO;32A;Nubosidad variable;14/04/18
KLM1686;BIO;AMS;EMBRAER 190;Nubosidad variable;14/04/18
BAW467;BIO;LHR;AIRBUS A320;Nubosidad variable;14/04/18
AEA7158;BIO;MAD;EMBRAER ERJ-195;Nubosidad variable;14/04/18
AEA2674;BIO;ALC;BOEING 737-800 WINGLETS;Nubosidad variable;14/04/18
IBE0447;BIO;MAD;AIRBUS A320;Nubosidad variable;14/04/18
EZS1440;BIO;GVA;AIRBUS A319;Nubosidad variable;14/04/18
VLG2510;BIO;SVQ;AIRBUS A320;Nubosidad variable;14/04/18
BEL3714;BIO;BRU;AIRBUS A319;Nubosidad variable;14/04/18
DLH1143;BIO;FRA;32A;Nubosidad variable;14/04/18
LAV5548;BIO;TFN;BOEING 737-400;Nubosidad variable;14/04/18
VLG3284;BIO;FUE;32A;Nubosidad variable;14/04/18
AEA6013;MAD;PMI;BOEING 737-800 WINGLETS;Nubosidad variable;14/04/18
TAP1005;MAD;OPO;EMBRAER 190;Nubosidad variable;14/04/18
DLH1117;MAD;FRA;AIRBUS A320;Nubosidad variable;14/04/18
RYR5468;MAD;FUE;BOEING 737-800 WINGLETS;Nubosidad variable;14/04/18
IBE3150;MAD;ATH;AIRBUS A321;Nubosidad variable;14/04/18
RYR7041;MAD;CAG;BOEING 737-800 WINGLETS;Nubosidad variable;14/04/18
EZY2202;MAD;LTN;32A;Nubosidad variable;14/04/18
EIN593;MAD;DUB;AIRBUS A320;Nubosidad variable;14/04/18
RYR5991;MAD;STN;BOEING 737-800 WINGLETS;Nubosidad variable;14/04/18
RYR7257;MAD;DUB;BOEING 737-800 WINGLETS;Nubosidad variable;14/04/18
AEA1153;MAD;LIS;EMBRAER ERJ-195;Nubosidad variable;14/04/18
AEA7302;MAD;VGO;EMBRAER ERJ-195;Nubosidad variable;14/04/18
RYR1409;SVQ;MLA;BOEING 737-800 WINGLETS;Nubes altas;14/04/18
TRA6728;SVQ;AMS;BOEING 737-800 WINGLETS;Nubes altas;14/04/18
TAP1107;SVQ;LIS;ATR-42/72;Nubes altas;14/04/18
EVE1102;SVQ;ALC;32A;Nubes altas;14/04/18
RYR2035;SVQ;VIT;BOEING 737-800 WINGLETS;Nubes altas;14/04/18
TVF3103;SVQ;ORY;BOEING 737-800 WINGLETS;Nubes altas;14/04/18
VLG2509;SVQ;BIO;AIRBUS A320;Nubes altas;14/04/18
VLG2432;SVQ;MAH;AIRBUS A320;Nubes altas;14/04/18
VLG3254;SVQ;TFN;AIRBUS A320;Nubes altas;14/04/18
IBS3949;SVQ;MAD;AIRBUS A320;Nubes altas;14/04/18
DLH1141;SVQ;FRA;AIRBUS A321;Nubes altas;14/04/18
RYR7147;SVQ;DUB;BOEING 737-800 WINGLETS;Nubes altas;14/04/18
RYR5272;SVQ;PMI;BOEING 737-800 WINGLETS;Nubes altas;14/04/18
RYR7338;SVQ;BOD;BOEING 737-800 WINGLETS;Nubes altas;14/04/18
VLG2209;SVQ;BCN;32A;Nubes altas;14/04/18
TVF3105;SVQ;ORY;BOEING 737-800 WINGLETS;Nubes altas;14/04/18
TAP1105;SVQ;LIS;ATR-72;Nubes altas;14/04/18
VLG2424;SVQ;IBZ;AIRBUS A320;Nubes altas;14/04/18
RYR1192;SVQ;TLS;BOEING 737-800 WINGLETS;Nubes altas;14/04/18
TRA6224;AGP;AMS;BOEING 737-800 WINGLETS;Despejado;14/04/18
IBK3671;AGP;CPH;BOEING 737-800 WINGLETS;Despejado;14/04/18
EZY6052;AGP;BRS;AIRBUS A319;Despejado;14/04/18
EZY8602;AGP;LGW;AIRBUS A319;Despejado;14/04/18
RYR3659;AGP;BRE;BOEING 737-800 WINGLETS;Despejado;14/04/18
FIN1672;AGP;HEL;32B;Despejado;14/04/18
TRA6116;AGP;AMS;BOEING 737-700 WINGLETS;Despejado;14/04/18
SAS584;AGP;CPH;32A;Despejado;14/04/18
EZY1924;AGP;MAN;AIRBUS A319;Despejado;14/04/18
NAX1753;AGP;BGO;BOEING 737-800 WINGLETS;Despejado;14/04/18
EZY6862;AGP;GLA;32A;Despejado;14/04/18
VLG3068;AGP;LPA;AIRBUS A320;Despejado;14/04/18
TRA6652;AGP;EIN;BOEING 737-800 WINGLETS;Despejado;14/04/18
RYR4110;AGP;FRA;BOEING 737-800 WINGLETS;Despejado;14/04/18
PRI2872;AGP;STN;BOEING 737-800 WINGLETS;Despejado;14/04/18
NAX1765;AGP;SVG;BOEING 737-800 WINGLETS;Despejado;14/04/18
EIN883;AGP;ORK;AIRBUS A320;Despejado;14/04/18
NAX4222;AGP;ARN;BOEING 737-800 WINGLETS;Despejado;14/04/18
RYR4469;AGP;EMA;BOEING 737-800 WINGLETS;Despejado;14/04/18
TAP1085;LCG;LIS;ATR-42/72;Nubosidad variable;14/04/18
VLG3971;LCG;PMI;32A;Nubosidad variable;14/04/18
AEA7234;LCG;MAD;EMBRAER ERJ-195;Nubosidad variable;14/04/18
IBE0513;LCG;MAD;AIRBUS A320;Nubosidad variable;14/04/18
AEA7236;LCG;MAD;EMBRAER ERJ-195;Nubosidad variable;14/04/18
VLG7104;LCG;LHR;32A;Nubosidad variable;14/04/18
AEA7238;LCG;MAD;EMBRAER ERJ-195;Nubosidad variable;14/04/18
VLG1291;LCG;BCN;AIRBUS A320;Nubosidad variable;14/04/18
IBE0511;LCG;MAD;AIRBUS A320;Nubosidad variable;15/04/18
VLG3133;LCG;LPA;AIRBUS A320;Nubosidad variable;15/04/18
IBE8483;MAH;PMI;BOMBARDIER CRJ-1000;Lluvia moderada;14/04/18
VLG3715;MAH;BCN;AIRBUS A320;Lluvia moderada;14/04/18
IBE8660;MAH;VIT;BOMBARDIER CRJ-1000;Lluvia moderada;14/04/18
VLG1341;MAH;ALC;32A;Lluvia moderada;14/04/18
AEA4532;MAH;PMI;ATR-72;Lluvia moderada;14/04/18
VLG2433;MAH;SVQ;AIRBUS A320;Lluvia moderada;14/04/18
IBE8499;MAH;PMI;ATR-42/72;Lluvia moderada;14/04/18
EZY8304;MAH;LGW;AIRBUS A319;Lluvia moderada;14/04/18
AEA4530;MAH;PMI;ATR-72;Lluvia moderada;14/04/18
IBE8493;MAH;PMI;BOMBARDIER CRJ-1000;Lluvia moderada;14/04/18
RYR6882;MAH;BCN;BOEING 737-800 WINGLETS;Lluvia moderada;14/04/18
VLG3709;MAH;BCN;AIRBUS A320;Lluvia moderada;14/04/18
HOP9615;MAH;LYS;BOMBARDIER CRJ-1000;Lluvia moderada;14/04/18
VLG3701;MAH;BCN;AIRBUS A320;Lluvia moderada;14/04/18
VLG8191;MAH;ORY;32B;Lluvia moderada;14/04/18
IBE8487;MAH;PMI;ATR-42/72;Lluvia moderada;14/04/18
VLG3719;MAH;BCN;AIRBUS A321;Lluvia moderada;14/04/18
EZY8550;MJV;LGW;AIRBUS A319;Abertura de claros;14/04/18
EZY6014;MJV;BRS;AIRBUS A319;Abertura de claros;14/04/18
RYR1925;MJV;EMA;BOEING 737-800 WINGLETS;Abertura de claros;14/04/18
RYR4117;MJV;MAN;BOEING 737-800 WINGLETS;Abertura de claros;14/04/18
NAX1703;MJV;OSL;BOEING 737-800 WINGLETS;Abertura de claros;14/04/18
RYR3453;MJV;LTN;BOEING 737-800 WINGLETS;Abertura de claros;14/04/18
EZY7426;MJV;SEN;AIRBUS A319;Abertura de claros;14/04/18
BAW449;MJV;LHR;32A;Abertura de claros;14/04/18
RYR8027;MJV;STN;BOEING 737-800 WINGLETS;Abertura de claros;14/04/18
EZY8554;MJV;LGW;AIRBUS A320;Abertura de claros;14/04/18
RYR7095;MJV;DUB;BOEING 737-800 WINGLETS;Abertura de claros;14/04/18
EZY8550;MJV;LGW;AIRBUS A319;Abertura de claros;15/04/18
EZY6014;MJV;BRS;AIRBUS A320;Abertura de claros;15/04/18
RYR1925;MJV;EMA;BOEING 737-800 WINGLETS;Abertura de claros;15/04/18
RYR4253;MJV;FRA;BOEING 737-800 WINGLETS;Abertura de claros;15/04/18
AEA7302;MAD;VGO;EMBRAER ERJ-195;Nubosidad variable;14/04/18
IBE0532;MAD;VGO;AIRBUS A319;Nubosidad variable;14/04/18
EVE1123;ALC;VGO;32A;Nubosidad variable;14/04/18
AEA7300;MAD;VGO;EMBRAER ERJ-195;Nubosidad variable;14/04/18
RYR245;BCN;VGO;BOEING 737-800 WINGLETS;Lluvia;14/04/18
AEA7306;MAD;VGO;EMBRAER ERJ-195;Nubosidad variable;14/04/18
OLY627;FUE;STR;AIRBUS A321;Nubes altas;14/04/18
CNF804;FUE;LPA;ATR-72;Nubes altas;14/04/18
IBB209;FUE;LPA;ATR-72;Nubes altas;14/04/18
TUI2117;FUE;DUS;BOEING 737-700;Nubes altas;14/04/18
TUI2873;FUE;TXL;BOEING 737-700 WINGLETS;Nubes altas;14/04/18
RYR1102;FUE;SXF;BOEING 737-800 WINGLETS;Nubes altas;14/04/18
VLG3197;FUE;CDG;AIRBUS A320;Nubes altas;14/04/18
TUI2353;FUE;HAM;BOEING 737-800 WINGLETS;Nubes altas;14/04/18
IBB211;FUE;LPA;ATR-72;Nubes altas;14/04/18
RYR8183;FUE;STN;BOEING 737-800 WINGLETS;Nubes altas;14/04/18
IBB423;FUE;TFN;ATR-42/72;Nubes altas;14/04/18
IBS3901;FUE;MAD;AIRBUS A320;Nubes altas;14/04/18
DE1453;FUE;STR;AIRBUS A320;Nubes altas;14/04/18
CNF810;FUE;LPA;ATR-42/72;Nubes altas;14/04/18
TCX1863;FUE;BHX;AIRBUS A321;Nubes altas;14/04/18
RYR3526;FUE;LTN;BOEING 737-800 WINGLETS;Nubes altas;14/04/18
GMI8985;FUE;BRE;AIRBUS A319;Nubes altas;14/04/18
TCX1483;FUE;MAN;32B;Nubes altas;14/04/18
IBB207;FUE;LPA;ATR-72;Nubes altas;14/04/18
TCX1149;FUE;GLA;AIRBUS A321;Nubes altas;14/04/18
ANE8480;PMI;MAH;BOMBARDIER CRJ-1000;Lluvia moderada;14/04/18
VLG3840;PMI;MUC;AIRBUS A320;Lluvia moderada;14/04/18
TOM6601;PMI;EXT;BOEING 737-800 WINGLETS;Lluvia moderada;14/04/18
AEA6030;PMI;MAD;EMBRAER ERJ-195;Lluvia moderada;14/04/18
ANE8106;PMI;IBZ;ATR-42/72;Lluvia moderada;14/04/18
TOM1675;PMI;EDI;BOEING 737-800 WINGLETS;Lluvia moderada;14/04/18
TCX1353;PMI;STN;AIRBUS A321;Lluvia moderada;14/04/18
AEA7506;PMI;BIO;EMBRAER ERJ-195;Lluvia moderada;14/04/18
AEA5201;PMI;GRX;EMBRAER ERJ-195;Lluvia moderada;14/04/18
ANE8482;PMI;MAH;BOMBARDIER CRJ-1000;Lluvia moderada;14/04/18
SAS1806;PMI;ARN;32A;Lluvia moderada;14/04/18
DK1247;PMI;BLL;AIRBUS A321;Lluvia moderada;14/04/18
EZY2742;PMI;MXP;32A;Lluvia moderada;14/04/18
TCX1009;PMI;MAN;AIRBUS A321;Lluvia moderada;14/04/18
TCX1367;PMI;NCL;32B;Lluvia moderada;14/04/18
RYR7207;PMI;CGN;BOEING 737-800 WINGLETS;Lluvia moderada;14/04/18
VLG1232;PMI;MRS;AIRBUS A320;Lluvia moderada;14/04/18
RYR6032;PMI;EMA;BOEING 737-800 WINGLETS;Lluvia moderada;14/04/18
AEA4537;PMI;MAH;ATR-72;Lluvia moderada;14/04/18
RYR3064;TFN;BCN;BOEING 737-800 WINGLETS;Despejado;14/04/18
CNF418;TFN;SPC;ATR-72;Despejado;14/04/18
AEA9047;TFN;MAD;BOEING 737-800 WINGLETS;Despejado;14/04/18
IBB609;TFN;SPC;ATR-42/72;Despejado;14/04/18
IBB468;TFN;ACE;ATR-42/72;Despejado;14/04/18
IBB422;TFN;FUE;ATR-42/72;Despejado;14/04/18
IBB659;TFN;VDE;ATR-42/72;Despejado;14/04/18
RYR5279;TFN;MAD;BOEING 737-800 WINGLETS;Despejado;14/04/18
AEA9416;TFN;LPA;ATR-72;Despejado;14/04/18
VLG3261;TFN;BIO;32A;Despejado;14/04/18
IBB120;TFN;LPA;ATR-42/72;Despejado;14/04/18
IBS3943;TFN;MAD;32A;Despejado;14/04/18
IBK5757;TFN;BCN;BOEING 737-800 WINGLETS;Despejado;14/04/18
AEA9463;TFN;SPC;ATR-72;Despejado;14/04/18
IBB619;TFN;SPC;ATR-72;Despejado;14/04/18
IBB110;TFN;LPA;ATR-42/72;Despejado;14/04/18
IBB132;TFN;LPA;ATR-42/72;Despejado;14/04/18
AEA9402;TFN;LPA;ATR-72;Despejado;14/04/18
TRA6514;IBZ;EIN;BOEING 737-800 WINGLETS;Llovizna;14/04/18
CND698;IBZ;AMS;BOEING 737-800 WINGLETS;Llovizna;14/04/18
RYR6419;IBZ;NRN;BOEING 737-800 WINGLETS;Llovizna;14/04/18
BAW8462;IBZ;LCY;EMBRAER 190;Llovizna;14/04/18
VLG3515;IBZ;BCN;32A;Llovizna;14/04/18
RYR9254;IBZ;STN;BOEING 737-800 WINGLETS;Llovizna;14/04/18
IBE8111;IBZ;PMI;ATR-42/72;Llovizna;14/04/18
IBE8441;IBZ;VLC;ATR-72;Llovizna;14/04/18
DLH1157;IBZ;FRA;32A;Llovizna;14/04/18
RYR6703;IBZ;FCO;BOEING 737-800 WINGLETS;Llovizna;14/04/18
RYR8810;IBZ;BGY;BOEING 737-800 WINGLETS;Llovizna;14/04/18
RYR9176;IBZ;DUB;BOEING 737-800 WINGLETS;Llovizna;14/04/18
RYR7217;IBZ;VLC;BOEING 737-800 WINGLETS;Llovizna;14/04/18
IBE8911;IBZ;MAD;BOMBARDIER CRJ-1000;Llovizna;14/04/18
VLG3511;IBZ;BCN;32A;Llovizna;14/04/18
IBE8675;IBZ;BIO;BOMBARDIER CRJ-1000;Llovizna;14/04/18
IBE8115;IBZ;PMI;BOMBARDIER CRJ-1000;Llovizna;14/04/18
RYR2627;IBZ;MAN;BOEING 737-800 WINGLETS;Llovizna;14/04/18
RYR6432;IBZ;LPL;BOEING 737-800 WINGLETS;Llovizna;14/04/18
AEA6024;IBZ;MAD;EMBRAER ERJ-195;Llovizna;14/04/18
TVS2415;ACE;DOL;BOEING 737-800 WINGLETS;Nubes altas;14/04/18
IBB507;ACE;LPA;ATR-42/72;Nubes altas;14/04/18
AEA9076;ACE;MAD;BOEING 737-800 WINGLETS;Nubes altas;14/04/18
EZS1250;ACE;BSL;AIRBUS A320;Nubes altas;14/04/18
RYR6209;ACE;NRN;BOEING 737-800 WINGLETS;Nubes altas;14/04/18
VLG2481;ACE;BCN;AIRBUS A320;Nubes altas;14/04/18
RYR7125;ACE;DUB;BOEING 737-800 WINGLETS;Nubes altas;14/04/18
EZY6194;ACE;BRS;32A;Nubes altas;14/04/18
IBB469;ACE;TFN;ATR-42/72;Nubes altas;14/04/18
AEA9448;ACE;LPA;ATR-72;Nubes altas;14/04/18
RYR3173;ACE;EMA;BOEING 737-800 WINGLETS;Nubes altas;14/04/18
EZY8682;ACE;LGW;AIRBUS A320;Nubes altas;14/04/18
RYR4756;ACE;BRS;BOEING 737-800 WINGLETS;Nubes altas;14/04/18
TCX1807;ACE;BHX;AIRBUS A320;Nubes altas;14/04/18
EIN777;ACE;DUB;AIRBUS A320;Nubes altas;14/04/18
TCX1003;ACE;LGW;BOEING 767-300;Nubes altas;14/04/18
LLX5062;ACE;TFS;BOEING 737-400;Nubes altas;14/04/18
CNF722;ACE;LPA;ATR-72;Nubes altas;14/04/18
IBK5874;LPA;BGO;BOEING 737-800 WINGLETS;Nubes altas;14/04/18
AEA9415;LPA;TFN;ATR-72;Nubes altas;14/04/18
IBK5962;LPA;MUC;BOEING 737-800 WINGLETS;Nubes altas;14/04/18
IBB210;LPA;FUE;ATR-72;Nubes altas;14/04/18
AEA9161;LPA;MAD;BOEING 787-8;Nubes altas;14/04/18
IBB123;LPA;TFS;ATR-72;Nubes altas;14/04/18
OLY603;LPA;ZRH;AIRBUS A319;Nubes altas;14/04/18
TRA6456;LPA;AMS;BOEING 737-800 WINGLETS;Nubes altas;14/04/18
CNF809;LPA;FUE;ATR-72;Nubes altas;14/04/18
EDW201;LPA;ZRH;AIRBUS A320;Nubes altas;14/04/18
TFL628;LPA;EIN;BOEING 737-800 WINGLETS;Nubes altas;14/04/18
TUI2239;LPA;MUC;7S8;Nubes altas;14/04/18
IBB510;LPA;ACE;ATR-72;Nubes altas;14/04/18
VLG3184;LPA;ORY;AIRBUS A321;Nubes altas;14/04/18
EWG2261;LPA;STR;32A;Nubes altas;14/04/18
TUI2259;LPA;FRA;7S8;Nubes altas;14/04/18
TUI2205;LPA;BSL;7S8;Nubes altas;14/04/18
VLG2614;BIO;XRY;32A;Nubosidad variable;14/04/18
VLG2286;BCN;XRY;BOEING 737-800 WINGLETS;Lluvia;14/04/18
IBE0404;MAD;XRY;AIRBUS A319;Nubosidad variable;14/04/18
RYR1283;BCN;XRY;BOEING 737-800 WINGLETS;Lluvia;14/04/18
IBE0406;MAD;XRY;AIRBUS A319;Nubosidad variable;14/04/18
IBE8792;MAD;MLN;ATR-72;Nubosidad variable;14/04/18
IBE8268;AGP;MLN;ATR-72;Despejado;14/04/18
IBE8264;AGP;MLN;ATR-72;Despejado;14/04/18
IBE8270;AGP;MLN;ATR-72;Despejado;14/04/18
IBE8798;MAD;MLN;ATR-72;Nubosidad variable;14/04/18
IBE8272;AGP;MLN;ATR-72;Despejado;14/04/18
IBE8262;AGP;MLN;ATR-72;Despejado;15/04/18
IBE8792;MAD;MLN;ATR-72;Nubosidad variable;15/04/18
RYR9241;GRO;PSA;BOEING 737-800 WINGLETS;Lluvia;14/04/18
RYR9107;GRO;BVA;BOEING 737-800 WINGLETS;Lluvia;14/04/18
RYR6901;GRO;CRL;BOEING 737-800 WINGLETS;Lluvia;14/04/18
RYR9012;GRO;MLA;BOEING 737-800 WINGLETS;Lluvia;14/04/18
RYR6911;GRO;MST;BOEING 737-800 WINGLETS;Lluvia;14/04/18
RYR9375;GRO;TLL;BOEING 737-800 WINGLETS;Lluvia;14/04/18
RYR9002;GRO;BLL;BOEING 737-800 WINGLETS;Lluvia;14/04/18
RYR9307;GRO;PIK;BOEING 737-800 WINGLETS;Lluvia;14/04/18
RYR6393;GRO;NRN;BOEING 737-800 WINGLETS;Lluvia;14/04/18
RYR3653;GRO;BRE;BOEING 737-800 WINGLETS;Lluvia;14/04/18
RYR9911;GRO;BOH;BOEING 737-800 WINGLETS;Lluvia;14/04/18
RYR9123;GRO;EIN;BOEING 737-800 WINGLETS;Lluvia;15/04/18
RYR7083;GRO;OMR;BOEING 737-800 WINGLETS;Lluvia;15/04/18
RYR9555;GRO;FMM;BOEING 737-800 WINGLETS;Lluvia;15/04/18
RYR6901;GRO;CRL;BOEING 737-800 WINGLETS;Lluvia;15/04/18
RYR9305;GRO;LPL;BOEING 737-800 WINGLETS;Lluvia;15/04/18
RYR9172;GRO;WRO;BOEING 737-800 WINGLETS;Lluvia;15/04/18
RYR4125;GRO;HHN;BOEING 737-800 WINGLETS;Lluvia;15/04/18
RYR7037;GRO;DUB;BOEING 737-800 WINGLETS;Lluvia;15/04/18
RYR9364;GRO;PSR;BOEING 737-800 WINGLETS;Lluvia;15/04/18
RYR6333;SCQ;BCN;BOEING 737-800 WINGLETS;Nubosidad variable;14/04/18
EZY8590;SCQ;LGW;AIRBUS A319;Nubosidad variable;14/04/18
IBE8204;SCQ;TFN;CANADAIR CRJ-900;Nubosidad variable;14/04/18
IBS9517;SCQ;PMI;AIRBUS A320;Nubosidad variable;14/04/18
RYR724;SCQ;PMI;BOEING 737-800 WINGLETS;Nubosidad variable;14/04/18
AEA7116;SCQ;ACE;BOEING 737-800 WINGLETS;Nubosidad variable;14/04/18
IBE8679;SCQ;IBZ;BOMBARDIER CRJ-1000;Nubosidad variable;14/04/18
VLG7515;SCQ;ZRH;AIRBUS A320;Nubosidad variable;14/04/18
EZY2682;SCQ;MXP;AIRBUS A319;Nubosidad variable;14/04/18
IBS3875;SCQ;MAD;AIRBUS A320;Nubosidad variable;14/04/18
SWR2553;SCQ;ZRH;AIRBUS A320;Nubosidad variable;14/04/18
RYR2574;SCQ;AGP;BOEING 737-800 WINGLETS;Nubosidad variable;14/04/18
RYR4478;SCQ;HHN;BOEING 737-800 WINGLETS;Nubosidad variable;14/04/18
DLH1111;SCQ;FRA;AIRBUS A320;Nubosidad variable;14/04/18
EIN743;SCQ;DUB;AIRBUS A320;Nubosidad variable;14/04/18
IBS3879;SCQ;MAD;AIRBUS A320;Nubosidad variable;14/04/18
VLG3137;SCQ;ACE;AIRBUS A320;Nubosidad variable;14/04/18
AEA7137;SCQ;LPA;BOEING 737-800 WINGLETS;Nubosidad variable;14/04/18
AEA2617;SCQ;VLC;BOEING 737-800 WINGLETS;Nubosidad variable;14/04/18
VLG1673;SCQ;BCN;AIRBUS A320;Nubosidad variable;14/04/18
EZY8660;ALC;LGW;AIRBUS A319;Nubosidad variable;14/04/18
WZZ1488;ALC;WAW;32A;Nubosidad variable;14/04/18
TRA6144;ALC;AMS;BOEING 737-800 WINGLETS;Nubosidad variable;14/04/18
VLG1374;ALC;AMS;32A;Nubosidad variable;14/04/18
EIN573;ALC;DUB;AIRBUS A320;Nubosidad variable;14/04/18
ANE8804;ALC;LPA;BOMBARDIER CRJ-1000;Nubosidad variable;14/04/18
VLG1241;ALC;CWL;AIRBUS A320;Nubosidad variable;14/04/18
TOM7655;ALC;EMA;BOEING 737-800 WINGLETS;Nubosidad variable;14/04/18
TRA6626;ALC;EIN;BOEING 737-800 WINGLETS;Nubosidad variable;14/04/18
TOM4631;ALC;LGW;BOEING 737-800 WINGLETS;Nubosidad variable;14/04/18
TOM6645;ALC;CWL;BOEING 737-800 WINGLETS;Nubosidad variable;14/04/18
RYR8383;ALC;STN;BOEING 737-800 WINGLETS;Nubosidad variable;14/04/18
BAW2631;ALC;LGW;AIRBUS A320;Nubosidad variable;14/04/18
ENT580;ALC;LIS;BOEING 737-800;Nubosidad variable;14/04/18
EZY1918;ALC;MAN;AIRBUS A320;Nubosidad variable;14/04/18
SAS4650;ALC;BOO;BOEING 737-800;Nubosidad variable;14/04/18
RYR1002;ALC;WMI;BOEING 737-800 WINGLETS;Nubosidad variable;14/04/18
EXS642;ALC;EMA;BOEING 737-300 WINGLETS;Nubosidad variable;14/04/18
RYR7423;ALC;NYO;BOEING 737-800 WINGLETS;Nubosidad variable;14/04/18
TOM2621;ALC;MAN;BOEING 737-800 WINGLETS;Nubosidad variable;14/04/18
EXS880;ALC;MAN;BOEING 737-800 WINGLETS;Nubosidad variable;14/04/18
EZY2226;ALC;LTN;AIRBUS A319;Nubosidad variable;14/04/18
VLG1579;BCN;OVD;AIRBUS A320;Lluvia;14/04/18
VOE3591;PMI;OVD;BOEING 717;Lluvia moderada;14/04/18
IBS3612;TFN;OVD;AIRBUS A320;Despejado;14/04/18
IBS3980;MAD;OVD;AIRBUS A320;Nubosidad variable;14/04/18
IBE0480;MAD;OVD;32A;Nubosidad variable;14/04/18
VLG3138;ACE;OVD;AIRBUS A320;Nubes altas;14/04/18
VLG1573;BCN;OVD;AIRBUS A320;Lluvia;15/04/18
IBE8334;VLC;OVD;ATR-72;Nubosidad variable;15/04/18
TVF1151;TFS;ORY;BOEING 737-800 WINGLETS;Despejado;14/04/18
IBK6410;TFS;EDI;BOEING 737-800 WINGLETS;Despejado;14/04/18
IBK6512;TFS;MUC;BOEING 737-800 WINGLETS;Despejado;14/04/18
EDW215;TFS;ZRH;AIRBUS A320;Despejado;14/04/18
JAF6114;TFS;BRU;7M8;Despejado;14/04/18
TUI2197;TFS;MUC;BOEING 737-800 WINGLETS;Despejado;14/04/18
IBB152;TFS;LPA;ATR-72;Despejado;14/04/18
IBE2233;TFS;LPA;ATR-72;Despejado;14/04/18
RYR4754;TFS;BRS;BOEING 737-800 WINGLETS;Despejado;14/04/18
VLG3221;TFS;BCN;AIRBUS A320;Despejado;14/04/18
VLG3135;TFS;ORY;32B;Despejado;14/04/18
EXS756;TFS;MAN;BOEING 737-800 WINGLETS;Despejado;14/04/18
RYR1589;TFS;FRA;BOEING 737-800 WINGLETS;Despejado;14/04/18
RYR8167;TFS;STN;BOEING 737-800 WINGLETS;Despejado;14/04/18
JAF6704;TFS;CRL;BOEING 737-700 WINGLETS;Despejado;14/04/18
FIN1692;TFS;HEL;32B;Despejado;14/04/18
TFL540;TFS;AMS;BOEING 737-800 WINGLETS;Despejado;14/04/18
RYR5553;TFS;HHN;BOEING 737-800 WINGLETS;Despejado;14/04/18
VLG6217;TFS;FCO;32A;Despejado;14/04/18
TRA5106;VLC;EIN;BOEING 737-800 WINGLETS;Nubosidad variable;14/04/18
IBE8098;VLC;TFN;BOMBARDIER CRJ-1000;Nubosidad variable;14/04/18
IBE8430;VLC;IBZ;ATR-72;Nubosidad variable;14/04/18
RYR8322;VLC;STN;BOEING 737-800 WINGLETS;Nubosidad variable;14/04/18
ENT512;VLC;NAP;BOEING 737-800 WINGLETS;Nubosidad variable;14/04/18
AEA1007;VLC;CDG;BOEING 737-800 WINGLETS;Nubosidad variable;14/04/18
TAP1097;VLC;LIS;ATR-42/72;Nubosidad variable;14/04/18
AEA4064;VLC;MAD;ATR-72;Nubosidad variable;14/04/18
RYR7216;VLC;IBZ;BOEING 737-800 WINGLETS;Nubosidad variable;14/04/18
VLG8152;VLC;ORY;AIRBUS A320;Nubosidad variable;14/04/18
ENT548;VLC;FCO;BOEING 737-800 WINGLETS;Nubosidad variable;14/04/18
THY1302;VLC;IST;BOEING 737-800 WINGLETS;Nubosidad variable;14/04/18
DLH1831;VLC;MUC;AIRBUS A320;Nubosidad variable;14/04/18
DLH1161;VLC;FRA;AIRBUS A321;Nubosidad variable;14/04/18
EZY8222;VLC;LGW;AIRBUS A320;Nubosidad variable;14/04/18
RYR6422;VLC;BLQ;BOEING 737-800 WINGLETS;Nubosidad variable;14/04/18
IBE8634;VLC;PMI;CANADAIR CRJ-200;Nubosidad variable;14/04/18
IBE8981;VLC;MAD;BOMBARDIER CRJ-1000;Nubosidad variable;14/04/18
IBB612;SPC;TFN;ATR-42/72;Nubes altas;14/04/18
CNF419;SPC;TFN;ATR-72;Nubes altas;14/04/18
IBB610;SPC;TFN;ATR-42/72;Nubes altas;14/04/18
EZY8712;SPC;LGW;32A;Nubes altas;14/04/18
AEA9464;SPC;TFN;ATR-72;Nubes altas;14/04/18
IBB620;SPC;TFN;ATR-72;Nubes altas;14/04/18
EWG9545;SPC;DUS;32A;Nubes altas;14/04/18
GMI3953;SPC;HAM;AIRBUS A319;Nubes altas;14/04/18
EWG7529;SPC;HAM;32A;Nubes altas;14/04/18
IBB622;SPC;TFN;ATR-42/72;Nubes altas;14/04/18
IBS3843;SPC;MAD;AIRBUS A320;Nubes altas;14/04/18
CNF453;SPC;TFN;ATR-72;Nubes altas;14/04/18
IBB632;SPC;TFN;ATR-42/72;Nubes altas;14/04/18
AEA9466;SPC;TFN;ATR-72;Nubes altas;14/04/18
VLG3249;SPC;BCN;AIRBUS A320;Nubes altas;14/04/18
EWG2269;SPC;STR;32A;Nubes altas;14/04/18
IBB636;SPC;TFN;ATR-42/72;Nubes altas;14/04/18
IBB316;SPC;LPA;ATR-72;Nubes altas;14/04/18
AEA9480;SPC;TFN;ATR-72;Nubes altas;14/04/18
IBB638;SPC;TFN;ATR-42/72;Nubes altas;14/04/18
IBB640;SPC;TFN;ATR-72;Nubes altas;14/04/18
IBE8598;MAD;LEI;CANADAIR CRJ-200;Nubosidad variable;14/04/18
IBE8592;MAD;LEI;BOMBARDIER CRJ-1000;Nubosidad variable;14/04/18
IBE8594;MAD;LEI;BOMBARDIER CRJ-1000;Nubosidad variable;15/04/18
AEA2887;BCN;LEI;BOEING 737-800 WINGLETS;Lluvia;15/04/18
VLG1251;BCN;LEI;AIRBUS A320;Lluvia;15/04/18
IBS3877;SCQ;MAD;AIRBUS A320;Nubosidad variable;14/04/18
RYR6384;BCN;SDR;BOEING 737-800 WINGLETS;Lluvia;14/04/18
IBE0554;MAD;SDR;AIRBUS A319;Nubosidad variable;14/04/18
RYR2593;AGP;SDR;BOEING 737-800 WINGLETS;Despejado;14/04/18
RYR2214;VLC;SDR;BOEING 737-800 WINGLETS;Nubosidad variable;14/04/18
IBE0556;MAD;SDR;AIRBUS A319;Nubosidad variable;14/04/18
VLG1574;OVD;BCN;AIRBUS A320;Nubosidad variable;14/04/18
RYR6333;SCQ;BCN;BOEING 737-800 WINGLETS;Nubosidad variable;14/04/18
IBE0930;MAD;BCN;AIRBUS A321;Nubosidad variable;14/04/18
AVA6078;MAD;BCN;AIRBUS A321;Nubosidad variable;14/04/18
IBE0930S;MAD;BCN;AIRBUS A321;Nubosidad variable;14/04/18
AAL8733;MAD;BCN;AIRBUS A321;Nubosidad variable;14/04/18
VLG1292;BCN;LCG;32A;Lluvia;14/04/18
AEA7233;MAD;LCG;EMBRAER ERJ-195;Nubosidad variable;14/04/18
IBE0512;MAD;LCG;AIRBUS A320;Nubosidad variable;14/04/18
AEA7235;MAD;LCG;EMBRAER ERJ-195;Nubosidad variable;14/04/18
VLG3970;PMI;LCG;32A;Lluvia moderada;14/04/18
AEA7237;MAD;LCG;EMBRAER ERJ-195;Nubosidad variable;14/04/18
VLG2010;BCN;GRX;32B;Lluvia;14/04/18
IBE8640;MAD;GRX;BOMBARDIER CRJ-1000;Nubosidad variable;14/04/18
VLG2020;BCN;GRX;AIRBUS A320;Lluvia;14/04/18
AEA5201;PMI;GRX;EMBRAER ERJ-195;Lluvia moderada;14/04/18
IBE8646;MAD;GRX;BOMBARDIER CRJ-1000;Nubosidad variable;14/04/18
IBE8642;MAD;GRX;CANADAIR CRJ-900;Nubosidad variable;14/04/18
VLG2014;BCN;GRX;32A;Lluvia;14/04/18
VLG2016;BCN;GRX;AIRBUS A321;Lluvia;14/04/18
IBE8648;MAD;GRX;BOMBARDIER CRJ-1000;Nubosidad variable;14/04/18
VLG2010;BCN;GRX;AIRBUS A321;Lluvia;15/04/18
IBE8640;MAD;GRX;BOMBARDIER CRJ-1000;Nubosidad variable;15/04/18
VLG2020;BCN;GRX;AIRBUS A320;Lluvia;15/04/18
VLG2505;SVQ;BIO;32A;Nubes altas;14/04/18
VLG1440;BCN;BIO;32A;Lluvia;14/04/18
AEA2659;BCN;BIO;BOEING 737-800 WINGLETS;Lluvia;14/04/18
AEA7506;PMI;BIO;EMBRAER ERJ-195;Lluvia moderada;14/04/18
IBE0426;MAD;BIO;AIRBUS A320;Nubosidad variable;14/04/18
VLG2509;SVQ;BIO;AIRBUS A320;Nubes altas;14/04/18
VLG3281;ACE;BIO;AIRBUS A320;Nubes altas;14/04/18
LAV5547;TFN;BIO;BOEING 737-400;Despejado;14/04/18
IBE8480;PMI;MAH;BOMBARDIER CRJ-1000;Despejado;17/04/18
VLG3714;BCN;MAH;AIRBUS A320;Lluvia;14/04/18
IBE8482;PMI;MAH;BOMBARDIER CRJ-1000;Despejado;17/04/18
VLG1340;ALC;MAH;32A;Nubosidad variable;14/04/18
AEA4537;PMI;MAH;ATR-72;Lluvia moderada;14/04/18
VLG2432;SVQ;MAH;AIRBUS A320;Nubes altas;14/04/18
IBE8498;PMI;MAH;ATR-42/72;Despejado;17/04/18
IBE8661;VIT;MAH;BOMBARDIER CRJ-1000;Abertura de claros;14/04/18
AEA4531;PMI;MAH;ATR-72;Lluvia moderada;14/04/18
RYR6881;BCN;MAH;BOEING 737-800 WINGLETS;Lluvia;14/04/18
VLG3716;BCN;MAH;AIRBUS A320;Lluvia;14/04/18
VLG3700;BCN;MAH;AIRBUS A320;Lluvia;14/04/18
IBE8492;PMI;MAH;ATR-42/72;Despejado;17/04/18
IBE8106;PMI;IBZ;ATR-42/72;Despejado;17/04/18
IBE8430;VLC;IBZ;ATR-72;Nubosidad variable;14/04/18
RYR7216;VLC;IBZ;BOEING 737-800 WINGLETS;Nubosidad variable;14/04/18
IBE8910;MAD;IBZ;BOMBARDIER CRJ-1000;Nubosidad variable;14/04/18
IBE8108;PMI;IBZ;BOMBARDIER CRJ-1000;Despejado;17/04/18
VLG3510;BCN;IBZ;32A;Lluvia;14/04/18
IBE8679;SCQ;IBZ;BOMBARDIER CRJ-1000;Nubosidad variable;14/04/18
AEA6025;MAD;IBZ;EMBRAER ERJ-195;Nubosidad variable;14/04/18
AEA1706;PMI;IBZ;ATR-72;Lluvia moderada;14/04/18
AEA9447;LPA;ACE;ATR-72;Nubes altas;14/04/18
VLG2480;BCN;ACE;AIRBUS A320;Lluvia;14/04/18
IBB468;TFN;ACE;ATR-42/72;Despejado;14/04/18
IBB510;LPA;ACE;ATR-72;Nubes altas;14/04/18
CNF721;LPA;ACE;ATR-72;Nubes altas;14/04/18
IBB508;LPA;ACE;ATR-72;Nubes altas;14/04/18
IBS3856;MAD;ACE;AIRBUS A320;Nubosidad variable;14/04/18
AEA7136;LPA;SCQ;BOEING 737-800 WINGLETS;Nubes altas;14/04/18
IBE8678;IBZ;SCQ;BOMBARDIER CRJ-1000;Llovizna;14/04/18
VLG1641;FUE;SCQ;AIRBUS A320;Nubes altas;14/04/18
IBS3874;MAD;SCQ;AIRBUS A320;Nubosidad variable;14/04/18
RYR2573;AGP;SCQ;BOEING 737-800 WINGLETS;Despejado;14/04/18
RYR723;PMI;SCQ;BOEING 737-800 WINGLETS;Lluvia moderada;14/04/18
IBS3878;MAD;SCQ;AIRBUS A320;Nubosidad variable;14/04/18
AEA7117;ACE;SCQ;BOEING 737-800 WINGLETS;Nubes altas;14/04/18
AEA2618;VLC;SCQ;BOEING 737-800 WINGLETS;Nubosidad variable;14/04/18
VLG1672;BCN;SCQ;AIRBUS A320;Lluvia;14/04/18
RYR7003;LPA;SCQ;BOEING 737-800 WINGLETS;Nubes altas;14/04/18
IBE8205;TFN;SCQ;BOMBARDIER CRJ-1000;Despejado;14/04/18
VLG3136;ACE;SCQ;AIRBUS A320;Nubes altas;14/04/18
AEA5002;MLN;AGP;ATR-72;Despejado;14/04/18
IBE8273;MLN;AGP;ATR-72;Despejado;14/04/18
VLG3220;BCN;TFS;AIRBUS A320;Lluvia;14/04/18
IBB123;LPA;TFS;ATR-72;Nubes altas;14/04/18
IBS3910;MAD;TFS;32A;Nubosidad variable;14/04/18
IBE8441;IBZ;VLC;ATR-72;Llovizna;14/04/18
CNF704;ACE;LPA;ATR-42/72;Nubes altas;14/04/18
IBB108;TFN;LPA;BOMBARDIER CRJ-1000;Despejado;14/04/18
IBB237;FUE;LPA;ATR-42/72;Nubes altas;14/04/18
IBB505;ACE;LPA;ATR-42/72;Nubes altas;14/04/18
IBS3826;MAD;LPA;AIRBUS A321;Nubosidad variable;14/04/18
AEA9416;TFN;LPA;ATR-72;Despejado;14/04/18
IBB507;ACE;LPA;ATR-42/72;Nubes altas;14/04/18
IBB209;FUE;LPA;ATR-72;Nubes altas;14/04/18
IBE2232;FUE;LPA;ATR-72;Nubes altas;14/04/18
CNF804;FUE;LPA;ATR-72;Nubes altas;14/04/18
RYR6396;BCN;SVQ;BOEING 737-800 WINGLETS;Lluvia;14/04/18
VLG3940;PMI;SVQ;AIRBUS A320;Lluvia moderada;14/04/18
VLG3165;FUE;SVQ;AIRBUS A320;Nubes altas;14/04/18
VLG3161;ACE;SVQ;AIRBUS A320;Nubes altas;14/04/18
IBS3950;MAD;SVQ;AIRBUS A320;Nubosidad variable;14/04/18
RYR5273;PMI;SVQ;BOEING 737-800 WINGLETS;Lluvia moderada;14/04/18
VLG2210;BCN;SVQ;32A;Lluvia;14/04/18
VLG2510;BIO;SVQ;AIRBUS A320;Nubosidad variable;14/04/18
IBS9526;PMI;SVQ;AIRBUS A320;Lluvia moderada;14/04/18
VLG2433;MAH;SVQ;AIRBUS A320;Lluvia moderada;14/04/18
IBS3952;MAD;SVQ;AIRBUS A320;Nubosidad variable;14/04/18
VLG3255;TFN;SVQ;AIRBUS A320;Despejado;14/04/18
EVE1101;ALC;SVQ;32A;Nubosidad variable;14/04/18
IBB119;LPA;TFN;BOMBARDIER CRJ-1000;Nubes altas;14/04/18
IBB608;SPC;TFN;ATR-42/72;Nubes altas;14/04/18
IBB656;VDE;TFN;ATR-42/72;Despejado;14/04/18
AEA9415;LPA;TFN;ATR-72;Nubes altas;14/04/18
AEA9462;SPC;TFN;ATR-72;Nubes altas;14/04/18
IBK5756;BCN;TFN;BOEING 737-800 WINGLETS;Lluvia;14/04/18
IBB612;SPC;TFN;ATR-42/72;Nubes altas;14/04/18
IBS3942;MAD;TFN;32A;Nubosidad variable;14/04/18
IBB650;GMZ;TFN;ATR-42/72;Nubes altas;14/04/18
CNF419;SPC;TFN;ATR-72;Nubes altas;14/04/18
IBB109;LPA;TFN;ATR-72;Nubes altas;14/04/18
IBB610;SPC;TFN;ATR-42/72;Nubes altas;14/04/18
AEA9401;LPA;TFN;ATR-72;Nubes altas;14/04/18
IBB660;VDE;TFN;ATR-42/72;Despejado;14/04/18
IBB423;FUE;TFN;ATR-42/72;Nubes altas;14/04/18
IBB469;ACE;TFN;ATR-42/72;Nubes altas;14/04/18
IBE8204;SCQ;TFN;CANADAIR CRJ-900;Nubosidad variable;14/04/18
IBE8098;VLC;TFN;BOMBARDIER CRJ-1000;Nubosidad variable;14/04/18
IBB133;LPA;TFN;ATR-72;Nubes altas;14/04/18
IBS3932;MAD;TFN;AIRBUS A320;Nubosidad variable;14/04/18
IBB620;SPC;TFN;ATR-72;Nubes altas;14/04/18
AEA9464;SPC;TFN;ATR-72;Nubes altas;14/04/18
IBB145;LPA;TFN;ATR-72;Nubes altas;14/04/18
IBB208;LPA;FUE;ATR-72;Nubes altas;14/04/18
IBB210;LPA;FUE;ATR-72;Nubes altas;14/04/18
IBS3900;MAD;FUE;AIRBUS A320;Nubosidad variable;14/04/18
IBB422;TFN;FUE;ATR-42/72;Despejado;14/04/18
CNF809;LPA;FUE;ATR-72;Nubes altas;14/04/18
IBB206;LPA;FUE;ATR-72;Nubes altas;14/04/18
RYR5468;MAD;FUE;BOEING 737-800 WINGLETS;Nubosidad variable;14/04/18
ANE8483;MAH;PMI;BOMBARDIER CRJ-1000;Despejado;17/04/18
ANE8105;IBZ;PMI;BOMBARDIER CRJ-1000;Despejado;17/04/18
AEA1703;IBZ;PMI;ATR-72;Llovizna;14/04/18
IBK6771;MAD;PMI;BOEING 737-800 WINGLETS;Nubosidad variable;14/04/18
AEA4024;PMI;ALC;ATR-72;Lluvia moderada;14/04/18
EVE1102;SVQ;ALC;32A;Nubes altas;14/04/18
IBB611;TFN;SPC;ATR-42/72;Despejado;14/04/18
CNF418;TFN;SPC;ATR-72;Despejado;14/04/18
IBB609;TFN;SPC;ATR-42/72;Despejado;14/04/18
AEA9463;TFN;SPC;ATR-72;Despejado;14/04/18
IBB619;TFN;SPC;ATR-72;Despejado;14/04/18
IBB621;TFN;SPC;ATR-42/72;Despejado;14/04/18
CNF452;TFN;SPC;ATR-72;Despejado;14/04/18
IBB631;TFN;SPC;ATR-42/72;Despejado;14/04/18
VLG3248;BCN;SPC;AIRBUS A320;Lluvia;14/04/18
AEA9465;TFN;SPC;ATR-72;Despejado;14/04/18
IBB623;TFN;SPC;ATR-42/72;Despejado;14/04/18
AEA9479;TFN;SPC;ATR-72;Despejado;14/04/18
IBB315;LPA;SPC;ATR-72;Nubes altas;14/04/18
IBB637;TFN;SPC;ATR-42/72;Despejado;14/04/18
IBB639;TFN;SPC;ATR-72;Despejado;14/04/18
RYR6321;VLL;BCN;BOEING 737-800 WINGLETS;Nubosidad variable;14/04/18
RYR6320;BCN;VLL;BOEING 737-800 WINGLETS;Lluvia;14/04/18
RYR2036;VIT;SVQ;BOEING 737-800 WINGLETS;Abertura de claros;14/04/18
IBE8661;VIT;MAH;BOMBARDIER CRJ-1000;Abertura de claros;14/04/18
IBE8525;PNA;MAD;CANADAIR CRJ-200;Nubosidad variable;14/04/18
IBE8529;PNA;MAD;BOMBARDIER CRJ-1000;Nubosidad variable;15/04/18
DLH1119;PNA;FRA;AIRBUS A320;Nubosidad variable;15/04/18
IBE8319;EAS;MAD;ATR-72;Nubosidad variable;14/04/18
IBE8329;EAS;MAD;ATR-72;Nubosidad variable;14/04/18
VLG2489;EAS;BCN;AIRBUS A319;Nubosidad variable;14/04/18
IBE8317;EAS;MAD;ATR-72;Nubosidad variable;15/04/18
VLG2487;EAS;BCN;AIRBUS A319;Nubosidad variable;15/04/18
IBE8319;EAS;MAD;ATR-72;Nubosidad variable;15/04/18
RYR2035;SVQ;VIT;BOEING 737-800 WINGLETS;Nubes altas;14/04/18
IBE8660;MAH;VIT;BOMBARDIER CRJ-1000;Lluvia moderada;14/04/18
IBB660;VDE;TFN;ATR-42/72;Despejado;14/04/18
IBB664;VDE;TFN;ATR-42/72;Despejado;14/04/18
IBB366;VDE;LPA;ATR-72;Despejado;14/04/18
CNF248;VDE;TFN;ATR-42/72;Despejado;14/04/18
IBB674;VDE;TFN;ATR-42/72;Despejado;14/04/18
IBB662;VDE;TFN;ATR-72;Despejado;15/04/18
IBB650;GMZ;TFN;ATR-42/72;Nubes altas;14/04/18
IBB652;GMZ;TFN;ATR-42/72;Nubes altas;14/04/18
IBB650;GMZ;TFN;ATR-72;Nubes altas;15/04/18
RYR1115;REU;DUB;BOEING 737-800 WINGLETS;Lluvia;14/04/18
RYR1865;REU;SNN;BOEING 737-800 WINGLETS;Lluvia;14/04/18
RYR3843;REU;STN;BOEING 737-800 WINGLETS;Lluvia;14/04/18
EZY2208;REU;LTN;AIRBUS A319;Lluvia;14/04/18
RYR2829;REU;CRL;BOEING 737-800 WINGLETS;Lluvia;14/04/18
RYR1115;REU;DUB;BOEING 737-800 WINGLETS;Lluvia;15/04/18
RYR9825;REU;LPL;BOEING 737-800 WINGLETS;Lluvia;15/04/18
IBB653;TFN;GMZ;ATR-42/72;Despejado;14/04/18
IBB651;TFN;GMZ;ATR-72;Despejado;15/04/18
RYR7235;ZAZ;BVA;BOEING 737-800 WINGLETS;Nubes altas;14/04/18
WZZ3192;ZAZ;OTP;AIRBUS A320;Nubes altas;14/04/18
AEA4032;ZAZ;PMI;EMBRAER ERJ-195;Nubes altas;14/04/18
WZZ3418;ZAZ;CLJ;AIRBUS A320;Nubes altas;14/04/18
RYR2635;ZAZ;STN;BOEING 737-800 WINGLETS;Nubes altas;14/04/18
RYR4634;ZAZ;BGY;BOEING 737-800 WINGLETS;Nubes altas;15/04/18
EVE1606;ZAZ;SVQ;AIRBUS A320;Nubes altas;15/04/18
AEA2633;ZAZ;LEI;BOEING 737-800 WINGLETS;Nubes altas;15/04/18
IBE8263;MLN;AGP;ATR-72;Despejado;14/04/18
IBE8269;MLN;AGP;ATR-72;Despejado;14/04/18
IBE8793;MLN;MAD;ATR-72;Despejado;14/04/18
IBE8271;MLN;AGP;ATR-72;Despejado;14/04/18
IBE8261;MLN;AGP;ATR-72;Despejado;15/04/18
IBE8789;MLN;MAD;ATR-72;Despejado;15/04/18
IBE8791;MLN;MAD;ATR-72;Despejado;15/04/18
IBE8263;MLN;AGP;ATR-72;Despejado;15/04/18
IBE8524;MAD;PNA;CANADAIR CRJ-200;Nubosidad variable;14/04/18
IBE8526;MAD;PNA;BOMBARDIER CRJ-1000;Nubosidad variable;14/04/18
RYR6385;SDR;BCN;BOEING 737-800 WINGLETS;Despejado;14/04/18
RYR4793;SDR;BGY;BOEING 737-800 WINGLETS;Despejado;14/04/18
RYR2594;SDR;AGP;BOEING 737-800 WINGLETS;Despejado;14/04/18
RYR2215;SDR;VLC;BOEING 737-800 WINGLETS;Despejado;14/04/18
IBE0557;SDR;MAD;AIRBUS A319;Despejado;14/04/18
RYR1573;SDR;SXF;BOEING 737-800 WINGLETS;Despejado;14/04/18
WZZ1480;SDR;WAW;AIRBUS A320;Despejado;15/04/18
RYR7617;SDR;EDI;BOEING 737-800 WINGLETS;Despejado;15/04/18
RYR6385;SDR;BCN;BOEING 737-800 WINGLETS;Despejado;15/04/18
VLG2615;XRY;BIO;32A;Nubosidad variable;14/04/18
VLG2287;XRY;BCN;BOEING 737-800 WINGLETS;Nubosidad variable;14/04/18
IBE0405;XRY;MAD;AIRBUS A320;Nubosidad variable;14/04/18
RYR1284;XRY;BCN;BOEING 737-800 WINGLETS;Nubosidad variable;14/04/18
IBE0407;XRY;MAD;AIRBUS A320;Nubosidad variable;15/04/18
EWG575;XRY;CGN;AIRBUS A319;Nubosidad variable;15/04/18
JAF7922;XRY;BRU;EMBRAER 190;Nubosidad variable;15/04/18
EWG9571;XRY;DUS;32A;Nubosidad variable;15/04/18
RYR8397;XRY;STN;BOEING 737-800 WINGLETS;Nubosidad variable;15/04/18
AEA6013;MAD;PMI;BOEING 737-800 WINGLETS;Nubosidad variable;14/04/18
AAL037;MAD;DFW;BOEING 777-200;Nubosidad variable;14/04/18
IBE3340;MAD;RAK;AIRBUS A320;Nubosidad variable;14/04/18
IBS3950;MAD;SVQ;AIRBUS A320;Nubosidad variable;14/04/18
IBS3910;MAD;TFS;32A;Nubosidad variable;14/04/18
IBS3730;MAD;CPH;AIRBUS A320;Nubosidad variable;14/04/18
IBE8374;MAD;TNG;BOMBARDIER CRJ-1000;Nubosidad variable;14/04/18
IBS3874;MAD;SCQ;AIRBUS A320;Nubosidad variable;14/04/18
AEA7315;VGO;MAD;EMBRAER ERJ-195;Nubosidad variable;14/04/18
IBE0533;VGO;MAD;AIRBUS A319;Nubosidad variable;14/04/18
EVE1124;VGO;ALC;AIRBUS A320;Nubosidad variable;14/04/18
TAP1141;VGO;LIS;ATR-72;Nubosidad variable;14/04/18
AEA7317;VGO;MAD;EMBRAER ERJ-195;Nubosidad variable;14/04/18
RYR246;VGO;BCN;BOEING 737-800 WINGLETS;Nubosidad variable;14/04/18
AEA7319;VGO;MAD;EMBRAER ERJ-195;Nubosidad variable;14/04/18
AEA7311;VGO;MAD;EMBRAER ERJ-195;Nubosidad variable;15/04/18
IBE8316;MAD;EAS;ATR-72;Nubosidad variable;14/04/18
IBE8322;MAD;EAS;ATR-72;Nubosidad variable;14/04/18
VLG2488;BCN;EAS;AIRBUS A319;Lluvia;14/04/18
IBE8324;MAD;EAS;ATR-72;Nubosidad variable;14/04/18
VLG2486;BCN;EAS;AIRBUS A319;Lluvia;15/04/18
IBE8316;MAD;EAS;ATR-72;Nubosidad variable;15/04/18
IBB659;TFN;VDE;ATR-42/72;Despejado;14/04/18
IBB663;TFN;VDE;ATR-42/72;Despejado;14/04/18
IBB365;LPA;VDE;ATR-72;Nubes altas;14/04/18
CNF247;TFN;VDE;ATR-42/72;Despejado;14/04/18
IBB673;TFN;VDE;ATR-42/72;Despejado;14/04/18
IBS2237;TFN;VDE;ATR-42/72;Despejado;17/04/18
IBB655;TFN;VDE;ATR-72;Despejado;15/04/18
IBB659;TFN;VDE;ATR-72;Despejado;15/04/18
RYR8322;VLC;STN;BOEING 737-800 WINGLETS;Nubosidad variable;14/04/18
ENT512;VLC;NAP;BOEING 737-800 WINGLETS;Nubosidad variable;14/04/18
AEA1007;VLC;CDG;BOEING 737-800 WINGLETS;Nubosidad variable;14/04/18
TAP1097;VLC;LIS;ATR-42/72;Nubosidad variable;14/04/18
AEA4064;VLC;MAD;ATR-72;Nubosidad variable;14/04/18
RYR7216;VLC;IBZ;BOEING 737-800 WINGLETS;Nubosidad variable;14/04/18
VLG8152;VLC;ORY;AIRBUS A320;Nubosidad variable;14/04/18
ENT548;VLC;FCO;BOEING 737-800 WINGLETS;Nubosidad variable;14/04/18
THY1302;VLC;IST;BOEING 737-800 WINGLETS;Nubosidad variable;14/04/18
DLH1831;VLC;MUC;AIRBUS A320;Nubosidad variable;14/04/18
DLH1161;VLC;FRA;AIRBUS A321;Nubosidad variable;14/04/18
EZY8222;VLC;LGW;AIRBUS A320;Nubosidad variable;14/04/18
RYR6422;VLC;BLQ;BOEING 737-800 WINGLETS;Nubosidad variable;14/04/18
IBE8634;VLC;PMI;CANADAIR CRJ-200;Nubosidad variable;14/04/18
IBE8981;VLC;MAD;BOMBARDIER CRJ-1000;Nubosidad variable;14/04/18
AVA6176;VLC;MAD;BOMBARDIER CRJ-1000;Nubosidad variable;14/04/18
VLG3971;LCG;PMI;32A;Nubosidad variable;14/04/18
AEA7234;LCG;MAD;EMBRAER ERJ-195;Nubosidad variable;14/04/18
IBE0513;LCG;MAD;AIRBUS A320;Nubosidad variable;14/04/18
AEA7236;LCG;MAD;EMBRAER ERJ-195;Nubosidad variable;14/04/18
VLG7104;LCG;LHR;32A;Nubosidad variable;14/04/18
AEA7238;LCG;MAD;EMBRAER ERJ-195;Nubosidad variable;14/04/18
VLG1291;LCG;BCN;AIRBUS A320;Nubosidad variable;14/04/18
IBE0511;LCG;MAD;AIRBUS A320;Nubosidad variable;15/04/18
VLG3133;LCG;LPA;AIRBUS A320;Nubosidad variable;15/04/18
VLG1295;LCG;BCN;AIRBUS A320;Nubosidad variable;15/04/18
VLG1252;LEI;BCN;32A;Despejado;14/04/18
IBE8577;LEI;MAD;CANADAIR CRJ-200;Despejado;14/04/18
IBE8601;LEI;MAD;BOMBARDIER CRJ-1000;Despejado;14/04/18
BAW421;LEI;LHR;AIRBUS A320;Despejado;14/04/18
TRA5644;LEI;RTM;BOEING 737-700 WINGLETS;Despejado;14/04/18
RYR7319;LEI;DUB;BOEING 737-800 WINGLETS;Despejado;14/04/18
BEL3776;LEI;BRU;AIRBUS A320;Despejado;15/04/18
EZY8164;LEI;LGW;AIRBUS A319;Despejado;15/04/18
IBE8595;LEI;MAD;BOMBARDIER CRJ-1000;Despejado;15/04/18
AEA2634;LEI;ZAZ;BOEING 737-800 WINGLETS;Despejado;15/04/18
IBE8213;LEI;PMI;CANADAIR CRJ-200;Despejado;15/04/18
VLG1252;LEI;BCN;AIRBUS A320;Despejado;15/04/18
RYR9254;IBZ;STN;BOEING 737-800 WINGLETS;Llovizna;14/04/18
IBE8111;IBZ;PMI;ATR-42/72;Llovizna;14/04/18
IBE8441;IBZ;VLC;ATR-72;Llovizna;14/04/18
DLH1157;IBZ;FRA;32A;Llovizna;14/04/18
RYR6703;IBZ;FCO;BOEING 737-800 WINGLETS;Llovizna;14/04/18
RYR8810;IBZ;BGY;BOEING 737-800 WINGLETS;Llovizna;14/04/18
RYR9176;IBZ;DUB;BOEING 737-800 WINGLETS;Llovizna;14/04/18
RYR7217;IBZ;VLC;BOEING 737-800 WINGLETS;Llovizna;14/04/18
IBE8911;IBZ;MAD;BOMBARDIER CRJ-1000;Llovizna;14/04/18
VLG3511;IBZ;BCN;32A;Llovizna;14/04/18
IBE8675;IBZ;BIO;BOMBARDIER CRJ-1000;Llovizna;14/04/18
IBE8115;IBZ;PMI;BOMBARDIER CRJ-1000;Llovizna;14/04/18
RYR2627;IBZ;MAN;BOEING 737-800 WINGLETS;Llovizna;14/04/18
RYR6432;IBZ;LPL;BOEING 737-800 WINGLETS;Llovizna;14/04/18
AEA6024;IBZ;MAD;EMBRAER ERJ-195;Llovizna;14/04/18
RYR6702;IBZ;BLQ;BOEING 737-800 WINGLETS;Llovizna;14/04/18
AEA1707;IBZ;PMI;ATR-72;Llovizna;14/04/18
IBE0475;OVD;MAD;AIRBUS A320;Nubosidad variable;14/04/18
VLG3139;OVD;ACE;AIRBUS A320;Nubosidad variable;14/04/18
IBS3613;OVD;TFN;AIRBUS A320;Nubosidad variable;14/04/18
IBS3610;OVD;LHR;AIRBUS A320;Nubosidad variable;14/04/18
TAP1113;OVD;LIS;ATR-42/72;Nubosidad variable;14/04/18
VLG1572;OVD;BCN;AIRBUS A320;Nubosidad variable;15/04/18
VOE3584;OVD;ALC;BOEING 717;Nubosidad variable;15/04/18
IBS3981;OVD;MAD;AIRBUS A320;Nubosidad variable;15/04/18
VLG1574;OVD;BCN;AIRBUS A320;Nubosidad variable;15/04/18
IBE0479;OVD;MAD;32A;Nubosidad variable;15/04/18
EZY3084;OVD;STN;AIRBUS A319;Nubosidad variable;15/04/18
IBE8335;OVD;VLC;ATR-72;Nubosidad variable;15/04/18
RYR4117;MJV;MAN;BOEING 737-800 WINGLETS;Abertura de claros;14/04/18
NAX1703;MJV;OSL;BOEING 737-800 WINGLETS;Abertura de claros;14/04/18
RYR3453;MJV;LTN;BOEING 737-800 WINGLETS;Abertura de claros;14/04/18
EZY7426;MJV;SEN;AIRBUS A319;Abertura de claros;14/04/18
BAW449;MJV;LHR;32A;Abertura de claros;14/04/18
RYR8027;MJV;STN;BOEING 737-800 WINGLETS;Abertura de claros;14/04/18
EZY8554;MJV;LGW;AIRBUS A320;Abertura de claros;14/04/18
RYR7095;MJV;DUB;BOEING 737-800 WINGLETS;Abertura de claros;14/04/18
EZY8550;MJV;LGW;AIRBUS A319;Abertura de claros;15/04/18
EZY6014;MJV;BRS;AIRBUS A320;Abertura de claros;15/04/18
RYR1925;MJV;EMA;BOEING 737-800 WINGLETS;Abertura de claros;15/04/18
RYR4253;MJV;FRA;BOEING 737-800 WINGLETS;Abertura de claros;15/04/18
AEA4033;PMI;ZAZ;EMBRAER ERJ-195;Lluvia moderada;14/04/18
EVE1605;SVQ;ZAZ;32A;Nubes altas;15/04/18
AEA2634;LEI;ZAZ;BOEING 737-800 WINGLETS;Despejado;15/04/18
DLH1825;BIO;MUC;32A;Nubosidad variable;14/04/18
VLG1540;BIO;FCO;32A;Nubosidad variable;14/04/18
KLM1686;BIO;AMS;EMBRAER 190;Nubosidad variable;14/04/18
BAW467;BIO;LHR;AIRBUS A320;Nubosidad variable;14/04/18
AEA7158;BIO;MAD;EMBRAER ERJ-195;Nubosidad variable;14/04/18
AEA2674;BIO;ALC;BOEING 737-800 WINGLETS;Nubosidad variable;14/04/18
IBE0447;BIO;MAD;AIRBUS A320;Nubosidad variable;14/04/18
EZS1440;BIO;GVA;AIRBUS A319;Nubosidad variable;14/04/18
VLG2510;BIO;SVQ;AIRBUS A320;Nubosidad variable;14/04/18
BEL3714;BIO;BRU;AIRBUS A319;Nubosidad variable;14/04/18
DLH1143;BIO;FRA;32A;Nubosidad variable;14/04/18
LAV5548;BIO;TFN;BOEING 737-400;Nubosidad variable;14/04/18
VLG3284;BIO;FUE;32A;Nubosidad variable;14/04/18
DLH1893;BIO;MUC;AIRBUS A319;Nubosidad variable;14/04/18
VLG1435;BIO;BCN;AIRBUS A320;Nubosidad variable;14/04/18
IBE8268;AGP;MLN;ATR-72;Despejado;14/04/18
IBE8264;AGP;MLN;ATR-72;Despejado;14/04/18
IBE8270;AGP;MLN;ATR-72;Despejado;14/04/18
IBE8798;MAD;MLN;ATR-72;Nubosidad variable;14/04/18
IBE8272;AGP;MLN;ATR-72;Despejado;14/04/18
IBE8262;AGP;MLN;ATR-72;Despejado;15/04/18
IBE8792;MAD;MLN;ATR-72;Nubosidad variable;15/04/18
IBE8790;MAD;MLN;ATR-72;Nubosidad variable;15/04/18
VLG2011;GRX;BCN;32B;Nubosidad variable;14/04/18
VLG2021;GRX;BCN;AIRBUS A320;Nubosidad variable;14/04/18
AEA5200;GRX;PMI;EMBRAER ERJ-195;Nubosidad variable;14/04/18
IBE8645;GRX;MAD;BOMBARDIER CRJ-1000;Nubosidad variable;14/04/18
IBE8649;GRX;MAD;CANADAIR CRJ-900;Nubosidad variable;14/04/18
VLG2015;GRX;BCN;32A;Nubosidad variable;14/04/18
VLG8727;GRX;CDG;AIRBUS A320;Nubosidad variable;14/04/18
EZY8172;GRX;LGW;AIRBUS A319;Nubosidad variable;14/04/18
VLG2017;GRX;BCN;32A;Nubosidad variable;14/04/18
IBE8639;GRX;MAD;BOMBARDIER CRJ-1000;Nubosidad variable;15/04/18
VLG2011;GRX;BCN;AIRBUS A320;Nubosidad variable;15/04/18
IBE8641;GRX;MAD;BOMBARDIER CRJ-1000;Nubosidad variable;15/04/18
EZY2676;GRX;MXP;AIRBUS A319;Nubosidad variable;15/04/18
VLG2021;GRX;BCN;AIRBUS A320;Nubosidad variable;15/04/18
VLG2614;BIO;XRY;32A;Nubosidad variable;14/04/18
VLG2286;BCN;XRY;BOEING 737-800 WINGLETS;Lluvia;14/04/18
IBE0404;MAD;XRY;AIRBUS A319;Nubosidad variable;14/04/18
RYR1283;BCN;XRY;BOEING 737-800 WINGLETS;Lluvia;14/04/18
IBE0406;MAD;XRY;AIRBUS A319;Nubosidad variable;14/04/18
IBE0410;MAD;XRY;AIRBUS A320;Nubosidad variable;15/04/18
VLG1241;ALC;CWL;AIRBUS A320;Nubosidad variable;14/04/18
BAW2631;ALC;LGW;AIRBUS A320;Nubosidad variable;14/04/18
RYR7423;ALC;NYO;BOEING 737-800 WINGLETS;Nubosidad variable;14/04/18
RYR7763;ALC;DUB;BOEING 737-800 WINGLETS;Nubosidad variable;14/04/18
EWG9531;ALC;DUS;32A;Nubosidad variable;14/04/18
SAS4654;ALC;TRD;BOEING 737-800;Nubosidad variable;14/04/18
TOM7605;ALC;BHX;BOEING 737-800 WINGLETS;Nubosidad variable;14/04/18
IBK8463;ALC;CPH;BOEING 737-800 WINGLETS;Nubosidad variable;14/04/18
SAS4664;ALC;KRS;BOEING 737-700 WINGLETS;Nubosidad variable;14/04/18
TOM1633;ALC;GLA;BOEING 757-200  WINGLETS;Nubosidad variable;14/04/18
RYR2153;ALC;BHX;BOEING 737-800 WINGLETS;Nubosidad variable;14/04/18
SAS4676;ALC;OSL;BOEING 737-800 WINGLETS;Nubosidad variable;14/04/18
AEA4042;ALC;MAD;ATR-72;Nubosidad variable;14/04/18
EXS178;ALC;GLA;BOEING 737-800 WINGLETS;Nubosidad variable;14/04/18
VLG3936;ALC;PMI;AIRBUS A320;Nubosidad variable;14/04/18
EXS584;ALC;NCL;BOEING 737-800 WINGLETS;Nubosidad variable;14/04/18
EXS302;ALC;BFS;BOEING 737-300;Nubosidad variable;14/04/18
NAX4202;ALC;ARN;BOEING 737-800 WINGLETS;Nubosidad variable;14/04/18
EVE1123;ALC;VGO;32A;Nubosidad variable;14/04/18
RYR5544;ALC;BLQ;BOEING 737-800 WINGLETS;Nubosidad variable;14/04/18
RYR9084;ALC;EMA;BOEING 737-800 WINGLETS;Nubosidad variable;14/04/18
RYR2035;SVQ;VIT;BOEING 737-800 WINGLETS;Nubes altas;14/04/18
VLG2509;SVQ;BIO;AIRBUS A320;Nubes altas;14/04/18
VLG2432;SVQ;MAH;AIRBUS A320;Nubes altas;14/04/18
VLG3254;SVQ;TFN;AIRBUS A320;Nubes altas;14/04/18
IBS3949;SVQ;MAD;AIRBUS A320;Nubes altas;14/04/18
DLH1141;SVQ;FRA;AIRBUS A321;Nubes altas;14/04/18
RYR7147;SVQ;DUB;BOEING 737-800 WINGLETS;Nubes altas;14/04/18
RYR5272;SVQ;PMI;BOEING 737-800 WINGLETS;Nubes altas;14/04/18
VLG2209;SVQ;BCN;32A;Nubes altas;14/04/18
RYR7338;SVQ;BOD;BOEING 737-800 WINGLETS;Nubes altas;14/04/18
TVF3105;SVQ;ORY;BOEING 737-800 WINGLETS;Nubes altas;14/04/18
TAP1105;SVQ;LIS;ATR-72;Nubes altas;14/04/18
VLG2424;SVQ;IBZ;AIRBUS A320;Nubes altas;14/04/18
RYR1192;SVQ;TLS;BOEING 737-800 WINGLETS;Nubes altas;14/04/18
IBS9529;SVQ;PMI;AIRBUS A320;Nubes altas;14/04/18
ANE2004;SVQ;CDT;BOMBARDIER CRJ-1000;Nubes altas;14/04/18
RYR9667;SVQ;FCO;BOEING 737-800 WINGLETS;Nubes altas;14/04/18
RYR8364;SVQ;STN;BOEING 737-800 WINGLETS;Nubes altas;14/04/18
VLG8886;SVQ;LYS;AIRBUS A320;Nubes altas;14/04/18
AEA9416;TFN;LPA;ATR-72;Despejado;14/04/18
IBB120;TFN;LPA;ATR-42/72;Despejado;14/04/18
IBS3943;TFN;MAD;32A;Despejado;14/04/18
IBK5757;TFN;BCN;BOEING 737-800 WINGLETS;Despejado;14/04/18
AEA9463;TFN;SPC;ATR-72;Despejado;14/04/18
IBB619;TFN;SPC;ATR-72;Despejado;14/04/18
IBB110;TFN;LPA;ATR-42/72;Despejado;14/04/18
IBB132;TFN;LPA;ATR-42/72;Despejado;14/04/18
AEA9402;TFN;LPA;ATR-72;Despejado;14/04/18
IBB416;TFN;FUE;ATR-42/72;Despejado;14/04/18
IBE8909;TFN;ALC;CANADAIR CRJ-900;Despejado;14/04/18
IBB454;TFN;ACE;ATR-42/72;Despejado;14/04/18
IBB621;TFN;SPC;ATR-42/72;Despejado;14/04/18
IBE8099;TFN;VLC;BOMBARDIER CRJ-1000;Despejado;14/04/18
IBS3612;TFN;OVD;AIRBUS A320;Despejado;14/04/18
IBB663;TFN;VDE;ATR-42/72;Despejado;14/04/18
IBB158;TFN;LPA;BOMBARDIER CRJ-1000;Despejado;14/04/18
VLG3255;TFN;SVQ;AIRBUS A320;Despejado;14/04/18
CNF452;TFN;SPC;ATR-72;Despejado;14/04/18
AEA9049;TFN;MAD;BOEING 737-800 WINGLETS;Despejado;14/04/18
AEA9018;LPA;MAD;BOEING 737-800 WINGLETS;Nubes altas;14/04/18
IBE8641;GRX;MAD;BOMBARDIER CRJ-1000;Nubosidad variable;14/04/18
IBE8595;LEI;MAD;CANADAIR CRJ-900;Despejado;14/04/18
IBE0423;BIO;MAD;AIRBUS A319;Nubosidad variable;14/04/18
TUI2197;TFS;MUC;BOEING 737-800 WINGLETS;Despejado;14/04/18
IBB152;TFS;LPA;ATR-72;Despejado;14/04/18
IBE2233;TFS;LPA;ATR-72;Despejado;14/04/18
RYR4754;TFS;BRS;BOEING 737-800 WINGLETS;Despejado;14/04/18
VLG3135;TFS;ORY;32B;Despejado;14/04/18
VLG3221;TFS;BCN;AIRBUS A320;Despejado;14/04/18
RYR8167;TFS;STN;BOEING 737-800 WINGLETS;Despejado;14/04/18
EXS756;TFS;MAN;BOEING 737-800 WINGLETS;Despejado;14/04/18
RYR1589;TFS;FRA;BOEING 737-800 WINGLETS;Despejado;14/04/18
JAF6704;TFS;CRL;BOEING 737-700 WINGLETS;Despejado;14/04/18
FIN1692;TFS;HEL;32B;Despejado;14/04/18
TFL540;TFS;AMS;BOEING 737-800 WINGLETS;Despejado;14/04/18
RYR5553;TFS;HHN;BOEING 737-800 WINGLETS;Despejado;14/04/18
VLG6217;TFS;FCO;32A;Despejado;14/04/18
BAW415;TFS;LHR;32A;Despejado;14/04/18
EZY8704;TFS;LGW;32A;Despejado;14/04/18
DTR603;TFS;AAR;AIRBUS A320;Despejado;14/04/18
TCX1295;TFS;GLA;32B;Despejado;14/04/18
JTG712;TFS;JKG;BOEING 737-700 WINGLETS;Despejado;14/04/18
JTG320;TFS;CPH;BOEING 737-800 WINGLETS;Despejado;14/04/18
RYR6384;BCN;SDR;BOEING 737-800 WINGLETS;Lluvia;14/04/18
IBE0554;MAD;SDR;AIRBUS A319;Nubosidad variable;14/04/18
RYR2593;AGP;SDR;BOEING 737-800 WINGLETS;Despejado;14/04/18
RYR2214;VLC;SDR;BOEING 737-800 WINGLETS;Nubosidad variable;14/04/18
IBE0556;MAD;SDR;AIRBUS A319;Nubosidad variable;14/04/18
RYR6384;BCN;SDR;BOEING 737-800 WINGLETS;Lluvia;15/04/18
IBE0554;MAD;SDR;AIRBUS A319;Nubosidad variable;15/04/18
AEA7302;MAD;VGO;EMBRAER ERJ-195;Nubosidad variable;14/04/18
IBE0532;MAD;VGO;AIRBUS A319;Nubosidad variable;14/04/18
EVE1123;ALC;VGO;32A;Nubosidad variable;14/04/18
AEA7300;MAD;VGO;EMBRAER ERJ-195;Nubosidad variable;14/04/18
RYR245;BCN;VGO;BOEING 737-800 WINGLETS;Lluvia;14/04/18
AEA7306;MAD;VGO;EMBRAER ERJ-195;Nubosidad variable;14/04/18
RYR9241;GRO;PSA;BOEING 737-800 WINGLETS;Lluvia;14/04/18
RYR9107;GRO;BVA;BOEING 737-800 WINGLETS;Lluvia;14/04/18
RYR6901;GRO;CRL;BOEING 737-800 WINGLETS;Lluvia;14/04/18
RYR9012;GRO;MLA;BOEING 737-800 WINGLETS;Lluvia;14/04/18
RYR6911;GRO;MST;BOEING 737-800 WINGLETS;Lluvia;14/04/18
RYR9375;GRO;TLL;BOEING 737-800 WINGLETS;Lluvia;14/04/18
RYR9002;GRO;BLL;BOEING 737-800 WINGLETS;Lluvia;14/04/18
RYR9307;GRO;PIK;BOEING 737-800 WINGLETS;Lluvia;14/04/18
RYR6393;GRO;NRN;BOEING 737-800 WINGLETS;Lluvia;14/04/18
RYR3653;GRO;BRE;BOEING 737-800 WINGLETS;Lluvia;14/04/18
RYR9911;GRO;BOH;BOEING 737-800 WINGLETS;Lluvia;14/04/18
RYR9123;GRO;EIN;BOEING 737-800 WINGLETS;Lluvia;15/04/18
RYR7083;GRO;OMR;BOEING 737-800 WINGLETS;Lluvia;15/04/18
RYR9555;GRO;FMM;BOEING 737-800 WINGLETS;Lluvia;15/04/18
RYR6901;GRO;CRL;BOEING 737-800 WINGLETS;Lluvia;15/04/18
RYR9305;GRO;LPL;BOEING 737-800 WINGLETS;Lluvia;15/04/18
RYR9172;GRO;WRO;BOEING 737-800 WINGLETS;Lluvia;15/04/18
RYR4125;GRO;HHN;BOEING 737-800 WINGLETS;Lluvia;15/04/18
RYR7037;GRO;DUB;BOEING 737-800 WINGLETS;Lluvia;15/04/18
RYR9364;GRO;PSR;BOEING 737-800 WINGLETS;Lluvia;15/04/18
RYR9241;GRO;PSA;BOEING 737-800 WINGLETS;Lluvia;15/04/18
RYR9803;GRO;STN;BOEING 737-800 WINGLETS;Lluvia;15/04/18
UTN4452;BCN;KBP;BOEING 737-900 WINGLETS;Lluvia;14/04/18
RYR6874;BCN;DUB;BOEING 737-800 WINGLETS;Lluvia;14/04/18
RYR9045;BCN;STN;BOEING 737-800 WINGLETS;Lluvia;14/04/18
EIN563;BCN;DUB;AIRBUS A320;Lluvia;14/04/18
RYR3039;BCN;PRG;BOEING 737-800 WINGLETS;Lluvia;14/04/18
RYR2834;BCN;CRL;BOEING 737-800 WINGLETS;Lluvia;14/04/18
VLG1820;BCN;HAM;AIRBUS A320;Lluvia;14/04/18
RYR9145;BCN;LPL;BOEING 737-800 WINGLETS;Lluvia;14/04/18
VLG6240;BCN;BSL;AIRBUS A319;Lluvia;14/04/18
ROT422;BCN;OTP;BOEING 737-700 WINGLETS;Lluvia;14/04/18
VLG2474;BCN;SPU;AIRBUS A320;Lluvia;14/04/18
VLG1882;BCN;TXL;AIRBUS A320;Lluvia;14/04/18
VLG6001;BCN;FLR;AIRBUS A319;Lluvia;14/04/18
BRU870;BCN;MSQ;EMBRAER ERJ-195;Lluvia;14/04/18
THY1854;BCN;IST;AIRBUS A330-300;Lluvia;14/04/18
BAW479;BCN;LHR;AIRBUS A320;Lluvia;14/04/18
CCA840;BCN;PVG;AIRBUS A330-200;Lluvia;14/04/18
IBE8483;MAH;PMI;BOMBARDIER CRJ-1000;Lluvia moderada;14/04/18
IBE8660;MAH;VIT;BOMBARDIER CRJ-1000;Lluvia moderada;14/04/18
VLG1341;MAH;ALC;32A;Lluvia moderada;14/04/18
AEA4532;MAH;PMI;ATR-72;Lluvia moderada;14/04/18
VLG2433;MAH;SVQ;AIRBUS A320;Lluvia moderada;14/04/18
IBE8499;MAH;PMI;ATR-42/72;Lluvia moderada;14/04/18
EZY8304;MAH;LGW;AIRBUS A319;Lluvia moderada;14/04/18
AEA4530;MAH;PMI;ATR-72;Lluvia moderada;14/04/18
RYR6882;MAH;BCN;BOEING 737-800 WINGLETS;Lluvia moderada;14/04/18
IBE8493;MAH;PMI;BOMBARDIER CRJ-1000;Lluvia moderada;14/04/18
VLG3709;MAH;BCN;AIRBUS A320;Lluvia moderada;14/04/18
HOP9615;MAH;LYS;BOMBARDIER CRJ-1000;Lluvia moderada;14/04/18
VLG3701;MAH;BCN;AIRBUS A320;Lluvia moderada;14/04/18
VLG8191;MAH;ORY;32B;Lluvia moderada;14/04/18
IBE8487;MAH;PMI;ATR-42/72;Lluvia moderada;14/04/18
VLG3719;MAH;BCN;AIRBUS A321;Lluvia moderada;14/04/18
IBE8481;MAH;PMI;BOMBARDIER CRJ-1000;Lluvia moderada;15/04/18
ANE8482;PMI;MAH;BOMBARDIER CRJ-1000;Lluvia moderada;14/04/18
EXS532;PMI;NCL;BOEING 737-800 WINGLETS;Lluvia moderada;14/04/18
SWR2153;PMI;ZRH;AIRBUS A321;Lluvia moderada;14/04/18
EXS718;PMI;EDI;BOEING 737-300 WINGLETS;Lluvia moderada;14/04/18
DK1859;PMI;GOT;32B;Lluvia moderada;14/04/18
PRI544;PMI;CPH;BOEING 737-800 WINGLETS;Lluvia moderada;14/04/18
EXS832;PMI;MAN;BOEING 737-800 WINGLETS;Lluvia moderada;14/04/18
EXS1276;PMI;BHX;BOEING 737-800 WINGLETS;Lluvia moderada;14/04/18
EXS362;PMI;BFS;BOEING 737-300 WINGLETS;Lluvia moderada;14/04/18
TOM1693;PMI;GLA;BOEING 757-200  WINGLETS;Lluvia moderada;14/04/18
RYR3442;PMI;MAN;BOEING 737-800 WINGLETS;Lluvia moderada;14/04/18
RYR1203;PMI;STN;BOEING 737-800 WINGLETS;Lluvia moderada;14/04/18
FIN1712;PMI;HEL;32B;Lluvia moderada;14/04/18
EZY8620;PMI;LGW;32A;Lluvia moderada;14/04/18
EXS190;PMI;GLA;BOEING 737-800 WINGLETS;Lluvia moderada;14/04/18
DK1433;PMI;MMX;32B;Lluvia moderada;14/04/18
EWG9575;PMI;DUS;AIRBUS A340-300;Lluvia moderada;14/04/18
DK1749;PMI;ARN;AIRBUS A330-300;Lluvia moderada;14/04/18
SAS1514;PMI;AAR;AIRBUS A320;Lluvia moderada;14/04/18
TOM5627;PMI;LTN;BOEING 737-800 WINGLETS;Lluvia moderada;14/04/18
TOM4601;PMI;LGW;BOEING 737-800 WINGLETS;Lluvia moderada;14/04/18
EXS602;PMI;EMA;BOEING 737-300 WINGLETS;Lluvia moderada;14/04/18
RYR5273;PMI;SVQ;BOEING 737-800 WINGLETS;Lluvia moderada;14/04/18
AEA6048;PMI;MAD;BOEING 737-800 WINGLETS;Lluvia moderada;14/04/18
IBE0512;MAD;LCG;AIRBUS A320;Nubosidad variable;14/04/18
AEA7235;MAD;LCG;EMBRAER ERJ-195;Nubosidad variable;14/04/18
VLG3970;PMI;LCG;32A;Lluvia moderada;14/04/18
AEA7237;MAD;LCG;EMBRAER ERJ-195;Nubosidad variable;14/04/18
IBE0522;MAD;LCG;AIRBUS A320;Nubosidad variable;14/04/18
VLG1290;BCN;LCG;AIRBUS A320;Lluvia;14/04/18
VLG1294;BCN;LCG;AIRBUS A320;Lluvia;15/04/18
EZS1250;ACE;BSL;AIRBUS A320;Nubes altas;14/04/18
RYR6209;ACE;NRN;BOEING 737-800 WINGLETS;Nubes altas;14/04/18
VLG2481;ACE;BCN;AIRBUS A320;Nubes altas;14/04/18
RYR7125;ACE;DUB;BOEING 737-800 WINGLETS;Nubes altas;14/04/18
EZY6194;ACE;BRS;32A;Nubes altas;14/04/18
IBB469;ACE;TFN;ATR-42/72;Nubes altas;14/04/18
IBE2284;ACE;TFN;ATR-42/72;Nubes altas;14/04/18
RYR3173;ACE;EMA;BOEING 737-800 WINGLETS;Nubes altas;14/04/18
EZY8682;ACE;LGW;AIRBUS A320;Nubes altas;14/04/18
RYR4756;ACE;BRS;BOEING 737-800 WINGLETS;Nubes altas;14/04/18
TCX1807;ACE;BHX;AIRBUS A320;Nubes altas;14/04/18
TCX1003;ACE;LGW;BOEING 767-300;Nubes altas;14/04/18
EIN777;ACE;DUB;AIRBUS A320;Nubes altas;14/04/18
LLX5062;ACE;TFS;BOEING 737-400;Nubes altas;14/04/18
CNF722;ACE;LPA;ATR-72;Nubes altas;14/04/18
IBB513;ACE;LPA;ATR-42/72;Nubes altas;14/04/18
IBS3857;ACE;MAD;AIRBUS A320;Nubes altas;14/04/18
EZS1338;SCQ;GVA;AIRBUS A320;Nubosidad variable;14/04/18
AEA7116;SCQ;ACE;BOEING 737-800 WINGLETS;Nubosidad variable;14/04/18
IBE8679;SCQ;IBZ;BOMBARDIER CRJ-1000;Nubosidad variable;14/04/18
VLG7515;SCQ;ZRH;AIRBUS A320;Nubosidad variable;14/04/18
EZY2682;SCQ;MXP;AIRBUS A319;Nubosidad variable;14/04/18
IBS3875;SCQ;MAD;AIRBUS A320;Nubosidad variable;14/04/18
SWR2553;SCQ;ZRH;AIRBUS A320;Nubosidad variable;14/04/18
RYR2574;SCQ;AGP;BOEING 737-800 WINGLETS;Nubosidad variable;14/04/18
RYR4478;SCQ;HHN;BOEING 737-800 WINGLETS;Nubosidad variable;14/04/18
DLH1111;SCQ;FRA;AIRBUS A320;Nubosidad variable;14/04/18
EIN743;SCQ;DUB;AIRBUS A320;Nubosidad variable;14/04/18
IBS3879;SCQ;MAD;AIRBUS A320;Nubosidad variable;14/04/18
VLG3137;SCQ;ACE;AIRBUS A320;Nubosidad variable;14/04/18
AEA7137;SCQ;LPA;BOEING 737-800 WINGLETS;Nubosidad variable;14/04/18
AEA2617;SCQ;VLC;BOEING 737-800 WINGLETS;Nubosidad variable;14/04/18
VLG1673;SCQ;BCN;AIRBUS A320;Nubosidad variable;14/04/18
RYR7004;SCQ;LPA;BOEING 737-800 WINGLETS;Nubosidad variable;14/04/18
IBE8367;SCQ;PMI;BOMBARDIER CRJ-1000;Nubosidad variable;14/04/18
RYR4579;SCQ;BGY;BOEING 737-800 WINGLETS;Nubosidad variable;15/04/18
TAP1133;AGP;LIS;ATR-42/72;Despejado;14/04/18
BAW2713;AGP;LGW;AIRBUS A319;Despejado;14/04/18
SAS1804;AGP;ARN;32A;Despejado;14/04/18
DLH1839;AGP;MUC;AIRBUS A320;Despejado;14/04/18
RYR7045;AGP;DUB;BOEING 737-800 WINGLETS;Despejado;14/04/18
EXS134;AGP;GLA;BOEING 737-800 WINGLETS;Despejado;14/04/18
RYR8163;AGP;STN;BOEING 737-800 WINGLETS;Despejado;14/04/18
AEA5036;AGP;MAD;ATR-72;Despejado;14/04/18
VLG3140;AGP;ACE;AIRBUS A320;Despejado;14/04/18
IBE8268;AGP;MLN;ATR-72;Despejado;14/04/18
EXS186;AGP;LBA;BOEING 737-800 WINGLETS;Despejado;14/04/18
EXS858;AGP;EDI;BOEING 737-300 WINGLETS;Despejado;14/04/18
PRI584;AGP;CPH;BOEING 737-800 WINGLETS;Despejado;14/04/18
EXS606;AGP;EMA;BOEING 737-800 WINGLETS;Despejado;14/04/18
EIN583;AGP;DUB;AIRBUS A330;Despejado;14/04/18
TVF4905;AGP;LYS;BOEING 737-800 WINGLETS;Despejado;14/04/18
EXS1204;AGP;BHX;BOEING 737-800 WINGLETS;Despejado;14/04/18
EZY8604;AGP;LGW;32A;Despejado;14/04/18
RYR2593;AGP;SDR;BOEING 737-800 WINGLETS;Despejado;14/04/18
EZY6408;AGP;NCL;AIRBUS A320;Despejado;14/04/18
NAX4238;AGP;GOT;BOEING 737-800 WINGLETS;Despejado;14/04/18
THY1306;AGP;IST;32B;Despejado;14/04/18
SWR2111;AGP;ZRH;AIRBUS A321;Despejado;14/04/18
TUI2873;FUE;TXL;BOEING 737-700 WINGLETS;Nubes altas;14/04/18
RYR1102;FUE;SXF;BOEING 737-800 WINGLETS;Nubes altas;14/04/18
VLG3197;FUE;CDG;AIRBUS A320;Nubes altas;14/04/18
TUI2353;FUE;HAM;BOEING 737-800 WINGLETS;Nubes altas;14/04/18
IBB211;FUE;LPA;ATR-72;Nubes altas;14/04/18
RYR8183;FUE;STN;BOEING 737-800 WINGLETS;Nubes altas;14/04/18
IBB423;FUE;TFN;ATR-42/72;Nubes altas;14/04/18
IBS3901;FUE;MAD;AIRBUS A320;Nubes altas;14/04/18
DE1453;FUE;STR;AIRBUS A320;Nubes altas;14/04/18
GMI2863;FUE;HAM;AIRBUS A319;Nubes altas;14/04/18
CNF810;FUE;LPA;ATR-42/72;Nubes altas;14/04/18
TCX1863;FUE;BHX;AIRBUS A321;Nubes altas;14/04/18
RYR3526;FUE;LTN;BOEING 737-800 WINGLETS;Nubes altas;14/04/18
GMI8985;FUE;BRE;AIRBUS A319;Nubes altas;14/04/18
TCX1483;FUE;MAN;32B;Nubes altas;14/04/18
TCX1149;FUE;GLA;AIRBUS A321;Nubes altas;14/04/18
IBB207;FUE;LPA;ATR-72;Nubes altas;14/04/18
TUI2175;FUE;STR;BOEING 737-800 WINGLETS;Nubes altas;14/04/18
RYR7129;FUE;DUB;BOEING 737-800 WINGLETS;Nubes altas;14/04/18
TCX1759;FUE;EMA;AIRBUS A321;Nubes altas;14/04/18
RYR5469;FUE;MAD;BOEING 737-800 WINGLETS;Nubes altas;14/04/18
EWG243;FUE;CGN;AIRBUS A320;Nubes altas;14/04/18
IBS3907;FUE;MAD;AIRBUS A321;Nubes altas;14/04/18
EDW201;LPA;ZRH;AIRBUS A320;Nubes altas;14/04/18
TFL628;LPA;EIN;BOEING 737-800 WINGLETS;Nubes altas;14/04/18
TUI2239;LPA;MUC;7S8;Nubes altas;14/04/18
JAF6198;LPA;CRL;BOEING 737-800 WINGLETS;Nubes altas;14/04/18
IBB510;LPA;ACE;ATR-72;Nubes altas;14/04/18
VLG3184;LPA;ORY;AIRBUS A321;Nubes altas;14/04/18
TUI2259;LPA;FRA;7S8;Nubes altas;14/04/18
EWG2261;LPA;STR;32A;Nubes altas;14/04/18
TUI2205;LPA;BSL;7S8;Nubes altas;14/04/18
IBB109;LPA;TFN;ATR-72;Nubes altas;14/04/18
AEA9401;LPA;TFN;ATR-72;Nubes altas;14/04/18
IBS3827;LPA;MAD;AIRBUS A320;Nubes altas;14/04/18
DE1443;LPA;HAJ;AIRBUS A320;Nubes altas;14/04/18
FIN1722;LPA;HEL;32B;Nubes altas;14/04/18
CNF721;LPA;ACE;ATR-72;Nubes altas;14/04/18
IBB206;LPA;FUE;ATR-72;Nubes altas;14/04/18
RYR6765;LPA;BOH;BOEING 737-800 WINGLETS;Nubes altas;14/04/18
IBB6902;LPA;BJL;BOMBARDIER CRJ-1000;Nubes altas;14/04/18
IBB6167;LPA;VIL;ATR-72;Nubes altas;14/04/18
DE3551;LPA;FRA;BOEING 757-300 WINGLETS;Nubes altas;14/04/18
IBB6504;LPA;NKC;BOMBARDIER CRJ-1000;Nubes altas;14/04/18
VLG1251;BCN;LEI;32A;Lluvia;14/04/18
IBE8598;MAD;LEI;CANADAIR CRJ-200;Nubosidad variable;14/04/18
IBE8592;MAD;LEI;BOMBARDIER CRJ-1000;Nubosidad variable;14/04/18
IBE8594;MAD;LEI;BOMBARDIER CRJ-1000;Nubosidad variable;15/04/18
AEA2887;BCN;LEI;BOEING 737-800 WINGLETS;Lluvia;15/04/18
VLG1251;BCN;LEI;AIRBUS A320;Lluvia;15/04/18
IBE8598;MAD;LEI;CANADAIR CRJ-900;Nubosidad variable;15/04/18
CNF419;SPC;TFN;ATR-72;Nubes altas;14/04/18
IBB610;SPC;TFN;ATR-42/72;Nubes altas;14/04/18
EZY8712;SPC;LGW;32A;Nubes altas;14/04/18
AEA9464;SPC;TFN;ATR-72;Nubes altas;14/04/18
IBB620;SPC;TFN;ATR-72;Nubes altas;14/04/18
EWG9545;SPC;DUS;32A;Nubes altas;14/04/18
GMI3953;SPC;HAM;AIRBUS A319;Nubes altas;14/04/18
EWG7529;SPC;HAM;32A;Nubes altas;14/04/18
IBB622;SPC;TFN;ATR-42/72;Nubes altas;14/04/18
IBS3843;SPC;MAD;AIRBUS A320;Nubes altas;14/04/18
CNF453;SPC;TFN;ATR-72;Nubes altas;14/04/18
IBB632;SPC;TFN;ATR-42/72;Nubes altas;14/04/18
IBE7265;SPC;TFN;ATR-42/72;Nubes altas;14/04/18
AEA9466;SPC;TFN;ATR-72;Nubes altas;14/04/18
VLG3249;SPC;BCN;AIRBUS A320;Nubes altas;14/04/18
EWG2269;SPC;STR;32A;Nubes altas;14/04/18
IBB636;SPC;TFN;ATR-42/72;Nubes altas;14/04/18
IBB316;SPC;LPA;ATR-72;Nubes altas;14/04/18
AEA9480;SPC;TFN;ATR-72;Nubes altas;14/04/18
IBB638;SPC;TFN;ATR-42/72;Nubes altas;14/04/18
IBB640;SPC;TFN;ATR-72;Nubes altas;14/04/18
CNF468;SPC;TFN;ATR-72;Nubes altas;14/04/18
VLG2011;GRX;BCN;32B;Nubosidad variable;14/04/18
RYR7216;VLC;IBZ;BOEING 737-800 WINGLETS;Nubosidad variable;14/04/18
IBE8910;MAD;IBZ;BOMBARDIER CRJ-1000;Nubosidad variable;14/04/18
IBE8108;PMI;IBZ;BOMBARDIER CRJ-1000;Despejado;17/04/18
VLG3510;BCN;IBZ;32A;Lluvia;14/04/18
IBE8679;SCQ;IBZ;BOMBARDIER CRJ-1000;Nubosidad variable;14/04/18
AEA6025;MAD;IBZ;EMBRAER ERJ-195;Nubosidad variable;14/04/18
AEA1706;PMI;IBZ;ATR-72;Lluvia moderada;14/04/18
AEA7506;PMI;BIO;EMBRAER ERJ-195;Lluvia moderada;14/04/18
AEA2659;BCN;BIO;BOEING 737-800 WINGLETS;Lluvia;14/04/18
IBE0426;MAD;BIO;AIRBUS A320;Nubosidad variable;14/04/18
VLG2509;SVQ;BIO;AIRBUS A320;Nubes altas;14/04/18
VLG3281;ACE;BIO;AIRBUS A320;Nubes altas;14/04/18
LAV5547;TFN;BIO;BOEING 737-400;Despejado;14/04/18
VLG3261;TFN;BIO;32A;Despejado;14/04/18
VLG2615;XRY;BIO;32A;Nubosidad variable;14/04/18
AEA7153;MAD;BIO;EMBRAER ERJ-195;Nubosidad variable;14/04/18
VLG1579;BCN;OVD;AIRBUS A320;Lluvia;14/04/18
VOE3591;PMI;OVD;BOEING 717;Lluvia moderada;14/04/18
IBS3612;TFN;OVD;AIRBUS A320;Despejado;14/04/18
IBS3980;MAD;OVD;AIRBUS A320;Nubosidad variable;14/04/18
IBE0480;MAD;OVD;32A;Nubosidad variable;14/04/18
VLG3138;ACE;OVD;AIRBUS A320;Nubes altas;14/04/18
VLG1573;BCN;OVD;AIRBUS A320;Lluvia;15/04/18
IBE8334;VLC;OVD;ATR-72;Nubosidad variable;15/04/18
IBE0488;MAD;OVD;AIRBUS A321;Nubosidad variable;15/04/18
IBE8441;IBZ;VLC;ATR-72;Llovizna;14/04/18
IBE8974;MAD;VLC;BOMBARDIER CRJ-1000;Nubosidad variable;14/04/18
RYR7217;IBZ;VLC;BOEING 737-800 WINGLETS;Llovizna;14/04/18
VLG2010;BCN;GRX;32B;Lluvia;14/04/18
VLG2020;BCN;GRX;AIRBUS A320;Lluvia;14/04/18
AEA5201;PMI;GRX;EMBRAER ERJ-195;Lluvia moderada;14/04/18
IBE8646;MAD;GRX;BOMBARDIER CRJ-1000;Nubosidad variable;14/04/18
IBE8642;MAD;GRX;CANADAIR CRJ-900;Nubosidad variable;14/04/18
VLG2014;BCN;GRX;32A;Lluvia;14/04/18
VLG2016;BCN;GRX;AIRBUS A321;Lluvia;14/04/18
IBE8648;MAD;GRX;BOMBARDIER CRJ-1000;Nubosidad variable;14/04/18
VLG2010;BCN;GRX;AIRBUS A321;Lluvia;15/04/18
IBE8640;MAD;GRX;BOMBARDIER CRJ-1000;Nubosidad variable;15/04/18
VLG2020;BCN;GRX;AIRBUS A320;Lluvia;15/04/18
VLG3220;BCN;TFS;AIRBUS A320;Lluvia;14/04/18
IBB123;LPA;TFS;ATR-72;Nubes altas;14/04/18
IBS3910;MAD;TFS;32A;Nubosidad variable;14/04/18
LLX5062;ACE;TFS;BOEING 737-400;Nubes altas;14/04/18
IBB612;SPC;TFN;ATR-42/72;Nubes altas;14/04/18
IBB650;GMZ;TFN;ATR-42/72;Nubes altas;14/04/18
CNF419;SPC;TFN;ATR-72;Nubes altas;14/04/18
IBB109;LPA;TFN;ATR-72;Nubes altas;14/04/18
IBB610;SPC;TFN;ATR-42/72;Nubes altas;14/04/18
AEA9401;LPA;TFN;ATR-72;Nubes altas;14/04/18
IBB660;VDE;TFN;ATR-42/72;Despejado;14/04/18
IBB423;FUE;TFN;ATR-42/72;Nubes altas;14/04/18
IBB469;ACE;TFN;ATR-42/72;Nubes altas;14/04/18
IBE8204;SCQ;TFN;CANADAIR CRJ-900;Nubosidad variable;14/04/18
IBB133;LPA;TFN;ATR-72;Nubes altas;14/04/18
IBE8098;VLC;TFN;BOMBARDIER CRJ-1000;Nubosidad variable;14/04/18
IBS3932;MAD;TFN;AIRBUS A320;Nubosidad variable;14/04/18
AEA9464;SPC;TFN;ATR-72;Nubes altas;14/04/18
IBB620;SPC;TFN;ATR-72;Nubes altas;14/04/18
IBB145;LPA;TFN;ATR-72;Nubes altas;14/04/18
VLG3254;SVQ;TFN;AIRBUS A320;Nubes altas;14/04/18
AEA9118;MAD;TFN;BOEING 737-800 WINGLETS;Nubosidad variable;14/04/18
IBE8812;MAD;AGP;BOMBARDIER CRJ-1000;Nubosidad variable;14/04/18
VLG3161;ACE;SVQ;AIRBUS A320;Nubes altas;14/04/18
IBS3950;MAD;SVQ;AIRBUS A320;Nubosidad variable;14/04/18
RYR5273;PMI;SVQ;BOEING 737-800 WINGLETS;Lluvia moderada;14/04/18
RYR2036;VIT;SVQ;BOEING 737-800 WINGLETS;Abertura de claros;14/04/18
VLG2210;BCN;SVQ;32A;Lluvia;14/04/18
VLG2510;BIO;SVQ;AIRBUS A320;Nubosidad variable;14/04/18
IBS9526;PMI;SVQ;AIRBUS A320;Lluvia moderada;14/04/18
VLG2433;MAH;SVQ;AIRBUS A320;Lluvia moderada;14/04/18
IBS3952;MAD;SVQ;AIRBUS A320;Nubosidad variable;14/04/18
VLG3255;TFN;SVQ;AIRBUS A320;Despejado;14/04/18
EVE1101;ALC;SVQ;32A;Nubosidad variable;14/04/18
VLG2425;IBZ;SVQ;AIRBUS A320;Llovizna;14/04/18
IBE8678;IBZ;SCQ;BOMBARDIER CRJ-1000;Llovizna;14/04/18
VLG1641;FUE;SCQ;AIRBUS A320;Nubes altas;14/04/18
IBS3874;MAD;SCQ;AIRBUS A320;Nubosidad variable;14/04/18
RYR2573;AGP;SCQ;BOEING 737-800 WINGLETS;Despejado;14/04/18
RYR723;PMI;SCQ;BOEING 737-800 WINGLETS;Lluvia moderada;14/04/18
IBS3878;MAD;SCQ;AIRBUS A320;Nubosidad variable;14/04/18
AEA7117;ACE;SCQ;BOEING 737-800 WINGLETS;Nubes altas;14/04/18
AEA2618;VLC;SCQ;BOEING 737-800 WINGLETS;Nubosidad variable;14/04/18
VLG1672;BCN;SCQ;AIRBUS A320;Lluvia;14/04/18
RYR7003;LPA;SCQ;BOEING 737-800 WINGLETS;Nubes altas;14/04/18
IBE8205;TFN;SCQ;BOMBARDIER CRJ-1000;Despejado;14/04/18
VLG3136;ACE;SCQ;AIRBUS A320;Nubes altas;14/04/18
IBE8480;PMI;MAH;BOMBARDIER CRJ-1000;Despejado;17/04/18
IBE8482;PMI;MAH;BOMBARDIER CRJ-1000;Despejado;17/04/18
AEA4537;PMI;MAH;ATR-72;Lluvia moderada;14/04/18
VLG2432;SVQ;MAH;AIRBUS A320;Nubes altas;14/04/18
IBE8498;PMI;MAH;ATR-42/72;Despejado;17/04/18
IBE8661;VIT;MAH;BOMBARDIER CRJ-1000;Abertura de claros;14/04/18
AEA4531;PMI;MAH;ATR-72;Lluvia moderada;14/04/18
RYR6881;BCN;MAH;BOEING 737-800 WINGLETS;Lluvia;14/04/18
VLG3716;BCN;MAH;AIRBUS A320;Lluvia;14/04/18
VLG3700;BCN;MAH;AIRBUS A320;Lluvia;14/04/18
IBE8492;PMI;MAH;ATR-42/72;Despejado;17/04/18
IBE8496;PMI;MAH;BOMBARDIER CRJ-1000;Despejado;17/04/18
VLG3718;BCN;MAH;AIRBUS A321;Lluvia;14/04/18
IBE8954;MAD;MAH;BOMBARDIER CRJ-1000;Nubosidad variable;14/04/18
AEA4024;PMI;ALC;ATR-72;Lluvia moderada;14/04/18
EVE1102;SVQ;ALC;32A;Nubes altas;14/04/18
VLG1341;MAH;ALC;32A;Lluvia moderada;14/04/18
AEA2674;BIO;ALC;BOEING 737-800 WINGLETS;Nubosidad variable;14/04/18
IBB468;TFN;ACE;ATR-42/72;Despejado;14/04/18
IBB510;LPA;ACE;ATR-72;Nubes altas;14/04/18
CNF721;LPA;ACE;ATR-72;Nubes altas;14/04/18
IBB508;LPA;ACE;ATR-72;Nubes altas;14/04/18
IBS3856;MAD;ACE;AIRBUS A320;Nubosidad variable;14/04/18
VLG3140;AGP;ACE;AIRBUS A320;Despejado;14/04/18
IBB454;TFN;ACE;ATR-42/72;Despejado;14/04/18
CNF729;LPA;ACE;ATR-72;Nubes altas;14/04/18
AEA7116;SCQ;ACE;BOEING 737-800 WINGLETS;Nubosidad variable;14/04/18
ANE8483;MAH;PMI;BOMBARDIER CRJ-1000;Despejado;17/04/18
AEA6013;MAD;PMI;BOEING 737-800 WINGLETS;Nubosidad variable;14/04/18
IBS9517;SCQ;PMI;AIRBUS A320;Nubosidad variable;14/04/18
AEA6037;BCN;PMI;BOEING 737-800 WINGLETS;Lluvia;14/04/18
IBB609;TFN;SPC;ATR-42/72;Despejado;14/04/18
AEA9463;TFN;SPC;ATR-72;Despejado;14/04/18
IBB619;TFN;SPC;ATR-72;Despejado;14/04/18
IBB621;TFN;SPC;ATR-42/72;Despejado;14/04/18
IBS3842;MAD;SPC;AIRBUS A320;Nubosidad variable;14/04/18
CNF452;TFN;SPC;ATR-72;Despejado;14/04/18
IBB631;TFN;SPC;ATR-42/72;Despejado;14/04/18
IBE2228;TFN;SPC;ATR-42/72;Despejado;17/04/18
VLG3248;BCN;SPC;AIRBUS A320;Lluvia;14/04/18
AEA9465;TFN;SPC;ATR-72;Despejado;14/04/18
IBB623;TFN;SPC;ATR-42/72;Despejado;14/04/18
AEA9479;TFN;SPC;ATR-72;Despejado;14/04/18
IBB315;LPA;SPC;ATR-72;Nubes altas;14/04/18
IBB637;TFN;SPC;ATR-42/72;Despejado;14/04/18
IBB639;TFN;SPC;ATR-72;Despejado;14/04/18
CNF467;TFN;SPC;ATR-72;Despejado;14/04/18
IBB210;LPA;FUE;ATR-72;Nubes altas;14/04/18
IBS3900;MAD;FUE;AIRBUS A320;Nubosidad variable;14/04/18
IBB422;TFN;FUE;ATR-42/72;Despejado;14/04/18
CNF809;LPA;FUE;ATR-72;Nubes altas;14/04/18
IBB206;LPA;FUE;ATR-72;Nubes altas;14/04/18
RYR5468;MAD;FUE;BOEING 737-800 WINGLETS;Nubosidad variable;14/04/18
IBS3906;MAD;FUE;AIRBUS A321;Nubosidad variable;14/04/18
IBB416;TFN;FUE;ATR-42/72;Despejado;14/04/18
IBE2249;TFN;FUE;ATR-42/72;Despejado;17/04/18
IBB212;LPA;FUE;ATR-72;Nubes altas;14/04/18
IBB507;ACE;LPA;ATR-42/72;Nubes altas;14/04/18
AEA9416;TFN;LPA;ATR-72;Despejado;14/04/18
IBB209;FUE;LPA;ATR-72;Nubes altas;14/04/18
CNF804;FUE;LPA;ATR-72;Nubes altas;14/04/18
IBB120;TFN;LPA;ATR-42/72;Despejado;14/04/18
IBB152;TFS;LPA;ATR-72;Despejado;14/04/18
IBB211;FUE;LPA;ATR-72;Nubes altas;14/04/18
IBB110;TFN;LPA;ATR-42/72;Despejado;14/04/18
IBE2234;TFN;LPA;ATR-72;Despejado;17/04/18
VLG3068;AGP;LPA;AIRBUS A320;Despejado;14/04/18
RYR6321;VLL;BCN;BOEING 737-800 WINGLETS;Nubosidad variable;14/04/18
IBB652;GMZ;TFN;ATR-42/72;Nubes altas;14/04/18
IBB650;GMZ;TFN;ATR-72;Nubes altas;15/04/18
IBE8525;PNA;MAD;CANADAIR CRJ-200;Nubosidad variable;14/04/18
IBE8529;PNA;MAD;BOMBARDIER CRJ-1000;Nubosidad variable;15/04/18
DLH1119;PNA;FRA;AIRBUS A320;Nubosidad variable;15/04/18
RYR2036;VIT;SVQ;BOEING 737-800 WINGLETS;Abertura de claros;14/04/18
IBE8661;VIT;MAH;BOMBARDIER CRJ-1000;Abertura de claros;14/04/18
IBB653;TFN;GMZ;ATR-42/72;Despejado;14/04/18
IBB651;TFN;GMZ;ATR-72;Despejado;15/04/18
IBE8329;EAS;MAD;ATR-72;Nubosidad variable;14/04/18
VLG2489;EAS;BCN;AIRBUS A319;Nubosidad variable;14/04/18
IBE8317;EAS;MAD;ATR-72;Nubosidad variable;15/04/18
VLG2487;EAS;BCN;AIRBUS A319;Nubosidad variable;15/04/18
IBE8319;EAS;MAD;ATR-72;Nubosidad variable;15/04/18
RYR6320;BCN;VLL;BOEING 737-800 WINGLETS;Lluvia;14/04/18
IBS9528;PMI;VLL;AIRBUS A320;Lluvia moderada;15/04/18
RYR2035;SVQ;VIT;BOEING 737-800 WINGLETS;Nubes altas;14/04/18
IBE8660;MAH;VIT;BOMBARDIER CRJ-1000;Lluvia moderada;14/04/18
RYR1865;REU;SNN;BOEING 737-800 WINGLETS;Lluvia;14/04/18
RYR3843;REU;STN;BOEING 737-800 WINGLETS;Lluvia;14/04/18
EZY2208;REU;LTN;AIRBUS A319;Lluvia;14/04/18
RYR2829;REU;CRL;BOEING 737-800 WINGLETS;Lluvia;14/04/18
RYR1115;REU;DUB;BOEING 737-800 WINGLETS;Lluvia;15/04/18
RYR9825;REU;LPL;BOEING 737-800 WINGLETS;Lluvia;15/04/18
RYR9827;REU;HHN;BOEING 737-800 WINGLETS;Lluvia;15/04/18
IBE8524;MAD;PNA;CANADAIR CRJ-200;Nubosidad variable;14/04/18
IBE8526;MAD;PNA;BOMBARDIER CRJ-1000;Nubosidad variable;14/04/18
IBE8269;MLN;AGP;ATR-72;Despejado;14/04/18
IBE8793;MLN;MAD;ATR-72;Despejado;14/04/18
IBE8271;MLN;AGP;ATR-72;Despejado;14/04/18
IBE8261;MLN;AGP;ATR-72;Despejado;15/04/18
IBE8789;MLN;MAD;ATR-72;Despejado;15/04/18
IBE8791;MLN;MAD;ATR-72;Despejado;15/04/18
IBE8263;MLN;AGP;ATR-72;Despejado;15/04/18
IBE8793;MLN;MAD;ATR-72;Despejado;15/04/18
IBB664;VDE;TFN;ATR-42/72;Despejado;14/04/18
IBB366;VDE;LPA;ATR-72;Despejado;14/04/18
IBS2247;VDE;TFN;ATR-72;Despejado;14/04/18
CNF248;VDE;TFN;ATR-42/72;Despejado;14/04/18
IBB674;VDE;TFN;ATR-42/72;Despejado;14/04/18
IBB656;VDE;TFN;ATR-72;Despejado;15/04/18
IBB662;VDE;TFN;ATR-72;Despejado;15/04/18
AEA7315;VGO;MAD;EMBRAER ERJ-195;Nubosidad variable;14/04/18
IBE0533;VGO;MAD;AIRBUS A319;Nubosidad variable;14/04/18
EVE1124;VGO;ALC;AIRBUS A320;Nubosidad variable;14/04/18
TAP1141;VGO;LIS;ATR-72;Nubosidad variable;14/04/18
AEA7317;VGO;MAD;EMBRAER ERJ-195;Nubosidad variable;14/04/18
RYR246;VGO;BCN;BOEING 737-800 WINGLETS;Nubosidad variable;14/04/18
AEA7319;VGO;MAD;EMBRAER ERJ-195;Nubosidad variable;14/04/18
AEA7311;VGO;MAD;EMBRAER ERJ-195;Nubosidad variable;15/04/18
AEA9118;MAD;TFN;BOEING 737-800 WINGLETS;Nubosidad variable;14/04/18
BAW459;MAD;LHR;AIRBUS A321;Nubosidad variable;14/04/18
IBE8974;MAD;VLC;BOMBARDIER CRJ-1000;Nubosidad variable;14/04/18
IBE6341;MAD;SAL;AIRBUS A330-200;Nubosidad variable;14/04/18
IBE3490;MAD;GVA;AIRBUS A319;Nubosidad variable;14/04/18
BEL3722;MAD;BRU;AIRBUS A319;Nubosidad variable;14/04/18
IBK6379;MAD;TFN;BOEING 737-800 WINGLETS;Nubosidad variable;14/04/18
KLM1702;MAD;AMS;BOEING 737-800 WINGLETS;Nubosidad variable;14/04/18
AEA6025;MAD;IBZ;EMBRAER ERJ-195;Nubosidad variable;14/04/18
RYR4117;MJV;MAN;BOEING 737-800 WINGLETS;Abertura de claros;14/04/18
NAX1703;MJV;OSL;BOEING 737-800 WINGLETS;Abertura de claros;14/04/18
RYR3453;MJV;LTN;BOEING 737-800 WINGLETS;Abertura de claros;14/04/18
EZY7426;MJV;SEN;AIRBUS A319;Abertura de claros;14/04/18
BAW449;MJV;LHR;32A;Abertura de claros;14/04/18
RYR8027;MJV;STN;BOEING 737-800 WINGLETS;Abertura de claros;14/04/18
EZY8554;MJV;LGW;AIRBUS A320;Abertura de claros;14/04/18
RYR7095;MJV;DUB;BOEING 737-800 WINGLETS;Abertura de claros;14/04/18
EZY8550;MJV;LGW;AIRBUS A319;Abertura de claros;15/04/18
EZY6014;MJV;BRS;AIRBUS A320;Abertura de claros;15/04/18
RYR1925;MJV;EMA;BOEING 737-800 WINGLETS;Abertura de claros;15/04/18
RYR4253;MJV;FRA;BOEING 737-800 WINGLETS;Abertura de claros;15/04/18
RYR7235;ZAZ;BVA;BOEING 737-800 WINGLETS;Nubes altas;14/04/18
WZZ3192;ZAZ;OTP;AIRBUS A320;Nubes altas;14/04/18
AEA4032;ZAZ;PMI;EMBRAER ERJ-195;Nubes altas;14/04/18
WZZ3418;ZAZ;CLJ;AIRBUS A320;Nubes altas;14/04/18
RYR2635;ZAZ;STN;BOEING 737-800 WINGLETS;Nubes altas;14/04/18
RYR4634;ZAZ;BGY;BOEING 737-800 WINGLETS;Nubes altas;15/04/18
EVE1606;ZAZ;SVQ;AIRBUS A320;Nubes altas;15/04/18
AEA2633;ZAZ;LEI;BOEING 737-800 WINGLETS;Nubes altas;15/04/18
VLG2615;XRY;BIO;32A;Nubosidad variable;14/04/18
VLG2287;XRY;BCN;BOEING 737-800 WINGLETS;Nubosidad variable;14/04/18
IBE0405;XRY;MAD;AIRBUS A320;Nubosidad variable;14/04/18
RYR1284;XRY;BCN;BOEING 737-800 WINGLETS;Nubosidad variable;14/04/18
IBE0407;XRY;MAD;AIRBUS A320;Nubosidad variable;15/04/18
EWG575;XRY;CGN;AIRBUS A319;Nubosidad variable;15/04/18
JAF7922;XRY;BRU;EMBRAER 190;Nubosidad variable;15/04/18
EWG9571;XRY;DUS;32A;Nubosidad variable;15/04/18
RYR8397;XRY;STN;BOEING 737-800 WINGLETS;Nubosidad variable;15/04/18
IBE0411;XRY;MAD;AIRBUS A320;Nubosidad variable;15/04/18
RYR6385;SDR;BCN;BOEING 737-800 WINGLETS;Despejado;14/04/18
IBE0555;SDR;MAD;AIRBUS A319;Despejado;14/04/18
RYR4793;SDR;BGY;BOEING 737-800 WINGLETS;Despejado;14/04/18
RYR2594;SDR;AGP;BOEING 737-800 WINGLETS;Despejado;14/04/18
RYR2215;SDR;VLC;BOEING 737-800 WINGLETS;Despejado;14/04/18
IBE0557;SDR;MAD;AIRBUS A319;Despejado;14/04/18
RYR1573;SDR;SXF;BOEING 737-800 WINGLETS;Despejado;14/04/18
WZZ1480;SDR;WAW;AIRBUS A320;Despejado;15/04/18
RYR7617;SDR;EDI;BOEING 737-800 WINGLETS;Despejado;15/04/18
RYR6385;SDR;BCN;BOEING 737-800 WINGLETS;Despejado;15/04/18
IBE0555;SDR;MAD;AIRBUS A319;Despejado;15/04/18
IBE0513;LCG;MAD;AIRBUS A320;Nubosidad variable;14/04/18
AEA7236;LCG;MAD;EMBRAER ERJ-195;Nubosidad variable;14/04/18
VLG7104;LCG;LHR;32A;Nubosidad variable;14/04/18
AEA7238;LCG;MAD;EMBRAER ERJ-195;Nubosidad variable;14/04/18
VLG1291;LCG;BCN;AIRBUS A320;Nubosidad variable;14/04/18
IBE0511;LCG;MAD;AIRBUS A320;Nubosidad variable;15/04/18
VLG3133;LCG;LPA;AIRBUS A320;Nubosidad variable;15/04/18
VLG1295;LCG;BCN;AIRBUS A320;Nubosidad variable;15/04/18
TAP1085;LCG;LIS;ATR-72;Nubosidad variable;15/04/18
VLG1293;LCG;BCN;AIRBUS A320;Nubosidad variable;15/04/18
AEA7234;LCG;MAD;EMBRAER ERJ-195;Nubosidad variable;15/04/18
IBE8577;LEI;MAD;CANADAIR CRJ-200;Despejado;14/04/18
IBE8601;LEI;MAD;BOMBARDIER CRJ-1000;Despejado;14/04/18
BAW421;LEI;LHR;AIRBUS A320;Despejado;14/04/18
TRA5644;LEI;RTM;BOEING 737-700 WINGLETS;Despejado;14/04/18
RYR7319;LEI;DUB;BOEING 737-800 WINGLETS;Despejado;14/04/18
BEL3776;LEI;BRU;AIRBUS A320;Despejado;15/04/18
EZY8164;LEI;LGW;AIRBUS A319;Despejado;15/04/18
IBE8595;LEI;MAD;BOMBARDIER CRJ-1000;Despejado;15/04/18
AEA2634;LEI;ZAZ;BOEING 737-800 WINGLETS;Despejado;15/04/18
IBE8213;LEI;PMI;CANADAIR CRJ-200;Despejado;15/04/18
VLG1252;LEI;BCN;AIRBUS A320;Despejado;15/04/18
IBE8577;LEI;MAD;CANADAIR CRJ-900;Despejado;15/04/18
IBE8316;MAD;EAS;ATR-72;Nubosidad variable;14/04/18
IBE8322;MAD;EAS;ATR-72;Nubosidad variable;14/04/18
VLG2488;BCN;EAS;AIRBUS A319;Lluvia;14/04/18
IBE8324;MAD;EAS;ATR-72;Nubosidad variable;14/04/18
VLG2486;BCN;EAS;AIRBUS A319;Lluvia;15/04/18
IBE8316;MAD;EAS;ATR-72;Nubosidad variable;15/04/18
VLG3139;OVD;ACE;AIRBUS A320;Nubosidad variable;14/04/18
IBS3613;OVD;TFN;AIRBUS A320;Nubosidad variable;14/04/18
IBS3610;OVD;LHR;AIRBUS A320;Nubosidad variable;14/04/18
TAP1113;OVD;LIS;ATR-42/72;Nubosidad variable;14/04/18
VLG1572;OVD;BCN;AIRBUS A320;Nubosidad variable;15/04/18
VOE3584;OVD;ALC;BOEING 717;Nubosidad variable;15/04/18
IBS3981;OVD;MAD;AIRBUS A320;Nubosidad variable;15/04/18
VLG1574;OVD;BCN;AIRBUS A320;Nubosidad variable;15/04/18
IBE0479;OVD;MAD;32A;Nubosidad variable;15/04/18
EZY3084;OVD;STN;AIRBUS A319;Nubosidad variable;15/04/18
IBE8335;OVD;VLC;ATR-72;Nubosidad variable;15/04/18
IBE0475;OVD;MAD;AIRBUS A321;Nubosidad variable;15/04/18
IBE8268;AGP;MLN;ATR-72;Despejado;14/04/18
IBE8264;AGP;MLN;ATR-72;Despejado;14/04/18
IBE8270;AGP;MLN;ATR-72;Despejado;14/04/18
IBE8798;MAD;MLN;ATR-72;Nubosidad variable;14/04/18
IBE8272;AGP;MLN;ATR-72;Despejado;14/04/18
IBE8262;AGP;MLN;ATR-72;Despejado;15/04/18
IBE8792;MAD;MLN;ATR-72;Nubosidad variable;15/04/18
IBE8790;MAD;MLN;ATR-72;Nubosidad variable;15/04/18
UTN4452;BCN;KBP;BOEING 737-900 WINGLETS;Lluvia;14/04/18
RYR3039;BCN;PRG;BOEING 737-800 WINGLETS;Lluvia;14/04/18
BAW479;BCN;LHR;AIRBUS A320;Lluvia;14/04/18
ACA1915;BCN;YYZ;BOEING 767-300 WINGLETS;Lluvia;14/04/18
GGN1915;BCN;YYZ;BOEING 767-300 WINGLETS;Lluvia;14/04/18
RYR4545;BCN;OPO;BOEING 737-800 WINGLETS;Lluvia;14/04/18
VLG7828;BCN;LGW;32A;Lluvia;14/04/18
SDM6702;BCN;LED;AIRBUS A319;Lluvia;14/04/18
RYR6305;BCN;BGY;BOEING 737-800 WINGLETS;Lluvia;14/04/18
VLG6287;BCN;BDS;AIRBUS A320;Lluvia;14/04/18
AFR1349;BCN;CDG;AIRBUS A320;Lluvia;14/04/18
VLG8478;BCN;OPO;32B;Lluvia;14/04/18
VLG2286;BCN;XRY;BOEING 737-800 WINGLETS;Lluvia;14/04/18
AEA7158;BIO;MAD;EMBRAER ERJ-195;Nubosidad variable;14/04/18
AEA2674;BIO;ALC;BOEING 737-800 WINGLETS;Nubosidad variable;14/04/18
IBE0447;BIO;MAD;AIRBUS A320;Nubosidad variable;14/04/18
EZS1440;BIO;GVA;AIRBUS A319;Nubosidad variable;14/04/18
VLG2510;BIO;SVQ;AIRBUS A320;Nubosidad variable;14/04/18
BEL3714;BIO;BRU;AIRBUS A319;Nubosidad variable;14/04/18
DLH1143;BIO;FRA;32A;Nubosidad variable;14/04/18
LAV5548;BIO;TFN;BOEING 737-400;Nubosidad variable;14/04/18
VLG3284;BIO;FUE;32A;Nubosidad variable;14/04/18
DLH1893;BIO;MUC;AIRBUS A319;Nubosidad variable;14/04/18
VLG1435;BIO;BCN;AIRBUS A320;Nubosidad variable;14/04/18
VLG3274;BIO;LPA;AIRBUS A320;Nubosidad variable;14/04/18
IBE8674;BIO;IBZ;BOMBARDIER CRJ-1000;Nubosidad variable;14/04/18
AEA7154;BIO;MAD;EMBRAER ERJ-195;Nubosidad variable;14/04/18
ANE8482;PMI;MAH;BOMBARDIER CRJ-1000;Lluvia moderada;14/04/18
EXS362;PMI;BFS;BOEING 737-300 WINGLETS;Lluvia moderada;14/04/18
TOM4601;PMI;LGW;BOEING 737-800 WINGLETS;Lluvia moderada;14/04/18
AEA6048;PMI;MAD;BOEING 737-800 WINGLETS;Lluvia moderada;14/04/18
VOE2475;PMI;MRS;BOEING 717;Lluvia moderada;14/04/18
GMI2099;PMI;FDH;AIRBUS A319;Lluvia moderada;14/04/18
VOE2443;PMI;BOD;AIRBUS A319;Lluvia moderada;14/04/18
SWR2155;PMI;ZRH;CS3;Lluvia moderada;14/04/18
EWG4099;PMI;DTM;AIRBUS A319;Lluvia moderada;14/04/18
RYR9706;PMI;NYO;BOEING 737-800 WINGLETS;Lluvia moderada;14/04/18
ANE8108;PMI;IBZ;BOMBARDIER CRJ-1000;Lluvia moderada;14/04/18
PRI420;PMI;BLL;BOEING 737-800 WINGLETS;Lluvia moderada;14/04/18
RYR6657;PMI;EDI;BOEING 737-800 WINGLETS;Lluvia moderada;14/04/18
EXS258;PMI;LBA;BOEING 737-800 WINGLETS;Lluvia moderada;14/04/18
RYR8032;PMI;WRO;BOEING 737-800 WINGLETS;Lluvia moderada;14/04/18
VOE2801;PMI;NTE;AIRBUS A319;Lluvia moderada;14/04/18
IBS3919;PMI;MAD;32A;Lluvia moderada;14/04/18
AEA4033;PMI;ZAZ;EMBRAER ERJ-195;Lluvia moderada;14/04/18
EVE1605;SVQ;ZAZ;32A;Nubes altas;15/04/18
AEA2634;LEI;ZAZ;BOEING 737-800 WINGLETS;Despejado;15/04/18
VLG8152;VLC;ORY;AIRBUS A320;Nubosidad variable;14/04/18
THY1302;VLC;IST;BOEING 737-800 WINGLETS;Nubosidad variable;14/04/18
DLH1831;VLC;MUC;AIRBUS A320;Nubosidad variable;14/04/18
DLH1161;VLC;FRA;AIRBUS A321;Nubosidad variable;14/04/18
EZY8222;VLC;LGW;AIRBUS A320;Nubosidad variable;14/04/18
RYR6422;VLC;BLQ;BOEING 737-800 WINGLETS;Nubosidad variable;14/04/18
IBE8634;VLC;PMI;CANADAIR CRJ-200;Nubosidad variable;14/04/18
IBE8981;VLC;MAD;BOMBARDIER CRJ-1000;Nubosidad variable;14/04/18
AFL2503;VLC;SVO;32A;Nubosidad variable;14/04/18
RYR2214;VLC;SDR;BOEING 737-800 WINGLETS;Nubosidad variable;14/04/18
RYR1445;VLC;MXP;BOEING 737-800 WINGLETS;Nubosidad variable;14/04/18
IBE8983;VLC;MAD;ATR-72;Nubosidad variable;14/04/18
SWR2143;VLC;ZRH;AIRBUS A321;Nubosidad variable;14/04/18
TVF3175;VLC;ORY;BOEING 737-800 WINGLETS;Nubosidad variable;14/04/18
RYR1757;VLC;EMA;BOEING 737-800 WINGLETS;Nubosidad variable;14/04/18
TRA6332;VLC;AMS;BOEING 737-800 WINGLETS;Nubosidad variable;14/04/18
RYR6837;VLC;NAP;BOEING 737-800 WINGLETS;Nubosidad variable;14/04/18
AEA4014;VLC;PMI;ATR-72;Nubosidad variable;14/04/18
IBB619;TFN;SPC;ATR-72;Despejado;14/04/18
IBB110;TFN;LPA;ATR-42/72;Despejado;14/04/18
IBB132;TFN;LPA;ATR-42/72;Despejado;14/04/18
IBB416;TFN;FUE;ATR-42/72;Despejado;14/04/18
IBE8909;TFN;ALC;CANADAIR CRJ-900;Despejado;14/04/18
IBB454;TFN;ACE;ATR-42/72;Despejado;14/04/18
IBB621;TFN;SPC;ATR-42/72;Despejado;14/04/18
IBE8099;TFN;VLC;BOMBARDIER CRJ-1000;Despejado;14/04/18
IBS3612;TFN;OVD;AIRBUS A320;Despejado;14/04/18
IBB663;TFN;VDE;ATR-42/72;Despejado;14/04/18
IBB158;TFN;LPA;BOMBARDIER CRJ-1000;Despejado;14/04/18
VLG3255;TFN;SVQ;AIRBUS A320;Despejado;14/04/18
CNF452;TFN;SPC;ATR-72;Despejado;14/04/18
AEA9049;TFN;MAD;BOEING 737-800 WINGLETS;Despejado;14/04/18
IBB631;TFN;SPC;ATR-42/72;Despejado;14/04/18
IBB160;TFN;LPA;ATR-72;Despejado;14/04/18
VLG3217;TFN;BCN;32B;Despejado;14/04/18
VLG2021;GRX;BCN;AIRBUS A320;Nubosidad variable;14/04/18
AEA5200;GRX;PMI;EMBRAER ERJ-195;Nubosidad variable;14/04/18
IBE8645;GRX;MAD;BOMBARDIER CRJ-1000;Nubosidad variable;14/04/18
IBE8649;GRX;MAD;CANADAIR CRJ-900;Nubosidad variable;14/04/18
VLG2015;GRX;BCN;AIRBUS A320;Nubosidad variable;14/04/18
VLG8727;GRX;CDG;AIRBUS A320;Nubosidad variable;14/04/18
EZY8172;GRX;LGW;AIRBUS A319;Nubosidad variable;14/04/18
VLG2017;GRX;BCN;32A;Nubosidad variable;14/04/18
IBE8639;GRX;MAD;BOMBARDIER CRJ-1000;Nubosidad variable;15/04/18
VLG2011;GRX;BCN;AIRBUS A320;Nubosidad variable;15/04/18
IBE8641;GRX;MAD;BOMBARDIER CRJ-1000;Nubosidad variable;15/04/18
EZY2676;GRX;MXP;AIRBUS A319;Nubosidad variable;15/04/18
VLG2021;GRX;BCN;AIRBUS A320;Nubosidad variable;15/04/18
AEA5200;GRX;PMI;EMBRAER ERJ-195;Nubosidad variable;15/04/18
VLG3932;GRX;PMI;AIRBUS A320;Nubosidad variable;15/04/18
IBE0512;MAD;LCG;AIRBUS A320;Nubosidad variable;14/04/18
AEA7235;MAD;LCG;EMBRAER ERJ-195;Nubosidad variable;14/04/18
VLG3970;PMI;LCG;32A;Lluvia moderada;14/04/18
AEA7237;MAD;LCG;EMBRAER ERJ-195;Nubosidad variable;14/04/18
IBE0522;MAD;LCG;AIRBUS A320;Nubosidad variable;14/04/18
VLG1290;BCN;LCG;AIRBUS A320;Lluvia;14/04/18
VLG1294;BCN;LCG;AIRBUS A320;Lluvia;15/04/18
IBE0532;MAD;VGO;AIRBUS A319;Nubosidad variable;14/04/18
EVE1123;ALC;VGO;32A;Nubosidad variable;14/04/18
AEA7300;MAD;VGO;EMBRAER ERJ-195;Nubosidad variable;14/04/18
RYR245;BCN;VGO;BOEING 737-800 WINGLETS;Lluvia;14/04/18
AEA7306;MAD;VGO;EMBRAER ERJ-195;Nubosidad variable;14/04/18
IBE0538;MAD;VGO;AIRBUS A319;Nubosidad variable;14/04/18
AEA7308;MAD;VGO;EMBRAER ERJ-195;Nubosidad variable;15/04/18
TVF4905;AGP;LYS;BOEING 737-800 WINGLETS;Despejado;14/04/18
EZY8604;AGP;LGW;32A;Despejado;14/04/18
RYR2593;AGP;SDR;BOEING 737-800 WINGLETS;Despejado;14/04/18
EZY6408;AGP;NCL;AIRBUS A320;Despejado;14/04/18
NAX4238;AGP;GOT;BOEING 737-800 WINGLETS;Despejado;14/04/18
THY1306;AGP;IST;32B;Despejado;14/04/18
SWR2111;AGP;ZRH;AIRBUS A321;Despejado;14/04/18
DLH1149;AGP;FRA;AIRBUS A321;Despejado;14/04/18
BEL3736;AGP;BRU;AIRBUS A319;Despejado;14/04/18
EZY6756;AGP;BFS;32A;Despejado;14/04/18
TVF3165;AGP;ORY;BOEING 737-800 WINGLETS;Despejado;14/04/18
EXS1406;AGP;STN;BOEING 737-800 WINGLETS;Despejado;14/04/18
RYR2573;AGP;SCQ;BOEING 737-800 WINGLETS;Despejado;14/04/18
IBE8264;AGP;MLN;ATR-72;Despejado;14/04/18
IBE8809;AGP;MAD;BOMBARDIER CRJ-1000;Despejado;14/04/18
RYR6387;AGP;BCN;BOEING 737-800 WINGLETS;Despejado;14/04/18
VLG2990;AGP;MRS;AIRBUS A320;Despejado;14/04/18
RYR8146;AGP;IBZ;BOEING 737-800 WINGLETS;Despejado;14/04/18
VLG8172;AGP;ORY;AIRBUS A320;Despejado;14/04/18
VLG7515;SCQ;ZRH;AIRBUS A320;Nubosidad variable;14/04/18
EZY2682;SCQ;MXP;AIRBUS A319;Nubosidad variable;14/04/18
IBS3875;SCQ;MAD;AIRBUS A320;Nubosidad variable;14/04/18
SWR2553;SCQ;ZRH;AIRBUS A320;Nubosidad variable;14/04/18
RYR2574;SCQ;AGP;BOEING 737-800 WINGLETS;Nubosidad variable;14/04/18
RYR4478;SCQ;HHN;BOEING 737-800 WINGLETS;Nubosidad variable;14/04/18
EIN743;SCQ;DUB;AIRBUS A320;Nubosidad variable;14/04/18
DLH1111;SCQ;FRA;AIRBUS A320;Nubosidad variable;14/04/18
IBS3879;SCQ;MAD;AIRBUS A320;Nubosidad variable;14/04/18
VLG3137;SCQ;ACE;AIRBUS A320;Nubosidad variable;14/04/18
AEA7137;SCQ;LPA;BOEING 737-800 WINGLETS;Nubosidad variable;14/04/18
AEA2617;SCQ;VLC;BOEING 737-800 WINGLETS;Nubosidad variable;14/04/18
VLG1673;SCQ;BCN;32A;Nubosidad variable;14/04/18
RYR7004;SCQ;LPA;BOEING 737-800 WINGLETS;Nubosidad variable;14/04/18
IBE8367;SCQ;PMI;BOMBARDIER CRJ-1000;Nubosidad variable;14/04/18
RYR4579;SCQ;BGY;BOEING 737-800 WINGLETS;Nubosidad variable;15/04/18
VLG3247;SCQ;TFN;AIRBUS A320;Nubosidad variable;15/04/18
DLH1157;IBZ;FRA;32A;Llovizna;14/04/18
RYR6703;IBZ;FCO;BOEING 737-800 WINGLETS;Llovizna;14/04/18
RYR8810;IBZ;BGY;BOEING 737-800 WINGLETS;Llovizna;14/04/18
RYR9176;IBZ;DUB;BOEING 737-800 WINGLETS;Llovizna;14/04/18
RYR7217;IBZ;VLC;BOEING 737-800 WINGLETS;Llovizna;14/04/18
IBE8911;IBZ;MAD;BOMBARDIER CRJ-1000;Llovizna;14/04/18
VLG3511;IBZ;BCN;32A;Llovizna;14/04/18
IBE8675;IBZ;BIO;BOMBARDIER CRJ-1000;Llovizna;14/04/18
RYR2627;IBZ;MAN;BOEING 737-800 WINGLETS;Llovizna;14/04/18
RYR6432;IBZ;LPL;BOEING 737-800 WINGLETS;Llovizna;14/04/18
AEA6024;IBZ;MAD;EMBRAER ERJ-195;Llovizna;14/04/18
RYR6702;IBZ;BLQ;BOEING 737-800 WINGLETS;Llovizna;14/04/18
AEA1707;IBZ;PMI;ATR-72;Llovizna;14/04/18
ANE2193;IBZ;BRU;BOMBARDIER CRJ-1000;Llovizna;14/04/18
BAW453;IBZ;LHR;AIRBUS A321;Llovizna;14/04/18
RYR8147;IBZ;AGP;BOEING 737-800 WINGLETS;Llovizna;14/04/18
CNF721;LPA;ACE;ATR-72;Nubes altas;14/04/18
IBB508;LPA;ACE;ATR-72;Nubes altas;14/04/18
IBS3856;MAD;ACE;AIRBUS A320;Nubosidad variable;14/04/18
VLG3140;AGP;ACE;AIRBUS A320;Despejado;14/04/18
CNF729;LPA;ACE;ATR-72;Nubes altas;14/04/18
IBB454;TFN;ACE;ATR-42/72;Despejado;14/04/18
AEA7116;SCQ;ACE;BOEING 737-800 WINGLETS;Nubosidad variable;14/04/18
VLG2472;BCN;ACE;32B;Lluvia;14/04/18
IBE8660;MAH;VIT;BOMBARDIER CRJ-1000;Lluvia moderada;14/04/18
VLG2433;MAH;SVQ;AIRBUS A320;Lluvia moderada;14/04/18
IBE8499;MAH;PMI;ATR-42/72;Lluvia moderada;14/04/18
EZY8304;MAH;LGW;AIRBUS A319;Lluvia moderada;14/04/18
AEA4530;MAH;PMI;ATR-72;Lluvia moderada;14/04/18
IBE8493;MAH;PMI;BOMBARDIER CRJ-1000;Lluvia moderada;14/04/18
RYR6882;MAH;BCN;BOEING 737-800 WINGLETS;Lluvia moderada;14/04/18
VLG3709;MAH;BCN;32A;Lluvia moderada;14/04/18
HOP9615;MAH;LYS;BOMBARDIER CRJ-1000;Lluvia moderada;14/04/18
VLG3701;MAH;BCN;32A;Lluvia moderada;14/04/18
VLG8191;MAH;ORY;32B;Lluvia moderada;14/04/18
IBE8487;MAH;PMI;ATR-42/72;Lluvia moderada;14/04/18
VLG3719;MAH;BCN;AIRBUS A321;Lluvia moderada;14/04/18
IBE8481;MAH;PMI;BOMBARDIER CRJ-1000;Lluvia moderada;15/04/18
IBE8951;MAH;MAD;BOMBARDIER CRJ-1000;Lluvia moderada;15/04/18
AAL8615;MAH;MAD;BOMBARDIER CRJ-1000;Lluvia moderada;15/04/18
IBE8495;MAH;PMI;ATR-72;Lluvia moderada;15/04/18
VLG3713;MAH;BCN;AIRBUS A320;Lluvia moderada;15/04/18
VLG2614;BIO;XRY;32A;Nubosidad variable;14/04/18
VLG2286;BCN;XRY;BOEING 737-800 WINGLETS;Lluvia;14/04/18
IBE0404;MAD;XRY;AIRBUS A319;Nubosidad variable;14/04/18
RYR1283;BCN;XRY;BOEING 737-800 WINGLETS;Lluvia;14/04/18
IBE0406;MAD;XRY;AIRBUS A319;Nubosidad variable;14/04/18
IBE0410;MAD;XRY;AIRBUS A320;Nubosidad variable;15/04/18
VLG2286;BCN;XRY;AIRBUS A320;Lluvia;15/04/18
IBB663;TFN;VDE;ATR-42/72;Despejado;14/04/18
IBB365;LPA;VDE;ATR-72;Nubes altas;14/04/18
IBS2218;TFN;VDE;ATR-72;Despejado;17/04/18
CNF247;TFN;VDE;ATR-42/72;Despejado;14/04/18
IBB673;TFN;VDE;ATR-42/72;Despejado;14/04/18
IBB655;TFN;VDE;ATR-72;Despejado;15/04/18
IBB659;TFN;VDE;ATR-72;Despejado;15/04/18
IBE8598;MAD;LEI;CANADAIR CRJ-200;Nubosidad variable;14/04/18
IBE8592;MAD;LEI;BOMBARDIER CRJ-1000;Nubosidad variable;14/04/18
IBE8594;MAD;LEI;BOMBARDIER CRJ-1000;Nubosidad variable;15/04/18
AEA2887;BCN;LEI;BOEING 737-800 WINGLETS;Lluvia;15/04/18
VLG1251;BCN;LEI;AIRBUS A320;Lluvia;15/04/18
IBE8598;MAD;LEI;CANADAIR CRJ-900;Nubosidad variable;15/04/18
VLG3135;TFS;ORY;32B;Despejado;14/04/18
VLG3221;TFS;BCN;AIRBUS A320;Despejado;14/04/18
FIN1692;TFS;HEL;32B;Despejado;14/04/18
JAF6704;TFS;CRL;BOEING 737-700 WINGLETS;Despejado;14/04/18
TFL540;TFS;AMS;BOEING 737-800 WINGLETS;Despejado;14/04/18
RYR5553;TFS;HHN;BOEING 737-800 WINGLETS;Despejado;14/04/18
VLG6217;TFS;FCO;32A;Despejado;14/04/18
BAW415;TFS;LHR;32A;Despejado;14/04/18
EZY8704;TFS;LGW;32A;Despejado;14/04/18
DTR603;TFS;AAR;AIRBUS A320;Despejado;14/04/18
TCX1295;TFS;GLA;32B;Despejado;14/04/18
JTG320;TFS;CPH;BOEING 737-800 WINGLETS;Despejado;14/04/18
JTG712;TFS;JKG;BOEING 737-700 WINGLETS;Despejado;14/04/18
JTG508;TFS;BLL;BOEING 737-700 WINGLETS;Despejado;14/04/18
VLG3173;TFS;NTE;32A;Despejado;14/04/18
JTG916;TFS;HEL;BOEING 737-800 WINGLETS;Despejado;14/04/18
IBS3911;TFS;MAD;32A;Despejado;14/04/18
RYR9107;GRO;BVA;BOEING 737-800 WINGLETS;Lluvia;14/04/18
RYR6901;GRO;CRL;BOEING 737-800 WINGLETS;Lluvia;14/04/18
RYR9012;GRO;MLA;BOEING 737-800 WINGLETS;Lluvia;14/04/18
RYR6911;GRO;MST;BOEING 737-800 WINGLETS;Lluvia;14/04/18
RYR9375;GRO;TLL;BOEING 737-800 WINGLETS;Lluvia;14/04/18
RYR9002;GRO;BLL;BOEING 737-800 WINGLETS;Lluvia;14/04/18
RYR9307;GRO;PIK;BOEING 737-800 WINGLETS;Lluvia;14/04/18
RYR6393;GRO;NRN;BOEING 737-800 WINGLETS;Lluvia;14/04/18
RYR3653;GRO;BRE;BOEING 737-800 WINGLETS;Lluvia;14/04/18
RYR9911;GRO;BOH;BOEING 737-800 WINGLETS;Lluvia;14/04/18
RYR9123;GRO;EIN;BOEING 737-800 WINGLETS;Lluvia;15/04/18
RYR7083;GRO;OMR;BOEING 737-800 WINGLETS;Lluvia;15/04/18
RYR9555;GRO;FMM;BOEING 737-800 WINGLETS;Lluvia;15/04/18
RYR6901;GRO;CRL;BOEING 737-800 WINGLETS;Lluvia;15/04/18
RYR9305;GRO;LPL;BOEING 737-800 WINGLETS;Lluvia;15/04/18
RYR9172;GRO;WRO;BOEING 737-800 WINGLETS;Lluvia;15/04/18
RYR4125;GRO;HHN;BOEING 737-800 WINGLETS;Lluvia;15/04/18
RYR7037;GRO;DUB;BOEING 737-800 WINGLETS;Lluvia;15/04/18
RYR9364;GRO;PSR;BOEING 737-800 WINGLETS;Lluvia;15/04/18
RYR9241;GRO;PSA;BOEING 737-800 WINGLETS;Lluvia;15/04/18
RYR9803;GRO;STN;BOEING 737-800 WINGLETS;Lluvia;15/04/18
PBD832;GRO;VKO;BOEING 737-800 WINGLETS;Lluvia;15/04/18
RYR9211;GRO;FKB;BOEING 737-800 WINGLETS;Lluvia;15/04/18
JAF6198;LPA;CRL;BOEING 737-800 WINGLETS;Nubes altas;14/04/18
AEA9401;LPA;TFN;ATR-72;Nubes altas;14/04/18
IBB6902;LPA;BJL;BOMBARDIER CRJ-1000;Nubes altas;14/04/18
IBB6167;LPA;VIL;ATR-72;Nubes altas;14/04/18
DE3551;LPA;FRA;BOEING 757-300 WINGLETS;Nubes altas;14/04/18
IBB6504;LPA;NKC;BOMBARDIER CRJ-1000;Nubes altas;14/04/18
IBB508;LPA;ACE;ATR-72;Nubes altas;14/04/18
IBB133;LPA;TFN;ATR-72;Nubes altas;14/04/18
BLX296;LPA;MMX;BOEING 737-800 WINGLETS;Nubes altas;14/04/18
RYR6699;LPA;EDI;BOEING 737-800 WINGLETS;Nubes altas;14/04/18
SDR3173;LPA;TXL;AIRBUS A320;Nubes altas;14/04/18
RYR8133;LPA;STN;BOEING 737-800 WINGLETS;Nubes altas;14/04/18
IBK5922;LPA;CPH;BOEING 737-800 WINGLETS;Nubes altas;14/04/18
JTG728;LPA;NRK;BOEING 737-800 WINGLETS;Nubes altas;14/04/18
TOM3645;LPA;ARN;BOEING 767-300 WINGLETS;Nubes altas;14/04/18
JTG766;LPA;UME;BOEING 737-700 WINGLETS;Nubes altas;14/04/18
BLX640;LPA;GOT;BOEING 737-800 WINGLETS;Nubes altas;14/04/18
GMI7811;LPA;BRE;AIRBUS A321;Nubes altas;14/04/18
CNF729;LPA;ACE;ATR-72;Nubes altas;14/04/18
BLX264;LPA;HEL;BOEING 737-800 WINGLETS;Nubes altas;14/04/18
VLG3069;LPA;AGP;AIRBUS A320;Nubes altas;14/04/18
GMI2863;FUE;HAM;AIRBUS A319;Nubes altas;14/04/18
CNF810;FUE;LPA;ATR-42/72;Nubes altas;14/04/18
TCX1863;FUE;BHX;AIRBUS A321;Nubes altas;14/04/18
RYR3526;FUE;LTN;BOEING 737-800 WINGLETS;Nubes altas;14/04/18
GMI8985;FUE;BRE;AIRBUS A319;Nubes altas;14/04/18
TCX1483;FUE;MAN;32B;Nubes altas;14/04/18
TCX1149;FUE;GLA;AIRBUS A321;Nubes altas;14/04/18
IBB207;FUE;LPA;ATR-72;Nubes altas;14/04/18
TUI2175;FUE;STR;BOEING 737-800 WINGLETS;Nubes altas;14/04/18
RYR7129;FUE;DUB;BOEING 737-800 WINGLETS;Nubes altas;14/04/18
TCX1759;FUE;EMA;AIRBUS A321;Nubes altas;14/04/18
RYR5469;FUE;MAD;BOEING 737-800 WINGLETS;Nubes altas;14/04/18
EWG243;FUE;CGN;AIRBUS A320;Nubes altas;14/04/18
IBS3907;FUE;MAD;AIRBUS A321;Nubes altas;14/04/18
IBB417;FUE;TFN;ATR-42/72;Nubes altas;14/04/18
IBB213;FUE;LPA;ATR-42/72;Nubes altas;14/04/18
EXS522;FUE;NCL;BOEING 737-800 WINGLETS;Nubes altas;14/04/18
GMI3483;FUE;ERF;BOEING 737-700;Nubes altas;14/04/18
EXS250;FUE;LBA;BOEING 757-200  WINGLETS;Nubes altas;14/04/18
JAF6012;FUE;BRU;BOEING 737-800 WINGLETS;Nubes altas;14/04/18
EZY5924;FUE;TXL;32A;Nubes altas;14/04/18
EXS308;FUE;BFS;BOEING 737-300 WINGLETS;Nubes altas;14/04/18
IBB223;FUE;LPA;ATR-42/72;Nubes altas;14/04/18
RYR6384;BCN;SDR;BOEING 737-800 WINGLETS;Lluvia;14/04/18
IBE0554;MAD;SDR;AIRBUS A319;Nubosidad variable;14/04/18
RYR2593;AGP;SDR;BOEING 737-800 WINGLETS;Despejado;14/04/18
RYR2214;VLC;SDR;BOEING 737-800 WINGLETS;Nubosidad variable;14/04/18
IBE0556;MAD;SDR;AIRBUS A319;Nubosidad variable;14/04/18
RYR6384;BCN;SDR;BOEING 737-800 WINGLETS;Lluvia;15/04/18
IBE0554;MAD;SDR;AIRBUS A319;Nubosidad variable;15/04/18
VLG2509;SVQ;BIO;AIRBUS A320;Nubes altas;14/04/18
VLG3281;ACE;BIO;AIRBUS A320;Nubes altas;14/04/18
LAV5547;TFN;BIO;BOEING 737-400;Despejado;14/04/18
VLG3261;TFN;BIO;32A;Despejado;14/04/18
VLG2615;XRY;BIO;32A;Nubosidad variable;14/04/18
AEA7153;MAD;BIO;EMBRAER ERJ-195;Nubosidad variable;14/04/18
IBS3949;SVQ;MAD;AIRBUS A320;Nubes altas;14/04/18
DLH1141;SVQ;FRA;AIRBUS A321;Nubes altas;14/04/18
RYR7147;SVQ;DUB;BOEING 737-800 WINGLETS;Nubes altas;14/04/18
RYR5272;SVQ;PMI;BOEING 737-800 WINGLETS;Nubes altas;14/04/18
VLG2209;SVQ;BCN;32A;Nubes altas;14/04/18
RYR7338;SVQ;BOD;BOEING 737-800 WINGLETS;Nubes altas;14/04/18
TVF3105;SVQ;ORY;BOEING 737-800 WINGLETS;Nubes altas;14/04/18
TAP1105;SVQ;LIS;ATR-42/72;Nubes altas;14/04/18
VLG2424;SVQ;IBZ;AIRBUS A320;Nubes altas;14/04/18
RYR1192;SVQ;TLS;BOEING 737-800 WINGLETS;Nubes altas;14/04/18
IBS9529;SVQ;PMI;AIRBUS A320;Nubes altas;14/04/18
ANE2004;SVQ;CDT;BOMBARDIER CRJ-1000;Nubes altas;14/04/18
RYR8364;SVQ;STN;BOEING 737-800 WINGLETS;Nubes altas;14/04/18
RYR9667;SVQ;FCO;BOEING 737-800 WINGLETS;Nubes altas;14/04/18
VLG8886;SVQ;LYS;AIRBUS A320;Nubes altas;14/04/18
RYR6445;SVQ;CRL;BOEING 737-800 WINGLETS;Nubes altas;14/04/18
RYR4077;SVQ;KRK;BOEING 737-800 WINGLETS;Nubes altas;14/04/18
IBS3951;SVQ;MAD;AIRBUS A320;Nubes altas;14/04/18
BEL3748;SVQ;BRU;AIRBUS A319;Nubes altas;14/04/18
VLG3046;SVQ;LPA;AIRBUS A320;Nubes altas;14/04/18
VLG1241;ALC;CWL;AIRBUS A320;Nubosidad variable;14/04/18
NAX4202;ALC;ARN;BOEING 737-800 WINGLETS;Nubosidad variable;14/04/18
EVE1123;ALC;VGO;32A;Nubosidad variable;14/04/18
RYR5544;ALC;BLQ;BOEING 737-800 WINGLETS;Nubosidad variable;14/04/18
RYR9086;ALC;GOT;BOEING 737-800 WINGLETS;Nubosidad variable;14/04/18
RYR9084;ALC;EMA;BOEING 737-800 WINGLETS;Nubosidad variable;14/04/18
RYR1323;ALC;SNN;BOEING 737-800 WINGLETS;Nubosidad variable;14/04/18
EXS272;ALC;LBA;BOEING 737-800 WINGLETS;Nubosidad variable;14/04/18
BMS5574;ALC;LPL;BOEING 737-700;Nubosidad variable;14/04/18
EXS776;ALC;EDI;BOEING 737-800 WINGLETS;Nubosidad variable;14/04/18
EZY8664;ALC;LGW;32A;Nubosidad variable;14/04/18
RYR1308;ALC;BFS;BOEING 737-800 WINGLETS;Nubosidad variable;14/04/18
EZY6878;ALC;GLA;32A;Nubosidad variable;14/04/18
EZY6702;ALC;BFS;32A;Nubosidad variable;14/04/18
EZY7416;ALC;SEN;AIRBUS A319;Nubosidad variable;14/04/18
IBK5332;ALC;AES;BOEING 737-800 WINGLETS;Nubosidad variable;14/04/18
RYR7063;ALC;DUB;BOEING 737-800 WINGLETS;Nubosidad variable;14/04/18
BEL1574;ALC;BRU;AIRBUS A319;Nubosidad variable;14/04/18
AEA2673;ALC;BIO;BOEING 737-800 WINGLETS;Nubosidad variable;14/04/18
IBK2439;ALC;LGW;BOEING 737-800 WINGLETS;Nubosidad variable;14/04/18
SBI876;ALC;DME;AIRBUS A321;Nubosidad variable;14/04/18
RYR9098;ALC;KUN;BOEING 737-800 WINGLETS;Nubosidad variable;14/04/18
RYR9069;ALC;TRF;BOEING 737-800 WINGLETS;Nubosidad variable;14/04/18
VLG7748;ALC;LED;32A;Nubosidad variable;14/04/18
AEA9464;SPC;TFN;ATR-72;Nubes altas;14/04/18
IBB620;SPC;TFN;ATR-72;Nubes altas;14/04/18
EWG9545;SPC;DUS;32A;Nubes altas;14/04/18
GMI3953;SPC;HAM;AIRBUS A319;Nubes altas;14/04/18
EWG7529;SPC;HAM;32A;Nubes altas;14/04/18
IBB622;SPC;TFN;ATR-42/72;Nubes altas;14/04/18
IBS3843;SPC;MAD;AIRBUS A320;Nubes altas;14/04/18
CNF453;SPC;TFN;ATR-72;Nubes altas;14/04/18
IBB632;SPC;TFN;ATR-42/72;Nubes altas;14/04/18
AEA9466;SPC;TFN;ATR-72;Nubes altas;14/04/18
VLG3249;SPC;BCN;AIRBUS A320;Nubes altas;14/04/18
EWG2269;SPC;STR;32A;Nubes altas;14/04/18
IBB636;SPC;TFN;ATR-42/72;Nubes altas;14/04/18
IBB316;SPC;LPA;ATR-72;Nubes altas;14/04/18
AEA9480;SPC;TFN;ATR-72;Nubes altas;14/04/18
IBB638;SPC;TFN;ATR-42/72;Nubes altas;14/04/18
IBB640;SPC;TFN;ATR-72;Nubes altas;14/04/18
CNF468;SPC;TFN;ATR-72;Nubes altas;14/04/18
AEA9468;SPC;TFN;ATR-72;Nubes altas;14/04/18
IBB642;SPC;TFN;ATR-72;Nubes altas;14/04/18
IBB318;SPC;LPA;ATR-72;Nubes altas;14/04/18
ANE8483;MAH;PMI;BOMBARDIER CRJ-1000;Despejado;17/04/18
AEA6013;MAD;PMI;BOEING 737-800 WINGLETS;Nubosidad variable;14/04/18
AEA6037;BCN;PMI;BOEING 737-800 WINGLETS;Lluvia;14/04/18
IBS3914;MAD;PMI;32A;Nubosidad variable;14/04/18
VLG1579;BCN;OVD;AIRBUS A320;Lluvia;14/04/18
VOE3591;PMI;OVD;BOEING 717;Lluvia moderada;14/04/18
IBS3612;TFN;OVD;AIRBUS A320;Despejado;14/04/18
IBS3980;MAD;OVD;AIRBUS A320;Nubosidad variable;14/04/18
IBE0480;MAD;OVD;32A;Nubosidad variable;14/04/18
VLG3138;ACE;OVD;AIRBUS A320;Nubes altas;14/04/18
VLG1573;BCN;OVD;AIRBUS A320;Lluvia;15/04/18
IBE8334;VLC;OVD;ATR-72;Nubosidad variable;15/04/18
IBE0488;MAD;OVD;AIRBUS A321;Nubosidad variable;15/04/18
IBE8333;PMI;OVD;CANADAIR CRJ-200;Despejado;17/04/18
VLG1579;BCN;OVD;AIRBUS A320;Lluvia;15/04/18
IBE8646;MAD;GRX;BOMBARDIER CRJ-1000;Nubosidad variable;14/04/18
IBE8642;MAD;GRX;CANADAIR CRJ-900;Nubosidad variable;14/04/18
VLG2014;BCN;GRX;AIRBUS A320;Lluvia;14/04/18
VLG2016;BCN;GRX;AIRBUS A321;Lluvia;14/04/18
IBE8648;MAD;GRX;BOMBARDIER CRJ-1000;Nubosidad variable;14/04/18
VLG2010;BCN;GRX;AIRBUS A321;Lluvia;15/04/18
IBE8640;MAD;GRX;BOMBARDIER CRJ-1000;Nubosidad variable;15/04/18
VLG2020;BCN;GRX;AIRBUS A320;Lluvia;15/04/18
AEA5201;PMI;GRX;EMBRAER ERJ-195;Lluvia moderada;15/04/18
VLG3933;PMI;GRX;AIRBUS A320;Lluvia moderada;15/04/18
IBE8646;MAD;GRX;BOMBARDIER CRJ-1000;Nubosidad variable;15/04/18
RYR7216;VLC;IBZ;BOEING 737-800 WINGLETS;Nubosidad variable;14/04/18
IBE8910;MAD;IBZ;BOMBARDIER CRJ-1000;Nubosidad variable;14/04/18
IBE8108;PMI;IBZ;BOMBARDIER CRJ-1000;Despejado;17/04/18
VLG3510;BCN;IBZ;32A;Lluvia;14/04/18
IBE8679;SCQ;IBZ;BOMBARDIER CRJ-1000;Nubosidad variable;14/04/18
AEA6025;MAD;IBZ;EMBRAER ERJ-195;Nubosidad variable;14/04/18
AEA1706;PMI;IBZ;ATR-72;Lluvia moderada;14/04/18
RYR8146;AGP;IBZ;BOEING 737-800 WINGLETS;Despejado;14/04/18
VLG2011;GRX;BCN;32B;Nubosidad variable;14/04/18
IBE8441;IBZ;VLC;ATR-72;Llovizna;14/04/18
IBE8974;MAD;VLC;BOMBARDIER CRJ-1000;Nubosidad variable;14/04/18
RYR7217;IBZ;VLC;BOEING 737-800 WINGLETS;Llovizna;14/04/18
AEA4065;MAD;VLC;ATR-72;Nubosidad variable;14/04/18
IBE8633;PMI;VLC;CANADAIR CRJ-200;Despejado;17/04/18
IBE8812;MAD;AGP;BOMBARDIER CRJ-1000;Nubosidad variable;14/04/18
IBE8263;MLN;AGP;ATR-72;Despejado;14/04/18
RYR6386;BCN;AGP;BOEING 737-800 WINGLETS;Lluvia;14/04/18
IBB109;LPA;TFN;ATR-72;Nubes altas;14/04/18
AEA9401;LPA;TFN;ATR-72;Nubes altas;14/04/18
IBB660;VDE;TFN;ATR-42/72;Despejado;14/04/18
IBB423;FUE;TFN;ATR-42/72;Nubes altas;14/04/18
IBB469;ACE;TFN;ATR-42/72;Nubes altas;14/04/18
IBE8204;SCQ;TFN;CANADAIR CRJ-900;Nubosidad variable;14/04/18
IBB133;LPA;TFN;ATR-72;Nubes altas;14/04/18
IBE8098;VLC;TFN;BOMBARDIER CRJ-1000;Nubosidad variable;14/04/18
IBS3932;MAD;TFN;AIRBUS A320;Nubosidad variable;14/04/18
IBB620;SPC;TFN;ATR-72;Nubes altas;14/04/18
AEA9464;SPC;TFN;ATR-72;Nubes altas;14/04/18
IBB145;LPA;TFN;ATR-72;Nubes altas;14/04/18
VLG3254;SVQ;TFN;AIRBUS A320;Nubes altas;14/04/18
AEA9118;MAD;TFN;BOEING 737-800 WINGLETS;Nubosidad variable;14/04/18
VLG3216;BCN;TFN;32B;Lluvia;14/04/18
IBB147;LPA;TFN;ATR-72;Nubes altas;14/04/18
IBS3874;MAD;SCQ;AIRBUS A320;Nubosidad variable;14/04/18
RYR2573;AGP;SCQ;BOEING 737-800 WINGLETS;Despejado;14/04/18
RYR723;PMI;SCQ;BOEING 737-800 WINGLETS;Lluvia moderada;14/04/18
IBS3878;MAD;SCQ;AIRBUS A320;Nubosidad variable;14/04/18
AEA7117;ACE;SCQ;BOEING 737-800 WINGLETS;Nubes altas;14/04/18
AEA2618;VLC;SCQ;BOEING 737-800 WINGLETS;Nubosidad variable;14/04/18
VLG1672;BCN;SCQ;AIRBUS A320;Lluvia;14/04/18
RYR7003;LPA;SCQ;BOEING 737-800 WINGLETS;Nubes altas;14/04/18
IBE8205;TFN;SCQ;BOMBARDIER CRJ-1000;Despejado;14/04/18
VLG3136;ACE;SCQ;AIRBUS A320;Nubes altas;14/04/18
RYR7222;VLC;SCQ;BOEING 737-800 WINGLETS;Nubosidad variable;15/04/18
RYR6332;BCN;SCQ;BOEING 737-800 WINGLETS;Lluvia;15/04/18
IBS3876;MAD;SCQ;AIRBUS A321;Nubosidad variable;15/04/18
IBS3910;MAD;TFS;32A;Nubosidad variable;14/04/18
LLX5062;ACE;TFS;BOEING 737-400;Nubes altas;14/04/18
IBB120;TFN;LPA;ATR-42/72;Despejado;14/04/18
IBB152;TFS;LPA;ATR-72;Despejado;14/04/18
IBB211;FUE;LPA;ATR-72;Nubes altas;14/04/18
IBB110;TFN;LPA;ATR-42/72;Despejado;14/04/18
VLG3068;AGP;LPA;AIRBUS A320;Despejado;14/04/18
IBE8804;ALC;LPA;BOMBARDIER CRJ-1000;Despejado;17/04/18
IBB132;TFN;LPA;ATR-42/72;Despejado;14/04/18
AEA9448;ACE;LPA;ATR-72;Nubes altas;14/04/18
CNF810;FUE;LPA;ATR-42/72;Nubes altas;14/04/18
AEA9402;TFN;LPA;ATR-72;Despejado;14/04/18
VLG1341;MAH;ALC;32A;Lluvia moderada;14/04/18
AEA2674;BIO;ALC;BOEING 737-800 WINGLETS;Nubosidad variable;14/04/18
VLG3937;PMI;ALC;AIRBUS A320;Lluvia moderada;14/04/18
RYR5273;PMI;SVQ;BOEING 737-800 WINGLETS;Lluvia moderada;14/04/18
RYR2036;VIT;SVQ;BOEING 737-800 WINGLETS;Abertura de claros;14/04/18
VLG2210;BCN;SVQ;32A;Lluvia;14/04/18
VLG2510;BIO;SVQ;AIRBUS A320;Nubosidad variable;14/04/18
IBS9526;PMI;SVQ;AIRBUS A320;Lluvia moderada;14/04/18
VLG2433;MAH;SVQ;AIRBUS A320;Lluvia moderada;14/04/18
IBS3952;MAD;SVQ;AIRBUS A320;Nubosidad variable;14/04/18
VLG3255;TFN;SVQ;AIRBUS A320;Despejado;14/04/18
EVE1101;ALC;SVQ;32A;Nubosidad variable;14/04/18
VLG2425;IBZ;SVQ;AIRBUS A320;Llovizna;14/04/18
AEA9463;TFN;SPC;ATR-72;Despejado;14/04/18
IBB619;TFN;SPC;ATR-72;Despejado;14/04/18
IBB621;TFN;SPC;ATR-42/72;Despejado;14/04/18
IBS3842;MAD;SPC;AIRBUS A320;Nubosidad variable;14/04/18
CNF452;TFN;SPC;ATR-72;Despejado;14/04/18
IBB631;TFN;SPC;ATR-42/72;Despejado;14/04/18
IBE2228;TFN;SPC;ATR-42/72;Despejado;17/04/18
VLG3248;BCN;SPC;AIRBUS A320;Lluvia;14/04/18
AEA9465;TFN;SPC;ATR-72;Despejado;14/04/18
IBB623;TFN;SPC;ATR-42/72;Despejado;14/04/18
AEA9479;TFN;SPC;ATR-72;Despejado;14/04/18
IBB315;LPA;SPC;ATR-72;Nubes altas;14/04/18
IBB637;TFN;SPC;ATR-42/72;Despejado;14/04/18
IBB639;TFN;SPC;ATR-72;Despejado;14/04/18
CNF467;TFN;SPC;ATR-72;Despejado;14/04/18
AEA9467;TFN;SPC;ATR-72;Despejado;14/04/18
IBB627;TFN;SPC;ATR-42/72;Despejado;14/04/18
IBB317;LPA;SPC;ATR-72;Nubes altas;14/04/18
IBE8482;PMI;MAH;BOMBARDIER CRJ-1000;Despejado;17/04/18
VLG2432;SVQ;MAH;AIRBUS A320;Nubes altas;14/04/18
IBE8498;PMI;MAH;ATR-42/72;Despejado;17/04/18
IBE8661;VIT;MAH;BOMBARDIER CRJ-1000;Abertura de claros;14/04/18
AEA4531;PMI;MAH;ATR-72;Lluvia moderada;14/04/18
RYR6881;BCN;MAH;BOEING 737-800 WINGLETS;Lluvia;14/04/18
VLG3716;BCN;MAH;32A;Lluvia;14/04/18
VLG3700;BCN;MAH;AIRBUS A320;Lluvia;14/04/18
IBE8492;PMI;MAH;ATR-42/72;Despejado;17/04/18
IBE8496;PMI;MAH;BOMBARDIER CRJ-1000;Despejado;17/04/18
VLG3718;BCN;MAH;AIRBUS A321;Lluvia;14/04/18
IBE8954;MAD;MAH;BOMBARDIER CRJ-1000;Nubosidad variable;14/04/18
QTR6553;MAH;MAD;BOMBARDIER CRJ-1000;Lluvia moderada;14/04/18
IBE8494;PMI;MAH;ATR-72;Despejado;17/04/18
IBE8661;VIT;MAH;BOMBARDIER CRJ-1000;Abertura de claros;14/04/18
IBB652;GMZ;TFN;ATR-42/72;Nubes altas;14/04/18
IBB650;GMZ;TFN;ATR-72;Nubes altas;15/04/18
IBE8660;MAH;VIT;BOMBARDIER CRJ-1000;Lluvia moderada;14/04/18
RYR6321;VLL;BCN;BOEING 737-800 WINGLETS;Nubosidad variable;14/04/18
IBS9530;VLL;PMI;AIRBUS A320;Nubosidad variable;15/04/18
RYR2200;VLL;SVQ;BOEING 737-800 WINGLETS;Nubosidad variable;15/04/18
IBE8525;PNA;MAD;CANADAIR CRJ-200;Nubosidad variable;14/04/18
IBE8529;PNA;MAD;BOMBARDIER CRJ-1000;Nubosidad variable;15/04/18
DLH1119;PNA;FRA;AIRBUS A320;Nubosidad variable;15/04/18
IBB653;TFN;GMZ;ATR-42/72;Despejado;14/04/18
IBB651;TFN;GMZ;ATR-72;Despejado;15/04/18
IBE8319;EAS;MAD;ATR-72;Nubosidad variable;14/04/18
IBE8329;EAS;MAD;ATR-72;Nubosidad variable;14/04/18
VLG2489;EAS;BCN;AIRBUS A319;Nubosidad variable;14/04/18
IBE8317;EAS;MAD;ATR-72;Nubosidad variable;15/04/18
VLG2487;EAS;BCN;AIRBUS A319;Nubosidad variable;15/04/18
IBE8319;EAS;MAD;ATR-72;Nubosidad variable;15/04/18
RYR6320;BCN;VLL;BOEING 737-800 WINGLETS;Lluvia;14/04/18
IBS9528;PMI;VLL;AIRBUS A320;Lluvia moderada;15/04/18
RYR2199;SVQ;VLL;BOEING 737-800 WINGLETS;Nubes altas;15/04/18
IBE8524;MAD;PNA;CANADAIR CRJ-200;Nubosidad variable;14/04/18
IBE8526;MAD;PNA;BOMBARDIER CRJ-1000;Nubosidad variable;14/04/18
AEA7235;MAD;LCG;EMBRAER ERJ-195;Nubosidad variable;14/04/18
VLG3970;PMI;LCG;32A;Lluvia moderada;14/04/18
AEA7237;MAD;LCG;EMBRAER ERJ-195;Nubosidad variable;14/04/18
IBE0522;MAD;LCG;AIRBUS A320;Nubosidad variable;14/04/18
VLG1290;BCN;LCG;AIRBUS A320;Lluvia;14/04/18
VLG1294;BCN;LCG;AIRBUS A320;Lluvia;15/04/18
WZZ3192;ZAZ;OTP;AIRBUS A320;Nubes altas;14/04/18
AEA4032;ZAZ;PMI;EMBRAER ERJ-195;Nubes altas;14/04/18
WZZ3418;ZAZ;CLJ;AIRBUS A320;Nubes altas;14/04/18
RYR2635;ZAZ;STN;BOEING 737-800 WINGLETS;Nubes altas;14/04/18
RYR4634;ZAZ;BGY;BOEING 737-800 WINGLETS;Nubes altas;15/04/18
EVE1606;ZAZ;SVQ;AIRBUS A320;Nubes altas;15/04/18
AEA2633;ZAZ;LEI;BOEING 737-800 WINGLETS;Nubes altas;15/04/18
RYR1865;REU;SNN;BOEING 737-800 WINGLETS;Lluvia;14/04/18
RYR3843;REU;STN;BOEING 737-800 WINGLETS;Lluvia;14/04/18
EZY2208;REU;LTN;AIRBUS A319;Lluvia;14/04/18
RYR2829;REU;CRL;BOEING 737-800 WINGLETS;Lluvia;14/04/18
RYR1115;REU;DUB;BOEING 737-800 WINGLETS;Lluvia;15/04/18
RYR9825;REU;LPL;BOEING 737-800 WINGLETS;Lluvia;15/04/18
RYR9827;REU;HHN;BOEING 737-800 WINGLETS;Lluvia;15/04/18
IBB664;VDE;TFN;ATR-42/72;Despejado;14/04/18
IBB366;VDE;LPA;ATR-72;Despejado;14/04/18
IBS2247;VDE;TFN;ATR-72;Despejado;14/04/18
CNF248;VDE;TFN;ATR-42/72;Despejado;14/04/18
IBB674;VDE;TFN;ATR-42/72;Despejado;14/04/18
IBB656;VDE;TFN;ATR-72;Despejado;15/04/18
IBB662;VDE;TFN;ATR-72;Despejado;15/04/18
VLG2287;XRY;BCN;BOEING 737-800 WINGLETS;Nubosidad variable;14/04/18
IBE0405;XRY;MAD;AIRBUS A319;Nubosidad variable;14/04/18
RYR1284;XRY;BCN;BOEING 737-800 WINGLETS;Nubosidad variable;14/04/18
IBE0407;XRY;MAD;AIRBUS A320;Nubosidad variable;15/04/18
EWG575;XRY;CGN;AIRBUS A319;Nubosidad variable;15/04/18
JAF7922;XRY;BRU;EMBRAER 190;Nubosidad variable;15/04/18
EWG9571;XRY;DUS;32A;Nubosidad variable;15/04/18
RYR8397;XRY;STN;BOEING 737-800 WINGLETS;Nubosidad variable;15/04/18
IBE0411;XRY;MAD;AIRBUS A320;Nubosidad variable;15/04/18
VLG2287;XRY;BCN;AIRBUS A320;Nubosidad variable;15/04/18
IBE8269;MLN;AGP;ATR-72;Despejado;14/04/18
IBE8793;MLN;MAD;ATR-72;Despejado;14/04/18
IBE8271;MLN;AGP;ATR-72;Despejado;14/04/18
IBE8261;MLN;AGP;ATR-72;Despejado;15/04/18
IBE8789;MLN;MAD;ATR-72;Despejado;15/04/18
IBE8791;MLN;MAD;ATR-72;Despejado;15/04/18
IBE8263;MLN;AGP;ATR-72;Despejado;15/04/18
IBE8793;MLN;MAD;ATR-72;Despejado;15/04/18
IBE8269;MLN;AGP;ATR-72;Despejado;15/04/18
IBE8322;MAD;EAS;ATR-72;Nubosidad variable;14/04/18
VLG2488;BCN;EAS;AIRBUS A319;Lluvia;14/04/18
IBE8324;MAD;EAS;ATR-72;Nubosidad variable;14/04/18
VLG2486;BCN;EAS;AIRBUS A319;Lluvia;15/04/18
IBE8316;MAD;EAS;ATR-72;Nubosidad variable;15/04/18
IBE0555;SDR;MAD;AIRBUS A319;Despejado;14/04/18
RYR4793;SDR;BGY;BOEING 737-800 WINGLETS;Despejado;14/04/18
RYR2594;SDR;AGP;BOEING 737-800 WINGLETS;Despejado;14/04/18
RYR2215;SDR;VLC;BOEING 737-800 WINGLETS;Despejado;14/04/18
IBE0557;SDR;MAD;AIRBUS A319;Despejado;14/04/18
RYR1573;SDR;SXF;BOEING 737-800 WINGLETS;Despejado;14/04/18
WZZ1480;SDR;WAW;AIRBUS A320;Despejado;15/04/18
RYR7617;SDR;EDI;BOEING 737-800 WINGLETS;Despejado;15/04/18
RYR6385;SDR;BCN;BOEING 737-800 WINGLETS;Despejado;15/04/18
IBE0555;SDR;MAD;AIRBUS A319;Despejado;15/04/18
IBE6341;MAD;SAL;AIRBUS A330-200;Nubosidad variable;14/04/18
DAH2007;MAD;ALG;BOEING 737-800 WINGLETS;Nubosidad variable;14/04/18
IBE3176;MAD;LHR;AIRBUS A320;Nubosidad variable;14/04/18
RYR5995;MAD;STN;BOEING 737-800 WINGLETS;Nubosidad variable;14/04/18
AEA6067;MAD;PMI;BOEING 737-800 WINGLETS;Nubosidad variable;14/04/18
IBE3252;MAD;LIN;32A;Nubosidad variable;14/04/18
AVA047;MAD;BOG;BOEING 787-8;Nubosidad variable;14/04/18
THY8471;MAD;MDE;AIRBUS A330-200;Nubosidad variable;14/04/18
ETD2604;MAD;MDE;AIRBUS A330-200;Nubosidad variable;14/04/18
AVA017;MAD;MDE;AIRBUS A330-200;Nubosidad variable;14/04/18
AEA1029;MAD;ORY;BOEING 737-800 WINGLETS;Nubosidad variable;14/04/18
IBS3828;MAD;LPA;AIRBUS A320;Nubosidad variable;14/04/18
RYR4117;MJV;MAN;BOEING 737-800 WINGLETS;Abertura de claros;14/04/18
NAX1703;MJV;OSL;BOEING 737-800 WINGLETS;Abertura de claros;14/04/18
RYR3453;MJV;LTN;BOEING 737-800 WINGLETS;Abertura de claros;14/04/18
EZY7426;MJV;SEN;AIRBUS A319;Abertura de claros;14/04/18
BAW449;MJV;LHR;32A;Abertura de claros;14/04/18
RYR8027;MJV;STN;BOEING 737-800 WINGLETS;Abertura de claros;14/04/18
EZY8554;MJV;LGW;32A;Abertura de claros;14/04/18
RYR7095;MJV;DUB;BOEING 737-800 WINGLETS;Abertura de claros;14/04/18
EZY8550;MJV;LGW;AIRBUS A319;Abertura de claros;15/04/18
EZY6014;MJV;BRS;AIRBUS A320;Abertura de claros;15/04/18
RYR1925;MJV;EMA;BOEING 737-800 WINGLETS;Abertura de claros;15/04/18
RYR4253;MJV;FRA;BOEING 737-800 WINGLETS;Abertura de claros;15/04/18
IBE0533;VGO;MAD;AIRBUS A319;Nubosidad variable;14/04/18
EVE1124;VGO;ALC;32A;Nubosidad variable;14/04/18
TAP1141;VGO;LIS;ATR-42/72;Nubosidad variable;14/04/18
AEA7317;VGO;MAD;EMBRAER ERJ-195;Nubosidad variable;14/04/18
RYR246;VGO;BCN;BOEING 737-800 WINGLETS;Nubosidad variable;14/04/18
AEA7319;VGO;MAD;EMBRAER ERJ-195;Nubosidad variable;14/04/18
AEA7311;VGO;MAD;EMBRAER ERJ-195;Nubosidad variable;15/04/18
IBE0531;VGO;MAD;AIRBUS A319;Nubosidad variable;15/04/18
RYR242;VGO;DUB;BOEING 737-800 WINGLETS;Nubosidad variable;15/04/18
RYR7132;VGO;BGY;BOEING 737-800 WINGLETS;Nubosidad variable;15/04/18
AEA7315;VGO;MAD;EMBRAER ERJ-195;Nubosidad variable;15/04/18
VLG3139;OVD;ACE;AIRBUS A320;Nubosidad variable;14/04/18
IBS3613;OVD;TFN;AIRBUS A320;Nubosidad variable;14/04/18
IBS3610;OVD;LHR;AIRBUS A320;Nubosidad variable;14/04/18
TAP1113;OVD;LIS;ATR-42/72;Nubosidad variable;14/04/18
VLG1572;OVD;BCN;AIRBUS A320;Nubosidad variable;15/04/18
VOE3584;OVD;ALC;BOEING 717;Nubosidad variable;15/04/18
IBS3981;OVD;MAD;AIRBUS A320;Nubosidad variable;15/04/18
VLG1574;OVD;BCN;AIRBUS A320;Nubosidad variable;15/04/18
IBE0479;OVD;MAD;32A;Nubosidad variable;15/04/18
EZY3084;OVD;STN;AIRBUS A319;Nubosidad variable;15/04/18
IBE8335;OVD;VLC;ATR-72;Nubosidad variable;15/04/18
IBE0475;OVD;MAD;AIRBUS A321;Nubosidad variable;15/04/18
IBE8332;OVD;PMI;CANADAIR CRJ-200;Nubosidad variable;15/04/18
VLG3865;OVD;PMI;AIRBUS A320;Nubosidad variable;15/04/18
AEA4033;PMI;ZAZ;EMBRAER ERJ-195;Lluvia moderada;14/04/18
EVE1605;SVQ;ZAZ;32A;Nubes altas;15/04/18
AEA2634;LEI;ZAZ;BOEING 737-800 WINGLETS;Despejado;15/04/18
IBE8577;LEI;MAD;CANADAIR CRJ-200;Despejado;14/04/18
IBE8601;LEI;MAD;BOMBARDIER CRJ-1000;Despejado;14/04/18
BAW421;LEI;LHR;AIRBUS A320;Despejado;14/04/18
TRA5644;LEI;RTM;BOEING 737-700 WINGLETS;Despejado;14/04/18
RYR7319;LEI;DUB;BOEING 737-800 WINGLETS;Despejado;14/04/18
BEL3776;LEI;BRU;AIRBUS A320;Despejado;15/04/18
EZY8164;LEI;LGW;AIRBUS A319;Despejado;15/04/18
IBE8595;LEI;MAD;BOMBARDIER CRJ-1000;Despejado;15/04/18
AEA2634;LEI;ZAZ;BOEING 737-800 WINGLETS;Despejado;15/04/18
IBE8213;LEI;PMI;CANADAIR CRJ-200;Despejado;15/04/18
VLG1252;LEI;BCN;AIRBUS A320;Despejado;15/04/18
IBE8577;LEI;MAD;CANADAIR CRJ-900;Despejado;15/04/18
IBB133;LPA;TFN;ATR-72;Nubes altas;14/04/18
IBS3932;MAD;TFN;AIRBUS A320;Nubosidad variable;14/04/18
AEA9464;SPC;TFN;ATR-72;Nubes altas;14/04/18
IBB620;SPC;TFN;ATR-72;Nubes altas;14/04/18
IBB145;LPA;TFN;ATR-72;Nubes altas;14/04/18
VLG3254;SVQ;TFN;AIRBUS A320;Nubes altas;14/04/18
AEA9118;MAD;TFN;BOEING 737-800 WINGLETS;Nubosidad variable;14/04/18
VLG3216;BCN;TFN;32B;Lluvia;14/04/18
IBB622;SPC;TFN;ATR-42/72;Nubes altas;14/04/18
IBB147;LPA;TFN;ATR-72;Nubes altas;14/04/18
IBK6379;MAD;TFN;BOEING 737-800 WINGLETS;Nubosidad variable;14/04/18
IBB417;FUE;TFN;ATR-42/72;Nubes altas;14/04/18
IBB455;ACE;TFN;ATR-42/72;Nubes altas;14/04/18
CNF653;LPA;TFN;ATR-72;Nubes altas;14/04/18
IBB135;LPA;TFN;BOMBARDIER CRJ-1000;Nubes altas;14/04/18
CNF453;SPC;TFN;ATR-72;Nubes altas;14/04/18
IBB663;TFN;VDE;ATR-42/72;Despejado;14/04/18
IBB365;LPA;VDE;ATR-72;Nubes altas;14/04/18
IBS2218;TFN;VDE;ATR-72;Despejado;17/04/18
CNF247;TFN;VDE;ATR-42/72;Despejado;14/04/18
IBB673;TFN;VDE;ATR-42/72;Despejado;14/04/18
IBB655;TFN;VDE;ATR-72;Despejado;15/04/18
IBB659;TFN;VDE;ATR-72;Despejado;15/04/18
AEA6048;PMI;MAD;BOEING 737-800 WINGLETS;Lluvia moderada;14/04/18
VLG3905;PMI;BCN;32A;Lluvia moderada;14/04/18
AEA6060;PMI;BCN;BOEING 737-800 WINGLETS;Lluvia moderada;14/04/18
EZY1060;PMI;BSL;32A;Lluvia moderada;14/04/18
WZZ3420;PMI;CLJ;AIRBUS A320;Lluvia moderada;14/04/18
RYR2327;PMI;LBA;BOEING 737-800 WINGLETS;Lluvia moderada;14/04/18
VLG3937;PMI;ALC;AIRBUS A320;Lluvia moderada;14/04/18
RYR9593;PMI;LPL;BOEING 737-800 WINGLETS;Lluvia moderada;14/04/18
RYR723;PMI;SCQ;BOEING 737-800 WINGLETS;Lluvia moderada;14/04/18
ANE8498;PMI;MAH;ATR-42/72;Lluvia moderada;14/04/18
VOE3591;PMI;OVD;BOEING 717;Lluvia moderada;14/04/18
VLG3970;PMI;LCG;32A;Lluvia moderada;14/04/18
BEL3714;BIO;BRU;AIRBUS A319;Nubosidad variable;14/04/18
DLH1143;BIO;FRA;32A;Nubosidad variable;14/04/18
LAV5548;BIO;TFN;BOEING 737-400;Nubosidad variable;14/04/18
VLG3284;BIO;FUE;32A;Nubosidad variable;14/04/18
DLH1893;BIO;MUC;AIRBUS A319;Nubosidad variable;14/04/18
VLG1435;BIO;BCN;AIRBUS A320;Nubosidad variable;14/04/18
VLG3274;BIO;LPA;32A;Nubosidad variable;14/04/18
IBE8674;BIO;IBZ;BOMBARDIER CRJ-1000;Nubosidad variable;14/04/18
AEA7154;BIO;MAD;EMBRAER ERJ-195;Nubosidad variable;14/04/18
EZY3226;BIO;STN;AIRBUS A319;Nubosidad variable;14/04/18
THY1318;BIO;IST;AIRBUS A319;Nubosidad variable;14/04/18
EIN749;BIO;DUB;AIRBUS A320;Nubosidad variable;14/04/18
AEA2660;BIO;BCN;BOEING 737-800 WINGLETS;Nubosidad variable;14/04/18
VLG1427;BIO;BCN;AIRBUS A320;Nubosidad variable;14/04/18
KLM1688;BIO;AMS;BOEING 737-700 WINGLETS;Nubosidad variable;14/04/18
IBE8645;GRX;MAD;BOMBARDIER CRJ-1000;Nubosidad variable;14/04/18
IBE8649;GRX;MAD;CANADAIR CRJ-900;Nubosidad variable;14/04/18
VLG2015;GRX;BCN;AIRBUS A320;Nubosidad variable;14/04/18
VLG8727;GRX;CDG;AIRBUS A320;Nubosidad variable;14/04/18
EZY8172;GRX;LGW;AIRBUS A319;Nubosidad variable;14/04/18
VLG2017;GRX;BCN;AIRBUS A320;Nubosidad variable;14/04/18
IBE8639;GRX;MAD;BOMBARDIER CRJ-1000;Nubosidad variable;15/04/18
VLG2011;GRX;BCN;AIRBUS A320;Nubosidad variable;15/04/18
IBE8641;GRX;MAD;BOMBARDIER CRJ-1000;Nubosidad variable;15/04/18
EZY2676;GRX;MXP;AIRBUS A319;Nubosidad variable;15/04/18
VLG2021;GRX;BCN;AIRBUS A320;Nubosidad variable;15/04/18
AEA5200;GRX;PMI;EMBRAER ERJ-195;Nubosidad variable;15/04/18
VLG3932;GRX;PMI;AIRBUS A320;Nubosidad variable;15/04/18
IBE8645;GRX;MAD;BOMBARDIER CRJ-1000;Nubosidad variable;15/04/18
ENT513;GRX;ARN;BOEING 737-800 WINGLETS;Nubosidad variable;15/04/18
IBE8264;AGP;MLN;ATR-72;Despejado;14/04/18
IBE8270;AGP;MLN;ATR-72;Despejado;14/04/18
IBE8798;MAD;MLN;ATR-72;Nubosidad variable;14/04/18
IBE8272;AGP;MLN;ATR-72;Despejado;14/04/18
IBE8262;AGP;MLN;ATR-72;Despejado;15/04/18
IBE8792;MAD;MLN;ATR-72;Nubosidad variable;15/04/18
IBE8790;MAD;MLN;ATR-72;Nubosidad variable;15/04/18
IBE8264;AGP;MLN;ATR-72;Despejado;15/04/18
RYR6703;IBZ;FCO;BOEING 737-800 WINGLETS;Llovizna;14/04/18
RYR7217;IBZ;VLC;BOEING 737-800 WINGLETS;Llovizna;14/04/18
IBE8911;IBZ;MAD;BOMBARDIER CRJ-1000;Llovizna;14/04/18
VLG3511;IBZ;BCN;32A;Llovizna;14/04/18
IBE8675;IBZ;BIO;BOMBARDIER CRJ-1000;Llovizna;14/04/18
RYR2627;IBZ;MAN;BOEING 737-800 WINGLETS;Llovizna;14/04/18
IBE8115;IBZ;PMI;BOMBARDIER CRJ-1000;Llovizna;14/04/18
RYR6432;IBZ;LPL;BOEING 737-800 WINGLETS;Llovizna;14/04/18
AEA6024;IBZ;MAD;EMBRAER ERJ-195;Llovizna;14/04/18
RYR6702;IBZ;BLQ;BOEING 737-800 WINGLETS;Llovizna;14/04/18
AEA1707;IBZ;PMI;ATR-72;Llovizna;14/04/18
ANE2193;IBZ;BRU;BOMBARDIER CRJ-1000;Llovizna;14/04/18
BAW453;IBZ;LHR;AIRBUS A321;Llovizna;14/04/18
RYR8147;IBZ;AGP;BOEING 737-800 WINGLETS;Llovizna;14/04/18
DLH1819;IBZ;MUC;AIRBUS A320;Llovizna;14/04/18
LAV5302;IBZ;MXP;BOEING 737-800 WINGLETS;Llovizna;14/04/18
TRA5690;IBZ;RTM;BOEING 737-800 WINGLETS;Llovizna;14/04/18
TCX1807;ACE;BHX;AIRBUS A320;Nubes altas;14/04/18
EIN777;ACE;DUB;AIRBUS A320;Nubes altas;14/04/18
TCX1003;ACE;LGW;BOEING 767-300;Nubes altas;14/04/18
LLX5062;ACE;TFS;BOEING 737-400;Nubes altas;14/04/18
CNF722;ACE;LPA;ATR-72;Nubes altas;14/04/18
IBB513;ACE;LPA;ATR-42/72;Nubes altas;14/04/18
IBS3857;ACE;MAD;AIRBUS A320;Nubes altas;14/04/18
SXD2832;ACE;DUS;BOEING 737-800 WINGLETS;Nubes altas;14/04/18
VLG3141;ACE;AGP;AIRBUS A320;Nubes altas;14/04/18
JAF6834;ACE;BRU;BOEING 737-800 WINGLETS;Nubes altas;14/04/18
CNF730;ACE;LPA;ATR-42/72;Nubes altas;14/04/18
IBB455;ACE;TFN;ATR-42/72;Nubes altas;14/04/18
ENT5346;ACE;WRO;BOEING 737-800 WINGLETS;Nubes altas;14/04/18
AEA7117;ACE;SCQ;BOEING 737-800 WINGLETS;Nubes altas;14/04/18
EXS310;ACE;BFS;BOEING 737-800 WINGLETS;Nubes altas;14/04/18
EXS218;ACE;LBA;BOEING 737-800 WINGLETS;Nubes altas;14/04/18
VLG2473;ACE;BCN;32B;Nubes altas;14/04/18
RYR3526;FUE;LTN;BOEING 737-800 WINGLETS;Nubes altas;14/04/18
IBB207;FUE;LPA;ATR-72;Nubes altas;14/04/18
TCX1149;FUE;GLA;AIRBUS A321;Nubes altas;14/04/18
TCX1759;FUE;EMA;AIRBUS A321;Nubes altas;14/04/18
RYR7129;FUE;DUB;BOEING 737-800 WINGLETS;Nubes altas;14/04/18
RYR5469;FUE;MAD;BOEING 737-800 WINGLETS;Nubes altas;14/04/18
EWG243;FUE;CGN;AIRBUS A320;Nubes altas;14/04/18
IBS3907;FUE;MAD;AIRBUS A321;Nubes altas;14/04/18
IBB417;FUE;TFN;ATR-42/72;Nubes altas;14/04/18
IBB213;FUE;LPA;ATR-42/72;Nubes altas;14/04/18
EXS522;FUE;NCL;BOEING 737-800 WINGLETS;Nubes altas;14/04/18
GMI3483;FUE;ERF;BOEING 737-700;Nubes altas;14/04/18
EXS250;FUE;LBA;BOEING 757-200  WINGLETS;Nubes altas;14/04/18
JAF6012;FUE;BRU;BOEING 737-800 WINGLETS;Nubes altas;14/04/18
EZY5924;FUE;TXL;32A;Nubes altas;14/04/18
EXS308;FUE;BFS;BOEING 737-300 WINGLETS;Nubes altas;14/04/18
IBB223;FUE;LPA;ATR-42/72;Nubes altas;14/04/18
GMI8813;FUE;FDH;AIRBUS A319;Nubes altas;14/04/18
EWG9547;FUE;DUS;32A;Nubes altas;14/04/18
GMI9827;FUE;FMO;AIRBUS A319;Nubes altas;14/04/18
VLG8419;FUE;AMS;32A;Nubes altas;14/04/18
GMI7807;FUE;NUE;AIRBUS A319;Nubes altas;14/04/18
EWG9545;SPC;DUS;32A;Nubes altas;14/04/18
GMI3953;SPC;HAM;AIRBUS A319;Nubes altas;14/04/18
EWG7529;SPC;HAM;32A;Nubes altas;14/04/18
IBB622;SPC;TFN;ATR-42/72;Nubes altas;14/04/18
IBS3843;SPC;MAD;AIRBUS A320;Nubes altas;14/04/18
CNF453;SPC;TFN;ATR-72;Nubes altas;14/04/18
IBB632;SPC;TFN;ATR-42/72;Nubes altas;14/04/18
AEA9466;SPC;TFN;ATR-72;Nubes altas;14/04/18
VLG3249;SPC;BCN;AIRBUS A320;Nubes altas;14/04/18
EWG2269;SPC;STR;32A;Nubes altas;14/04/18
IBB636;SPC;TFN;ATR-42/72;Nubes altas;14/04/18
IBB316;SPC;LPA;ATR-72;Nubes altas;14/04/18
AEA9480;SPC;TFN;ATR-72;Nubes altas;14/04/18
IBB638;SPC;TFN;ATR-42/72;Nubes altas;14/04/18
IBB640;SPC;TFN;ATR-72;Nubes altas;14/04/18
CNF468;SPC;TFN;ATR-72;Nubes altas;14/04/18
AEA9468;SPC;TFN;ATR-72;Nubes altas;14/04/18
IBB642;SPC;TFN;ATR-72;Nubes altas;14/04/18
IBB318;SPC;LPA;ATR-72;Nubes altas;14/04/18
IBB606;SPC;TFN;ATR-72;Nubes altas;15/04/18
DLH1141;SVQ;FRA;AIRBUS A321;Nubes altas;14/04/18
RYR7147;SVQ;DUB;BOEING 737-800 WINGLETS;Nubes altas;14/04/18
RYR5272;SVQ;PMI;BOEING 737-800 WINGLETS;Nubes altas;14/04/18
VLG2209;SVQ;BCN;32A;Nubes altas;14/04/18
RYR7338;SVQ;BOD;BOEING 737-800 WINGLETS;Nubes altas;14/04/18
TVF3105;SVQ;ORY;BOEING 737-800 WINGLETS;Nubes altas;14/04/18
TAP1105;SVQ;LIS;ATR-42/72;Nubes altas;14/04/18
VLG2424;SVQ;IBZ;AIRBUS A320;Nubes altas;14/04/18
RYR1192;SVQ;TLS;BOEING 737-800 WINGLETS;Nubes altas;14/04/18
IBS9529;SVQ;PMI;AIRBUS A320;Nubes altas;14/04/18
ANE2004;SVQ;CDT;BOMBARDIER CRJ-1000;Nubes altas;14/04/18
RYR9667;SVQ;FCO;BOEING 737-800 WINGLETS;Nubes altas;14/04/18
RYR8364;SVQ;STN;BOEING 737-800 WINGLETS;Nubes altas;14/04/18
VLG8886;SVQ;LYS;AIRBUS A320;Nubes altas;14/04/18
RYR6445;SVQ;CRL;BOEING 737-800 WINGLETS;Nubes altas;14/04/18
RYR4077;SVQ;KRK;BOEING 737-800 WINGLETS;Nubes altas;14/04/18
IBS3951;SVQ;MAD;AIRBUS A320;Nubes altas;14/04/18
BEL3748;SVQ;BRU;AIRBUS A319;Nubes altas;14/04/18
VLG3046;SVQ;LPA;AIRBUS A320;Nubes altas;14/04/18
RYR1567;SVQ;FRA;BOEING 737-800 WINGLETS;Nubes altas;14/04/18
RYR6399;SVQ;BCN;BOEING 737-800 WINGLETS;Nubes altas;14/04/18
RYR6901;GRO;CRL;BOEING 737-800 WINGLETS;Lluvia;14/04/18
RYR9375;GRO;TLL;BOEING 737-800 WINGLETS;Lluvia;14/04/18
RYR9002;GRO;BLL;BOEING 737-800 WINGLETS;Lluvia;14/04/18
RYR9307;GRO;PIK;BOEING 737-800 WINGLETS;Lluvia;14/04/18
RYR6393;GRO;NRN;BOEING 737-800 WINGLETS;Lluvia;14/04/18
RYR3653;GRO;BRE;BOEING 737-800 WINGLETS;Lluvia;14/04/18
RYR9911;GRO;BOH;BOEING 737-800 WINGLETS;Lluvia;14/04/18
RYR9123;GRO;EIN;BOEING 737-800 WINGLETS;Lluvia;15/04/18
RYR7083;GRO;OMR;BOEING 737-800 WINGLETS;Lluvia;15/04/18
RYR9555;GRO;FMM;BOEING 737-800 WINGLETS;Lluvia;15/04/18
RYR6901;GRO;CRL;BOEING 737-800 WINGLETS;Lluvia;15/04/18
RYR9305;GRO;LPL;BOEING 737-800 WINGLETS;Lluvia;15/04/18
RYR9172;GRO;WRO;BOEING 737-800 WINGLETS;Lluvia;15/04/18
RYR4125;GRO;HHN;BOEING 737-800 WINGLETS;Lluvia;15/04/18
RYR7037;GRO;DUB;BOEING 737-800 WINGLETS;Lluvia;15/04/18
RYR9364;GRO;PSR;BOEING 737-800 WINGLETS;Lluvia;15/04/18
RYR9241;GRO;PSA;BOEING 737-800 WINGLETS;Lluvia;15/04/18
RYR9803;GRO;STN;BOEING 737-800 WINGLETS;Lluvia;15/04/18
PBD832;GRO;VKO;BOEING 737-800 WINGLETS;Lluvia;15/04/18
RYR9211;GRO;FKB;BOEING 737-800 WINGLETS;Lluvia;15/04/18
IBE8660;MAH;VIT;BOMBARDIER CRJ-1000;Lluvia moderada;14/04/18
VLG2433;MAH;SVQ;AIRBUS A320;Lluvia moderada;14/04/18
IBE8499;MAH;PMI;ATR-42/72;Lluvia moderada;14/04/18
EZY8304;MAH;LGW;AIRBUS A319;Lluvia moderada;14/04/18
AEA4530;MAH;PMI;ATR-72;Lluvia moderada;14/04/18
RYR6882;MAH;BCN;BOEING 737-800 WINGLETS;Lluvia moderada;14/04/18
IBE8493;MAH;PMI;BOMBARDIER CRJ-1000;Lluvia moderada;14/04/18
VLG3709;MAH;BCN;32A;Lluvia moderada;14/04/18
HOP9615;MAH;LYS;BOMBARDIER CRJ-1000;Lluvia moderada;14/04/18
VLG3701;MAH;BCN;32A;Lluvia moderada;14/04/18
VLG8191;MAH;ORY;32B;Lluvia moderada;14/04/18
IBE8487;MAH;PMI;ATR-42/72;Lluvia moderada;14/04/18
VLG3719;MAH;BCN;AIRBUS A321;Lluvia moderada;14/04/18
IBE8481;MAH;PMI;BOMBARDIER CRJ-1000;Lluvia moderada;15/04/18
IBE8951;MAH;MAD;BOMBARDIER CRJ-1000;Lluvia moderada;15/04/18
AAL8615;MAH;MAD;BOMBARDIER CRJ-1000;Lluvia moderada;15/04/18
IBE8495;MAH;PMI;ATR-72;Lluvia moderada;15/04/18
VLG3713;MAH;BCN;AIRBUS A320;Lluvia moderada;15/04/18
AEA2057;BCN;MAD;AIRBUS A330-200;Lluvia;14/04/18
AEA7158;BIO;MAD;EMBRAER ERJ-195;Nubosidad variable;14/04/18
EZY8704;TFS;LGW;32A;Despejado;14/04/18
DTR603;TFS;AAR;AIRBUS A320;Despejado;14/04/18
TCX1295;TFS;GLA;32B;Despejado;14/04/18
JTG712;TFS;JKG;BOEING 737-700 WINGLETS;Despejado;14/04/18
JTG320;TFS;CPH;BOEING 737-800 WINGLETS;Despejado;14/04/18
JTG508;TFS;BLL;BOEING 737-700 WINGLETS;Despejado;14/04/18
VLG3173;TFS;NTE;32A;Despejado;14/04/18
JTG916;TFS;HEL;BOEING 737-800 WINGLETS;Despejado;14/04/18
IBS3911;TFS;MAD;32A;Despejado;14/04/18
LLX5062;ACE;TFS;BOEING 737-400;Nubes altas;14/04/18
EXS634;TFS;EMA;BOEING 737-800 WINGLETS;Despejado;14/04/18
EXS728;TFS;EDI;BOEING 737-800 WINGLETS;Despejado;14/04/18
EXS918;TFS;MAN;BOEING 757-200  WINGLETS;Despejado;14/04/18
TCX1849;TFS;BFS;32B;Despejado;14/04/18
TCX1235;TFS;EMA;32B;Despejado;14/04/18
EXS156;TFS;GLA;BOEING 737-800 WINGLETS;Despejado;14/04/18
EXS224;TFS;LBA;BOEING 737-800 WINGLETS;Despejado;14/04/18
EXS518;TFS;NCL;BOEING 737-800 WINGLETS;Despejado;14/04/18
RYR2593;AGP;SDR;BOEING 737-800 WINGLETS;Despejado;14/04/18
RYR2214;VLC;SDR;BOEING 737-800 WINGLETS;Nubosidad variable;14/04/18
IBE0556;MAD;SDR;AIRBUS A319;Nubosidad variable;14/04/18
RYR6384;BCN;SDR;BOEING 737-800 WINGLETS;Lluvia;15/04/18
IBE0554;MAD;SDR;AIRBUS A319;Nubosidad variable;15/04/18
EZY8604;AGP;LGW;32A;Despejado;14/04/18
DLH1149;AGP;FRA;AIRBUS A321;Despejado;14/04/18
RYR2573;AGP;SCQ;BOEING 737-800 WINGLETS;Despejado;14/04/18
IBE8264;AGP;MLN;ATR-72;Despejado;14/04/18
IBE8809;AGP;MAD;BOMBARDIER CRJ-1000;Despejado;14/04/18
RYR6387;AGP;BCN;BOEING 737-800 WINGLETS;Despejado;14/04/18
VLG2990;AGP;MRS;AIRBUS A320;Despejado;14/04/18
RYR8146;AGP;IBZ;BOEING 737-800 WINGLETS;Despejado;14/04/18
VLG8172;AGP;ORY;AIRBUS A320;Despejado;14/04/18
AEA971;AGP;OUL;BOEING 737-800 WINGLETS;Despejado;14/04/18
BAW2715;AGP;LGW;AIRBUS A319;Despejado;14/04/18
JAF6516;AGP;ORY;BOEING 737-800 WINGLETS;Despejado;14/04/18
EXS558;AGP;NCL;BOEING 737-300;Despejado;14/04/18
IBK5122;AGP;HEL;BOEING 737-800 WINGLETS;Despejado;14/04/18
VLG2124;AGP;BCN;32B;Despejado;14/04/18
VOE2409;AGP;TLS;BOEING 717;Despejado;14/04/18
IBK5038;AGP;TRD;BOEING 737-800 WINGLETS;Despejado;14/04/18
VLG2986;AGP;BOD;AIRBUS A320;Despejado;14/04/18
VLG1241;ALC;CWL;AIRBUS A320;Nubosidad variable;14/04/18
EZY8664;ALC;LGW;32A;Nubosidad variable;14/04/18
RYR1308;ALC;BFS;BOEING 737-800 WINGLETS;Nubosidad variable;14/04/18
EZY6878;ALC;GLA;32A;Nubosidad variable;14/04/18
EZY6702;ALC;BFS;32A;Nubosidad variable;14/04/18
EZY7416;ALC;SEN;AIRBUS A319;Nubosidad variable;14/04/18
IBK5332;ALC;AES;BOEING 737-800 WINGLETS;Nubosidad variable;14/04/18
RYR7063;ALC;DUB;BOEING 737-800 WINGLETS;Nubosidad variable;14/04/18
BEL1574;ALC;BRU;AIRBUS A319;Nubosidad variable;14/04/18
AEA2673;ALC;BIO;BOEING 737-800 WINGLETS;Nubosidad variable;14/04/18
IBK2439;ALC;LGW;BOEING 737-800 WINGLETS;Nubosidad variable;14/04/18
SBI876;ALC;DME;AIRBUS A321;Nubosidad variable;14/04/18
RYR9069;ALC;TRF;BOEING 737-800 WINGLETS;Nubosidad variable;14/04/18
RYR9098;ALC;KUN;BOEING 737-800 WINGLETS;Nubosidad variable;14/04/18
VLG7748;ALC;LED;32A;Nubosidad variable;14/04/18
TAP1123;ALC;LIS;ATR-42/72;Nubosidad variable;14/04/18
IBK5322;ALC;OSL;BOEING 737-800 WINGLETS;Nubosidad variable;14/04/18
RYR8975;ALC;STN;BOEING 737-800 WINGLETS;Nubosidad variable;14/04/18
RYR9056;ALC;BRE;BOEING 737-800 WINGLETS;Nubosidad variable;14/04/18
IBK5338;ALC;TRD;BOEING 737-800 WINGLETS;Nubosidad variable;14/04/18
JAF6712;ALC;BRU;EMBRAER 190;Nubosidad variable;14/04/18
JAF6462;ALC;OST;EMBRAER 190;Nubosidad variable;14/04/18
EZY7944;ALC;AMS;32A;Nubosidad variable;14/04/18
VLG2286;BCN;XRY;BOEING 737-800 WINGLETS;Lluvia;14/04/18
IBE0404;MAD;XRY;AIRBUS A319;Nubosidad variable;14/04/18
RYR1283;BCN;XRY;BOEING 737-800 WINGLETS;Lluvia;14/04/18
IBE0406;MAD;XRY;AIRBUS A319;Nubosidad variable;14/04/18
IBE0410;MAD;XRY;AIRBUS A320;Nubosidad variable;15/04/18
VLG2286;BCN;XRY;AIRBUS A320;Lluvia;15/04/18
JAF6198;LPA;CRL;BOEING 737-800 WINGLETS;Nubes altas;14/04/18
RYR8133;LPA;STN;BOEING 737-800 WINGLETS;Nubes altas;14/04/18
JTG728;LPA;NRK;BOEING 737-800 WINGLETS;Nubes altas;14/04/18
TOM3645;LPA;ARN;BOEING 767-300 WINGLETS;Nubes altas;14/04/18
JTG766;LPA;UME;BOEING 737-700 WINGLETS;Nubes altas;14/04/18
BLX640;LPA;GOT;BOEING 737-800 WINGLETS;Nubes altas;14/04/18
GMI7811;LPA;BRE;AIRBUS A321;Nubes altas;14/04/18
BLX264;LPA;HEL;BOEING 737-800 WINGLETS;Nubes altas;14/04/18
CNF729;LPA;ACE;ATR-72;Nubes altas;14/04/18
VLG3069;LPA;AGP;AIRBUS A320;Nubes altas;14/04/18
IBB145;LPA;TFN;ATR-72;Nubes altas;14/04/18
DK1097;LPA;AAL;32B;Nubes altas;14/04/18
IBE8805;LPA;ALC;BOMBARDIER CRJ-1000;Nubes altas;14/04/18
BLX248;LPA;OSL;BOEING 737-800 WINGLETS;Nubes altas;14/04/18
BAW489;LPA;LHR;AIRBUS A320;Nubes altas;14/04/18
MYX862;LPA;CPH;AIRBUS A321;Nubes altas;14/04/18
IBB212;LPA;FUE;ATR-72;Nubes altas;14/04/18
BLX252;LPA;ARN;BOEING 737-800 WINGLETS;Nubes altas;14/04/18
DK1833;LPA;GOT;AIRBUS A330-300;Nubes altas;14/04/18
TAP1119;LPA;LIS;AIRBUS A319;Nubes altas;14/04/18
DK1743;LPA;ARN;AIRBUS A330-300;Nubes altas;14/04/18
IBS3823;LPA;MAD;AIRBUS A320;Nubes altas;14/04/18
IBB147;LPA;TFN;ATR-72;Nubes altas;14/04/18
IBE8634;VLC;PMI;CANADAIR CRJ-200;Nubosidad variable;14/04/18
IBE8981;VLC;MAD;BOMBARDIER CRJ-1000;Nubosidad variable;14/04/18
AAL8524;VLC;MAD;BOMBARDIER CRJ-1000;Nubosidad variable;14/04/18
AFL2503;VLC;SVO;32A;Nubosidad variable;14/04/18
RYR2214;VLC;SDR;BOEING 737-800 WINGLETS;Nubosidad variable;14/04/18
RYR1445;VLC;MXP;BOEING 737-800 WINGLETS;Nubosidad variable;14/04/18
SWR2143;VLC;ZRH;AIRBUS A321;Nubosidad variable;14/04/18
IBE8983;VLC;MAD;ATR-72;Nubosidad variable;14/04/18
TVF3175;VLC;ORY;BOEING 737-800 WINGLETS;Nubosidad variable;14/04/18
RYR1757;VLC;EMA;BOEING 737-800 WINGLETS;Nubosidad variable;14/04/18
TRA6332;VLC;AMS;BOEING 737-800 WINGLETS;Nubosidad variable;14/04/18
RYR6837;VLC;NAP;BOEING 737-800 WINGLETS;Nubosidad variable;14/04/18
AEA4014;VLC;PMI;ATR-72;Nubosidad variable;14/04/18
RYR7277;VLC;CPH;BOEING 737-800 WINGLETS;Nubosidad variable;14/04/18
KLM1504;VLC;AMS;BOEING 737-700 WINGLETS;Nubosidad variable;14/04/18
RAM969;VLC;CMN;ATR-72;Nubosidad variable;14/04/18
RYR2216;VLC;RAK;BOEING 737-800 WINGLETS;Nubosidad variable;14/04/18
IBE8985;VLC;MAD;BOMBARDIER CRJ-1000;Nubosidad variable;14/04/18
VLG3953;VLC;PMI;AIRBUS A320;Nubosidad variable;14/04/18
EZY8224;VLC;LGW;AIRBUS A319;Nubosidad variable;14/04/18
RYR1919;VLC;CRL;BOEING 737-800 WINGLETS;Nubosidad variable;14/04/18
UTN4452;BCN;KBP;BOEING 737-900 WINGLETS;Lluvia;14/04/18
EZY4418;BCN;LYS;AIRBUS A319;Lluvia;14/04/18
AAL743;BCN;PHL;AIRBUS A330-200;Lluvia;14/04/18
RYR2896;BCN;PMI;BOEING 737-800 WINGLETS;Lluvia;14/04/18
IBK5532;BCN;TRD;BOEING 737-800 WINGLETS;Lluvia;14/04/18
EZY6026;BCN;BRS;AIRBUS A320;Lluvia;14/04/18
THY1836;BCN;SAW;BOEING 737-800 WINGLETS;Lluvia;14/04/18
LOT438;BCN;WAW;BOEING 737-800 WINGLETS;Lluvia;14/04/18
RYR6973;BCN;FCO;BOEING 737-800 WINGLETS;Lluvia;14/04/18
VLG1872;BCN;CPH;32B;Lluvia;14/04/18
RYR9387;BCN;EMA;BOEING 737-800 WINGLETS;Lluvia;14/04/18
AUI992;BCN;KBP;BOEING 737-800 WINGLETS;Lluvia;14/04/18
RAM965;BCN;CMN;BOEING 737-800 WINGLETS;Lluvia;14/04/18
BAW485;BCN;LHR;AIRBUS A320;Lluvia;14/04/18
EZY2762;BCN;MXP;AIRBUS A319;Lluvia;14/04/18
DLH2657;BCN;MUC;32A;Lluvia;14/04/18
DLH1131;BCN;FRA;AIRBUS A321;Lluvia;14/04/18
VLG1524;BCN;RNS;AIRBUS A320;Lluvia;14/04/18
EVE1123;ALC;VGO;32A;Nubosidad variable;14/04/18
AEA7300;MAD;VGO;EMBRAER ERJ-195;Nubosidad variable;14/04/18
RYR245;BCN;VGO;BOEING 737-800 WINGLETS;Lluvia;14/04/18
AEA7306;MAD;VGO;EMBRAER ERJ-195;Nubosidad variable;14/04/18
IBE0538;MAD;VGO;AIRBUS A319;Nubosidad variable;14/04/18
AEA7308;MAD;VGO;EMBRAER ERJ-195;Nubosidad variable;15/04/18
IBE8642;MAD;GRX;CANADAIR CRJ-900;Nubosidad variable;14/04/18
VLG2014;BCN;GRX;AIRBUS A320;Lluvia;14/04/18
VLG2016;BCN;GRX;AIRBUS A320;Lluvia;14/04/18
IBE8648;MAD;GRX;BOMBARDIER CRJ-1000;Nubosidad variable;14/04/18
VLG2010;BCN;GRX;AIRBUS A321;Lluvia;15/04/18
IBE8640;MAD;GRX;BOMBARDIER CRJ-1000;Nubosidad variable;15/04/18
VLG2020;BCN;GRX;AIRBUS A320;Lluvia;15/04/18
AEA5201;PMI;GRX;EMBRAER ERJ-195;Lluvia moderada;15/04/18
VLG3933;PMI;GRX;AIRBUS A320;Lluvia moderada;15/04/18
IBE8646;MAD;GRX;BOMBARDIER CRJ-1000;Nubosidad variable;15/04/18
VLG1579;BCN;OVD;AIRBUS A320;Lluvia;14/04/18
VOE3591;PMI;OVD;BOEING 717;Lluvia moderada;14/04/18
IBS3612;TFN;OVD;AIRBUS A320;Despejado;14/04/18
IBS3980;MAD;OVD;AIRBUS A320;Nubosidad variable;14/04/18
IBE0480;MAD;OVD;32A;Nubosidad variable;14/04/18
VLG3138;ACE;OVD;AIRBUS A320;Nubes altas;14/04/18
VLG1573;BCN;OVD;AIRBUS A320;Lluvia;15/04/18
IBE8334;VLC;OVD;ATR-72;Nubosidad variable;15/04/18
IBE0488;MAD;OVD;AIRBUS A321;Nubosidad variable;15/04/18
IBE8333;PMI;OVD;CANADAIR CRJ-200;Despejado;17/04/18
VLG1579;BCN;OVD;AIRBUS A320;Lluvia;15/04/18
VOE3585;ALC;OVD;BOEING 717;Nubosidad variable;15/04/18
IBS3875;SCQ;MAD;AIRBUS A320;Nubosidad variable;14/04/18
SWR2553;SCQ;ZRH;AIRBUS A320;Nubosidad variable;14/04/18
RYR2574;SCQ;AGP;BOEING 737-800 WINGLETS;Nubosidad variable;14/04/18
RYR4478;SCQ;HHN;BOEING 737-800 WINGLETS;Nubosidad variable;14/04/18
EIN743;SCQ;DUB;AIRBUS A320;Nubosidad variable;14/04/18
DLH1111;SCQ;FRA;AIRBUS A320;Nubosidad variable;14/04/18
IBS3879;SCQ;MAD;AIRBUS A320;Nubosidad variable;14/04/18
VLG3137;SCQ;ACE;AIRBUS A320;Nubosidad variable;14/04/18
AEA7137;SCQ;LPA;BOEING 737-800 WINGLETS;Nubosidad variable;14/04/18
AEA2617;SCQ;VLC;BOEING 737-800 WINGLETS;Nubosidad variable;14/04/18
VLG1673;SCQ;BCN;32A;Nubosidad variable;14/04/18
RYR7004;SCQ;LPA;BOEING 737-800 WINGLETS;Nubosidad variable;14/04/18
IBE8367;SCQ;PMI;BOMBARDIER CRJ-1000;Nubosidad variable;14/04/18
RYR4579;SCQ;BGY;BOEING 737-800 WINGLETS;Nubosidad variable;15/04/18
VLG3247;SCQ;TFN;AIRBUS A320;Nubosidad variable;15/04/18
RYR7223;SCQ;VLC;BOEING 737-800 WINGLETS;Nubosidad variable;15/04/18
RYR6333;SCQ;BCN;BOEING 737-800 WINGLETS;Nubosidad variable;15/04/18
EZS1338;SCQ;GVA;AIRBUS A320;Nubosidad variable;15/04/18
IBS3877;SCQ;MAD;AIRBUS A321;Nubosidad variable;15/04/18
VLG3261;TFN;BIO;32A;Despejado;14/04/18
VLG2615;XRY;BIO;32A;Nubosidad variable;14/04/18
AEA7153;MAD;BIO;EMBRAER ERJ-195;Nubosidad variable;14/04/18
IBE8675;IBZ;BIO;BOMBARDIER CRJ-1000;Llovizna;14/04/18
AEA2673;ALC;BIO;BOEING 737-800 WINGLETS;Nubosidad variable;14/04/18
IBE8592;MAD;LEI;BOMBARDIER CRJ-1000;Nubosidad variable;14/04/18
IBE8594;MAD;LEI;BOMBARDIER CRJ-1000;Nubosidad variable;15/04/18
AEA2887;BCN;LEI;BOEING 737-800 WINGLETS;Lluvia;15/04/18
VLG1251;BCN;LEI;AIRBUS A320;Lluvia;15/04/18
IBE8598;MAD;LEI;CANADAIR CRJ-900;Nubosidad variable;15/04/18
AEA2633;ZAZ;LEI;BOEING 737-800 WINGLETS;Nubes altas;15/04/18
IBE8212;PMI;LEI;CANADAIR CRJ-200;Despejado;17/04/18
IBE8910;MAD;IBZ;BOMBARDIER CRJ-1000;Nubosidad variable;14/04/18
VLG3510;BCN;IBZ;32A;Lluvia;14/04/18
IBE8679;SCQ;IBZ;BOMBARDIER CRJ-1000;Nubosidad variable;14/04/18
AEA6025;MAD;IBZ;EMBRAER ERJ-195;Nubosidad variable;14/04/18
AEA1706;PMI;IBZ;ATR-72;Lluvia moderada;14/04/18
RYR8146;AGP;IBZ;BOEING 737-800 WINGLETS;Despejado;14/04/18
RYR8841;BCN;IBZ;BOEING 737-800 WINGLETS;Lluvia;14/04/18
VLG3971;LCG;PMI;32A;Nubosidad variable;14/04/18
RYR2896;BCN;PMI;BOEING 737-800 WINGLETS;Lluvia;14/04/18
AEA5200;GRX;PMI;EMBRAER ERJ-195;Nubosidad variable;14/04/18
IBE8482;PMI;MAH;BOMBARDIER CRJ-1000;Despejado;17/04/18
VLG2432;SVQ;MAH;AIRBUS A320;Nubes altas;14/04/18
IBE8498;PMI;MAH;ATR-42/72;Despejado;17/04/18
IBE8661;VIT;MAH;BOMBARDIER CRJ-1000;Abertura de claros;14/04/18
AEA4531;PMI;MAH;ATR-72;Lluvia moderada;14/04/18
RYR6881;BCN;MAH;BOEING 737-800 WINGLETS;Lluvia;14/04/18
VLG3716;BCN;MAH;32A;Lluvia;14/04/18
VLG3700;BCN;MAH;32A;Lluvia;14/04/18
IBE8492;PMI;MAH;ATR-42/72;Despejado;17/04/18
IBE8496;PMI;MAH;BOMBARDIER CRJ-1000;Despejado;17/04/18
VLG3718;BCN;MAH;AIRBUS A321;Lluvia;14/04/18
IBE8954;MAD;MAH;BOMBARDIER CRJ-1000;Nubosidad variable;14/04/18
QTR6553;MAH;MAD;BOMBARDIER CRJ-1000;Lluvia moderada;14/04/18
IBE8494;PMI;MAH;ATR-72;Despejado;17/04/18
IBB508;LPA;ACE;ATR-72;Nubes altas;14/04/18
IBS3856;MAD;ACE;AIRBUS A320;Nubosidad variable;14/04/18
VLG3140;AGP;ACE;AIRBUS A320;Despejado;14/04/18
IBB454;TFN;ACE;ATR-42/72;Despejado;14/04/18
CNF729;LPA;ACE;ATR-72;Nubes altas;14/04/18
AEA7116;SCQ;ACE;BOEING 737-800 WINGLETS;Nubosidad variable;14/04/18
VLG2472;BCN;ACE;32B;Lluvia;14/04/18
IBB522;LPA;ACE;ATR-72;Nubes altas;14/04/18
IBB621;TFN;SPC;ATR-42/72;Despejado;14/04/18
IBS3842;MAD;SPC;AIRBUS A320;Nubosidad variable;14/04/18
CNF452;TFN;SPC;ATR-72;Despejado;14/04/18
IBB631;TFN;SPC;ATR-42/72;Despejado;14/04/18
VLG3248;BCN;SPC;AIRBUS A320;Lluvia;14/04/18
AEA9465;TFN;SPC;ATR-72;Despejado;14/04/18
IBB623;TFN;SPC;ATR-42/72;Despejado;14/04/18
AEA9479;TFN;SPC;ATR-72;Despejado;14/04/18
IBB315;LPA;SPC;ATR-72;Nubes altas;14/04/18
IBB637;TFN;SPC;ATR-42/72;Despejado;14/04/18
IBB639;TFN;SPC;ATR-72;Despejado;14/04/18
CNF467;TFN;SPC;ATR-72;Despejado;14/04/18
AEA9467;TFN;SPC;ATR-72;Despejado;14/04/18
IBB627;TFN;SPC;ATR-42/72;Despejado;14/04/18
IBB317;LPA;SPC;ATR-72;Nubes altas;14/04/18
IBB605;TFN;SPC;ATR-72;Despejado;15/04/18
IBB309;LPA;SPC;ATR-72;Nubes altas;15/04/18
CNF412;TFN;SPC;ATR-72;Despejado;15/04/18
IBB607;TFN;SPC;ATR-72;Despejado;15/04/18
IBE8974;MAD;VLC;BOMBARDIER CRJ-1000;Nubosidad variable;14/04/18
RYR7217;IBZ;VLC;BOEING 737-800 WINGLETS;Llovizna;14/04/18
AEA4065;MAD;VLC;ATR-72;Nubosidad variable;14/04/18
IBE8633;PMI;VLC;CANADAIR CRJ-200;Despejado;17/04/18
IBE8099;TFN;VLC;BOMBARDIER CRJ-1000;Despejado;14/04/18
IBS3910;MAD;TFS;32A;Nubosidad variable;14/04/18
LLX5062;ACE;TFS;BOEING 737-400;Nubes altas;14/04/18
IBS3906;MAD;FUE;AIRBUS A321;Nubosidad variable;14/04/18
IBB416;TFN;FUE;ATR-42/72;Despejado;14/04/18
IBE2249;TFN;FUE;ATR-42/72;Despejado;17/04/18
IBB212;LPA;FUE;ATR-72;Nubes altas;14/04/18
IBB222;LPA;FUE;ATR-72;Nubes altas;14/04/18
AEA2674;BIO;ALC;BOEING 737-800 WINGLETS;Nubosidad variable;14/04/18
VLG3937;PMI;ALC;AIRBUS A320;Lluvia moderada;14/04/18
VLG2021;GRX;BCN;AIRBUS A320;Nubosidad variable;14/04/18
RYR3064;TFN;BCN;BOEING 737-800 WINGLETS;Despejado;14/04/18
VLG2125;BCN;AGP;32B;Lluvia;14/04/18
RYR5273;PMI;SVQ;BOEING 737-800 WINGLETS;Lluvia moderada;14/04/18
RYR2036;VIT;SVQ;BOEING 737-800 WINGLETS;Abertura de claros;14/04/18
VLG2210;BCN;SVQ;32A;Lluvia;14/04/18
VLG2510;BIO;SVQ;AIRBUS A320;Nubosidad variable;14/04/18
IBS9526;PMI;SVQ;AIRBUS A320;Lluvia moderada;14/04/18
VLG2433;MAH;SVQ;AIRBUS A320;Lluvia moderada;14/04/18
IBS3952;MAD;SVQ;AIRBUS A320;Nubosidad variable;14/04/18
VLG3255;TFN;SVQ;AIRBUS A320;Despejado;14/04/18
EVE1101;ALC;SVQ;32A;Nubosidad variable;14/04/18
VLG2425;IBZ;SVQ;AIRBUS A320;Llovizna;14/04/18
IBE8804;ALC;LPA;BOMBARDIER CRJ-1000;Despejado;17/04/18
IBB132;TFN;LPA;ATR-42/72;Despejado;14/04/18
AEA9448;ACE;LPA;ATR-72;Nubes altas;14/04/18
AEA9402;TFN;LPA;ATR-72;Despejado;14/04/18
IBB207;FUE;LPA;ATR-72;Nubes altas;14/04/18
IBS3822;MAD;LPA;32A;Nubosidad variable;14/04/18
CNF722;ACE;LPA;ATR-72;Nubes altas;14/04/18
IBB513;ACE;LPA;ATR-42/72;Nubes altas;14/04/18
IBS3830;MAD;LPA;AIRBUS A321;Nubosidad variable;14/04/18
RYR2573;AGP;SCQ;BOEING 737-800 WINGLETS;Despejado;14/04/18
RYR723;PMI;SCQ;BOEING 737-800 WINGLETS;Lluvia moderada;14/04/18
IBS3878;MAD;SCQ;AIRBUS A320;Nubosidad variable;14/04/18
AEA7117;ACE;SCQ;BOEING 737-800 WINGLETS;Nubes altas;14/04/18
AEA2618;VLC;SCQ;BOEING 737-800 WINGLETS;Nubosidad variable;14/04/18
VLG1672;BCN;SCQ;32A;Lluvia;14/04/18
RYR7003;LPA;SCQ;BOEING 737-800 WINGLETS;Nubes altas;14/04/18
IBE8205;TFN;SCQ;BOMBARDIER CRJ-1000;Despejado;14/04/18
VLG3136;ACE;SCQ;AIRBUS A320;Nubes altas;14/04/18
RYR7222;VLC;SCQ;BOEING 737-800 WINGLETS;Nubosidad variable;15/04/18
RYR6332;BCN;SCQ;BOEING 737-800 WINGLETS;Lluvia;15/04/18
IBS3876;MAD;SCQ;AIRBUS A321;Nubosidad variable;15/04/18
IBE8356;BIO;SCQ;CANADAIR CRJ-200;Nubosidad variable;15/04/18
IBE8331;BJZ;MAD;CANADAIR CRJ-200;Nubosidad variable;15/04/18
IBE8661;VIT;MAH;BOMBARDIER CRJ-1000;Abertura de claros;14/04/18
IBB652;GMZ;TFN;ATR-42/72;Nubes altas;14/04/18
IBB650;GMZ;TFN;ATR-72;Nubes altas;15/04/18
IBE8660;MAH;VIT;BOMBARDIER CRJ-1000;Lluvia moderada;14/04/18
IBE8525;PNA;MAD;CANADAIR CRJ-200;Nubosidad variable;14/04/18
IBE8529;PNA;MAD;BOMBARDIER CRJ-1000;Nubosidad variable;15/04/18
DLH1119;PNA;FRA;AIRBUS A320;Nubosidad variable;15/04/18
IBE8330;MAD;BJZ;CANADAIR CRJ-200;Nubosidad variable;15/04/18
IBE8312;BCN;BJZ;BOMBARDIER CRJ-1000;Despejado;17/04/18
RYR6321;VLL;BCN;BOEING 737-800 WINGLETS;Nubosidad variable;14/04/18
IBS9530;VLL;PMI;AIRBUS A320;Nubosidad variable;15/04/18
RYR2200;VLL;SVQ;BOEING 737-800 WINGLETS;Nubosidad variable;15/04/18
IBE8524;MAD;PNA;CANADAIR CRJ-200;Nubosidad variable;14/04/18
IBE8526;MAD;PNA;BOMBARDIER CRJ-1000;Nubosidad variable;14/04/18
RYR1865;REU;SNN;BOEING 737-800 WINGLETS;Lluvia;14/04/18
RYR3843;REU;STN;BOEING 737-800 WINGLETS;Lluvia;14/04/18
RYR2829;REU;CRL;BOEING 737-800 WINGLETS;Lluvia;14/04/18
RYR1115;REU;DUB;BOEING 737-800 WINGLETS;Lluvia;15/04/18
RYR9825;REU;LPL;BOEING 737-800 WINGLETS;Lluvia;15/04/18
RYR9827;REU;HHN;BOEING 737-800 WINGLETS;Lluvia;15/04/18
IBE8329;EAS;MAD;ATR-72;Nubosidad variable;14/04/18
VLG2489;EAS;BCN;AIRBUS A319;Nubosidad variable;14/04/18
IBE8317;EAS;MAD;ATR-72;Nubosidad variable;15/04/18
VLG2487;EAS;BCN;AIRBUS A319;Nubosidad variable;15/04/18
IBE8319;EAS;MAD;ATR-72;Nubosidad variable;15/04/18
IBB653;TFN;GMZ;ATR-42/72;Despejado;14/04/18
IBB651;TFN;GMZ;ATR-72;Despejado;15/04/18
IBB664;VDE;TFN;ATR-42/72;Despejado;14/04/18
IBB366;VDE;LPA;ATR-72;Despejado;14/04/18
IBS2247;VDE;TFN;ATR-72;Despejado;14/04/18
CNF248;VDE;TFN;ATR-42/72;Despejado;14/04/18
IBB674;VDE;TFN;ATR-42/72;Despejado;14/04/18
IBB656;VDE;TFN;ATR-72;Despejado;15/04/18
IBB662;VDE;TFN;ATR-72;Despejado;15/04/18
WZZ3192;ZAZ;OTP;AIRBUS A320;Nubes altas;14/04/18
AEA4032;ZAZ;PMI;EMBRAER ERJ-195;Nubes altas;14/04/18
WZZ3418;ZAZ;CLJ;AIRBUS A320;Nubes altas;14/04/18
RYR2635;ZAZ;STN;BOEING 737-800 WINGLETS;Nubes altas;14/04/18
RYR4634;ZAZ;BGY;BOEING 737-800 WINGLETS;Nubes altas;15/04/18
EVE1606;ZAZ;SVQ;AIRBUS A320;Nubes altas;15/04/18
AEA2633;ZAZ;LEI;BOEING 737-800 WINGLETS;Nubes altas;15/04/18
RYR6320;BCN;VLL;BOEING 737-800 WINGLETS;Lluvia;14/04/18
IBS9528;PMI;VLL;AIRBUS A320;Lluvia moderada;15/04/18
RYR2199;SVQ;VLL;BOEING 737-800 WINGLETS;Nubes altas;15/04/18
IBE8269;MLN;AGP;ATR-72;Despejado;14/04/18
IBE8793;MLN;MAD;ATR-72;Despejado;14/04/18
IBE8271;MLN;AGP;ATR-72;Despejado;14/04/18
IBE8261;MLN;AGP;ATR-72;Despejado;15/04/18
IBE8789;MLN;MAD;ATR-72;Despejado;15/04/18
IBE8791;MLN;MAD;ATR-72;Despejado;15/04/18
IBE8263;MLN;AGP;ATR-72;Despejado;15/04/18
IBE8793;MLN;MAD;ATR-72;Despejado;15/04/18
IBE8269;MLN;AGP;ATR-72;Despejado;15/04/18
EVE1124;VGO;ALC;32A;Nubosidad variable;14/04/18
TAP1141;VGO;LIS;ATR-42/72;Nubosidad variable;14/04/18
AEA7317;VGO;MAD;EMBRAER ERJ-195;Nubosidad variable;14/04/18
RYR246;VGO;BCN;BOEING 737-800 WINGLETS;Nubosidad variable;14/04/18
AEA7319;VGO;MAD;EMBRAER ERJ-195;Nubosidad variable;14/04/18
AEA7311;VGO;MAD;EMBRAER ERJ-195;Nubosidad variable;15/04/18
IBE0531;VGO;MAD;AIRBUS A319;Nubosidad variable;15/04/18
RYR242;VGO;DUB;BOEING 737-800 WINGLETS;Nubosidad variable;15/04/18
RYR7132;VGO;BGY;BOEING 737-800 WINGLETS;Nubosidad variable;15/04/18
AEA7315;VGO;MAD;EMBRAER ERJ-195;Nubosidad variable;15/04/18
IBE6341;MAD;SAL;AIRBUS A330-200;Nubosidad variable;14/04/18
AVA047;MAD;BOG;BOEING 787-8;Nubosidad variable;14/04/18
ETD2604;MAD;MDE;AIRBUS A330-200;Nubosidad variable;14/04/18
THY8471;MAD;MDE;AIRBUS A330-200;Nubosidad variable;14/04/18
AVA017;MAD;MDE;AIRBUS A330-300;Nubosidad variable;14/04/18
IBS3828;MAD;LPA;AIRBUS A320;Nubosidad variable;14/04/18
AEA1029;MAD;ORY;BOEING 737-800 WINGLETS;Nubosidad variable;14/04/18
AFL2603;MAD;SVO;AIRBUS A321;Nubosidad variable;14/04/18
AEA7235;MAD;LCG;EMBRAER ERJ-195;Nubosidad variable;14/04/18
AEA7235;MAD;LCG;EMBRAER ERJ-195;Nubosidad variable;14/04/18
VLG3970;PMI;LCG;32A;Lluvia moderada;14/04/18
AEA7237;MAD;LCG;EMBRAER ERJ-195;Nubosidad variable;14/04/18
IBE0522;MAD;LCG;AIRBUS A320;Nubosidad variable;14/04/18
VLG1290;BCN;LCG;AIRBUS A320;Lluvia;14/04/18
VLG1294;BCN;LCG;AIRBUS A320;Lluvia;15/04/18
RYR4793;SDR;BGY;BOEING 737-800 WINGLETS;Despejado;14/04/18
RYR2594;SDR;AGP;BOEING 737-800 WINGLETS;Despejado;14/04/18
RYR2215;SDR;VLC;BOEING 737-800 WINGLETS;Despejado;14/04/18
IBE0557;SDR;MAD;AIRBUS A319;Despejado;14/04/18
RYR1573;SDR;SXF;BOEING 737-800 WINGLETS;Despejado;14/04/18
RYR7617;SDR;EDI;BOEING 737-800 WINGLETS;Despejado;15/04/18
RYR6385;SDR;BCN;BOEING 737-800 WINGLETS;Despejado;15/04/18
IBE0555;SDR;MAD;AIRBUS A319;Despejado;15/04/18
RYR9156;SDR;CIA;BOEING 737-800 WINGLETS;Despejado;15/04/18
RYR4117;MJV;MAN;BOEING 737-800 WINGLETS;Abertura de claros;14/04/18
NAX1703;MJV;OSL;BOEING 737-800 WINGLETS;Abertura de claros;14/04/18
RYR3453;MJV;LTN;BOEING 737-800 WINGLETS;Abertura de claros;14/04/18
EZY7426;MJV;SEN;AIRBUS A319;Abertura de claros;14/04/18
BAW449;MJV;LHR;32A;Abertura de claros;14/04/18
RYR8027;MJV;STN;BOEING 737-800 WINGLETS;Abertura de claros;14/04/18
EZY8554;MJV;LGW;32A;Abertura de claros;14/04/18
RYR7095;MJV;DUB;BOEING 737-800 WINGLETS;Abertura de claros;14/04/18
EZY8550;MJV;LGW;AIRBUS A319;Abertura de claros;15/04/18
EZY6014;MJV;BRS;AIRBUS A320;Abertura de claros;15/04/18
RYR1925;MJV;EMA;BOEING 737-800 WINGLETS;Abertura de claros;15/04/18
RYR4253;MJV;FRA;BOEING 737-800 WINGLETS;Abertura de claros;15/04/18
IBE8322;MAD;EAS;ATR-72;Nubosidad variable;14/04/18
VLG2488;BCN;EAS;AIRBUS A319;Lluvia;14/04/18
IBE8324;MAD;EAS;ATR-72;Nubosidad variable;14/04/18
VLG2486;BCN;EAS;AIRBUS A319;Lluvia;15/04/18
IBE8316;MAD;EAS;ATR-72;Nubosidad variable;15/04/18
IBE0405;XRY;MAD;AIRBUS A319;Nubosidad variable;14/04/18
RYR1284;XRY;BCN;BOEING 737-800 WINGLETS;Nubosidad variable;14/04/18
IBE0407;XRY;MAD;AIRBUS A320;Nubosidad variable;15/04/18
EWG575;XRY;CGN;AIRBUS A319;Nubosidad variable;15/04/18
JAF7922;XRY;BRU;EMBRAER 190;Nubosidad variable;15/04/18
EWG9571;XRY;DUS;32A;Nubosidad variable;15/04/18
RYR8397;XRY;STN;BOEING 737-800 WINGLETS;Nubosidad variable;15/04/18
IBE0411;XRY;MAD;AIRBUS A320;Nubosidad variable;15/04/18
VLG2287;XRY;BCN;AIRBUS A320;Nubosidad variable;15/04/18
VLG3139;OVD;ACE;AIRBUS A320;Nubosidad variable;14/04/18
IBS3613;OVD;TFN;AIRBUS A320;Nubosidad variable;14/04/18
IBS3610;OVD;LHR;AIRBUS A320;Nubosidad variable;14/04/18
TAP1113;OVD;LIS;ATR-42/72;Nubosidad variable;14/04/18
VLG1572;OVD;BCN;AIRBUS A320;Nubosidad variable;15/04/18
VOE3584;OVD;ALC;BOEING 717;Nubosidad variable;15/04/18
IBS3981;OVD;MAD;AIRBUS A320;Nubosidad variable;15/04/18
VLG1574;OVD;BCN;AIRBUS A320;Nubosidad variable;15/04/18
IBE0479;OVD;MAD;32A;Nubosidad variable;15/04/18
EZY3084;OVD;STN;AIRBUS A319;Nubosidad variable;15/04/18
IBE8335;OVD;VLC;ATR-72;Nubosidad variable;15/04/18
IBE0475;OVD;MAD;AIRBUS A321;Nubosidad variable;15/04/18
IBE8332;OVD;PMI;CANADAIR CRJ-200;Nubosidad variable;15/04/18
VLG3865;OVD;PMI;AIRBUS A320;Nubosidad variable;15/04/18
VOE3925;OVD;AGP;BOEING 717;Nubosidad variable;15/04/18
AEA4033;PMI;ZAZ;EMBRAER ERJ-195;Lluvia moderada;14/04/18
EVE1605;SVQ;ZAZ;32A;Nubes altas;15/04/18
AEA2634;LEI;ZAZ;BOEING 737-800 WINGLETS;Despejado;15/04/18
IBB663;TFN;VDE;ATR-42/72;Despejado;14/04/18
IBB365;LPA;VDE;ATR-72;Nubes altas;14/04/18
IBS2218;TFN;VDE;ATR-72;Despejado;17/04/18
CNF247;TFN;VDE;ATR-42/72;Despejado;14/04/18
IBB673;TFN;VDE;ATR-42/72;Despejado;14/04/18
IBB655;TFN;VDE;ATR-72;Despejado;15/04/18
IBB659;TFN;VDE;ATR-72;Despejado;15/04/18
BEL3714;BIO;BRU;AIRBUS A319;Nubosidad variable;14/04/18
DLH1143;BIO;FRA;32A;Nubosidad variable;14/04/18
LAV5548;BIO;TFN;BOEING 737-400;Nubosidad variable;14/04/18
VLG3284;BIO;FUE;32A;Nubosidad variable;14/04/18
DLH1893;BIO;MUC;AIRBUS A319;Nubosidad variable;14/04/18
VLG1435;BIO;BCN;AIRBUS A320;Nubosidad variable;14/04/18
VLG3274;BIO;LPA;32A;Nubosidad variable;14/04/18
IBE8674;BIO;IBZ;BOMBARDIER CRJ-1000;Nubosidad variable;14/04/18
AEA7154;BIO;MAD;EMBRAER ERJ-195;Nubosidad variable;14/04/18
EZY3226;BIO;STN;AIRBUS A319;Nubosidad variable;14/04/18
THY1318;BIO;IST;AIRBUS A319;Nubosidad variable;14/04/18
EIN749;BIO;DUB;AIRBUS A320;Nubosidad variable;14/04/18
AEA2660;BIO;BCN;BOEING 737-800 WINGLETS;Nubosidad variable;14/04/18
KLM1688;BIO;AMS;BOEING 737-700 WINGLETS;Nubosidad variable;14/04/18
VLG1427;BIO;BCN;AIRBUS A320;Nubosidad variable;14/04/18
LLX5062;ACE;TFS;AIRBUS A321;Nubes altas;14/04/18
IBB513;ACE;LPA;ATR-42/72;Nubes altas;14/04/18
IBS3857;ACE;MAD;AIRBUS A320;Nubes altas;14/04/18
SXD2832;ACE;DUS;BOEING 737-800 WINGLETS;Nubes altas;14/04/18
VLG3141;ACE;AGP;AIRBUS A320;Nubes altas;14/04/18
CNF730;ACE;LPA;ATR-42/72;Nubes altas;14/04/18
JAF6834;ACE;BRU;BOEING 737-800 WINGLETS;Nubes altas;14/04/18
IBB455;ACE;TFN;ATR-42/72;Nubes altas;14/04/18
ENT5346;ACE;WRO;BOEING 737-800 WINGLETS;Nubes altas;14/04/18
AEA7117;ACE;SCQ;BOEING 737-800 WINGLETS;Nubes altas;14/04/18
EXS310;ACE;BFS;BOEING 737-800 WINGLETS;Nubes altas;14/04/18
EXS218;ACE;LBA;BOEING 737-800 WINGLETS;Nubes altas;14/04/18
VLG2473;ACE;BCN;32B;Nubes altas;14/04/18
VLG3286;ACE;ZRH;32A;Nubes altas;14/04/18
IBB519;ACE;LPA;ATR-42/72;Nubes altas;14/04/18
IBE8577;LEI;MAD;CANADAIR CRJ-200;Despejado;14/04/18
IBE8601;LEI;MAD;BOMBARDIER CRJ-1000;Despejado;14/04/18
BAW421;LEI;LHR;AIRBUS A320;Despejado;14/04/18
TRA5644;LEI;RTM;BOEING 737-700 WINGLETS;Despejado;14/04/18
RYR7319;LEI;DUB;BOEING 737-800 WINGLETS;Despejado;14/04/18
BEL3776;LEI;BRU;AIRBUS A320;Despejado;15/04/18
EZY8164;LEI;LGW;AIRBUS A319;Despejado;15/04/18
IBE8595;LEI;MAD;BOMBARDIER CRJ-1000;Despejado;15/04/18
AEA2634;LEI;ZAZ;BOEING 737-800 WINGLETS;Despejado;15/04/18
IBE8213;LEI;PMI;CANADAIR CRJ-200;Despejado;15/04/18
VLG1252;LEI;BCN;AIRBUS A320;Despejado;15/04/18
IBE8577;LEI;MAD;CANADAIR CRJ-900;Despejado;15/04/18
AEA2888;LEI;BCN;BOEING 737-800 WINGLETS;Despejado;15/04/18
IBE8264;AGP;MLN;ATR-72;Despejado;14/04/18
IBE8270;AGP;MLN;ATR-72;Despejado;14/04/18
IBE8798;MAD;MLN;ATR-72;Nubosidad variable;14/04/18
IBE8272;AGP;MLN;ATR-72;Despejado;14/04/18
IBE8262;AGP;MLN;ATR-72;Despejado;15/04/18
IBE8792;MAD;MLN;ATR-72;Nubosidad variable;15/04/18
IBE8790;MAD;MLN;ATR-72;Nubosidad variable;15/04/18
IBE8264;AGP;MLN;ATR-72;Despejado;15/04/18
IBE8645;GRX;MAD;BOMBARDIER CRJ-1000;Nubosidad variable;14/04/18
IBE8649;GRX;MAD;CANADAIR CRJ-900;Nubosidad variable;14/04/18
VLG2015;GRX;BCN;AIRBUS A320;Nubosidad variable;14/04/18
VLG8727;GRX;CDG;AIRBUS A320;Nubosidad variable;14/04/18
EZY8172;GRX;LGW;AIRBUS A319;Nubosidad variable;14/04/18
VLG2017;GRX;BCN;AIRBUS A320;Nubosidad variable;14/04/18
IBE8639;GRX;MAD;BOMBARDIER CRJ-1000;Nubosidad variable;15/04/18
VLG2011;GRX;BCN;AIRBUS A320;Nubosidad variable;15/04/18
IBE8641;GRX;MAD;BOMBARDIER CRJ-1000;Nubosidad variable;15/04/18
EZY2676;GRX;MXP;AIRBUS A319;Nubosidad variable;15/04/18
VLG2021;GRX;BCN;AIRBUS A320;Nubosidad variable;15/04/18
AEA5200;GRX;PMI;EMBRAER ERJ-195;Nubosidad variable;15/04/18
VLG3932;GRX;PMI;AIRBUS A320;Nubosidad variable;15/04/18
IBE8645;GRX;MAD;BOMBARDIER CRJ-1000;Nubosidad variable;15/04/18
ENT513;GRX;ARN;BOEING 737-800 WINGLETS;Nubosidad variable;15/04/18
RYR7217;IBZ;VLC;BOEING 737-800 WINGLETS;Llovizna;14/04/18
AEA4065;MAD;VLC;ATR-72;Nubosidad variable;14/04/18
IBE8633;PMI;VLC;CANADAIR CRJ-200;Despejado;17/04/18
IBE8099;TFN;VLC;BOMBARDIER CRJ-1000;Despejado;14/04/18
RYR2215;SDR;VLC;BOEING 737-800 WINGLETS;Despejado;14/04/18
IBE8972;MAD;VLC;BOMBARDIER CRJ-1000;Nubosidad variable;14/04/18
IBE8911;IBZ;MAD;BOMBARDIER CRJ-1000;Llovizna;14/04/18
VLG3511;IBZ;BCN;32A;Llovizna;14/04/18
IBE8675;IBZ;BIO;BOMBARDIER CRJ-1000;Llovizna;14/04/18
IBE8115;IBZ;PMI;BOMBARDIER CRJ-1000;Llovizna;14/04/18
RYR2627;IBZ;MAN;BOEING 737-800 WINGLETS;Llovizna;14/04/18
RYR6432;IBZ;LPL;BOEING 737-800 WINGLETS;Llovizna;14/04/18
AEA6024;IBZ;MAD;EMBRAER ERJ-195;Llovizna;14/04/18
RYR6702;IBZ;BLQ;BOEING 737-800 WINGLETS;Llovizna;14/04/18
AEA1707;IBZ;PMI;ATR-72;Llovizna;14/04/18
ANE2193;IBZ;BRU;BOMBARDIER CRJ-1000;Llovizna;14/04/18
BAW453;IBZ;LHR;AIRBUS A321;Llovizna;14/04/18
RYR8147;IBZ;AGP;BOEING 737-800 WINGLETS;Llovizna;14/04/18
DLH1819;IBZ;MUC;AIRBUS A320;Llovizna;14/04/18
LAV5302;IBZ;MXP;BOEING 737-800 WINGLETS;Llovizna;14/04/18
TRA5690;IBZ;RTM;BOEING 737-800 WINGLETS;Llovizna;14/04/18
JAF9520;IBZ;FRA;BOEING 737-800 WINGLETS;Llovizna;14/04/18
KLM1498;IBZ;AMS;BOEING 737-700 WINGLETS;Llovizna;14/04/18
EZY8664;ALC;LGW;32A;Nubosidad variable;14/04/18
RYR1308;ALC;BFS;BOEING 737-800 WINGLETS;Nubosidad variable;14/04/18
EZY6878;ALC;GLA;32A;Nubosidad variable;14/04/18
EZY6702;ALC;BFS;32A;Nubosidad variable;14/04/18
EZY7416;ALC;SEN;AIRBUS A319;Nubosidad variable;14/04/18
IBK5332;ALC;AES;BOEING 737-800 WINGLETS;Nubosidad variable;14/04/18
RYR7063;ALC;DUB;BOEING 737-800 WINGLETS;Nubosidad variable;14/04/18
BEL1574;ALC;BRU;AIRBUS A319;Nubosidad variable;14/04/18
IBK2439;ALC;LGW;BOEING 737-800 WINGLETS;Nubosidad variable;14/04/18
SBI876;ALC;DME;AIRBUS A321;Nubosidad variable;14/04/18
RYR9098;ALC;KUN;BOEING 737-800 WINGLETS;Nubosidad variable;14/04/18
RYR9069;ALC;TRF;BOEING 737-800 WINGLETS;Nubosidad variable;14/04/18
VLG7748;ALC;LED;32A;Nubosidad variable;14/04/18
TAP1123;ALC;LIS;ATR-42/72;Nubosidad variable;14/04/18
IBK5322;ALC;OSL;BOEING 737-800 WINGLETS;Nubosidad variable;14/04/18
RYR8975;ALC;STN;BOEING 737-800 WINGLETS;Nubosidad variable;14/04/18
IBK5338;ALC;TRD;BOEING 737-800 WINGLETS;Nubosidad variable;14/04/18
RYR9056;ALC;BRE;BOEING 737-800 WINGLETS;Nubosidad variable;14/04/18
JAF6712;ALC;BRU;EMBRAER 190;Nubosidad variable;14/04/18
JAF6462;ALC;OST;EMBRAER 190;Nubosidad variable;14/04/18
EZY7944;ALC;AMS;32A;Nubosidad variable;14/04/18
RYR9052;ALC;CRL;BOEING 737-800 WINGLETS;Nubosidad variable;14/04/18
AFL2523;ALC;SVO;BOEING 737-800 WINGLETS;Nubosidad variable;14/04/18
IBE8660;MAH;VIT;BOMBARDIER CRJ-1000;Lluvia moderada;14/04/18
VLG2433;MAH;SVQ;AIRBUS A320;Lluvia moderada;14/04/18
IBE8499;MAH;PMI;ATR-42/72;Lluvia moderada;14/04/18
EZY8304;MAH;LGW;AIRBUS A319;Lluvia moderada;14/04/18
AEA4530;MAH;PMI;ATR-72;Lluvia moderada;14/04/18
RYR6882;MAH;BCN;BOEING 737-800 WINGLETS;Lluvia moderada;14/04/18
IBE8493;MAH;PMI;BOMBARDIER CRJ-1000;Lluvia moderada;14/04/18
VLG3709;MAH;BCN;32A;Lluvia moderada;14/04/18
HOP9615;MAH;LYS;BOMBARDIER CRJ-1000;Lluvia moderada;14/04/18
VLG3701;MAH;BCN;32A;Lluvia moderada;14/04/18
VLG8191;MAH;ORY;32B;Lluvia moderada;14/04/18
IBE8487;MAH;PMI;ATR-42/72;Lluvia moderada;14/04/18
FPO646;MAH;CDG;BOEING 737-700 WINGLETS;Lluvia moderada;14/04/18
VLG3719;MAH;BCN;AIRBUS A321;Lluvia moderada;14/04/18
IBE8481;MAH;PMI;BOMBARDIER CRJ-1000;Lluvia moderada;15/04/18
IBE8951;MAH;MAD;BOMBARDIER CRJ-1000;Lluvia moderada;15/04/18
AAL8615;MAH;MAD;BOMBARDIER CRJ-1000;Lluvia moderada;15/04/18
IBE8495;MAH;PMI;ATR-72;Lluvia moderada;15/04/18
AEA6048;PMI;MAD;BOEING 737-800 WINGLETS;Lluvia moderada;14/04/18
IBS3949;SVQ;MAD;AIRBUS A320;Nubes altas;14/04/18
SWR2553;SCQ;ZRH;AIRBUS A320;Nubosidad variable;14/04/18
RYR2574;SCQ;AGP;BOEING 737-800 WINGLETS;Nubosidad variable;14/04/18
EIN743;SCQ;DUB;AIRBUS A320;Nubosidad variable;14/04/18
DLH1111;SCQ;FRA;AIRBUS A320;Nubosidad variable;14/04/18
IBS3879;SCQ;MAD;AIRBUS A320;Nubosidad variable;14/04/18
VLG3137;SCQ;ACE;AIRBUS A320;Nubosidad variable;14/04/18
AEA7137;SCQ;LPA;BOEING 737-800 WINGLETS;Nubosidad variable;14/04/18
AEA2617;SCQ;VLC;BOEING 737-800 WINGLETS;Nubosidad variable;14/04/18
VLG1673;SCQ;BCN;32A;Nubosidad variable;14/04/18
RYR7004;SCQ;LPA;BOEING 737-800 WINGLETS;Nubosidad variable;14/04/18
IBE8367;SCQ;PMI;BOMBARDIER CRJ-1000;Nubosidad variable;14/04/18
RYR4579;SCQ;BGY;BOEING 737-800 WINGLETS;Nubosidad variable;15/04/18
VLG3247;SCQ;TFN;AIRBUS A320;Nubosidad variable;15/04/18
RYR7223;SCQ;VLC;BOEING 737-800 WINGLETS;Nubosidad variable;15/04/18
RYR6333;SCQ;BCN;BOEING 737-800 WINGLETS;Nubosidad variable;15/04/18
EZS1338;SCQ;GVA;AIRBUS A320;Nubosidad variable;15/04/18
IBS3877;SCQ;MAD;AIRBUS A321;Nubosidad variable;15/04/18
IBE8365;SCQ;PMI;CANADAIR CRJ-200;Nubosidad variable;15/04/18
EVE1123;ALC;VGO;32A;Nubosidad variable;14/04/18
AEA7300;MAD;VGO;EMBRAER ERJ-195;Nubosidad variable;14/04/18
RYR245;BCN;VGO;BOEING 737-800 WINGLETS;Lluvia;14/04/18
AEA7306;MAD;VGO;EMBRAER ERJ-195;Nubosidad variable;14/04/18
IBE0538;MAD;VGO;AIRBUS A319;Nubosidad variable;14/04/18
AEA7308;MAD;VGO;EMBRAER ERJ-195;Nubosidad variable;15/04/18
RYR7147;SVQ;DUB;BOEING 737-800 WINGLETS;Nubes altas;14/04/18
RYR5272;SVQ;PMI;BOEING 737-800 WINGLETS;Nubes altas;14/04/18
RYR7338;SVQ;BOD;BOEING 737-800 WINGLETS;Nubes altas;14/04/18
VLG2209;SVQ;BCN;32A;Nubes altas;14/04/18
TVF3105;SVQ;ORY;BOEING 737-800 WINGLETS;Nubes altas;14/04/18
TAP1105;SVQ;LIS;ATR-42/72;Nubes altas;14/04/18
VLG2424;SVQ;IBZ;AIRBUS A320;Nubes altas;14/04/18
RYR1192;SVQ;TLS;BOEING 737-800 WINGLETS;Nubes altas;14/04/18
IBS9529;SVQ;PMI;AIRBUS A320;Nubes altas;14/04/18
ANE2004;SVQ;CDT;BOMBARDIER CRJ-1000;Nubes altas;14/04/18
RYR9667;SVQ;FCO;BOEING 737-800 WINGLETS;Nubes altas;14/04/18
RYR8364;SVQ;STN;BOEING 737-800 WINGLETS;Nubes altas;14/04/18
VLG8886;SVQ;LYS;AIRBUS A320;Nubes altas;14/04/18
RYR6445;SVQ;CRL;BOEING 737-800 WINGLETS;Nubes altas;14/04/18
RYR4077;SVQ;KRK;BOEING 737-800 WINGLETS;Nubes altas;14/04/18
IBS3951;SVQ;MAD;AIRBUS A320;Nubes altas;14/04/18
BEL3748;SVQ;BRU;AIRBUS A319;Nubes altas;14/04/18
VLG3046;SVQ;LPA;AIRBUS A320;Nubes altas;14/04/18
RYR1567;SVQ;FRA;BOEING 737-800 WINGLETS;Nubes altas;14/04/18
RYR6399;SVQ;BCN;BOEING 737-800 WINGLETS;Nubes altas;14/04/18
VLG8892;SVQ;NTE;AIRBUS A320;Nubes altas;14/04/18
DTR603;TFS;AAR;AIRBUS A320;Despejado;14/04/18
TCX1295;TFS;GLA;32B;Despejado;14/04/18
JTG712;TFS;JKG;BOEING 737-700 WINGLETS;Despejado;14/04/18
JTG508;TFS;BLL;BOEING 737-700 WINGLETS;Despejado;14/04/18
JTG320;TFS;CPH;BOEING 737-800 WINGLETS;Despejado;14/04/18
VLG3173;TFS;NTE;32A;Despejado;14/04/18
JTG916;TFS;HEL;BOEING 737-800 WINGLETS;Despejado;14/04/18
IBS3911;TFS;MAD;32A;Despejado;14/04/18
LLX5062;ACE;TFS;AIRBUS A321;Nubes altas;14/04/18
EXS634;TFS;EMA;BOEING 737-800 WINGLETS;Despejado;14/04/18
EXS728;TFS;EDI;BOEING 737-800 WINGLETS;Despejado;14/04/18
TCX1849;TFS;BFS;32B;Despejado;14/04/18
EXS918;TFS;MAN;BOEING 757-200  WINGLETS;Despejado;14/04/18
EXS156;TFS;GLA;BOEING 737-800 WINGLETS;Despejado;14/04/18
TCX1235;TFS;EMA;32B;Despejado;14/04/18
EXS224;TFS;LBA;BOEING 737-800 WINGLETS;Despejado;14/04/18
EXS518;TFS;NCL;BOEING 737-800 WINGLETS;Despejado;14/04/18
LLX5862;TFS;PAD;AIRBUS A320;Despejado;14/04/18
RYR9375;GRO;TLL;BOEING 737-800 WINGLETS;Lluvia;14/04/18
RYR9002;GRO;BLL;BOEING 737-800 WINGLETS;Lluvia;14/04/18
RYR9307;GRO;PIK;BOEING 737-800 WINGLETS;Lluvia;14/04/18
RYR6393;GRO;NRN;BOEING 737-800 WINGLETS;Lluvia;14/04/18
RYR3653;GRO;BRE;BOEING 737-800 WINGLETS;Lluvia;14/04/18
RYR9911;GRO;BOH;BOEING 737-800 WINGLETS;Lluvia;14/04/18
RYR9123;GRO;EIN;BOEING 737-800 WINGLETS;Lluvia;15/04/18
RYR7083;GRO;OMR;BOEING 737-800 WINGLETS;Lluvia;15/04/18
RYR9555;GRO;FMM;BOEING 737-800 WINGLETS;Lluvia;15/04/18
RYR6901;GRO;CRL;BOEING 737-800 WINGLETS;Lluvia;15/04/18
RYR9305;GRO;LPL;BOEING 737-800 WINGLETS;Lluvia;15/04/18
RYR9172;GRO;WRO;BOEING 737-800 WINGLETS;Lluvia;15/04/18
RYR4125;GRO;HHN;BOEING 737-800 WINGLETS;Lluvia;15/04/18
RYR7037;GRO;DUB;BOEING 737-800 WINGLETS;Lluvia;15/04/18
RYR9364;GRO;PSR;BOEING 737-800 WINGLETS;Lluvia;15/04/18
RYR9241;GRO;PSA;BOEING 737-800 WINGLETS;Lluvia;15/04/18
RYR9803;GRO;STN;BOEING 737-800 WINGLETS;Lluvia;15/04/18
PBD832;GRO;VKO;BOEING 737-800 WINGLETS;Lluvia;15/04/18
RYR9211;GRO;FKB;BOEING 737-800 WINGLETS;Lluvia;15/04/18
RYR9335;GRO;BRS;BOEING 737-800 WINGLETS;Lluvia;15/04/18
EZY8604;AGP;LGW;32A;Despejado;14/04/18
RYR6387;AGP;BCN;BOEING 737-800 WINGLETS;Despejado;14/04/18
VLG2990;AGP;MRS;AIRBUS A320;Despejado;14/04/18
VLG8172;AGP;ORY;AIRBUS A320;Despejado;14/04/18
AEA971;AGP;OUL;BOEING 737-800 WINGLETS;Despejado;14/04/18
JAF6516;AGP;ORY;BOEING 737-800 WINGLETS;Despejado;14/04/18
BAW2715;AGP;LGW;AIRBUS A319;Despejado;14/04/18
EXS558;AGP;NCL;BOEING 737-300;Despejado;14/04/18
IBK5122;AGP;HEL;BOEING 737-800 WINGLETS;Despejado;14/04/18
VLG2124;AGP;BCN;32B;Despejado;14/04/18
VOE2409;AGP;TLS;BOEING 717;Despejado;14/04/18
IBK5038;AGP;TRD;BOEING 737-800 WINGLETS;Despejado;14/04/18
VLG2986;AGP;BOD;AIRBUS A320;Despejado;14/04/18
RYR3233;AGP;MAN;BOEING 737-800 WINGLETS;Despejado;14/04/18
RYR2547;AGP;NYO;BOEING 737-800 WINGLETS;Despejado;14/04/18
EXS810;AGP;MAN;BOEING 757-200;Despejado;14/04/18
RYR8749;AGP;NOC;BOEING 737-800 WINGLETS;Despejado;14/04/18
SAS4308;AGP;HEL;32A;Despejado;14/04/18
DLH1835;AGP;MUC;AIRBUS A321;Despejado;14/04/18
IBK5072;AGP;CPH;BOEING 737-800 WINGLETS;Despejado;14/04/18
RYR2593;AGP;SDR;BOEING 737-800 WINGLETS;Despejado;14/04/18
RYR2214;VLC;SDR;BOEING 737-800 WINGLETS;Nubosidad variable;14/04/18
IBE0556;MAD;SDR;AIRBUS A319;Nubosidad variable;14/04/18
RYR6384;BCN;SDR;BOEING 737-800 WINGLETS;Lluvia;15/04/18
IBE0554;MAD;SDR;AIRBUS A319;Nubosidad variable;15/04/18
AEA6048;PMI;MAD;BOEING 737-800 WINGLETS;Lluvia moderada;14/04/18
EZY1060;PMI;BSL;32A;Lluvia moderada;14/04/18
WZZ3420;PMI;CLJ;AIRBUS A320;Lluvia moderada;14/04/18
RYR2327;PMI;LBA;BOEING 737-800 WINGLETS;Lluvia moderada;14/04/18
RYR9593;PMI;LPL;BOEING 737-800 WINGLETS;Lluvia moderada;14/04/18
ANE8498;PMI;MAH;ATR-42/72;Lluvia moderada;14/04/18
RYR723;PMI;SCQ;BOEING 737-800 WINGLETS;Lluvia moderada;14/04/18
VOE3591;PMI;OVD;BOEING 717;Lluvia moderada;14/04/18
VLG3970;PMI;LCG;32A;Lluvia moderada;14/04/18
EWG6818;PMI;SCN;AIRBUS A320;Lluvia moderada;14/04/18
SAS4692;PMI;OSL;BOEING 737-800;Lluvia moderada;14/04/18
EZY7422;PMI;SEN;AIRBUS A319;Lluvia moderada;14/04/18
RYR2054;PMI;MAD;BOEING 737-800 WINGLETS;Lluvia moderada;14/04/18
DLH1821;PMI;MUC;AIRBUS A321;Lluvia moderada;14/04/18
EZY3214;PMI;STN;AIRBUS A320;Lluvia moderada;14/04/18
LDM317;PMI;FRA;AIRBUS A320;Lluvia moderada;14/04/18
SWR2161;PMI;GVA;CS3;Lluvia moderada;14/04/18
RYR2897;PMI;BCN;BOEING 737-800 WINGLETS;Lluvia moderada;14/04/18
EWG5913;PMI;VIE;AIRBUS A319;Lluvia moderada;14/04/18
VLG2286;BCN;XRY;BOEING 737-800 WINGLETS;Lluvia;14/04/18
IBE0404;MAD;XRY;AIRBUS A319;Nubosidad variable;14/04/18
RYR1283;BCN;XRY;BOEING 737-800 WINGLETS;Lluvia;14/04/18
IBE0406;MAD;XRY;AIRBUS A319;Nubosidad variable;14/04/18
IBE0410;MAD;XRY;AIRBUS A320;Nubosidad variable;15/04/18
VLG2286;BCN;XRY;AIRBUS A320;Lluvia;15/04/18
IBE8909;TFN;ALC;CANADAIR CRJ-900;Despejado;14/04/18
IBB621;TFN;SPC;ATR-42/72;Despejado;14/04/18
IBS3612;TFN;OVD;AIRBUS A320;Despejado;14/04/18
IBB158;TFN;LPA;BOMBARDIER CRJ-1000;Despejado;14/04/18
IBB663;TFN;VDE;ATR-42/72;Despejado;14/04/18
VLG3255;TFN;SVQ;AIRBUS A320;Despejado;14/04/18
CNF452;TFN;SPC;ATR-72;Despejado;14/04/18
AEA9049;TFN;MAD;BOEING 737-800 WINGLETS;Despejado;14/04/18
IBB631;TFN;SPC;ATR-42/72;Despejado;14/04/18
IBB160;TFN;LPA;ATR-72;Despejado;14/04/18
VLG3217;TFN;BCN;32B;Despejado;14/04/18
IBB470;TFN;ACE;ATR-42/72;Despejado;14/04/18
AEA9465;TFN;SPC;ATR-72;Despejado;14/04/18
IBK6382;TFN;ALC;BOEING 737-800 WINGLETS;Despejado;14/04/18
IBB424;TFN;FUE;ATR-72;Despejado;14/04/18
CNF247;TFN;VDE;ATR-42/72;Despejado;14/04/18
CNF549;TFN;ACE;ATR-72;Despejado;14/04/18
IBB673;TFN;VDE;ATR-42/72;Despejado;14/04/18
IBS3906;MAD;FUE;AIRBUS A321;Nubosidad variable;14/04/18
IBB416;TFN;FUE;ATR-42/72;Despejado;14/04/18
IBE2249;TFN;FUE;ATR-42/72;Despejado;17/04/18
IBB212;LPA;FUE;ATR-72;Nubes altas;14/04/18
IBB222;LPA;FUE;ATR-72;Nubes altas;14/04/18
VLG3261;TFN;BIO;32A;Despejado;14/04/18
VLG2615;XRY;BIO;32A;Nubosidad variable;14/04/18
AEA7153;MAD;BIO;EMBRAER ERJ-195;Nubosidad variable;14/04/18
IBE8675;IBZ;BIO;BOMBARDIER CRJ-1000;Llovizna;14/04/18
AEA2673;ALC;BIO;BOEING 737-800 WINGLETS;Nubosidad variable;14/04/18
IBE0438;MAD;BIO;AIRBUS A319;Nubosidad variable;14/04/18
VLG1426;BCN;BIO;AIRBUS A320;Lluvia;14/04/18
GMI3953;SPC;HAM;AIRBUS A319;Nubes altas;14/04/18
EWG7529;SPC;HAM;32A;Nubes altas;14/04/18
IBB622;SPC;TFN;ATR-42/72;Nubes altas;14/04/18
IBS3843;SPC;MAD;AIRBUS A320;Nubes altas;14/04/18
CNF453;SPC;TFN;ATR-72;Nubes altas;14/04/18
IBB632;SPC;TFN;ATR-42/72;Nubes altas;14/04/18
IBE7265;SPC;TFN;ATR-42/72;Nubes altas;14/04/18
AEA9466;SPC;TFN;ATR-72;Nubes altas;14/04/18
VLG3249;SPC;BCN;AIRBUS A320;Nubes altas;14/04/18
EWG2269;SPC;STR;32A;Nubes altas;14/04/18
IBB636;SPC;TFN;ATR-42/72;Nubes altas;14/04/18
IBB316;SPC;LPA;ATR-42/72;Nubes altas;14/04/18
AEA9480;SPC;TFN;ATR-72;Nubes altas;14/04/18
IBB638;SPC;TFN;ATR-42/72;Nubes altas;14/04/18
IBB640;SPC;TFN;ATR-72;Nubes altas;14/04/18
CNF468;SPC;TFN;ATR-72;Nubes altas;14/04/18
AEA9468;SPC;TFN;ATR-72;Nubes altas;14/04/18
IBB642;SPC;TFN;ATR-42/72;Nubes altas;14/04/18
IBB318;SPC;LPA;ATR-42/72;Nubes altas;14/04/18
IBB606;SPC;TFN;ATR-72;Nubes altas;15/04/18
IBB304;SPC;LPA;ATR-72;Nubes altas;15/04/18
UTN4452;BCN;KBP;BOEING 737-900 WINGLETS;Lluvia;14/04/18
EZY4418;BCN;LYS;AIRBUS A319;Lluvia;14/04/18
IBK5532;BCN;TRD;BOEING 737-800 WINGLETS;Lluvia;14/04/18
RYR9387;BCN;EMA;BOEING 737-800 WINGLETS;Lluvia;14/04/18
AUI992;BCN;KBP;BOEING 737-800 WINGLETS;Lluvia;14/04/18
DLH2657;BCN;MUC;32A;Lluvia;14/04/18
DLH1131;BCN;FRA;AIRBUS A321;Lluvia;14/04/18
VLG1524;BCN;RNS;AIRBUS A320;Lluvia;14/04/18
VLG6404;BCN;VCE;AIRBUS A320;Lluvia;14/04/18
VLG1401;BCN;MAD;AIRBUS A320;Lluvia;14/04/18
RYR9015;BCN;STN;BOEING 737-800 WINGLETS;Lluvia;14/04/18
PGT1092;BCN;SAW;BOEING 737-800 WINGLETS;Lluvia;14/04/18
VLG8018;BCN;ORY;32B;Lluvia;14/04/18
EWG9445;BCN;DUS;AIRBUS A319;Lluvia;14/04/18
AFL2719;BCN;SVO;32B;Lluvia;14/04/18
TVF3135;BCN;ORY;BOEING 737-800 WINGLETS;Lluvia;14/04/18
VLG6522;BCN;BLQ;32A;Lluvia;14/04/18
VLG6514;BCN;TRN;32A;Lluvia;14/04/18
JAF6198;LPA;CRL;BOEING 737-800 WINGLETS;Nubes altas;14/04/18
VLG3069;LPA;AGP;AIRBUS A320;Nubes altas;14/04/18
IBB145;LPA;TFN;ATR-72;Nubes altas;14/04/18
IBE8805;LPA;ALC;BOMBARDIER CRJ-1000;Nubes altas;14/04/18
BLX248;LPA;OSL;BOEING 737-800 WINGLETS;Nubes altas;14/04/18
BAW489;LPA;LHR;AIRBUS A320;Nubes altas;14/04/18
MYX862;LPA;CPH;AIRBUS A321;Nubes altas;14/04/18
IBB212;LPA;FUE;ATR-72;Nubes altas;14/04/18
DK1833;LPA;GOT;AIRBUS A330-300;Nubes altas;14/04/18
BLX252;LPA;ARN;BOEING 737-800 WINGLETS;Nubes altas;14/04/18
TAP1119;LPA;LIS;AIRBUS A319;Nubes altas;14/04/18
DK1743;LPA;ARN;AIRBUS A330-300;Nubes altas;14/04/18
IBS3823;LPA;MAD;AIRBUS A320;Nubes altas;14/04/18
PRW648;LPA;ARN;BOEING 737-700 WINGLETS;Nubes altas;14/04/18
SAS7674;LPA;GOT;BOEING 737-800 WINGLETS;Nubes altas;14/04/18
IBB147;LPA;TFN;ATR-72;Nubes altas;14/04/18
SAS4696;LPA;OSL;BOEING 737-800 WINGLETS;Nubes altas;14/04/18
DK1327;LPA;HEL;32B;Nubes altas;14/04/18
NAX9469;LPA;TRD;BOEING 737-800 WINGLETS;Nubes altas;14/04/18
NAX8431;LPA;OSL;BOEING 737-800 WINGLETS;Nubes altas;14/04/18
EXS478;LPA;LBA;BOEING 757-200  WINGLETS;Nubes altas;14/04/18
IBB222;LPA;FUE;ATR-72;Nubes altas;14/04/18
IBE8592;MAD;LEI;BOMBARDIER CRJ-1000;Nubosidad variable;14/04/18
IBE8594;MAD;LEI;BOMBARDIER CRJ-1000;Nubosidad variable;15/04/18
AEA2887;BCN;LEI;BOEING 737-800 WINGLETS;Lluvia;15/04/18
VLG1251;BCN;LEI;AIRBUS A320;Lluvia;15/04/18
IBE8598;MAD;LEI;CANADAIR CRJ-900;Nubosidad variable;15/04/18
AEA2633;ZAZ;LEI;BOEING 737-800 WINGLETS;Nubes altas;15/04/18
IBE8212;PMI;LEI;CANADAIR CRJ-200;Despejado;17/04/18
IBE8642;MAD;GRX;CANADAIR CRJ-900;Nubosidad variable;14/04/18
VLG2014;BCN;GRX;AIRBUS A320;Lluvia;14/04/18
VLG2016;BCN;GRX;AIRBUS A320;Lluvia;14/04/18
IBE8648;MAD;GRX;BOMBARDIER CRJ-1000;Nubosidad variable;14/04/18
VLG2010;BCN;GRX;AIRBUS A321;Lluvia;15/04/18
IBE8640;MAD;GRX;BOMBARDIER CRJ-1000;Nubosidad variable;15/04/18
VLG2020;BCN;GRX;AIRBUS A320;Lluvia;15/04/18
AEA5201;PMI;GRX;EMBRAER ERJ-195;Lluvia moderada;15/04/18
VLG3933;PMI;GRX;AIRBUS A320;Lluvia moderada;15/04/18
IBE8646;MAD;GRX;BOMBARDIER CRJ-1000;Nubosidad variable;15/04/18
VLG1579;BCN;OVD;AIRBUS A320;Lluvia;14/04/18
VOE3591;PMI;OVD;BOEING 717;Lluvia moderada;14/04/18
IBS3612;TFN;OVD;AIRBUS A320;Despejado;14/04/18
IBS3980;MAD;OVD;AIRBUS A320;Nubosidad variable;14/04/18
IBE0480;MAD;OVD;32A;Nubosidad variable;14/04/18
VLG3138;ACE;OVD;AIRBUS A320;Nubes altas;14/04/18
VLG1573;BCN;OVD;AIRBUS A320;Lluvia;15/04/18
IBE8334;VLC;OVD;ATR-72;Nubosidad variable;15/04/18
IBE0488;MAD;OVD;AIRBUS A321;Nubosidad variable;15/04/18
IBE8333;PMI;OVD;CANADAIR CRJ-200;Despejado;17/04/18
VLG1579;BCN;OVD;AIRBUS A320;Lluvia;15/04/18
VOE3585;ALC;OVD;BOEING 717;Nubosidad variable;15/04/18
VLG3510;BCN;IBZ;32A;Lluvia;14/04/18
IBE8679;SCQ;IBZ;BOMBARDIER CRJ-1000;Nubosidad variable;14/04/18
AEA6025;MAD;IBZ;EMBRAER ERJ-195;Nubosidad variable;14/04/18
AEA1706;PMI;IBZ;ATR-72;Lluvia moderada;14/04/18
RYR8146;AGP;IBZ;BOEING 737-800 WINGLETS;Despejado;14/04/18
RYR8841;BCN;IBZ;BOEING 737-800 WINGLETS;Lluvia;14/04/18
IBE8124;PMI;IBZ;BOMBARDIER CRJ-1000;Despejado;17/04/18
VLG2424;SVQ;IBZ;AIRBUS A320;Nubes altas;14/04/18
VLG1356;ALC;IBZ;AIRBUS A320;Nubosidad variable;14/04/18
IBE8498;PMI;MAH;ATR-42/72;Despejado;17/04/18
IBE8661;VIT;MAH;BOMBARDIER CRJ-1000;Abertura de claros;14/04/18
AEA4531;PMI;MAH;ATR-72;Lluvia moderada;14/04/18
RYR6881;BCN;MAH;BOEING 737-800 WINGLETS;Lluvia;14/04/18
VLG3716;BCN;MAH;32A;Lluvia;14/04/18
VLG3700;BCN;MAH;32A;Lluvia;14/04/18
IBE8492;PMI;MAH;ATR-42/72;Despejado;17/04/18
IBE8496;PMI;MAH;BOMBARDIER CRJ-1000;Despejado;17/04/18
VLG3718;BCN;MAH;AIRBUS A321;Lluvia;14/04/18
IBE8954;MAD;MAH;BOMBARDIER CRJ-1000;Nubosidad variable;14/04/18
QTR6553;MAH;MAD;BOMBARDIER CRJ-1000;Lluvia moderada;14/04/18
IBE8494;PMI;MAH;ATR-72;Despejado;17/04/18
VLG3712;BCN;MAH;AIRBUS A320;Lluvia;15/04/18
RYR2573;AGP;SCQ;BOEING 737-800 WINGLETS;Despejado;14/04/18
RYR723;PMI;SCQ;BOEING 737-800 WINGLETS;Lluvia moderada;14/04/18
IBS3878;MAD;SCQ;AIRBUS A320;Nubosidad variable;14/04/18
AEA7117;ACE;SCQ;BOEING 737-800 WINGLETS;Nubes altas;14/04/18
AEA2618;VLC;SCQ;BOEING 737-800 WINGLETS;Nubosidad variable;14/04/18
VLG1672;BCN;SCQ;32A;Lluvia;14/04/18
RYR7003;LPA;SCQ;BOEING 737-800 WINGLETS;Nubes altas;14/04/18
IBE8205;TFN;SCQ;BOMBARDIER CRJ-1000;Despejado;14/04/18
RYR7222;VLC;SCQ;BOEING 737-800 WINGLETS;Nubosidad variable;15/04/18
RYR6332;BCN;SCQ;BOEING 737-800 WINGLETS;Lluvia;15/04/18
IBS3876;MAD;SCQ;AIRBUS A321;Nubosidad variable;15/04/18
IBE8356;BIO;SCQ;CANADAIR CRJ-200;Nubosidad variable;15/04/18
VLG3140;AGP;ACE;AIRBUS A320;Despejado;14/04/18
IBB454;TFN;ACE;ATR-42/72;Despejado;14/04/18
CNF729;LPA;ACE;ATR-72;Nubes altas;14/04/18
AEA7116;SCQ;ACE;BOEING 737-800 WINGLETS;Nubosidad variable;14/04/18
VLG2472;BCN;ACE;32B;Lluvia;14/04/18
IBB470;TFN;ACE;ATR-42/72;Despejado;14/04/18
IBB522;LPA;ACE;ATR-72;Nubes altas;14/04/18
VLG3937;PMI;ALC;AIRBUS A320;Lluvia moderada;14/04/18
AEA4049;MAD;ALC;ATR-72;Nubosidad variable;14/04/18
IBS3910;MAD;TFS;32A;Nubosidad variable;14/04/18
LLX5062;ACE;TFS;AIRBUS A321;Nubes altas;14/04/18
IBE8269;MLN;AGP;ATR-72;Despejado;14/04/18
AEA5039;MAD;AGP;ATR-72;Nubosidad variable;14/04/18
IBB620;SPC;TFN;ATR-72;Nubes altas;14/04/18
IBB145;LPA;TFN;ATR-72;Nubes altas;14/04/18
VLG3254;SVQ;TFN;AIRBUS A320;Nubes altas;14/04/18
AEA9118;MAD;TFN;BOEING 737-800 WINGLETS;Nubosidad variable;14/04/18
VLG3216;BCN;TFN;32B;Lluvia;14/04/18
IBB147;LPA;TFN;ATR-72;Nubes altas;14/04/18
IBB622;SPC;TFN;ATR-42/72;Nubes altas;14/04/18
IBK6379;MAD;TFN;BOEING 737-800 WINGLETS;Nubosidad variable;14/04/18
IBB417;FUE;TFN;ATR-42/72;Nubes altas;14/04/18
IBB455;ACE;TFN;ATR-42/72;Nubes altas;14/04/18
CNF653;LPA;TFN;ATR-72;Nubes altas;14/04/18
IBB135;LPA;TFN;BOMBARDIER CRJ-1000;Nubes altas;14/04/18
CNF453;SPC;TFN;ATR-72;Nubes altas;14/04/18
IBB664;VDE;TFN;ATR-42/72;Despejado;14/04/18
IBB167;LPA;TFN;ATR-72;Nubes altas;14/04/18
IBB632;SPC;TFN;ATR-42/72;Nubes altas;14/04/18
LAV5548;BIO;TFN;BOEING 737-400;Nubosidad variable;14/04/18
VLG2021;GRX;BCN;AIRBUS A320;Nubosidad variable;14/04/18
AEA6060;PMI;BCN;BOEING 737-800 WINGLETS;Lluvia moderada;14/04/18
RYR2896;BCN;PMI;BOEING 737-800 WINGLETS;Lluvia;14/04/18
AEA5200;GRX;PMI;EMBRAER ERJ-195;Nubosidad variable;14/04/18
ANE8634;VLC;PMI;CANADAIR CRJ-200;Despejado;17/04/18
AEA9402;TFN;LPA;ATR-72;Despejado;14/04/18
IBB207;FUE;LPA;ATR-72;Nubes altas;14/04/18
IBS3822;MAD;LPA;32A;Nubosidad variable;14/04/18
CNF722;ACE;LPA;ATR-72;Nubes altas;14/04/18
IBB513;ACE;LPA;ATR-42/72;Nubes altas;14/04/18
IBS3830;MAD;LPA;AIRBUS A321;Nubosidad variable;14/04/18
IBB158;TFN;LPA;BOMBARDIER CRJ-1000;Despejado;14/04/18
VLG3002;BCN;LPA;32B;Lluvia;14/04/18
IBB621;TFN;SPC;ATR-42/72;Despejado;14/04/18
IBS3842;MAD;SPC;AIRBUS A320;Nubosidad variable;14/04/18
CNF452;TFN;SPC;ATR-72;Despejado;14/04/18
IBB631;TFN;SPC;ATR-42/72;Despejado;14/04/18
IBE2228;TFN;SPC;ATR-42/72;Despejado;17/04/18
VLG3248;BCN;SPC;AIRBUS A320;Lluvia;14/04/18
AEA9465;TFN;SPC;ATR-72;Despejado;14/04/18
IBB623;TFN;SPC;ATR-42/72;Despejado;14/04/18
AEA9479;TFN;SPC;ATR-72;Despejado;14/04/18
IBB315;LPA;SPC;ATR-72;Nubes altas;14/04/18
IBB637;TFN;SPC;ATR-42/72;Despejado;14/04/18
IBB639;TFN;SPC;ATR-72;Despejado;14/04/18
CNF467;TFN;SPC;ATR-72;Despejado;14/04/18
AEA9467;TFN;SPC;ATR-72;Despejado;14/04/18
IBB627;TFN;SPC;ATR-42/72;Despejado;14/04/18
IBB317;LPA;SPC;ATR-72;Nubes altas;14/04/18
IBB605;TFN;SPC;ATR-72;Despejado;15/04/18
IBB309;LPA;SPC;ATR-72;Nubes altas;15/04/18
CNF412;TFN;SPC;ATR-72;Despejado;15/04/18
IBB607;TFN;SPC;ATR-72;Despejado;15/04/18
RYR2036;VIT;SVQ;BOEING 737-800 WINGLETS;Abertura de claros;14/04/18
VLG2210;BCN;SVQ;32A;Lluvia;14/04/18
VLG2510;BIO;SVQ;AIRBUS A320;Nubosidad variable;14/04/18
IBS9526;PMI;SVQ;AIRBUS A320;Lluvia moderada;14/04/18
VLG2433;MAH;SVQ;AIRBUS A320;Lluvia moderada;14/04/18
IBS3952;MAD;SVQ;AIRBUS A320;Nubosidad variable;14/04/18
VLG3255;TFN;SVQ;AIRBUS A320;Despejado;14/04/18
EVE1101;ALC;SVQ;32A;Nubosidad variable;14/04/18
VLG2425;IBZ;SVQ;AIRBUS A320;Llovizna;14/04/18
IBB652;GMZ;TFN;ATR-42/72;Nubes altas;14/04/18
IBB650;GMZ;TFN;ATR-72;Nubes altas;15/04/18
IBE8661;VIT;MAH;BOMBARDIER CRJ-1000;Abertura de claros;14/04/18
IBE8331;BJZ;MAD;CANADAIR CRJ-200;Nubosidad variable;15/04/18
IBE8313;BJZ;BCN;BOMBARDIER CRJ-1000;Nubosidad variable;15/04/18
RYR6321;VLL;BCN;BOEING 737-800 WINGLETS;Nubosidad variable;14/04/18
IBS9530;VLL;PMI;AIRBUS A320;Nubosidad variable;15/04/18
RYR2200;VLL;SVQ;BOEING 737-800 WINGLETS;Nubosidad variable;15/04/18
IBE8529;PNA;MAD;BOMBARDIER CRJ-1000;Nubosidad variable;15/04/18
DLH1119;PNA;FRA;AIRBUS A320;Nubosidad variable;15/04/18
IBE8660;MAH;VIT;BOMBARDIER CRJ-1000;Lluvia moderada;14/04/18
IBB653;TFN;GMZ;ATR-42/72;Despejado;14/04/18
IBB651;TFN;GMZ;ATR-72;Despejado;15/04/18
IBE8330;MAD;BJZ;CANADAIR CRJ-200;Nubosidad variable;15/04/18
IBE8312;BCN;BJZ;BOMBARDIER CRJ-1000;Despejado;17/04/18
IBE8329;EAS;MAD;ATR-72;Nubosidad variable;14/04/18
VLG2489;EAS;BCN;AIRBUS A319;Nubosidad variable;14/04/18
IBE8317;EAS;MAD;ATR-72;Nubosidad variable;15/04/18
VLG2487;EAS;BCN;AIRBUS A319;Nubosidad variable;15/04/18
IBE8319;EAS;MAD;ATR-72;Nubosidad variable;15/04/18
RYR1865;REU;SNN;BOEING 737-800 WINGLETS;Lluvia;14/04/18
RYR3843;REU;STN;BOEING 737-800 WINGLETS;Lluvia;14/04/18
RYR2829;REU;CRL;BOEING 737-800 WINGLETS;Lluvia;14/04/18
RYR1115;REU;DUB;BOEING 737-800 WINGLETS;Lluvia;15/04/18
RYR9825;REU;LPL;BOEING 737-800 WINGLETS;Lluvia;15/04/18
RYR9827;REU;HHN;BOEING 737-800 WINGLETS;Lluvia;15/04/18
IBE8524;MAD;PNA;CANADAIR CRJ-200;Nubosidad variable;14/04/18
IBE8526;MAD;PNA;BOMBARDIER CRJ-1000;Nubosidad variable;14/04/18
WZZ3192;ZAZ;OTP;AIRBUS A320;Nubes altas;14/04/18
AEA4032;ZAZ;PMI;EMBRAER ERJ-195;Nubes altas;14/04/18
WZZ3418;ZAZ;CLJ;AIRBUS A320;Nubes altas;14/04/18
RYR2635;ZAZ;STN;BOEING 737-800 WINGLETS;Nubes altas;14/04/18
RYR4634;ZAZ;BGY;BOEING 737-800 WINGLETS;Nubes altas;15/04/18
EVE1606;ZAZ;SVQ;AIRBUS A320;Nubes altas;15/04/18
AEA2633;ZAZ;LEI;BOEING 737-800 WINGLETS;Nubes altas;15/04/18
RYR6320;BCN;VLL;BOEING 737-800 WINGLETS;Lluvia;14/04/18
IBS9528;PMI;VLL;AIRBUS A320;Lluvia moderada;15/04/18
RYR2199;SVQ;VLL;BOEING 737-800 WINGLETS;Nubes altas;15/04/18
EVE1127;SVQ;VLL;AIRBUS A320;Nubes altas;15/04/18
RYR6320;BCN;VLL;BOEING 737-800 WINGLETS;Lluvia;15/04/18
IBB664;VDE;TFN;ATR-42/72;Despejado;14/04/18
IBB366;VDE;LPA;ATR-72;Despejado;14/04/18
IBS2247;VDE;TFN;ATR-72;Despejado;14/04/18
CNF248;VDE;TFN;ATR-42/72;Despejado;14/04/18
IBB674;VDE;TFN;ATR-42/72;Despejado;14/04/18
IBB656;VDE;TFN;ATR-72;Despejado;15/04/18
IBB662;VDE;TFN;ATR-72;Despejado;15/04/18
RYR4793;SDR;BGY;BOEING 737-800 WINGLETS;Despejado;14/04/18
RYR2594;SDR;AGP;BOEING 737-800 WINGLETS;Despejado;14/04/18
RYR2215;SDR;VLC;BOEING 737-800 WINGLETS;Despejado;14/04/18
IBE0557;SDR;MAD;AIRBUS A319;Despejado;14/04/18
RYR1573;SDR;SXF;BOEING 737-800 WINGLETS;Despejado;14/04/18
WZZ1480;SDR;WAW;AIRBUS A320;Despejado;15/04/18
RYR7617;SDR;EDI;BOEING 737-800 WINGLETS;Despejado;15/04/18
RYR6385;SDR;BCN;BOEING 737-800 WINGLETS;Despejado;15/04/18
IBE0555;SDR;MAD;AIRBUS A319;Despejado;15/04/18
RYR9156;SDR;CIA;BOEING 737-800 WINGLETS;Despejado;15/04/18
RYR7153;SDR;DUB;BOEING 737-800 WINGLETS;Despejado;15/04/18
IBE8269;MLN;AGP;ATR-72;Despejado;14/04/18
IBE8793;MLN;MAD;ATR-72;Despejado;14/04/18
IBE8271;MLN;AGP;ATR-72;Despejado;14/04/18
IBE8261;MLN;AGP;ATR-72;Despejado;15/04/18
IBE8789;MLN;MAD;ATR-72;Despejado;15/04/18
IBE8791;MLN;MAD;ATR-72;Despejado;15/04/18
IBE8263;MLN;AGP;ATR-72;Despejado;15/04/18
IBE8793;MLN;MAD;ATR-72;Despejado;15/04/18
IBE8269;MLN;AGP;ATR-72;Despejado;15/04/18
VLG2287;XRY;BCN;BOEING 737-800 WINGLETS;Nubosidad variable;14/04/18
IBE0405;XRY;MAD;AIRBUS A319;Nubosidad variable;14/04/18
RYR1284;XRY;BCN;BOEING 737-800 WINGLETS;Nubosidad variable;14/04/18
IBE0407;XRY;MAD;AIRBUS A320;Nubosidad variable;15/04/18
EWG575;XRY;CGN;AIRBUS A319;Nubosidad variable;15/04/18
JAF7922;XRY;BRU;EMBRAER 190;Nubosidad variable;15/04/18
EWG9571;XRY;DUS;32A;Nubosidad variable;15/04/18
RYR8397;XRY;STN;BOEING 737-800 WINGLETS;Nubosidad variable;15/04/18
IBE0411;XRY;MAD;AIRBUS A320;Nubosidad variable;15/04/18
VLG2287;XRY;BCN;AIRBUS A320;Nubosidad variable;15/04/18
RYR4117;MJV;MAN;BOEING 737-800 WINGLETS;Abertura de claros;14/04/18
NAX1703;MJV;OSL;BOEING 737-800 WINGLETS;Abertura de claros;14/04/18
RYR3453;MJV;LTN;BOEING 737-800 WINGLETS;Abertura de claros;14/04/18
EZY7426;MJV;SEN;AIRBUS A319;Abertura de claros;14/04/18
BAW449;MJV;LHR;32A;Abertura de claros;14/04/18
RYR8027;MJV;STN;BOEING 737-800 WINGLETS;Abertura de claros;14/04/18
EZY8554;MJV;LGW;32A;Abertura de claros;14/04/18
RYR7095;MJV;DUB;BOEING 737-800 WINGLETS;Abertura de claros;14/04/18
EZY8550;MJV;LGW;AIRBUS A319;Abertura de claros;15/04/18
EZY6014;MJV;BRS;AIRBUS A320;Abertura de claros;15/04/18
RYR1925;MJV;EMA;BOEING 737-800 WINGLETS;Abertura de claros;15/04/18
RYR4253;MJV;FRA;BOEING 737-800 WINGLETS;Abertura de claros;15/04/18
IBE8322;MAD;EAS;ATR-72;Nubosidad variable;14/04/18
VLG2488;BCN;EAS;AIRBUS A319;Lluvia;14/04/18
IBE8324;MAD;EAS;ATR-72;Nubosidad variable;14/04/18
VLG2486;BCN;EAS;AIRBUS A319;Lluvia;15/04/18
IBE8316;MAD;EAS;ATR-72;Nubosidad variable;15/04/18
IBE8322;MAD;EAS;ATR-72;Nubosidad variable;15/04/18
EVE1124;VGO;ALC;32A;Nubosidad variable;14/04/18
TAP1141;VGO;LIS;ATR-42/72;Nubosidad variable;14/04/18
AEA7317;VGO;MAD;EMBRAER ERJ-195;Nubosidad variable;14/04/18
RYR246;VGO;BCN;BOEING 737-800 WINGLETS;Nubosidad variable;14/04/18
AEA7319;VGO;MAD;EMBRAER ERJ-195;Nubosidad variable;14/04/18
AEA7311;VGO;MAD;EMBRAER ERJ-195;Nubosidad variable;15/04/18
IBE0531;VGO;MAD;AIRBUS A319;Nubosidad variable;15/04/18
RYR242;VGO;DUB;BOEING 737-800 WINGLETS;Nubosidad variable;15/04/18
RYR7132;VGO;BGY;BOEING 737-800 WINGLETS;Nubosidad variable;15/04/18
AEA7315;VGO;MAD;EMBRAER ERJ-195;Nubosidad variable;15/04/18
IBE8601;LEI;MAD;BOMBARDIER CRJ-1000;Despejado;14/04/18
BAW421;LEI;LHR;AIRBUS A320;Despejado;14/04/18
TRA5644;LEI;RTM;BOEING 737-700 WINGLETS;Despejado;14/04/18
RYR7319;LEI;DUB;BOEING 737-800 WINGLETS;Despejado;14/04/18
BEL3776;LEI;BRU;AIRBUS A320;Despejado;15/04/18
EZY8164;LEI;LGW;AIRBUS A319;Despejado;15/04/18
IBE8595;LEI;MAD;BOMBARDIER CRJ-1000;Despejado;15/04/18
AEA2634;LEI;ZAZ;BOEING 737-800 WINGLETS;Despejado;15/04/18
IBE8213;LEI;PMI;CANADAIR CRJ-200;Despejado;15/04/18
VLG1252;LEI;BCN;AIRBUS A320;Despejado;15/04/18
IBE8577;LEI;MAD;CANADAIR CRJ-900;Despejado;15/04/18
AEA2888;LEI;BCN;BOEING 737-800 WINGLETS;Despejado;15/04/18
IBE8589;LEI;MAD;CANADAIR CRJ-200;Despejado;15/04/18
VLG3284;BIO;FUE;32A;Nubosidad variable;14/04/18
VLG1435;BIO;BCN;AIRBUS A320;Nubosidad variable;14/04/18
VLG3274;BIO;LPA;32A;Nubosidad variable;14/04/18
IBE8674;BIO;IBZ;BOMBARDIER CRJ-1000;Nubosidad variable;14/04/18
AEA7154;BIO;MAD;EMBRAER ERJ-195;Nubosidad variable;14/04/18
EZY3226;BIO;STN;AIRBUS A319;Nubosidad variable;14/04/18
THY1318;BIO;IST;AIRBUS A319;Nubosidad variable;14/04/18
EIN749;BIO;DUB;AIRBUS A320;Nubosidad variable;14/04/18
AEA2660;BIO;BCN;BOEING 737-800 WINGLETS;Nubosidad variable;14/04/18
VLG1427;BIO;BCN;AIRBUS A320;Nubosidad variable;14/04/18
KLM1688;BIO;AMS;BOEING 737-700 WINGLETS;Nubosidad variable;14/04/18
IBE0449;BIO;MAD;AIRBUS A319;Nubosidad variable;14/04/18
AFR1577;BIO;CDG;EMBRAER 170;Nubosidad variable;14/04/18
VLG3139;OVD;ACE;AIRBUS A320;Nubosidad variable;14/04/18
IBS3613;OVD;TFN;AIRBUS A320;Nubosidad variable;14/04/18
IBS3610;OVD;LHR;AIRBUS A320;Nubosidad variable;14/04/18
TAP1113;OVD;LIS;ATR-42/72;Nubosidad variable;14/04/18
VLG1572;OVD;BCN;AIRBUS A320;Nubosidad variable;15/04/18
VOE3584;OVD;ALC;BOEING 717;Nubosidad variable;15/04/18
IBS3981;OVD;MAD;AIRBUS A320;Nubosidad variable;15/04/18
VLG1574;OVD;BCN;AIRBUS A320;Nubosidad variable;15/04/18
IBE0479;OVD;MAD;32A;Nubosidad variable;15/04/18
EZY3084;OVD;STN;AIRBUS A319;Nubosidad variable;15/04/18
IBE8335;OVD;VLC;ATR-72;Nubosidad variable;15/04/18
IBE0475;OVD;MAD;AIRBUS A321;Nubosidad variable;15/04/18
IBE8332;OVD;PMI;CANADAIR CRJ-200;Nubosidad variable;15/04/18
VLG3865;OVD;PMI;AIRBUS A320;Nubosidad variable;15/04/18
VOE3925;OVD;AGP;BOEING 717;Nubosidad variable;15/04/18
IBE6341;MAD;SAL;AIRBUS A330-200;Nubosidad variable;14/04/18
AVA017;MAD;MDE;AIRBUS A330-300;Nubosidad variable;14/04/18
AEA7153;MAD;BIO;EMBRAER ERJ-195;Nubosidad variable;14/04/18
RYR5462;MAD;CRL;BOEING 737-800 WINGLETS;Nubosidad variable;14/04/18
AEA1671;MAD;ZRH;EMBRAER ERJ-195;Nubosidad variable;14/04/18
AEA1143;MAD;OPO;ATR-72;Nubosidad variable;14/04/18
IBE3172;MAD;LHR;AIRBUS A320;Nubosidad variable;14/04/18
AEA1015;MAD;LGW;BOEING 737-800 WINGLETS;Nubosidad variable;14/04/18
IBS3940;MAD;TFN;AIRBUS A320;Nubosidad variable;14/04/18
VLG1500;MAD;BCN;AIRBUS A320;Nubosidad variable;14/04/18
AEA1047;MAD;FCO;BOEING 737-800 WINGLETS;Nubosidad variable;14/04/18
AEA4033;PMI;ZAZ;EMBRAER ERJ-195;Lluvia moderada;14/04/18
EVE1605;SVQ;ZAZ;32A;Nubes altas;15/04/18
AEA2634;LEI;ZAZ;BOEING 737-800 WINGLETS;Despejado;15/04/18
AEA7236;LCG;MAD;EMBRAER ERJ-195;Nubosidad variable;14/04/18
VLG7104;LCG;LHR;32A;Nubosidad variable;14/04/18
AEA7238;LCG;MAD;EMBRAER ERJ-195;Nubosidad variable;14/04/18
VLG1291;LCG;BCN;AIRBUS A320;Nubosidad variable;14/04/18
IBE0511;LCG;MAD;AIRBUS A320;Nubosidad variable;15/04/18
VLG3133;LCG;LPA;AIRBUS A320;Nubosidad variable;15/04/18
VLG1295;LCG;BCN;AIRBUS A320;Nubosidad variable;15/04/18
TAP1085;LCG;LIS;ATR-72;Nubosidad variable;15/04/18
VLG1293;LCG;BCN;AIRBUS A320;Nubosidad variable;15/04/18
AEA7234;LCG;MAD;EMBRAER ERJ-195;Nubosidad variable;15/04/18
IBE8649;GRX;MAD;CANADAIR CRJ-900;Nubosidad variable;14/04/18
VLG2015;GRX;BCN;AIRBUS A320;Nubosidad variable;14/04/18
VLG8727;GRX;CDG;AIRBUS A320;Nubosidad variable;14/04/18
EZY8172;GRX;LGW;AIRBUS A319;Nubosidad variable;14/04/18
VLG2017;GRX;BCN;AIRBUS A320;Nubosidad variable;14/04/18
IBE8639;GRX;MAD;BOMBARDIER CRJ-1000;Nubosidad variable;15/04/18
VLG2011;GRX;BCN;AIRBUS A320;Nubosidad variable;15/04/18
IBE8641;GRX;MAD;BOMBARDIER CRJ-1000;Nubosidad variable;15/04/18
EZY2676;GRX;MXP;AIRBUS A319;Nubosidad variable;15/04/18
VLG2021;GRX;BCN;AIRBUS A320;Nubosidad variable;15/04/18
AEA5200;GRX;PMI;EMBRAER ERJ-195;Nubosidad variable;15/04/18
VLG3932;GRX;PMI;AIRBUS A320;Nubosidad variable;15/04/18
IBE8645;GRX;MAD;BOMBARDIER CRJ-1000;Nubosidad variable;15/04/18
ENT513;GRX;ARN;BOEING 737-800 WINGLETS;Nubosidad variable;15/04/18
ENT574;GRX;ARN;BOEING 737-800;Nubosidad variable;15/04/18
RYR2214;VLC;SDR;BOEING 737-800 WINGLETS;Nubosidad variable;14/04/18
IBE0556;MAD;SDR;AIRBUS A319;Nubosidad variable;14/04/18
RYR6384;BCN;SDR;BOEING 737-800 WINGLETS;Lluvia;15/04/18
IBE0554;MAD;SDR;AIRBUS A319;Nubosidad variable;15/04/18
SWR2143;VLC;ZRH;AIRBUS A321;Nubosidad variable;14/04/18
TRA6332;VLC;AMS;BOEING 737-800 WINGLETS;Nubosidad variable;14/04/18
RYR6837;VLC;NAP;BOEING 737-800 WINGLETS;Nubosidad variable;14/04/18
AEA4014;VLC;PMI;ATR-72;Nubosidad variable;14/04/18
RYR7277;VLC;CPH;BOEING 737-800 WINGLETS;Nubosidad variable;14/04/18
KLM1504;VLC;AMS;BOEING 737-700 WINGLETS;Nubosidad variable;14/04/18
RAM969;VLC;CMN;ATR-72;Nubosidad variable;14/04/18
RYR2216;VLC;RAK;BOEING 737-800 WINGLETS;Nubosidad variable;14/04/18
IBE8985;VLC;MAD;BOMBARDIER CRJ-1000;Nubosidad variable;14/04/18
VLG3953;VLC;PMI;AIRBUS A320;Nubosidad variable;14/04/18
EZY8224;VLC;LGW;AIRBUS A319;Nubosidad variable;14/04/18
RYR1919;VLC;CRL;BOEING 737-800 WINGLETS;Nubosidad variable;14/04/18
AEA2618;VLC;SCQ;BOEING 737-800 WINGLETS;Nubosidad variable;14/04/18
AZA083;VLC;FCO;AIRBUS A320;Nubosidad variable;14/04/18
VLG3695;VLC;IBZ;AIRBUS A320;Nubosidad variable;14/04/18
VLG1315;VLC;BCN;AIRBUS A320;Nubosidad variable;14/04/18
RYR1070;VLC;EDI;BOEING 737-800 WINGLETS;Nubosidad variable;14/04/18
DLH1465;VLC;FRA;AIRBUS A321;Nubosidad variable;14/04/18
AEA4060;VLC;MAD;ATR-72;Nubosidad variable;14/04/18
UTN4452;BCN;KBP;BOEING 737-900 WINGLETS;Lluvia;14/04/18
EZY4418;BCN;LYS;AIRBUS A319;Lluvia;14/04/18
RYR9387;BCN;EMA;BOEING 737-800 WINGLETS;Lluvia;14/04/18
CSA689;BCN;PRG;BOEING 737-800 WINGLETS;Lluvia;14/04/18
EZY1698;BCN;NCE;32A;Lluvia;14/04/18
EZY8574;BCN;LGW;AIRBUS A319;Lluvia;14/04/18
RYR2233;BCN;NDR;BOEING 737-800 WINGLETS;Lluvia;14/04/18
IBK5552;BCN;ARN;BOEING 737-800 WINGLETS;Lluvia;14/04/18
BAW475;BCN;LHR;AIRBUS A320;Lluvia;14/04/18
SWR1955;BCN;ZRH;AIRBUS A321;Lluvia;14/04/18
AFR1649;BCN;CDG;AIRBUS A320;Lluvia;14/04/18
SBI892;BCN;DME;AIRBUS A321;Lluvia;14/04/18
VLG2123;BCN;AGP;32A;Lluvia;14/04/18
AEA6071;BCN;PMI;BOEING 737-800 WINGLETS;Lluvia;14/04/18
RYR8841;BCN;IBZ;BOEING 737-800 WINGLETS;Lluvia;14/04/18
RYR6320;BCN;VLL;BOEING 737-800 WINGLETS;Lluvia;14/04/18
TRA5136;BCN;AMS;BOEING 737-700 WINGLETS;Lluvia;14/04/18
IBE8499;MAH;PMI;ATR-42/72;Lluvia moderada;14/04/18
EZY8304;MAH;LGW;AIRBUS A319;Lluvia moderada;14/04/18
AEA4530;MAH;PMI;ATR-72;Lluvia moderada;14/04/18
IBE8493;MAH;PMI;BOMBARDIER CRJ-1000;Lluvia moderada;14/04/18
RYR6882;MAH;BCN;BOEING 737-800 WINGLETS;Lluvia moderada;14/04/18
VLG3709;MAH;BCN;32A;Lluvia moderada;14/04/18
HOP9615;MAH;LYS;BOMBARDIER CRJ-1000;Lluvia moderada;14/04/18
VLG3701;MAH;BCN;32A;Lluvia moderada;14/04/18
VLG8191;MAH;ORY;32B;Lluvia moderada;14/04/18
IBE8487;MAH;PMI;ATR-42/72;Lluvia moderada;14/04/18
FPO646;MAH;CDG;BOEING 737-700 WINGLETS;Lluvia moderada;14/04/18
VLG3719;MAH;BCN;AIRBUS A321;Lluvia moderada;14/04/18
IBE8481;MAH;PMI;BOMBARDIER CRJ-1000;Lluvia moderada;15/04/18
IBE8951;MAH;MAD;BOMBARDIER CRJ-1000;Lluvia moderada;15/04/18
AAL8615;MAH;MAD;BOMBARDIER CRJ-1000;Lluvia moderada;15/04/18
IBE8495;MAH;PMI;ATR-72;Lluvia moderada;15/04/18
VLG3713;MAH;BCN;AIRBUS A320;Lluvia moderada;15/04/18
IBB158;TFN;LPA;BOMBARDIER CRJ-1000;Despejado;14/04/18
IBB663;TFN;VDE;ATR-42/72;Despejado;14/04/18
VLG3255;TFN;SVQ;AIRBUS A320;Despejado;14/04/18
CNF452;TFN;SPC;ATR-72;Despejado;14/04/18
AEA9049;TFN;MAD;BOEING 737-800 WINGLETS;Despejado;14/04/18
IBB160;TFN;LPA;ATR-72;Despejado;14/04/18
IBB631;TFN;SPC;ATR-42/72;Despejado;14/04/18
VLG3217;TFN;BCN;32B;Despejado;14/04/18
AEA9465;TFN;SPC;ATR-72;Despejado;14/04/18
IBB470;TFN;ACE;ATR-42/72;Despejado;14/04/18
IBK6382;TFN;ALC;BOEING 737-800 WINGLETS;Despejado;14/04/18
IBB424;TFN;FUE;ATR-72;Despejado;14/04/18
CNF247;TFN;VDE;ATR-42/72;Despejado;14/04/18
CNF549;TFN;ACE;ATR-72;Despejado;14/04/18
IBB673;TFN;VDE;ATR-42/72;Despejado;14/04/18
IBB653;TFN;GMZ;ATR-42/72;Despejado;14/04/18
IBB623;TFN;SPC;ATR-42/72;Despejado;14/04/18
IBB170;TFN;LPA;ATR-72;Despejado;14/04/18
AEA9479;TFN;SPC;ATR-72;Despejado;14/04/18
SWR2553;SCQ;ZRH;AIRBUS A320;Nubosidad variable;14/04/18
RYR2574;SCQ;AGP;BOEING 737-800 WINGLETS;Nubosidad variable;14/04/18
RYR4478;SCQ;HHN;BOEING 737-800 WINGLETS;Nubosidad variable;14/04/18
EIN743;SCQ;DUB;AIRBUS A320;Nubosidad variable;14/04/18
DLH1111;SCQ;FRA;AIRBUS A320;Nubosidad variable;14/04/18
IBS3879;SCQ;MAD;AIRBUS A320;Nubosidad variable;14/04/18
VLG3137;SCQ;ACE;AIRBUS A320;Nubosidad variable;14/04/18
AEA7137;SCQ;LPA;BOEING 737-800 WINGLETS;Nubosidad variable;14/04/18
AEA2617;SCQ;VLC;BOEING 737-800 WINGLETS;Nubosidad variable;14/04/18
VLG1673;SCQ;BCN;32A;Nubosidad variable;14/04/18
RYR7004;SCQ;LPA;BOEING 737-800 WINGLETS;Nubosidad variable;14/04/18
IBE8367;SCQ;PMI;BOMBARDIER CRJ-1000;Nubosidad variable;14/04/18
RYR4579;SCQ;BGY;BOEING 737-800 WINGLETS;Nubosidad variable;15/04/18
VLG3247;SCQ;TFN;AIRBUS A320;Nubosidad variable;15/04/18
RYR7223;SCQ;VLC;BOEING 737-800 WINGLETS;Nubosidad variable;15/04/18
RYR6333;SCQ;BCN;BOEING 737-800 WINGLETS;Nubosidad variable;15/04/18
EZS1338;SCQ;GVA;AIRBUS A320;Nubosidad variable;15/04/18
IBS3877;SCQ;MAD;AIRBUS A321;Nubosidad variable;15/04/18
IBE8365;SCQ;PMI;CANADAIR CRJ-200;Nubosidad variable;15/04/18
RYR9375;GRO;TLL;BOEING 737-800 WINGLETS;Lluvia;14/04/18
RYR9002;GRO;BLL;BOEING 737-800 WINGLETS;Lluvia;14/04/18
RYR9307;GRO;PIK;BOEING 737-800 WINGLETS;Lluvia;14/04/18
RYR6393;GRO;NRN;BOEING 737-800 WINGLETS;Lluvia;14/04/18
RYR3653;GRO;BRE;BOEING 737-800 WINGLETS;Lluvia;14/04/18
RYR9911;GRO;BOH;BOEING 737-800 WINGLETS;Lluvia;14/04/18
RYR9123;GRO;EIN;BOEING 737-800 WINGLETS;Lluvia;15/04/18
RYR7083;GRO;OMR;BOEING 737-800 WINGLETS;Lluvia;15/04/18
RYR9555;GRO;FMM;BOEING 737-800 WINGLETS;Lluvia;15/04/18
RYR6901;GRO;CRL;BOEING 737-800 WINGLETS;Lluvia;15/04/18
RYR9305;GRO;LPL;BOEING 737-800 WINGLETS;Lluvia;15/04/18
RYR9172;GRO;WRO;BOEING 737-800 WINGLETS;Lluvia;15/04/18
RYR4125;GRO;HHN;BOEING 737-800 WINGLETS;Lluvia;15/04/18
RYR7037;GRO;DUB;BOEING 737-800 WINGLETS;Lluvia;15/04/18
RYR9364;GRO;PSR;BOEING 737-800 WINGLETS;Lluvia;15/04/18
RYR9241;GRO;PSA;BOEING 737-800 WINGLETS;Lluvia;15/04/18
RYR9803;GRO;STN;BOEING 737-800 WINGLETS;Lluvia;15/04/18
PBD832;GRO;VKO;BOEING 737-800 WINGLETS;Lluvia;15/04/18
RYR9211;GRO;FKB;BOEING 737-800 WINGLETS;Lluvia;15/04/18
RYR9335;GRO;BRS;BOEING 737-800 WINGLETS;Lluvia;15/04/18
RYR4482;GRO;RIX;BOEING 737-800 WINGLETS;Lluvia;15/04/18
RYR5122;GRO;POZ;BOEING 737-800 WINGLETS;Lluvia;15/04/18
IBE8270;AGP;MLN;ATR-72;Despejado;14/04/18
IBE8798;MAD;MLN;ATR-72;Nubosidad variable;14/04/18
IBE8272;AGP;MLN;ATR-72;Despejado;14/04/18
IBE8262;AGP;MLN;ATR-72;Despejado;15/04/18
IBE8792;MAD;MLN;ATR-72;Nubosidad variable;15/04/18
IBE8790;MAD;MLN;ATR-72;Nubosidad variable;15/04/18
IBE8264;AGP;MLN;ATR-72;Despejado;15/04/18
IBB663;TFN;VDE;ATR-42/72;Despejado;14/04/18
IBB365;LPA;VDE;ATR-72;Nubes altas;14/04/18
IBS2218;TFN;VDE;ATR-72;Despejado;17/04/18
CNF247;TFN;VDE;ATR-42/72;Despejado;14/04/18
IBB673;TFN;VDE;ATR-42/72;Despejado;14/04/18
IBB655;TFN;VDE;ATR-72;Despejado;15/04/18
IBB659;TFN;VDE;ATR-72;Despejado;15/04/18
IBB663;TFN;VDE;ATR-72;Despejado;15/04/18
JAF6198;LPA;CRL;BOEING 737-800 WINGLETS;Nubes altas;14/04/18
TAP1119;LPA;LIS;AIRBUS A319;Nubes altas;14/04/18
PRW648;LPA;ARN;BOEING 737-700 WINGLETS;Nubes altas;14/04/18
SAS4696;LPA;OSL;BOEING 737-800 WINGLETS;Nubes altas;14/04/18
DK1327;LPA;HEL;32B;Nubes altas;14/04/18
NAX9469;LPA;TRD;BOEING 737-800 WINGLETS;Nubes altas;14/04/18
NAX8431;LPA;OSL;BOEING 737-800 WINGLETS;Nubes altas;14/04/18
EXS478;LPA;LBA;BOEING 757-200  WINGLETS;Nubes altas;14/04/18
NVR180;LPA;OSL;32B;Nubes altas;14/04/18
IBB222;LPA;FUE;ATR-72;Nubes altas;14/04/18
NVR164;LPA;ARN;32B;Nubes altas;14/04/18
CNF653;LPA;TFN;ATR-72;Nubes altas;14/04/18
IBB135;LPA;TFN;BOMBARDIER CRJ-1000;Nubes altas;14/04/18
IBS3825;LPA;MAD;AIRBUS A320;Nubes altas;14/04/18
SAS7736;LPA;BLL;AIRBUS A321;Nubes altas;14/04/18
IBB365;LPA;VDE;ATR-72;Nubes altas;14/04/18
IBB522;LPA;ACE;ATR-72;Nubes altas;14/04/18
VLG3182;LPA;LYS;AIRBUS A320;Nubes altas;14/04/18
VLG3003;LPA;BCN;AIRBUS A321;Nubes altas;14/04/18
VLG3173;TFS;NTE;32A;Despejado;14/04/18
IBS3911;TFS;MAD;32A;Despejado;14/04/18
LLX5062;ACE;TFS;AIRBUS A321;Nubes altas;14/04/18
EXS634;TFS;EMA;BOEING 737-800 WINGLETS;Despejado;14/04/18
EXS728;TFS;EDI;BOEING 737-800 WINGLETS;Despejado;14/04/18
EXS918;TFS;MAN;BOEING 757-200  WINGLETS;Despejado;14/04/18
TCX1849;TFS;BFS;32B;Despejado;14/04/18
EXS156;TFS;GLA;BOEING 737-800 WINGLETS;Despejado;14/04/18
TCX1235;TFS;EMA;32B;Despejado;14/04/18
EXS224;TFS;LBA;BOEING 737-800 WINGLETS;Despejado;14/04/18
EXS518;TFS;NCL;BOEING 737-800 WINGLETS;Despejado;14/04/18
IBK1065;TFS;FCO;BOEING 737-800 WINGLETS;Despejado;14/04/18
LLX5862;TFS;PAD;AIRBUS A320;Despejado;14/04/18
EWG7533;TFS;HAM;BOEING 737-800 WINGLETS;Despejado;14/04/18
GMI4919;TFS;TXL;BOEING 737-700 WINGLETS;Despejado;14/04/18
IBK509;TFS;HEL;BOEING 737-800 WINGLETS;Despejado;14/04/18
EXS1664;TFS;STN;BOEING 737-800 WINGLETS;Despejado;14/04/18
BEL3782;TFS;BRU;AIRBUS A320;Despejado;14/04/18
TUI2231;TFS;SCN;BOEING 737-700 WINGLETS;Despejado;14/04/18
AEA7300;MAD;VGO;EMBRAER ERJ-195;Nubosidad variable;14/04/18
RYR245;BCN;VGO;BOEING 737-800 WINGLETS;Lluvia;14/04/18
AEA7306;MAD;VGO;EMBRAER ERJ-195;Nubosidad variable;14/04/18
IBE0538;MAD;VGO;AIRBUS A319;Nubosidad variable;14/04/18
AEA7308;MAD;VGO;EMBRAER ERJ-195;Nubosidad variable;15/04/18
AEA7302;MAD;VGO;EMBRAER ERJ-195;Nubosidad variable;15/04/18
IBS3843;SPC;MAD;AIRBUS A320;Nubes altas;14/04/18
CNF453;SPC;TFN;ATR-72;Nubes altas;14/04/18
IBB632;SPC;TFN;ATR-42/72;Nubes altas;14/04/18
AEA9466;SPC;TFN;ATR-72;Nubes altas;14/04/18
VLG3249;SPC;BCN;AIRBUS A320;Nubes altas;14/04/18
EWG2269;SPC;STR;32A;Nubes altas;14/04/18
IBB636;SPC;TFN;ATR-42/72;Nubes altas;14/04/18
IBB316;SPC;LPA;ATR-42/72;Nubes altas;14/04/18
AEA9480;SPC;TFN;ATR-72;Nubes altas;14/04/18
IBB638;SPC;TFN;ATR-42/72;Nubes altas;14/04/18
IBB640;SPC;TFN;ATR-72;Nubes altas;14/04/18
CNF468;SPC;TFN;ATR-72;Nubes altas;14/04/18
AEA9468;SPC;TFN;ATR-72;Nubes altas;14/04/18
IBB318;SPC;LPA;ATR-42/72;Nubes altas;14/04/18
IBB606;SPC;TFN;ATR-72;Nubes altas;15/04/18
IBB304;SPC;LPA;ATR-72;Nubes altas;15/04/18
CNF413;SPC;TFN;ATR-72;Nubes altas;15/04/18
IBB608;SPC;TFN;ATR-72;Nubes altas;15/04/18
TVS2434;SPC;CDG;BOEING 737-800 WINGLETS;Nubes altas;15/04/18
IBK5122;AGP;HEL;BOEING 737-800 WINGLETS;Despejado;14/04/18
RYR8749;AGP;NOC;BOEING 737-800 WINGLETS;Despejado;14/04/18
SAS4308;AGP;HEL;32A;Despejado;14/04/18
DLH1835;AGP;MUC;AIRBUS A321;Despejado;14/04/18
IBK5072;AGP;CPH;BOEING 737-800 WINGLETS;Despejado;14/04/18
AFL2621;AGP;SVO;BOEING 737-800 WINGLETS;Despejado;14/04/18
SAS6026;AGP;MMX;32A;Despejado;14/04/18
EZY8608;AGP;LGW;AIRBUS A319;Despejado;14/04/18
RYR2924;AGP;BRU;BOEING 737-800 WINGLETS;Despejado;14/04/18
RYR9157;AGP;DUB;BOEING 737-800 WINGLETS;Despejado;14/04/18
VOE2215;AGP;NTE;AIRBUS A319;Despejado;14/04/18
IBE8270;AGP;MLN;ATR-72;Despejado;14/04/18
RAM985;AGP;CMN;ATR-72;Despejado;14/04/18
IBK5106;AGP;HAJ;BOEING 737-800 WINGLETS;Despejado;14/04/18
RYR2575;AGP;EIN;BOEING 737-800 WINGLETS;Despejado;14/04/18
EZY2408;AGP;LTN;AIRBUS A319;Despejado;14/04/18
AEA1037;AGP;CDG;BOEING 737-800 WINGLETS;Despejado;14/04/18
KLM1040;AGP;AMS;BOEING 737-800 WINGLETS;Despejado;14/04/18
BEE4312;AGP;EXT;EMBRAER ERJ-195;Despejado;14/04/18
EZY8610;AGP;LGW;AIRBUS A319;Despejado;14/04/18
BTI678;AGP;RIX;CS3;Despejado;14/04/18
VLG6210;AGP;FCO;AIRBUS A320;Despejado;14/04/18
AEA7235;MAD;LCG;EMBRAER ERJ-195;Nubosidad variable;14/04/18
VLG3970;PMI;LCG;32A;Lluvia moderada;14/04/18
AEA7237;MAD;LCG;EMBRAER ERJ-195;Nubosidad variable;14/04/18
IBE0522;MAD;LCG;AIRBUS A320;Nubosidad variable;14/04/18
VLG1290;BCN;LCG;AIRBUS A320;Lluvia;14/04/18
VLG1294;BCN;LCG;AIRBUS A320;Lluvia;15/04/18
EWG7581;PMI;HAM;AIRBUS A319;Lluvia moderada;14/04/18
RYR111;PMI;SXF;BOEING 737-800 WINGLETS;Lluvia moderada;14/04/18
TUI2129;PMI;FRA;BOEING 737-800 WINGLETS;Lluvia moderada;14/04/18
TRA6512;PMI;EIN;BOEING 737-800 WINGLETS;Lluvia moderada;14/04/18
EWG9583;PMI;DUS;32A;Lluvia moderada;14/04/18
VLG9003;PMI;TLS;AIRBUS A320;Lluvia moderada;14/04/18
SWR2157;PMI;ZRH;32B;Lluvia moderada;14/04/18
DLH1153;PMI;FRA;32A;Lluvia moderada;14/04/18
EWG6828;PMI;BRE;AIRBUS A320;Lluvia moderada;14/04/18
ANE8633;PMI;VLC;CANADAIR CRJ-200;Lluvia moderada;14/04/18
EZY1516;PMI;GVA;32A;Lluvia moderada;14/04/18
EWG6800;PMI;LEJ;32A;Lluvia moderada;14/04/18
EWG9593;PMI;DUS;AIRBUS A320;Lluvia moderada;14/04/18
IBK6652;PMI;ARN;BOEING 737-800 WINGLETS;Lluvia moderada;14/04/18
RYR9338;PMI;CRL;BOEING 737-800 WINGLETS;Lluvia moderada;14/04/18
IBK6622;PMI;OSL;BOEING 737-800 WINGLETS;Lluvia moderada;14/04/18
AEA4033;PMI;ZAZ;EMBRAER ERJ-195;Lluvia moderada;14/04/18
EWG8599;PMI;TXL;AIRBUS A319;Lluvia moderada;14/04/18
VLG2858;PMI;ORY;AIRBUS A320;Lluvia moderada;14/04/18
TRA6192;PMI;RTM;BOEING 737-700 WINGLETS;Lluvia moderada;14/04/18
EZY2274;PMI;LTN;AIRBUS A319;Lluvia moderada;14/04/18
AEA6066;PMI;MAD;BOEING 737-800 WINGLETS;Lluvia moderada;14/04/18
RYR7063;ALC;DUB;BOEING 737-800 WINGLETS;Nubosidad variable;14/04/18
AEA2673;ALC;BIO;BOEING 737-800 WINGLETS;Nubosidad variable;14/04/18
IBK2439;ALC;LGW;BOEING 737-800 WINGLETS;Nubosidad variable;14/04/18
SBI876;ALC;DME;AIRBUS A321;Nubosidad variable;14/04/18
RYR9069;ALC;TRF;BOEING 737-800 WINGLETS;Nubosidad variable;14/04/18
RYR9098;ALC;KUN;BOEING 737-800 WINGLETS;Nubosidad variable;14/04/18
VLG7748;ALC;LED;32A;Nubosidad variable;14/04/18
TAP1123;ALC;LIS;ATR-42/72;Nubosidad variable;14/04/18
IBK5322;ALC;OSL;BOEING 737-800 WINGLETS;Nubosidad variable;14/04/18
RYR8975;ALC;STN;BOEING 737-800 WINGLETS;Nubosidad variable;14/04/18
RYR9056;ALC;BRE;BOEING 737-800 WINGLETS;Nubosidad variable;14/04/18
IBK5338;ALC;TRD;BOEING 737-800 WINGLETS;Nubosidad variable;14/04/18
JAF6462;ALC;OST;EMBRAER 190;Nubosidad variable;14/04/18
JAF6712;ALC;BRU;EMBRAER 190;Nubosidad variable;14/04/18
EZY7944;ALC;AMS;32A;Nubosidad variable;14/04/18
RYR9052;ALC;CRL;BOEING 737-800 WINGLETS;Nubosidad variable;14/04/18
AFL2523;ALC;SVO;BOEING 737-800 WINGLETS;Nubosidad variable;14/04/18
VLG1356;ALC;IBZ;AIRBUS A320;Nubosidad variable;14/04/18
EZY8666;ALC;LGW;AIRBUS A319;Nubosidad variable;14/04/18
RYR4025;ALC;HAM;BOEING 737-800 WINGLETS;Nubosidad variable;14/04/18
IBK5374;ALC;CPH;BOEING 737-800 WINGLETS;Nubosidad variable;14/04/18
AEA4027;ALC;PMI;ATR-72;Nubosidad variable;14/04/18
AEA6048;PMI;MAD;BOEING 737-800 WINGLETS;Lluvia moderada;14/04/18
IBE8319;EAS;MAD;ATR-72;Nubosidad variable;14/04/18
IBE8981;VLC;MAD;BOMBARDIER CRJ-1000;Nubosidad variable;14/04/18
IBS3827;LPA;MAD;AIRBUS A320;Nubes altas;14/04/18
IBS3901;FUE;MAD;AIRBUS A320;Nubes altas;14/04/18
LLX5062;ACE;TFS;AIRBUS A321;Nubes altas;14/04/18
CNF730;ACE;LPA;ATR-42/72;Nubes altas;14/04/18
JAF6834;ACE;BRU;BOEING 737-800 WINGLETS;Nubes altas;14/04/18
IBB455;ACE;TFN;ATR-42/72;Nubes altas;14/04/18
ENT5346;ACE;WRO;BOEING 737-800 WINGLETS;Nubes altas;14/04/18
AEA7117;ACE;SCQ;BOEING 737-800 WINGLETS;Nubes altas;14/04/18
EXS310;ACE;BFS;BOEING 737-800 WINGLETS;Nubes altas;14/04/18
EXS218;ACE;LBA;BOEING 737-800 WINGLETS;Nubes altas;14/04/18
VLG2473;ACE;BCN;32B;Nubes altas;14/04/18
VLG3286;ACE;ZRH;32A;Nubes altas;14/04/18
IBB519;ACE;LPA;ATR-42/72;Nubes altas;14/04/18
IBB471;ACE;TFN;ATR-42/72;Nubes altas;14/04/18
TVS3437;ACE;LYS;BOEING 737-800 WINGLETS;Nubes altas;14/04/18
EWG9555;ACE;DUS;AIRBUS A321;Nubes altas;14/04/18
IBB523;ACE;LPA;ATR-72;Nubes altas;14/04/18
TRA6358;ACE;EIN;BOEING 737-800 WINGLETS;Nubes altas;14/04/18
RYR2016;ACE;MAD;BOEING 737-800 WINGLETS;Nubes altas;14/04/18
VLG3138;ACE;OVD;AIRBUS A320;Nubes altas;14/04/18
CNF550;ACE;TFN;ATR-72;Nubes altas;14/04/18
EWG243;FUE;CGN;AIRBUS A320;Nubes altas;14/04/18
IBB213;FUE;LPA;ATR-42/72;Nubes altas;14/04/18
EXS522;FUE;NCL;BOEING 737-800 WINGLETS;Nubes altas;14/04/18
GMI3483;FUE;ERF;BOEING 737-700;Nubes altas;14/04/18
EXS250;FUE;LBA;BOEING 757-200  WINGLETS;Nubes altas;14/04/18
JAF6012;FUE;BRU;BOEING 737-800 WINGLETS;Nubes altas;14/04/18
EZY5924;FUE;TXL;32A;Nubes altas;14/04/18
EXS308;FUE;BFS;BOEING 737-300 WINGLETS;Nubes altas;14/04/18
IBB223;FUE;LPA;ATR-42/72;Nubes altas;14/04/18
GMI8813;FUE;FDH;AIRBUS A319;Nubes altas;14/04/18
EWG9547;FUE;DUS;32A;Nubes altas;14/04/18
GMI9827;FUE;FMO;AIRBUS A319;Nubes altas;14/04/18
VLG8419;FUE;AMS;32A;Nubes altas;14/04/18
GMI7807;FUE;NUE;AIRBUS A319;Nubes altas;14/04/18
EWG7527;FUE;HAM;BOEING 737-800 WINGLETS;Nubes altas;14/04/18
DE1441;FUE;HAM;BOEING 757-300 WINGLETS;Nubes altas;14/04/18
EZS1222;FUE;BSL;AIRBUS A320;Nubes altas;14/04/18
GMI1433;FUE;SXF;AIRBUS A319;Nubes altas;14/04/18
IBB221;FUE;LPA;ATR-42/72;Nubes altas;14/04/18
IBB425;FUE;TFN;ATR-72;Nubes altas;14/04/18
GMI7123;FUE;DRS;BOEING 737-700 WINGLETS;Nubes altas;14/04/18
DE1403;FUE;FRA;BOEING 757-200  WINGLETS;Nubes altas;14/04/18
TUI2139;FUE;FRA;BOEING 737-800 WINGLETS;Nubes altas;14/04/18
IBE0404;MAD;XRY;AIRBUS A319;Nubosidad variable;14/04/18
RYR1283;BCN;XRY;BOEING 737-800 WINGLETS;Lluvia;14/04/18
IBE0406;MAD;XRY;AIRBUS A319;Nubosidad variable;14/04/18
IBE0410;MAD;XRY;AIRBUS A320;Nubosidad variable;15/04/18
VLG2286;BCN;XRY;AIRBUS A320;Lluvia;15/04/18
RYR1283;BCN;XRY;BOEING 737-800 WINGLETS;Lluvia;15/04/18
IBE8592;MAD;LEI;BOMBARDIER CRJ-1000;Nubosidad variable;14/04/18
IBE8594;MAD;LEI;BOMBARDIER CRJ-1000;Nubosidad variable;15/04/18
AEA2887;BCN;LEI;BOEING 737-800 WINGLETS;Lluvia;15/04/18
VLG1251;BCN;LEI;AIRBUS A320;Lluvia;15/04/18
IBE8598;MAD;LEI;CANADAIR CRJ-900;Nubosidad variable;15/04/18
AEA2633;ZAZ;LEI;BOEING 737-800 WINGLETS;Nubes altas;15/04/18
IBE8212;PMI;LEI;CANADAIR CRJ-200;Despejado;17/04/18
AEA7153;MAD;BIO;EMBRAER ERJ-195;Nubosidad variable;14/04/18
IBE8675;IBZ;BIO;BOMBARDIER CRJ-1000;Llovizna;14/04/18
AEA2673;ALC;BIO;BOEING 737-800 WINGLETS;Nubosidad variable;14/04/18
IBE0438;MAD;BIO;AIRBUS A319;Nubosidad variable;14/04/18
VLG1426;BCN;BIO;AIRBUS A320;Lluvia;14/04/18
VLG3511;IBZ;BCN;32A;Llovizna;14/04/18
RYR6432;IBZ;LPL;BOEING 737-800 WINGLETS;Llovizna;14/04/18
RYR6702;IBZ;BLQ;BOEING 737-800 WINGLETS;Llovizna;14/04/18
AEA1707;IBZ;PMI;ATR-72;Llovizna;14/04/18
ANE2193;IBZ;BRU;BOMBARDIER CRJ-1000;Llovizna;14/04/18
BAW453;IBZ;LHR;AIRBUS A321;Llovizna;14/04/18
RYR8147;IBZ;AGP;BOEING 737-800 WINGLETS;Llovizna;14/04/18
DLH1819;IBZ;MUC;AIRBUS A320;Llovizna;14/04/18
LAV5302;IBZ;MXP;BOEING 737-800 WINGLETS;Llovizna;14/04/18
TRA5690;IBZ;RTM;BOEING 737-800 WINGLETS;Llovizna;14/04/18
JAF9520;IBZ;FRA;BOEING 737-800 WINGLETS;Llovizna;14/04/18
KLM1498;IBZ;AMS;BOEING 737-700 WINGLETS;Llovizna;14/04/18
RYR8842;IBZ;BCN;BOEING 737-800 WINGLETS;Llovizna;14/04/18
RYR3542;IBZ;EIN;BOEING 737-800 WINGLETS;Llovizna;14/04/18
IBE8125;IBZ;PMI;BOMBARDIER CRJ-1000;Llovizna;14/04/18
VLG2425;IBZ;SVQ;AIRBUS A320;Llovizna;14/04/18
VLG1355;IBZ;ALC;32A;Llovizna;14/04/18
SRK2127;IBZ;BRN;SAAB 2000;Llovizna;14/04/18
IBE8129;IBZ;PMI;ATR-42/72;Llovizna;14/04/18
IBE8905;IBZ;ALC;BOMBARDIER CRJ-1000;Llovizna;14/04/18
VLG3517;IBZ;BCN;AIRBUS A320;Llovizna;14/04/18
VLG2433;MAH;SVQ;AIRBUS A320;Lluvia moderada;14/04/18
IBS3952;MAD;SVQ;AIRBUS A320;Nubosidad variable;14/04/18
EVE1101;ALC;SVQ;32A;Nubosidad variable;14/04/18
VLG2425;IBZ;SVQ;AIRBUS A320;Llovizna;14/04/18
IBS3948;MAD;SVQ;AIRBUS A320;Nubosidad variable;14/04/18
RYR7723;LPA;SVQ;BOEING 737-800 WINGLETS;Nubes altas;14/04/18
VLG2256;BCN;SVQ;AIRBUS A320;Lluvia;14/04/18
VLG3047;LPA;SVQ;AIRBUS A320;Nubes altas;14/04/18
IBE8642;MAD;GRX;CANADAIR CRJ-900;Nubosidad variable;14/04/18
VLG2014;BCN;GRX;AIRBUS A320;Lluvia;14/04/18
VLG2016;BCN;GRX;AIRBUS A320;Lluvia;14/04/18
IBE8648;MAD;GRX;BOMBARDIER CRJ-1000;Nubosidad variable;14/04/18
VLG2010;BCN;GRX;AIRBUS A321;Lluvia;15/04/18
IBE8640;MAD;GRX;BOMBARDIER CRJ-1000;Nubosidad variable;15/04/18
VLG2020;BCN;GRX;AIRBUS A320;Lluvia;15/04/18
AEA5201;PMI;GRX;EMBRAER ERJ-195;Lluvia moderada;15/04/18
VLG3933;PMI;GRX;AIRBUS A320;Lluvia moderada;15/04/18
IBE8646;MAD;GRX;BOMBARDIER CRJ-1000;Nubosidad variable;15/04/18
AEA4065;MAD;VLC;ATR-72;Nubosidad variable;14/04/18
IBE8633;PMI;VLC;CANADAIR CRJ-200;Despejado;17/04/18
IBE8099;TFN;VLC;BOMBARDIER CRJ-1000;Despejado;14/04/18
RYR2215;SDR;VLC;BOEING 737-800 WINGLETS;Despejado;14/04/18
IBE8972;MAD;VLC;BOMBARDIER CRJ-1000;Nubosidad variable;14/04/18
VLG3952;PMI;VLC;AIRBUS A320;Lluvia moderada;14/04/18
AAL8616;MAD;VLC;BOMBARDIER CRJ-1000;Nubosidad variable;14/04/18
IBE8661;VIT;MAH;BOMBARDIER CRJ-1000;Abertura de claros;14/04/18
AEA4531;PMI;MAH;ATR-72;Lluvia moderada;14/04/18
RYR6881;BCN;MAH;BOEING 737-800 WINGLETS;Lluvia;14/04/18
VLG3716;BCN;MAH;32A;Lluvia;14/04/18
VLG3700;BCN;MAH;32A;Lluvia;14/04/18
IBE8492;PMI;MAH;ATR-42/72;Despejado;17/04/18
IBE8496;PMI;MAH;BOMBARDIER CRJ-1000;Despejado;17/04/18
VLG3718;BCN;MAH;AIRBUS A321;Lluvia;14/04/18
IBE8954;MAD;MAH;BOMBARDIER CRJ-1000;Nubosidad variable;14/04/18
IBE8494;PMI;MAH;ATR-72;Despejado;17/04/18
VLG3712;BCN;MAH;AIRBUS A320;Lluvia;15/04/18
IBE8480;PMI;MAH;BOMBARDIER CRJ-1000;Despejado;17/04/18
VLG3511;IBZ;BCN;32A;Llovizna;14/04/18
RYR2897;PMI;BCN;BOEING 737-800 WINGLETS;Lluvia moderada;14/04/18
RYR6387;AGP;BCN;BOEING 737-800 WINGLETS;Despejado;14/04/18
IBK5757;TFN;BCN;BOEING 737-800 WINGLETS;Despejado;14/04/18
AEA6067;MAD;PMI;BOEING 737-800 WINGLETS;Nubosidad variable;14/04/18
ANE8115;IBZ;PMI;BOMBARDIER CRJ-1000;Despejado;17/04/18
AEA1707;IBZ;PMI;ATR-72;Llovizna;14/04/18
AEA6071;BCN;PMI;BOEING 737-800 WINGLETS;Lluvia;14/04/18
AEA9118;MAD;TFN;BOEING 737-800 WINGLETS;Nubosidad variable;14/04/18
VLG3216;BCN;TFN;32B;Lluvia;14/04/18
IBB147;LPA;TFN;ATR-72;Nubes altas;14/04/18
IBB622;SPC;TFN;ATR-42/72;Nubes altas;14/04/18
IBK6379;MAD;TFN;BOEING 737-800 WINGLETS;Nubosidad variable;14/04/18
IBB417;FUE;TFN;ATR-42/72;Nubes altas;14/04/18
IBB455;ACE;TFN;ATR-42/72;Nubes altas;14/04/18
CNF653;LPA;TFN;ATR-72;Nubes altas;14/04/18
IBB135;LPA;TFN;BOMBARDIER CRJ-1000;Nubes altas;14/04/18
CNF453;SPC;TFN;ATR-72;Nubes altas;14/04/18
IBB664;VDE;TFN;ATR-42/72;Despejado;14/04/18
IBB632;SPC;TFN;ATR-42/72;Nubes altas;14/04/18
IBB167;LPA;TFN;ATR-72;Nubes altas;14/04/18
LAV5548;BIO;TFN;BOEING 737-400;Nubosidad variable;14/04/18
IBS3940;MAD;TFN;AIRBUS A320;Nubosidad variable;14/04/18
AEA9466;SPC;TFN;ATR-72;Nubes altas;14/04/18
AEA9048;MAD;TFN;AIRBUS A330-200;Nubosidad variable;14/04/18
IBE8269;MLN;AGP;ATR-72;Despejado;14/04/18
AEA5039;MAD;AGP;ATR-72;Nubosidad variable;14/04/18
VLG3069;LPA;AGP;AIRBUS A320;Nubes altas;14/04/18
RYR2594;SDR;AGP;BOEING 737-800 WINGLETS;Despejado;14/04/18
VLG3141;ACE;AGP;AIRBUS A320;Nubes altas;14/04/18
AEA4049;MAD;ALC;ATR-72;Nubosidad variable;14/04/18
ANE8909;TFN;ALC;CANADAIR CRJ-900;Despejado;17/04/18
EVE1124;VGO;ALC;32A;Nubosidad variable;14/04/18
ANE8805;LPA;ALC;BOMBARDIER CRJ-1000;Despejado;17/04/18
ANE8394;MAD;ALC;BOMBARDIER CRJ-1000;Despejado;17/04/18
IBB158;TFN;LPA;BOMBARDIER CRJ-1000;Despejado;14/04/18
VLG3002;BCN;LPA;32B;Lluvia;14/04/18
CNF730;ACE;LPA;ATR-42/72;Nubes altas;14/04/18
IBB213;FUE;LPA;ATR-42/72;Nubes altas;14/04/18
IBB160;TFN;LPA;ATR-72;Despejado;14/04/18
IBK5801;BCN;LPA;BOEING 737-800 WINGLETS;Lluvia;14/04/18
IBS3828;MAD;LPA;AIRBUS A320;Nubosidad variable;14/04/18
CNF452;TFN;SPC;ATR-72;Despejado;14/04/18
IBB631;TFN;SPC;ATR-42/72;Despejado;14/04/18
IBE2228;TFN;SPC;ATR-42/72;Despejado;17/04/18
VLG3248;BCN;SPC;AIRBUS A320;Lluvia;14/04/18
AEA9465;TFN;SPC;ATR-72;Despejado;14/04/18
IBB623;TFN;SPC;ATR-42/72;Despejado;14/04/18
AEA9479;TFN;SPC;ATR-72;Despejado;14/04/18
IBB315;LPA;SPC;ATR-72;Nubes altas;14/04/18
IBB637;TFN;SPC;ATR-42/72;Despejado;14/04/18
IBB639;TFN;SPC;ATR-72;Despejado;14/04/18
CNF467;TFN;SPC;ATR-72;Despejado;14/04/18
AEA9467;TFN;SPC;ATR-72;Despejado;14/04/18
IBB627;TFN;SPC;ATR-42/72;Despejado;14/04/18
IBB317;LPA;SPC;ATR-72;Nubes altas;14/04/18
IBB605;TFN;SPC;ATR-72;Despejado;15/04/18
IBB309;LPA;SPC;ATR-72;Nubes altas;15/04/18
CNF412;TFN;SPC;ATR-72;Despejado;15/04/18
IBB607;TFN;SPC;ATR-72;Despejado;15/04/18
AEA9461;TFN;SPC;ATR-72;Despejado;15/04/18
CNF418;TFN;SPC;ATR-72;Despejado;15/04/18
IBB615;TFN;SPC;ATR-72;Despejado;15/04/18
VLG2472;BCN;ACE;32B;Lluvia;14/04/18
IBB470;TFN;ACE;ATR-42/72;Despejado;14/04/18
IBB522;LPA;ACE;ATR-72;Nubes altas;14/04/18
VLG3139;OVD;ACE;AIRBUS A320;Nubosidad variable;14/04/18
CNF549;TFN;ACE;ATR-72;Despejado;14/04/18
RYR2573;AGP;SCQ;BOEING 737-800 WINGLETS;Despejado;14/04/18
RYR723;PMI;SCQ;BOEING 737-800 WINGLETS;Lluvia moderada;14/04/18
IBS3878;MAD;SCQ;AIRBUS A320;Nubosidad variable;14/04/18
AEA7117;ACE;SCQ;BOEING 737-800 WINGLETS;Nubes altas;14/04/18
AEA2618;VLC;SCQ;BOEING 737-800 WINGLETS;Nubosidad variable;14/04/18
VLG1672;BCN;SCQ;32A;Lluvia;14/04/18
RYR7003;LPA;SCQ;BOEING 737-800 WINGLETS;Nubes altas;14/04/18
IBE8205;TFN;SCQ;BOMBARDIER CRJ-1000;Despejado;14/04/18
VLG3136;ACE;SCQ;AIRBUS A320;Nubes altas;14/04/18
RYR7222;VLC;SCQ;BOEING 737-800 WINGLETS;Nubosidad variable;15/04/18
RYR6332;BCN;SCQ;BOEING 737-800 WINGLETS;Lluvia;15/04/18
IBS3876;MAD;SCQ;AIRBUS A321;Nubosidad variable;15/04/18
IBE8356;BIO;SCQ;CANADAIR CRJ-200;Nubosidad variable;15/04/18
VLG1670;BCN;SCQ;AIRBUS A320;Lluvia;15/04/18
LLX5062;ACE;TFS;AIRBUS A321;Nubes altas;14/04/18
IBB212;LPA;FUE;ATR-72;Nubes altas;14/04/18
IBB222;LPA;FUE;ATR-72;Nubes altas;14/04/18
IBB424;TFN;FUE;ATR-72;Despejado;14/04/18
IBB214;LPA;FUE;ATR-72;Nubes altas;14/04/18
RYR8146;AGP;IBZ;BOEING 737-800 WINGLETS;Despejado;14/04/18
RYR8841;BCN;IBZ;BOEING 737-800 WINGLETS;Lluvia;14/04/18
IBE8124;PMI;IBZ;BOMBARDIER CRJ-1000;Despejado;17/04/18
VLG2424;SVQ;IBZ;AIRBUS A320;Nubes altas;14/04/18
VLG1356;ALC;IBZ;AIRBUS A320;Nubosidad variable;14/04/18
IBE8128;PMI;IBZ;ATR-42/72;Despejado;17/04/18
IBE8674;BIO;IBZ;BOMBARDIER CRJ-1000;Nubosidad variable;14/04/18
VLG3516;BCN;IBZ;32A;Lluvia;14/04/18
IBE8906;ALC;IBZ;BOMBARDIER CRJ-1000;Despejado;17/04/18
VLG3695;VLC;IBZ;AIRBUS A320;Nubosidad variable;14/04/18
IBE8331;BJZ;MAD;CANADAIR CRJ-200;Nubosidad variable;15/04/18
IBE8313;BJZ;BCN;BOMBARDIER CRJ-1000;Nubosidad variable;15/04/18
IBB652;GMZ;TFN;ATR-42/72;Nubes altas;14/04/18
IBB650;GMZ;TFN;ATR-72;Nubes altas;15/04/18
IBE8661;VIT;MAH;BOMBARDIER CRJ-1000;Abertura de claros;14/04/18
RYR5538;VIT;BGY;BOEING 737-800 WINGLETS;Abertura de claros;15/04/18
IBE8525;PNA;MAD;CANADAIR CRJ-200;Nubosidad variable;14/04/18
IBE8529;PNA;MAD;BOMBARDIER CRJ-1000;Nubosidad variable;15/04/18
DLH1119;PNA;FRA;AIRBUS A320;Nubosidad variable;15/04/18
IBE8525;PNA;MAD;CANADAIR CRJ-900;Nubosidad variable;15/04/18
IBB653;TFN;GMZ;ATR-42/72;Despejado;14/04/18
IBB651;TFN;GMZ;ATR-72;Despejado;15/04/18
IBE8330;MAD;BJZ;CANADAIR CRJ-200;Nubosidad variable;15/04/18
IBE8312;BCN;BJZ;BOMBARDIER CRJ-1000;Despejado;17/04/18
EZY2208;REU;LTN;AIRBUS A319;Lluvia;14/04/18
RYR2829;REU;CRL;BOEING 737-800 WINGLETS;Lluvia;14/04/18
RYR1115;REU;DUB;BOEING 737-800 WINGLETS;Lluvia;15/04/18
RYR9825;REU;LPL;BOEING 737-800 WINGLETS;Lluvia;15/04/18
RYR9827;REU;HHN;BOEING 737-800 WINGLETS;Lluvia;15/04/18
RYR8088;REU;BHX;BOEING 737-800 WINGLETS;Lluvia;15/04/18
IBE8329;EAS;MAD;ATR-72;Nubosidad variable;14/04/18
VLG2489;EAS;BCN;AIRBUS A319;Nubosidad variable;14/04/18
IBE8317;EAS;MAD;ATR-72;Nubosidad variable;15/04/18
VLG2487;EAS;BCN;AIRBUS A319;Nubosidad variable;15/04/18
IBE8319;EAS;MAD;ATR-72;Nubosidad variable;15/04/18
IBE8329;EAS;MAD;ATR-72;Nubosidad variable;15/04/18
RYR6321;VLL;BCN;BOEING 737-800 WINGLETS;Nubosidad variable;14/04/18
IBS9530;VLL;PMI;AIRBUS A320;Nubosidad variable;15/04/18
RYR2200;VLL;SVQ;BOEING 737-800 WINGLETS;Nubosidad variable;15/04/18
EVE1128;VLL;SVQ;AIRBUS A320;Nubosidad variable;15/04/18
RYR6321;VLL;BCN;BOEING 737-800 WINGLETS;Nubosidad variable;15/04/18
IBB664;VDE;TFN;ATR-42/72;Despejado;14/04/18
IBB366;VDE;LPA;ATR-72;Despejado;14/04/18
IBS2247;VDE;TFN;ATR-72;Despejado;14/04/18
CNF248;VDE;TFN;ATR-42/72;Despejado;14/04/18
IBB674;VDE;TFN;ATR-42/72;Despejado;14/04/18
IBB656;VDE;TFN;ATR-72;Despejado;15/04/18
IBB662;VDE;TFN;ATR-72;Despejado;15/04/18
IBB668;VDE;TFN;ATR-72;Despejado;15/04/18
IBB366;VDE;LPA;ATR-72;Despejado;15/04/18
AEA7236;LCG;MAD;EMBRAER ERJ-195;Nubosidad variable;14/04/18
VLG7104;LCG;LHR;32A;Nubosidad variable;14/04/18
AEA7238;LCG;MAD;EMBRAER ERJ-195;Nubosidad variable;14/04/18
VLG1291;LCG;BCN;AIRBUS A320;Nubosidad variable;14/04/18
IBE0511;LCG;MAD;AIRBUS A320;Nubosidad variable;15/04/18
VLG3133;LCG;LPA;AIRBUS A320;Nubosidad variable;15/04/18
VLG1295;LCG;BCN;AIRBUS A320;Nubosidad variable;15/04/18
TAP1085;LCG;LIS;ATR-72;Nubosidad variable;15/04/18
VLG1293;LCG;BCN;AIRBUS A320;Nubosidad variable;15/04/18
AEA7234;LCG;MAD;EMBRAER ERJ-195;Nubosidad variable;15/04/18
IBE8524;MAD;PNA;CANADAIR CRJ-200;Nubosidad variable;14/04/18
IBE8526;MAD;PNA;BOMBARDIER CRJ-1000;Nubosidad variable;14/04/18
IBE8524;MAD;PNA;CANADAIR CRJ-900;Nubosidad variable;15/04/18
IBE8793;MLN;MAD;ATR-72;Despejado;14/04/18
IBE8271;MLN;AGP;ATR-72;Despejado;14/04/18
IBE8261;MLN;AGP;ATR-72;Despejado;15/04/18
IBE8789;MLN;MAD;ATR-72;Despejado;15/04/18
IBE8791;MLN;MAD;ATR-72;Despejado;15/04/18
IBE8263;MLN;AGP;ATR-72;Despejado;15/04/18
IBE8793;MLN;MAD;ATR-72;Despejado;15/04/18
IBE8269;MLN;AGP;ATR-72;Despejado;15/04/18
IBE8271;MLN;AGP;ATR-72;Despejado;15/04/18
AEA091;MAD;JFK;AIRBUS A330-200;Nubosidad variable;14/04/18
UAE142;MAD;DXB;AIRBUS A380-800;Nubosidad variable;14/04/18
IBE8322;MAD;EAS;ATR-72;Nubosidad variable;14/04/18
IBE3214;MAD;BRU;AIRBUS A321;Nubosidad variable;14/04/18
IBE3236;MAD;FCO;AIRBUS A320;Nubosidad variable;14/04/18
MSR754;MAD;CAI;BOEING 737-800 WINGLETS;Nubosidad variable;14/04/18
IBE3166;MAD;LHR;AIRBUS A340-600;Nubosidad variable;14/04/18
AEA1155;MAD;LIS;EMBRAER ERJ-195;Nubosidad variable;14/04/18
IBE3122;MAD;VIE;AIRBUS A319;Nubosidad variable;14/04/18
WZZ3192;ZAZ;OTP;AIRBUS A320;Nubes altas;14/04/18
AEA4032;ZAZ;PMI;EMBRAER ERJ-195;Nubes altas;14/04/18
WZZ3418;ZAZ;CLJ;AIRBUS A320;Nubes altas;14/04/18
RYR2635;ZAZ;STN;BOEING 737-800 WINGLETS;Nubes altas;14/04/18
RYR4634;ZAZ;BGY;BOEING 737-800 WINGLETS;Nubes altas;15/04/18
EVE1606;ZAZ;SVQ;AIRBUS A320;Nubes altas;15/04/18
AEA2633;ZAZ;LEI;BOEING 737-800 WINGLETS;Nubes altas;15/04/18
RYR2635;ZAZ;STN;BOEING 737-800 WINGLETS;Nubes altas;15/04/18
TAP1141;VGO;LIS;ATR-42/72;Nubosidad variable;14/04/18
AEA7317;VGO;MAD;EMBRAER ERJ-195;Nubosidad variable;14/04/18
RYR246;VGO;BCN;BOEING 737-800 WINGLETS;Nubosidad variable;14/04/18
AEA7319;VGO;MAD;EMBRAER ERJ-195;Nubosidad variable;14/04/18
AEA7311;VGO;MAD;EMBRAER ERJ-195;Nubosidad variable;15/04/18
IBE0531;VGO;MAD;AIRBUS A319;Nubosidad variable;15/04/18
RYR242;VGO;DUB;BOEING 737-800 WINGLETS;Nubosidad variable;15/04/18
RYR7132;VGO;BGY;BOEING 737-800 WINGLETS;Nubosidad variable;15/04/18
AEA7315;VGO;MAD;EMBRAER ERJ-195;Nubosidad variable;15/04/18
IBE0405;XRY;MAD;AIRBUS A319;Nubosidad variable;14/04/18
RYR1284;XRY;BCN;BOEING 737-800 WINGLETS;Nubosidad variable;14/04/18
IBE0407;XRY;MAD;AIRBUS A320;Nubosidad variable;15/04/18
EWG575;XRY;CGN;AIRBUS A319;Nubosidad variable;15/04/18
JAF7922;XRY;BRU;EMBRAER 190;Nubosidad variable;15/04/18
EWG9571;XRY;DUS;32A;Nubosidad variable;15/04/18
RYR8397;XRY;STN;BOEING 737-800 WINGLETS;Nubosidad variable;15/04/18
IBE0411;XRY;MAD;AIRBUS A320;Nubosidad variable;15/04/18
VLG2287;XRY;BCN;AIRBUS A320;Nubosidad variable;15/04/18
RYR1284;XRY;BCN;BOEING 737-800 WINGLETS;Nubosidad variable;15/04/18
IBE0405;XRY;MAD;AIRBUS A320;Nubosidad variable;15/04/18
IBE8322;MAD;EAS;ATR-72;Nubosidad variable;14/04/18
VLG2488;BCN;EAS;AIRBUS A319;Lluvia;14/04/18
IBE8324;MAD;EAS;ATR-72;Nubosidad variable;14/04/18
VLG2486;BCN;EAS;AIRBUS A319;Lluvia;15/04/18
IBE8316;MAD;EAS;ATR-72;Nubosidad variable;15/04/18
IBE8322;MAD;EAS;ATR-72;Nubosidad variable;15/04/18
IBE8318;MAD;EAS;ATR-72;Nubosidad variable;15/04/18
IBE8601;LEI;MAD;BOMBARDIER CRJ-1000;Despejado;14/04/18
BAW421;LEI;LHR;AIRBUS A320;Despejado;14/04/18
TRA5644;LEI;RTM;BOEING 737-700 WINGLETS;Despejado;14/04/18
RYR7319;LEI;DUB;BOEING 737-800 WINGLETS;Despejado;14/04/18
BEL3776;LEI;BRU;AIRBUS A320;Despejado;15/04/18
EZY8164;LEI;LGW;AIRBUS A319;Despejado;15/04/18
IBE8595;LEI;MAD;BOMBARDIER CRJ-1000;Despejado;15/04/18
AEA2634;LEI;ZAZ;BOEING 737-800 WINGLETS;Despejado;15/04/18
IBE8213;LEI;PMI;CANADAIR CRJ-200;Despejado;15/04/18
VLG1252;LEI;BCN;AIRBUS A320;Despejado;15/04/18
IBE8577;LEI;MAD;CANADAIR CRJ-900;Despejado;15/04/18
AEA2888;LEI;BCN;BOEING 737-800 WINGLETS;Despejado;15/04/18
IBE8589;LEI;MAD;CANADAIR CRJ-200;Despejado;15/04/18
IBE8601;LEI;MAD;BOMBARDIER CRJ-1000;Despejado;15/04/18
RYR4117;MJV;MAN;BOEING 737-800 WINGLETS;Abertura de claros;14/04/18
NAX1703;MJV;OSL;BOEING 737-800 WINGLETS;Abertura de claros;14/04/18
RYR3453;MJV;LTN;BOEING 737-800 WINGLETS;Abertura de claros;14/04/18
EZY7426;MJV;SEN;AIRBUS A319;Abertura de claros;14/04/18
BAW449;MJV;LHR;32A;Abertura de claros;14/04/18
RYR8027;MJV;STN;BOEING 737-800 WINGLETS;Abertura de claros;14/04/18
EZY8554;MJV;LGW;32A;Abertura de claros;14/04/18
RYR7095;MJV;DUB;BOEING 737-800 WINGLETS;Abertura de claros;14/04/18
EZY8550;MJV;LGW;AIRBUS A319;Abertura de claros;15/04/18
EZY6014;MJV;BRS;AIRBUS A320;Abertura de claros;15/04/18
RYR1925;MJV;EMA;BOEING 737-800 WINGLETS;Abertura de claros;15/04/18
RYR4253;MJV;FRA;BOEING 737-800 WINGLETS;Abertura de claros;15/04/18
EZY8552;MJV;LGW;AIRBUS A319;Abertura de claros;15/04/18
RYR1940;MJV;EIN;BOEING 737-800 WINGLETS;Abertura de claros;15/04/18
IBE0557;SDR;MAD;AIRBUS A319;Despejado;14/04/18
RYR1573;SDR;SXF;BOEING 737-800 WINGLETS;Despejado;14/04/18
WZZ1480;SDR;WAW;AIRBUS A320;Despejado;15/04/18
RYR7617;SDR;EDI;BOEING 737-800 WINGLETS;Despejado;15/04/18
RYR6385;SDR;BCN;BOEING 737-800 WINGLETS;Despejado;15/04/18
IBE0555;SDR;MAD;AIRBUS A319;Despejado;15/04/18
RYR9156;SDR;CIA;BOEING 737-800 WINGLETS;Despejado;15/04/18
RYR7153;SDR;DUB;BOEING 737-800 WINGLETS;Despejado;15/04/18
IBE0557;SDR;MAD;AIRBUS A319;Despejado;15/04/18
VLG1591;SDR;BCN;AIRBUS A320;Despejado;15/04/18
AEA9049;TFN;MAD;BOEING 737-800 WINGLETS;Despejado;14/04/18
IBB160;TFN;LPA;ATR-72;Despejado;14/04/18
VLG3217;TFN;BCN;32B;Despejado;14/04/18
IBB470;TFN;ACE;ATR-42/72;Despejado;14/04/18
AEA9465;TFN;SPC;ATR-72;Despejado;14/04/18
IBK6382;TFN;ALC;BOEING 737-800 WINGLETS;Despejado;14/04/18
IBB424;TFN;FUE;ATR-72;Despejado;14/04/18
CNF247;TFN;VDE;ATR-42/72;Despejado;14/04/18
CNF549;TFN;ACE;ATR-72;Despejado;14/04/18
IBB673;TFN;VDE;ATR-42/72;Despejado;14/04/18
IBB653;TFN;GMZ;ATR-42/72;Despejado;14/04/18
IBB623;TFN;SPC;ATR-42/72;Despejado;14/04/18
IBB170;TFN;LPA;ATR-72;Despejado;14/04/18
AEA9479;TFN;SPC;ATR-72;Despejado;14/04/18
IBS3955;TFN;MAD;AIRBUS A320;Despejado;14/04/18
AEA9117;TFN;MAD;AIRBUS A330-200;Despejado;14/04/18
IBB637;TFN;SPC;ATR-42/72;Despejado;14/04/18
RYR6320;BCN;VLL;BOEING 737-800 WINGLETS;Lluvia;14/04/18
IBS9528;PMI;VLL;AIRBUS A320;Lluvia moderada;15/04/18
RYR2199;SVQ;VLL;BOEING 737-800 WINGLETS;Nubes altas;15/04/18
EVE1127;SVQ;VLL;AIRBUS A320;Nubes altas;15/04/18
RYR6320;BCN;VLL;BOEING 737-800 WINGLETS;Lluvia;15/04/18
IBE8674;BIO;IBZ;BOMBARDIER CRJ-1000;Nubosidad variable;14/04/18
AEA7154;BIO;MAD;EMBRAER ERJ-195;Nubosidad variable;14/04/18
EZY3226;BIO;STN;AIRBUS A319;Nubosidad variable;14/04/18
THY1318;BIO;IST;AIRBUS A319;Nubosidad variable;14/04/18
EIN749;BIO;DUB;AIRBUS A320;Nubosidad variable;14/04/18
AEA2660;BIO;BCN;BOEING 737-800 WINGLETS;Nubosidad variable;14/04/18
VLG1427;BIO;BCN;AIRBUS A320;Nubosidad variable;14/04/18
IBE0449;BIO;MAD;AIRBUS A319;Nubosidad variable;14/04/18
AFR1577;BIO;CDG;EMBRAER 170;Nubosidad variable;14/04/18
VLG7292;BIO;LGW;32A;Nubosidad variable;14/04/18
DLH1827;BIO;MUC;AIRBUS A320;Nubosidad variable;14/04/18
DLH1145;BIO;FRA;AIRBUS A321;Nubosidad variable;14/04/18
SWR2059;BIO;ZRH;AIRBUS A320;Nubosidad variable;14/04/18
VLG3944;BIO;PMI;AIRBUS A320;Nubosidad variable;14/04/18
IBS3613;OVD;TFN;AIRBUS A320;Nubosidad variable;14/04/18
IBS3610;OVD;LHR;AIRBUS A320;Nubosidad variable;14/04/18
TAP1113;OVD;LIS;ATR-42/72;Nubosidad variable;14/04/18
VLG1572;OVD;BCN;AIRBUS A320;Nubosidad variable;15/04/18
VOE3584;OVD;ALC;BOEING 717;Nubosidad variable;15/04/18
IBS3981;OVD;MAD;AIRBUS A320;Nubosidad variable;15/04/18
VLG1574;OVD;BCN;AIRBUS A320;Nubosidad variable;15/04/18
IBE0479;OVD;MAD;32A;Nubosidad variable;15/04/18
EZY3084;OVD;STN;AIRBUS A319;Nubosidad variable;15/04/18
IBE8335;OVD;VLC;ATR-72;Nubosidad variable;15/04/18
IBE0475;OVD;MAD;AIRBUS A321;Nubosidad variable;15/04/18
IBE8332;OVD;PMI;CANADAIR CRJ-200;Nubosidad variable;15/04/18
VLG3865;OVD;PMI;AIRBUS A320;Nubosidad variable;15/04/18
VOE3925;OVD;AGP;BOEING 717;Nubosidad variable;15/04/18
IBE0487;OVD;MAD;AIRBUS A320;Nubosidad variable;15/04/18
IBK5552;BCN;ARN;BOEING 737-800 WINGLETS;Lluvia;14/04/18
UAE0186;BCN;DXB;AIRBUS A380;Lluvia;14/04/18
DLH1129;BCN;FRA;AIRBUS A321;Lluvia;14/04/18
VLG3912;BCN;PMI;AIRBUS A320;Lluvia;14/04/18
IBE2625;BCN;BOS;AIRBUS A330-200;Lluvia;14/04/18
VLG6201;BCN;GVA;32A;Lluvia;14/04/18
RYR245;BCN;VGO;BOEING 737-800 WINGLETS;Lluvia;14/04/18
IBK5666;BCN;KEF;BOEING 737-800 WINGLETS;Lluvia;14/04/18
VLG7574;BCN;BJL;AIRBUS A320;Lluvia;14/04/18
VLG8244;BCN;CDG;AIRBUS A320;Lluvia;14/04/18
VLG7888;BCN;DSS;32A;Lluvia;14/04/18
MSR768;BCN;CAI;BOEING 737-800 WINGLETS;Lluvia;14/04/18
VLG1314;BCN;VLC;AIRBUS A320;Lluvia;14/04/18
EZY2266;BCN;LTN;AIRBUS A319;Lluvia;14/04/18
QTR146;BCN;DOH;AIRBUS A340-600;Lluvia;14/04/18
VLG2488;BCN;EAS;AIRBUS A319;Lluvia;14/04/18
AZA079;BCN;FCO;AIRBUS A320;Lluvia;14/04/18
EZY8304;MAH;LGW;AIRBUS A319;Lluvia moderada;14/04/18
AEA4530;MAH;PMI;ATR-72;Lluvia moderada;14/04/18
RYR6882;MAH;BCN;BOEING 737-800 WINGLETS;Lluvia moderada;14/04/18
IBE8493;MAH;PMI;BOMBARDIER CRJ-1000;Lluvia moderada;14/04/18
VLG3709;MAH;BCN;32A;Lluvia moderada;14/04/18
HOP9615;MAH;LYS;BOMBARDIER CRJ-1000;Lluvia moderada;14/04/18
VLG3701;MAH;BCN;32A;Lluvia moderada;14/04/18
VLG8191;MAH;ORY;32B;Lluvia moderada;14/04/18
IBE8487;MAH;PMI;ATR-42/72;Lluvia moderada;14/04/18
FPO646;MAH;CDG;BOEING 737-700 WINGLETS;Lluvia moderada;14/04/18
VLG3719;MAH;BCN;32B;Lluvia moderada;14/04/18
IBE8481;MAH;PMI;BOMBARDIER CRJ-1000;Lluvia moderada;15/04/18
IBE8951;MAH;MAD;BOMBARDIER CRJ-1000;Lluvia moderada;15/04/18
AAL8615;MAH;MAD;BOMBARDIER CRJ-1000;Lluvia moderada;15/04/18
IBE8495;MAH;PMI;ATR-72;Lluvia moderada;15/04/18
VLG3713;MAH;BCN;AIRBUS A320;Lluvia moderada;15/04/18
IBE8483;MAH;PMI;BOMBARDIER CRJ-1000;Lluvia moderada;15/04/18
IBB365;LPA;VDE;ATR-72;Nubes altas;14/04/18
CNF247;TFN;VDE;ATR-42/72;Despejado;14/04/18
IBB673;TFN;VDE;ATR-42/72;Despejado;14/04/18
IBS2237;TFN;VDE;ATR-42/72;Despejado;17/04/18
IBB655;TFN;VDE;ATR-72;Despejado;15/04/18
IBB659;TFN;VDE;ATR-72;Despejado;15/04/18
IBB663;TFN;VDE;ATR-72;Despejado;15/04/18
IBB365;LPA;VDE;ATR-72;Nubes altas;15/04/18
CNF247;TFN;VDE;ATR-42/72;Despejado;15/04/18
IBE8270;AGP;MLN;ATR-72;Despejado;14/04/18
IBE8798;MAD;MLN;ATR-72;Nubosidad variable;14/04/18
IBE8272;AGP;MLN;ATR-72;Despejado;14/04/18
IBE8262;AGP;MLN;ATR-72;Despejado;15/04/18
IBE8792;MAD;MLN;ATR-72;Nubosidad variable;15/04/18
IBE8790;MAD;MLN;ATR-72;Nubosidad variable;15/04/18
IBE8264;AGP;MLN;ATR-72;Despejado;15/04/18
IBE8270;AGP;MLN;ATR-72;Despejado;15/04/18
AEA5005;AGP;MLN;ATR-72;Despejado;15/04/18
IBB135;LPA;TFN;BOMBARDIER CRJ-1000;Nubes altas;14/04/18
IBB522;LPA;ACE;ATR-72;Nubes altas;14/04/18
IBB365;LPA;VDE;ATR-72;Nubes altas;14/04/18
IBE2218;LPA;VDE;ATR-72;Nubes altas;14/04/18
VLG3182;LPA;LYS;AIRBUS A320;Nubes altas;14/04/18
VLG3003;LPA;BCN;AIRBUS A321;Nubes altas;14/04/18
EXS1508;LPA;STN;AIRBUS A321;Nubes altas;14/04/18
NAX1715;LPA;TOS;BOEING 737-800 WINGLETS;Nubes altas;14/04/18
NAX9171;LPA;BGO;BOEING 737-800 WINGLETS;Nubes altas;14/04/18
SAS1820;LPA;ARN;BOEING 737-800 WINGLETS;Nubes altas;14/04/18
IBB214;LPA;FUE;ATR-72;Nubes altas;14/04/18
PRI526;LPA;AAL;BOEING 737-800;Nubes altas;14/04/18
EXS782;LPA;MAN;BOEING 757-200  WINGLETS;Nubes altas;14/04/18
PRW240;LPA;JOE;BOEING 737-800;Nubes altas;14/04/18
IBB167;LPA;TFN;ATR-72;Nubes altas;14/04/18
EWG1805;LPA;MUC;32A;Nubes altas;14/04/18
DE1405;LPA;FRA;32B;Nubes altas;14/04/18
IBK5806;LPA;MAD;BOEING 737-800 WINGLETS;Nubes altas;14/04/18
IBE8649;GRX;MAD;CANADAIR CRJ-900;Nubosidad variable;14/04/18
VLG2015;GRX;BCN;AIRBUS A320;Nubosidad variable;14/04/18
VLG8727;GRX;CDG;AIRBUS A320;Nubosidad variable;14/04/18
EZY8172;GRX;LGW;AIRBUS A319;Nubosidad variable;14/04/18
VLG2017;GRX;BCN;AIRBUS A320;Nubosidad variable;14/04/18
IBE8639;GRX;MAD;BOMBARDIER CRJ-1000;Nubosidad variable;15/04/18
IBE8641;GRX;MAD;BOMBARDIER CRJ-1000;Nubosidad variable;15/04/18
EZY2676;GRX;MXP;AIRBUS A319;Nubosidad variable;15/04/18
VLG2021;GRX;BCN;AIRBUS A320;Nubosidad variable;15/04/18
AEA5200;GRX;PMI;EMBRAER ERJ-195;Nubosidad variable;15/04/18
VLG3932;GRX;PMI;AIRBUS A320;Nubosidad variable;15/04/18
IBE8645;GRX;MAD;BOMBARDIER CRJ-1000;Nubosidad variable;15/04/18
ENT513;GRX;ARN;BOEING 737-800 WINGLETS;Nubosidad variable;15/04/18
ENT574;GRX;ARN;BOEING 737-800;Nubosidad variable;15/04/18
IBE8649;GRX;MAD;BOMBARDIER CRJ-1000;Nubosidad variable;15/04/18
CNF453;SPC;TFN;ATR-72;Nubes altas;14/04/18
IBB632;SPC;TFN;ATR-42/72;Nubes altas;14/04/18
IBE7265;SPC;TFN;ATR-42/72;Nubes altas;14/04/18
AEA9466;SPC;TFN;ATR-72;Nubes altas;14/04/18
VLG3249;SPC;BCN;AIRBUS A320;Nubes altas;14/04/18
EWG2269;SPC;STR;32A;Nubes altas;14/04/18
IBB636;SPC;TFN;ATR-42/72;Nubes altas;14/04/18
IBB316;SPC;LPA;ATR-42/72;Nubes altas;14/04/18
AEA9480;SPC;TFN;ATR-72;Nubes altas;14/04/18
IBB638;SPC;TFN;ATR-42/72;Nubes altas;14/04/18
IBB640;SPC;TFN;ATR-72;Nubes altas;14/04/18
CNF468;SPC;TFN;ATR-72;Nubes altas;14/04/18
AEA9468;SPC;TFN;ATR-72;Nubes altas;14/04/18
IBB642;SPC;TFN;ATR-42/72;Nubes altas;14/04/18
IBB318;SPC;LPA;ATR-42/72;Nubes altas;14/04/18
IBB606;SPC;TFN;ATR-72;Nubes altas;15/04/18
IBB304;SPC;LPA;ATR-72;Nubes altas;15/04/18
CNF413;SPC;TFN;ATR-72;Nubes altas;15/04/18
IBB608;SPC;TFN;ATR-72;Nubes altas;15/04/18
TVS2434;SPC;CDG;BOEING 737-800 WINGLETS;Nubes altas;15/04/18
AEA9462;SPC;TFN;ATR-72;Nubes altas;15/04/18
CNF419;SPC;TFN;ATR-72;Nubes altas;15/04/18
AEA4033;PMI;ZAZ;EMBRAER ERJ-195;Lluvia moderada;14/04/18
EVE1605;SVQ;ZAZ;32A;Nubes altas;15/04/18
AEA2634;LEI;ZAZ;BOEING 737-800 WINGLETS;Despejado;15/04/18
LLX5062;ACE;TFS;AIRBUS A321;Nubes altas;14/04/18
EXS310;ACE;BFS;BOEING 737-800 WINGLETS;Nubes altas;14/04/18
EXS218;ACE;LBA;BOEING 737-800 WINGLETS;Nubes altas;14/04/18
VLG2473;ACE;BCN;32B;Nubes altas;14/04/18
VLG3286;ACE;ZRH;32A;Nubes altas;14/04/18
IBB519;ACE;LPA;ATR-42/72;Nubes altas;14/04/18
IBB471;ACE;TFN;ATR-42/72;Nubes altas;14/04/18
TVS3437;ACE;LYS;BOEING 737-800 WINGLETS;Nubes altas;14/04/18
EWG9555;ACE;DUS;AIRBUS A321;Nubes altas;14/04/18
IBB523;ACE;LPA;ATR-72;Nubes altas;14/04/18
TRA6358;ACE;EIN;BOEING 737-800 WINGLETS;Nubes altas;14/04/18
RYR2016;ACE;MAD;BOEING 737-800 WINGLETS;Nubes altas;14/04/18
VLG3138;ACE;OVD;AIRBUS A320;Nubes altas;14/04/18
CNF550;ACE;TFN;ATR-72;Nubes altas;14/04/18
AUA9502;ACE;FUE;AIRBUS A320;Nubes altas;14/04/18
VLG3188;ACE;ORY;32B;Nubes altas;14/04/18
BEL3788;ACE;BRU;AIRBUS A320;Nubes altas;14/04/18
EIN923;ACE;SNN;AIRBUS A320;Nubes altas;14/04/18
TRA6332;VLC;AMS;BOEING 737-800 WINGLETS;Nubosidad variable;14/04/18
RYR6837;VLC;NAP;BOEING 737-800 WINGLETS;Nubosidad variable;14/04/18
AEA4014;VLC;PMI;ATR-72;Nubosidad variable;14/04/18
RYR7277;VLC;CPH;BOEING 737-800 WINGLETS;Nubosidad variable;14/04/18
RAM969;VLC;CMN;ATR-72;Nubosidad variable;14/04/18
KLM1504;VLC;AMS;BOEING 737-700 WINGLETS;Nubosidad variable;14/04/18
RYR2216;VLC;RAK;BOEING 737-800 WINGLETS;Nubosidad variable;14/04/18
IBE8985;VLC;MAD;BOMBARDIER CRJ-1000;Nubosidad variable;14/04/18
VLG3953;VLC;PMI;AIRBUS A320;Nubosidad variable;14/04/18
AEA2618;VLC;SCQ;BOEING 737-800 WINGLETS;Nubosidad variable;14/04/18
EZY8224;VLC;LGW;AIRBUS A319;Nubosidad variable;14/04/18
AZA083;VLC;FCO;AIRBUS A320;Nubosidad variable;14/04/18
RYR1919;VLC;CRL;BOEING 737-800 WINGLETS;Nubosidad variable;14/04/18
VLG3695;VLC;IBZ;AIRBUS A320;Nubosidad variable;14/04/18
VLG1315;VLC;BCN;AIRBUS A320;Nubosidad variable;14/04/18
RYR1070;VLC;EDI;BOEING 737-800 WINGLETS;Nubosidad variable;14/04/18
DLH1465;VLC;FRA;AIRBUS A321;Nubosidad variable;14/04/18
AEA4060;VLC;MAD;ATR-72;Nubosidad variable;14/04/18
RYR139;VLC;SXF;BOEING 737-800 WINGLETS;Nubosidad variable;14/04/18
SBI876;ALC;DME;AIRBUS A321;Nubosidad variable;14/04/18
IBK5322;ALC;OSL;BOEING 737-800 WINGLETS;Nubosidad variable;14/04/18
RYR9056;ALC;BRE;BOEING 737-800 WINGLETS;Nubosidad variable;14/04/18
IBK5338;ALC;TRD;BOEING 737-800 WINGLETS;Nubosidad variable;14/04/18
JAF6462;ALC;OST;EMBRAER 190;Nubosidad variable;14/04/18
EZY7944;ALC;AMS;32A;Nubosidad variable;14/04/18
RYR9052;ALC;CRL;BOEING 737-800 WINGLETS;Nubosidad variable;14/04/18
AFL2523;ALC;SVO;BOEING 737-800 WINGLETS;Nubosidad variable;14/04/18
VLG1356;ALC;IBZ;AIRBUS A320;Nubosidad variable;14/04/18
EZY8666;ALC;LGW;AIRBUS A319;Nubosidad variable;14/04/18
IBK5374;ALC;CPH;BOEING 737-800 WINGLETS;Nubosidad variable;14/04/18
RYR4025;ALC;HAM;BOEING 737-800 WINGLETS;Nubosidad variable;14/04/18
AEA4027;ALC;PMI;ATR-72;Nubosidad variable;14/04/18
ANE8607;ALC;PMI;CANADAIR CRJ-900;Nubosidad variable;14/04/18
VLG1415;ALC;MRS;AIRBUS A320;Nubosidad variable;14/04/18
ANE8908;ALC;TFN;BOMBARDIER CRJ-1000;Nubosidad variable;14/04/18
KLM1510;ALC;AMS;BOEING 737-700 WINGLETS;Nubosidad variable;14/04/18
DLH1175;ALC;FRA;AIRBUS A321;Nubosidad variable;14/04/18
RYR9078;ALC;LBA;BOEING 737-800 WINGLETS;Nubosidad variable;14/04/18
VLG1342;ALC;NTE;32A;Nubosidad variable;14/04/18
EVE1101;ALC;SVQ;32A;Nubosidad variable;14/04/18
EZY8608;AGP;LGW;AIRBUS A319;Despejado;14/04/18
RYR9157;AGP;DUB;BOEING 737-800 WINGLETS;Despejado;14/04/18
VOE2215;AGP;NTE;AIRBUS A319;Despejado;14/04/18
IBE8270;AGP;MLN;ATR-72;Despejado;14/04/18
RAM985;AGP;CMN;ATR-72;Despejado;14/04/18
RYR2575;AGP;EIN;BOEING 737-800 WINGLETS;Despejado;14/04/18
IBK5106;AGP;HAJ;BOEING 737-800 WINGLETS;Despejado;14/04/18
EZY2408;AGP;LTN;AIRBUS A319;Despejado;14/04/18
AEA1037;AGP;CDG;BOEING 737-800 WINGLETS;Despejado;14/04/18
KLM1040;AGP;AMS;BOEING 737-800 WINGLETS;Despejado;14/04/18
BEE4312;AGP;EXT;EMBRAER ERJ-195;Despejado;14/04/18
EZY8610;AGP;LGW;AIRBUS A319;Despejado;14/04/18
BTI678;AGP;RIX;CS3;Despejado;14/04/18
VLG6210;AGP;FCO;AIRBUS A320;Despejado;14/04/18
JAF6658;AGP;ANR;EMBRAER 190;Despejado;14/04/18
NAX8491;AGP;BGO;BOEING 737-800 WINGLETS;Despejado;14/04/18
RYR3209;AGP;MAN;BOEING 737-800 WINGLETS;Despejado;14/04/18
VLG2122;AGP;BCN;32A;Despejado;14/04/18
VLG1260;AGP;CWL;AIRBUS A320;Despejado;14/04/18
BAW453;IBZ;LHR;AIRBUS A321;Llovizna;14/04/18
LAV5302;IBZ;MXP;BOEING 737-800 WINGLETS;Llovizna;14/04/18
TRA5690;IBZ;RTM;BOEING 737-800 WINGLETS;Llovizna;14/04/18
JAF9520;IBZ;FRA;BOEING 737-800 WINGLETS;Llovizna;14/04/18
KLM1498;IBZ;AMS;BOEING 737-700 WINGLETS;Llovizna;14/04/18
RYR8842;IBZ;BCN;BOEING 737-800 WINGLETS;Llovizna;14/04/18
RYR3542;IBZ;EIN;BOEING 737-800 WINGLETS;Llovizna;14/04/18
IBE8125;IBZ;PMI;BOMBARDIER CRJ-1000;Llovizna;14/04/18
VLG2425;IBZ;SVQ;AIRBUS A320;Llovizna;14/04/18
VLG1355;IBZ;ALC;32A;Llovizna;14/04/18
SRK2127;IBZ;BRN;SAAB 2000;Llovizna;14/04/18
IBE8129;IBZ;PMI;ATR-42/72;Llovizna;14/04/18
IBE8905;IBZ;ALC;BOMBARDIER CRJ-1000;Llovizna;14/04/18
VLG3517;IBZ;BCN;AIRBUS A320;Llovizna;14/04/18
EWG9541;IBZ;DUS;32A;Llovizna;14/04/18
IBE8677;IBZ;BCN;BOMBARDIER CRJ-1000;Llovizna;14/04/18
VLG3694;IBZ;VLC;AIRBUS A320;Llovizna;14/04/18
IBE8117;IBZ;PMI;BOMBARDIER CRJ-1000;Llovizna;14/04/18
KLM1500;IBZ;AMS;EMBRAER 190;Llovizna;14/04/18
RYR2574;SCQ;AGP;BOEING 737-800 WINGLETS;Nubosidad variable;14/04/18
EIN743;SCQ;DUB;AIRBUS A320;Nubosidad variable;14/04/18
DLH1111;SCQ;FRA;AIRBUS A320;Nubosidad variable;14/04/18
IBS3879;SCQ;MAD;AIRBUS A320;Nubosidad variable;14/04/18
VLG3137;SCQ;ACE;AIRBUS A320;Nubosidad variable;14/04/18
AEA7137;SCQ;LPA;BOEING 737-800 WINGLETS;Nubosidad variable;14/04/18
AEA2617;SCQ;VLC;BOEING 737-800 WINGLETS;Nubosidad variable;14/04/18
VLG1673;SCQ;BCN;32A;Nubosidad variable;14/04/18
RYR7004;SCQ;LPA;BOEING 737-800 WINGLETS;Nubosidad variable;14/04/18
IBE8367;SCQ;PMI;BOMBARDIER CRJ-1000;Nubosidad variable;14/04/18
RYR4579;SCQ;BGY;BOEING 737-800 WINGLETS;Nubosidad variable;15/04/18
VLG3247;SCQ;TFN;AIRBUS A320;Nubosidad variable;15/04/18
RYR7223;SCQ;VLC;BOEING 737-800 WINGLETS;Nubosidad variable;15/04/18
RYR6333;SCQ;BCN;BOEING 737-800 WINGLETS;Nubosidad variable;15/04/18
EZS1338;SCQ;GVA;AIRBUS A320;Nubosidad variable;15/04/18
IBS3877;SCQ;MAD;AIRBUS A321;Nubosidad variable;15/04/18
IBE8365;SCQ;PMI;CANADAIR CRJ-200;Nubosidad variable;15/04/18
VLG1671;SCQ;BCN;AIRBUS A320;Nubosidad variable;15/04/18
RYR9375;GRO;TLL;BOEING 737-800 WINGLETS;Lluvia;14/04/18
RYR9002;GRO;BLL;BOEING 737-800 WINGLETS;Lluvia;14/04/18
RYR9307;GRO;PIK;BOEING 737-800 WINGLETS;Lluvia;14/04/18
RYR6393;GRO;NRN;BOEING 737-800 WINGLETS;Lluvia;14/04/18
RYR3653;GRO;BRE;BOEING 737-800 WINGLETS;Lluvia;14/04/18
RYR9911;GRO;BOH;BOEING 737-800 WINGLETS;Lluvia;14/04/18
RYR9123;GRO;EIN;BOEING 737-800 WINGLETS;Lluvia;15/04/18
RYR7083;GRO;OMR;BOEING 737-800 WINGLETS;Lluvia;15/04/18
RYR9555;GRO;FMM;BOEING 737-800 WINGLETS;Lluvia;15/04/18
RYR6901;GRO;CRL;BOEING 737-800 WINGLETS;Lluvia;15/04/18
RYR9305;GRO;LPL;BOEING 737-800 WINGLETS;Lluvia;15/04/18
RYR9172;GRO;WRO;BOEING 737-800 WINGLETS;Lluvia;15/04/18
RYR4125;GRO;HHN;BOEING 737-800 WINGLETS;Lluvia;15/04/18
RYR7037;GRO;DUB;BOEING 737-800 WINGLETS;Lluvia;15/04/18
RYR9364;GRO;PSR;BOEING 737-800 WINGLETS;Lluvia;15/04/18
RYR9241;GRO;PSA;BOEING 737-800 WINGLETS;Lluvia;15/04/18
RYR9803;GRO;STN;BOEING 737-800 WINGLETS;Lluvia;15/04/18
PBD832;GRO;VKO;BOEING 737-800 WINGLETS;Lluvia;15/04/18
RYR9211;GRO;FKB;BOEING 737-800 WINGLETS;Lluvia;15/04/18
RYR9335;GRO;BRS;BOEING 737-800 WINGLETS;Lluvia;15/04/18
RYR4482;GRO;RIX;BOEING 737-800 WINGLETS;Lluvia;15/04/18
RYR5122;GRO;POZ;BOEING 737-800 WINGLETS;Lluvia;15/04/18
RYR9303;GRO;EDI;BOEING 737-800 WINGLETS;Lluvia;15/04/18
RYR245;BCN;VGO;BOEING 737-800 WINGLETS;Lluvia;14/04/18
AEA7306;MAD;VGO;EMBRAER ERJ-195;Nubosidad variable;14/04/18
IBE0538;MAD;VGO;AIRBUS A319;Nubosidad variable;14/04/18
AEA7308;MAD;VGO;EMBRAER ERJ-195;Nubosidad variable;15/04/18
AEA7302;MAD;VGO;EMBRAER ERJ-195;Nubosidad variable;15/04/18
IBE0532;MAD;VGO;AIRBUS A319;Nubosidad variable;15/04/18
LAV5463;TFN;VGO;BOEING 737-400;Despejado;15/04/18
AEA7300;MAD;VGO;EMBRAER ERJ-195;Nubosidad variable;15/04/18
ANE2004;SVQ;CDT;BOMBARDIER CRJ-1000;Nubes altas;14/04/18
RYR8364;SVQ;STN;BOEING 737-800 WINGLETS;Nubes altas;14/04/18
RYR9667;SVQ;FCO;BOEING 737-800 WINGLETS;Nubes altas;14/04/18
VLG8886;SVQ;LYS;AIRBUS A320;Nubes altas;14/04/18
RYR6445;SVQ;CRL;BOEING 737-800 WINGLETS;Nubes altas;14/04/18
RYR4077;SVQ;KRK;BOEING 737-800 WINGLETS;Nubes altas;14/04/18
IBS3951;SVQ;MAD;AIRBUS A320;Nubes altas;14/04/18
VLG3046;SVQ;LPA;AIRBUS A320;Nubes altas;14/04/18
RYR1567;SVQ;FRA;BOEING 737-800 WINGLETS;Nubes altas;14/04/18
RYR6399;SVQ;BCN;BOEING 737-800 WINGLETS;Nubes altas;14/04/18
VLG8892;SVQ;NTE;AIRBUS A320;Nubes altas;14/04/18
EZY1624;SVQ;NCE;32A;Nubes altas;14/04/18
RYR5027;SVQ;WMI;BOEING 737-800 WINGLETS;Nubes altas;14/04/18
RYR4008;SVQ;RAK;BOEING 737-800 WINGLETS;Nubes altas;14/04/18
RYR8733;SVQ;MXP;BOEING 737-800 WINGLETS;Nubes altas;14/04/18
TVF3109;SVQ;ORY;BOEING 737-800 WINGLETS;Nubes altas;14/04/18
BMS4080;SVQ;TRN;BOEING 737-500;Nubes altas;14/04/18
RYR4349;SVQ;BLQ;BOEING 737-800 WINGLETS;Nubes altas;14/04/18
RYR4636;SVQ;BGY;BOEING 737-800 WINGLETS;Nubes altas;14/04/18
IBS3953;SVQ;MAD;AIRBUS A320;Nubes altas;14/04/18
GMI3483;FUE;ERF;BOEING 737-700;Nubes altas;14/04/18
EXS522;FUE;NCL;BOEING 737-800 WINGLETS;Nubes altas;14/04/18
JAF6012;FUE;BRU;BOEING 737-800 WINGLETS;Nubes altas;14/04/18
EXS250;FUE;LBA;BOEING 757-200  WINGLETS;Nubes altas;14/04/18
EZY5924;FUE;TXL;32A;Nubes altas;14/04/18
EXS308;FUE;BFS;BOEING 737-300 WINGLETS;Nubes altas;14/04/18
IBB223;FUE;LPA;ATR-42/72;Nubes altas;14/04/18
GMI8813;FUE;FDH;AIRBUS A319;Nubes altas;14/04/18
EWG9547;FUE;DUS;32A;Nubes altas;14/04/18
GMI9827;FUE;FMO;AIRBUS A319;Nubes altas;14/04/18
VLG8419;FUE;AMS;32A;Nubes altas;14/04/18
GMI7807;FUE;NUE;AIRBUS A319;Nubes altas;14/04/18
EWG7527;FUE;HAM;BOEING 737-800 WINGLETS;Nubes altas;14/04/18
EZS1222;FUE;BSL;AIRBUS A320;Nubes altas;14/04/18
DE1441;FUE;HAM;BOEING 757-300 WINGLETS;Nubes altas;14/04/18
GMI1433;FUE;SXF;AIRBUS A319;Nubes altas;14/04/18
IBB221;FUE;LPA;ATR-42/72;Nubes altas;14/04/18
IBB425;FUE;TFN;ATR-72;Nubes altas;14/04/18
GMI7123;FUE;DRS;BOEING 737-700 WINGLETS;Nubes altas;14/04/18
DE1403;FUE;FRA;BOEING 757-200  WINGLETS;Nubes altas;14/04/18
TUI2139;FUE;FRA;BOEING 737-800 WINGLETS;Nubes altas;14/04/18
DE1461;FUE;LEJ;32B;Nubes altas;14/04/18
DE1457;FUE;DUS;BOEING 757-300 WINGLETS;Nubes altas;14/04/18
EZY1516;PMI;GVA;32A;Lluvia moderada;14/04/18
EWG8599;PMI;TXL;AIRBUS A319;Lluvia moderada;14/04/18
TRA6192;PMI;RTM;BOEING 737-700 WINGLETS;Lluvia moderada;14/04/18
EZY2274;PMI;LTN;AIRBUS A319;Lluvia moderada;14/04/18
RYR8551;PMI;FMM;BOEING 737-800 WINGLETS;Lluvia moderada;14/04/18
RYR2916;PMI;BRU;BOEING 737-800 WINGLETS;Lluvia moderada;14/04/18
VLG3952;PMI;VLC;AIRBUS A320;Lluvia moderada;14/04/18
RYR7886;PMI;KUN;BOEING 737-800 WINGLETS;Lluvia moderada;14/04/18
GSW6081;PMI;ZRH;AIRBUS A319;Lluvia moderada;14/04/18
AEA4531;PMI;MAH;ATR-72;Lluvia moderada;14/04/18
EWG593;PMI;CGN;32A;Lluvia moderada;14/04/18
EZY8632;PMI;LGW;AIRBUS A319;Lluvia moderada;14/04/18
EWG8597;PMI;TXL;AIRBUS A320;Lluvia moderada;14/04/18
EZY6042;PMI;BRS;AIRBUS A320;Lluvia moderada;14/04/18
RYR6219;PMI;NRN;BOEING 737-800 WINGLETS;Lluvia moderada;14/04/18
EZY5806;PMI;TXL;AIRBUS A320;Lluvia moderada;14/04/18
JAF6374;PMI;CDG;BOEING 737-700 WINGLETS;Lluvia moderada;14/04/18
EWG2597;PMI;STR;AIRBUS A319;Lluvia moderada;14/04/18
RYR2037;PMI;DTM;BOEING 737-800 WINGLETS;Lluvia moderada;14/04/18
AEA6072;PMI;BCN;BOEING 737-800 WINGLETS;Lluvia moderada;14/04/18
IBE0404;MAD;XRY;AIRBUS A319;Nubosidad variable;14/04/18
RYR1283;BCN;XRY;BOEING 737-800 WINGLETS;Lluvia;14/04/18
IBE0406;MAD;XRY;AIRBUS A319;Nubosidad variable;14/04/18
IBE0410;MAD;XRY;AIRBUS A320;Nubosidad variable;15/04/18
VLG2286;BCN;XRY;AIRBUS A320;Lluvia;15/04/18
RYR1283;BCN;XRY;BOEING 737-800 WINGLETS;Lluvia;15/04/18
IBE0404;MAD;XRY;AIRBUS A320;Nubosidad variable;15/04/18
AEA7153;MAD;BIO;EMBRAER ERJ-195;Nubosidad variable;14/04/18
AEA2673;ALC;BIO;BOEING 737-800 WINGLETS;Nubosidad variable;14/04/18
IBE0438;MAD;BIO;AIRBUS A319;Nubosidad variable;14/04/18
VLG1426;BCN;BIO;AIRBUS A320;Lluvia;14/04/18
IBE0556;MAD;SDR;AIRBUS A319;Nubosidad variable;14/04/18
RYR6384;BCN;SDR;BOEING 737-800 WINGLETS;Lluvia;15/04/18
IBE0554;MAD;SDR;AIRBUS A319;Nubosidad variable;15/04/18
IBE0556;MAD;SDR;AIRBUS A319;Nubosidad variable;15/04/18
VLG1590;BCN;SDR;AIRBUS A320;Lluvia;15/04/18
LLX5062;ACE;TFS;AIRBUS A321;Nubes altas;14/04/18
TCX1235;TFS;EMA;32B;Despejado;14/04/18
EXS156;TFS;GLA;BOEING 737-800 WINGLETS;Despejado;14/04/18
EXS224;TFS;LBA;BOEING 737-800 WINGLETS;Despejado;14/04/18
EXS518;TFS;NCL;BOEING 737-800 WINGLETS;Despejado;14/04/18
LLX5862;TFS;PAD;AIRBUS A320;Despejado;14/04/18
IBK1065;TFS;FCO;BOEING 737-800 WINGLETS;Despejado;14/04/18
EWG7533;TFS;HAM;BOEING 737-800 WINGLETS;Despejado;14/04/18
GMI4919;TFS;TXL;BOEING 737-700 WINGLETS;Despejado;14/04/18
IBK509;TFS;HEL;BOEING 737-800 WINGLETS;Despejado;14/04/18
EXS1664;TFS;STN;BOEING 737-800 WINGLETS;Despejado;14/04/18
BEL3782;TFS;BRU;AIRBUS A320;Despejado;14/04/18
TUI2231;TFS;SCN;BOEING 737-700 WINGLETS;Despejado;14/04/18
EWG3535;TFS;HAJ;BOEING 737-800 WINGLETS;Despejado;14/04/18
EZS1542;TFS;GVA;AIRBUS A320;Despejado;14/04/18
EZY7942;TFS;AMS;32A;Despejado;14/04/18
EWG9559;TFS;DUS;32A;Despejado;14/04/18
WOW635;TFS;KEF;AIRBUS A321;Despejado;14/04/18
TUI2145;TFS;HAJ;BOEING 737-800 WINGLETS;Despejado;14/04/18
RYR6122;TFS;WMI;BOEING 737-800 WINGLETS;Despejado;14/04/18
LGL156;TFS;LUX;BOEING 737-800 WINGLETS;Despejado;14/04/18
TUI2119;TFS;DUS;BOEING 737-800 WINGLETS;Despejado;14/04/18
EZY4718;TFS;SXF;32A;Despejado;14/04/18
EZY3858;TFS;CDG;32A;Despejado;14/04/18
CNF653;LPA;TFN;ATR-72;Nubes altas;14/04/18
IBB135;LPA;TFN;BOMBARDIER CRJ-1000;Nubes altas;14/04/18
CNF453;SPC;TFN;ATR-72;Nubes altas;14/04/18
IBB664;VDE;TFN;ATR-42/72;Despejado;14/04/18
IBB167;LPA;TFN;ATR-72;Nubes altas;14/04/18
IBB632;SPC;TFN;ATR-42/72;Nubes altas;14/04/18
LAV5548;BIO;TFN;BOEING 737-400;Nubosidad variable;14/04/18
IBS3940;MAD;TFN;AIRBUS A320;Nubosidad variable;14/04/18
AEA9466;SPC;TFN;ATR-72;Nubes altas;14/04/18
AEA9048;MAD;TFN;AIRBUS A330-200;Nubosidad variable;14/04/18
IBB471;ACE;TFN;ATR-42/72;Nubes altas;14/04/18
IBB425;FUE;TFN;ATR-72;Nubes altas;14/04/18
CNF248;VDE;TFN;ATR-42/72;Despejado;14/04/18
AEA9419;LPA;TFN;ATR-72;Nubes altas;14/04/18
IBS3944;MAD;TFN;AIRBUS A320;Nubosidad variable;14/04/18
IBB652;GMZ;TFN;ATR-42/72;Nubes altas;14/04/18
RYR2897;PMI;BCN;BOEING 737-800 WINGLETS;Lluvia moderada;14/04/18
VLG3221;TFS;BCN;AIRBUS A320;Despejado;14/04/18
VLG2124;AGP;BCN;32B;Despejado;14/04/18
IBE8592;MAD;LEI;BOMBARDIER CRJ-1000;Nubosidad variable;14/04/18
IBE8594;MAD;LEI;BOMBARDIER CRJ-1000;Nubosidad variable;15/04/18
AEA2887;BCN;LEI;BOEING 737-800 WINGLETS;Lluvia;15/04/18
VLG1251;BCN;LEI;AIRBUS A320;Lluvia;15/04/18
IBE8598;MAD;LEI;CANADAIR CRJ-900;Nubosidad variable;15/04/18
AEA2633;ZAZ;LEI;BOEING 737-800 WINGLETS;Nubes altas;15/04/18
IBE8212;PMI;LEI;CANADAIR CRJ-200;Despejado;17/04/18
IBE8592;MAD;LEI;BOMBARDIER CRJ-1000;Nubosidad variable;15/04/18
AEA2647;BCN;LEI;BOEING 737-800 WINGLETS;Lluvia;15/04/18
IBE8661;VIT;MAH;BOMBARDIER CRJ-1000;Abertura de claros;14/04/18
AEA4531;PMI;MAH;ATR-72;Lluvia moderada;14/04/18
RYR6881;BCN;MAH;BOEING 737-800 WINGLETS;Lluvia;14/04/18
VLG3716;BCN;MAH;32A;Lluvia;14/04/18
VLG3700;BCN;MAH;32A;Lluvia;14/04/18
IBE8492;PMI;MAH;ATR-42/72;Despejado;17/04/18
IBE8496;PMI;MAH;BOMBARDIER CRJ-1000;Despejado;17/04/18
VLG3718;BCN;MAH;32B;Lluvia;14/04/18
IBE8954;MAD;MAH;BOMBARDIER CRJ-1000;Nubosidad variable;14/04/18
IBE8494;PMI;MAH;ATR-72;Despejado;17/04/18
VLG3712;BCN;MAH;AIRBUS A320;Lluvia;15/04/18
IBE8480;PMI;MAH;BOMBARDIER CRJ-1000;Despejado;17/04/18
VOE3591;PMI;OVD;BOEING 717;Lluvia moderada;14/04/18
IBS3612;TFN;OVD;AIRBUS A320;Despejado;14/04/18
IBS3980;MAD;OVD;AIRBUS A320;Nubosidad variable;14/04/18
IBE0480;MAD;OVD;32A;Nubosidad variable;14/04/18
VLG3138;ACE;OVD;AIRBUS A320;Nubes altas;14/04/18
VLG1573;BCN;OVD;AIRBUS A320;Lluvia;15/04/18
IBE8334;VLC;OVD;ATR-72;Nubosidad variable;15/04/18
IBE0488;MAD;OVD;AIRBUS A321;Nubosidad variable;15/04/18
IBE8333;PMI;OVD;CANADAIR CRJ-200;Despejado;17/04/18
VLG1579;BCN;OVD;AIRBUS A320;Lluvia;15/04/18
VOE3585;ALC;OVD;BOEING 717;Nubosidad variable;15/04/18
IBE0476;MAD;OVD;AIRBUS A320;Nubosidad variable;15/04/18
IBE8642;MAD;GRX;CANADAIR CRJ-900;Nubosidad variable;14/04/18
VLG2014;BCN;GRX;AIRBUS A320;Lluvia;14/04/18
VLG2016;BCN;GRX;AIRBUS A320;Lluvia;14/04/18
IBE8648;MAD;GRX;BOMBARDIER CRJ-1000;Nubosidad variable;14/04/18
VLG2010;BCN;GRX;AIRBUS A321;Lluvia;15/04/18
IBE8640;MAD;GRX;BOMBARDIER CRJ-1000;Nubosidad variable;15/04/18
VLG2020;BCN;GRX;AIRBUS A320;Lluvia;15/04/18
AEA5201;PMI;GRX;EMBRAER ERJ-195;Lluvia moderada;15/04/18
VLG3933;PMI;GRX;AIRBUS A320;Lluvia moderada;15/04/18
IBE8646;MAD;GRX;BOMBARDIER CRJ-1000;Nubosidad variable;15/04/18
IBE8642;MAD;GRX;BOMBARDIER CRJ-1000;Nubosidad variable;15/04/18
IBE8633;PMI;VLC;CANADAIR CRJ-200;Despejado;17/04/18
IBE8099;TFN;VLC;BOMBARDIER CRJ-1000;Despejado;14/04/18
RYR2215;SDR;VLC;BOEING 737-800 WINGLETS;Despejado;14/04/18
IBE8972;MAD;VLC;BOMBARDIER CRJ-1000;Nubosidad variable;14/04/18
VLG3952;PMI;VLC;AIRBUS A320;Lluvia moderada;14/04/18
AEA5039;MAD;AGP;ATR-72;Nubosidad variable;14/04/18
VLG3069;LPA;AGP;AIRBUS A320;Nubes altas;14/04/18
RYR2594;SDR;AGP;BOEING 737-800 WINGLETS;Despejado;14/04/18
VLG3141;ACE;AGP;AIRBUS A320;Nubes altas;14/04/18
VLG2123;BCN;AGP;32A;Lluvia;14/04/18
IBE8810;MAD;AGP;BOMBARDIER CRJ-1000;Nubosidad variable;14/04/18
RYR8147;IBZ;AGP;BOEING 737-800 WINGLETS;Llovizna;14/04/18
RYR8841;BCN;IBZ;BOEING 737-800 WINGLETS;Lluvia;14/04/18
IBE8124;PMI;IBZ;BOMBARDIER CRJ-1000;Despejado;17/04/18
VLG2424;SVQ;IBZ;AIRBUS A320;Nubes altas;14/04/18
VLG1356;ALC;IBZ;AIRBUS A320;Nubosidad variable;14/04/18
IBE8128;PMI;IBZ;ATR-42/72;Despejado;17/04/18
IBE8674;BIO;IBZ;BOMBARDIER CRJ-1000;Nubosidad variable;14/04/18
VLG3516;BCN;IBZ;32A;Lluvia;14/04/18
IBE8906;ALC;IBZ;BOMBARDIER CRJ-1000;Despejado;17/04/18
VLG3695;VLC;IBZ;AIRBUS A320;Nubosidad variable;14/04/18
IBE8114;PMI;IBZ;BOMBARDIER CRJ-1000;Despejado;17/04/18
AEA1710;PMI;IBZ;ATR-72;Lluvia moderada;14/04/18
RYR723;PMI;SCQ;BOEING 737-800 WINGLETS;Lluvia moderada;14/04/18
IBS3878;MAD;SCQ;AIRBUS A320;Nubosidad variable;14/04/18
AEA7117;ACE;SCQ;BOEING 737-800 WINGLETS;Nubes altas;14/04/18
AEA2618;VLC;SCQ;BOEING 737-800 WINGLETS;Nubosidad variable;14/04/18
VLG1672;BCN;SCQ;32A;Lluvia;14/04/18
RYR7003;LPA;SCQ;BOEING 737-800 WINGLETS;Nubes altas;14/04/18
IBE8205;TFN;SCQ;BOMBARDIER CRJ-1000;Despejado;14/04/18
VLG3136;ACE;SCQ;AIRBUS A320;Nubes altas;14/04/18
RYR7222;VLC;SCQ;BOEING 737-800 WINGLETS;Nubosidad variable;15/04/18
RYR6332;BCN;SCQ;BOEING 737-800 WINGLETS;Lluvia;15/04/18
IBS3876;MAD;SCQ;AIRBUS A321;Nubosidad variable;15/04/18
IBE8356;BIO;SCQ;CANADAIR CRJ-200;Nubosidad variable;15/04/18
VLG1670;BCN;SCQ;AIRBUS A320;Lluvia;15/04/18
IBB213;FUE;LPA;ATR-42/72;Nubes altas;14/04/18
IBB160;TFN;LPA;ATR-72;Despejado;14/04/18
IBK5801;BCN;LPA;BOEING 737-800 WINGLETS;Lluvia;14/04/18
IBS3828;MAD;LPA;AIRBUS A320;Nubosidad variable;14/04/18
SAS7736;LPA;BLL;AIRBUS A321;Despejado;17/04/18
AEA4049;MAD;ALC;ATR-72;Nubosidad variable;14/04/18
ANE8909;TFN;ALC;CANADAIR CRJ-900;Despejado;17/04/18
EVE1124;VGO;ALC;32A;Nubosidad variable;14/04/18
ANE8805;LPA;ALC;BOMBARDIER CRJ-1000;Despejado;17/04/18
ANE8394;MAD;ALC;BOMBARDIER CRJ-1000;Despejado;17/04/18
IBB631;TFN;SPC;ATR-42/72;Despejado;14/04/18
VLG3248;BCN;SPC;AIRBUS A320;Lluvia;14/04/18
AEA9465;TFN;SPC;ATR-72;Despejado;14/04/18
IBB623;TFN;SPC;ATR-42/72;Despejado;14/04/18
AEA9479;TFN;SPC;ATR-72;Despejado;14/04/18
IBB315;LPA;SPC;ATR-72;Nubes altas;14/04/18
IBB637;TFN;SPC;ATR-42/72;Despejado;14/04/18
IBB639;TFN;SPC;ATR-72;Despejado;14/04/18
IBE2274;TFN;SPC;ATR-72;Despejado;17/04/18
CNF467;TFN;SPC;ATR-72;Despejado;14/04/18
AEA9467;TFN;SPC;ATR-72;Despejado;14/04/18
IBB627;TFN;SPC;ATR-42/72;Despejado;14/04/18
IBB317;LPA;SPC;ATR-72;Nubes altas;14/04/18
IBB605;TFN;SPC;ATR-72;Despejado;15/04/18
IBB309;LPA;SPC;ATR-72;Nubes altas;15/04/18
CNF412;TFN;SPC;ATR-72;Despejado;15/04/18
IBB607;TFN;SPC;ATR-72;Despejado;15/04/18
AEA9461;TFN;SPC;ATR-72;Despejado;15/04/18
CNF418;TFN;SPC;ATR-72;Despejado;15/04/18
IBB615;TFN;SPC;ATR-72;Despejado;15/04/18
AEA9463;TFN;SPC;ATR-72;Despejado;15/04/18
AEA6071;BCN;PMI;BOEING 737-800 WINGLETS;Lluvia;14/04/18
IBK6773;MAD;PMI;BOEING 737-800 WINGLETS;Nubosidad variable;14/04/18
ANE8499;MAH;PMI;ATR-42/72;Despejado;17/04/18
RYR5272;SVQ;PMI;BOEING 737-800 WINGLETS;Nubes altas;14/04/18
VLG3912;BCN;PMI;AIRBUS A320;Lluvia;14/04/18
IBB522;LPA;ACE;ATR-72;Nubes altas;14/04/18
IBB470;TFN;ACE;ATR-42/72;Despejado;14/04/18
VLG3139;OVD;ACE;AIRBUS A320;Nubosidad variable;14/04/18
CNF549;TFN;ACE;ATR-72;Despejado;14/04/18
IBB222;LPA;FUE;ATR-72;Nubes altas;14/04/18
IBB424;TFN;FUE;ATR-72;Despejado;14/04/18
IBB214;LPA;FUE;ATR-72;Nubes altas;14/04/18
VLG3284;BIO;FUE;32A;Nubosidad variable;14/04/18
IBS3952;MAD;SVQ;AIRBUS A320;Nubosidad variable;14/04/18
VLG3255;TFN;SVQ;AIRBUS A320;Despejado;14/04/18
EVE1101;ALC;SVQ;32A;Nubosidad variable;14/04/18
VLG2425;IBZ;SVQ;AIRBUS A320;Llovizna;14/04/18
IBS3948;MAD;SVQ;AIRBUS A320;Nubosidad variable;14/04/18
RYR7723;LPA;SVQ;BOEING 737-800 WINGLETS;Nubes altas;14/04/18
VLG2256;BCN;SVQ;AIRBUS A320;Lluvia;14/04/18
VLG3047;LPA;SVQ;AIRBUS A320;Nubes altas;14/04/18
RYR6398;BCN;SVQ;BOEING 737-800 WINGLETS;Lluvia;14/04/18
LLX5062;ACE;TFS;AIRBUS A321;Nubes altas;14/04/18
RYR5538;VIT;BGY;BOEING 737-800 WINGLETS;Abertura de claros;15/04/18
HTY118;AEI;JCU;AWH;Despejado;15/04/18
HTY227;JCU;AGP;AWH;Despejado;15/04/18
HTY117;JCU;AEI;AWH;Despejado;15/04/18
IBE8331;BJZ;MAD;CANADAIR CRJ-200;Nubosidad variable;15/04/18
IBE8313;BJZ;BCN;BOMBARDIER CRJ-1000;Nubosidad variable;15/04/18
IBB652;GMZ;TFN;ATR-42/72;Nubes altas;14/04/18
IBB652;GMZ;TFN;ATR-72;Nubes altas;15/04/18
HTY117;JCU;AEI;AWH;Despejado;15/04/18
IBE8525;PNA;MAD;CANADAIR CRJ-200;Nubosidad variable;14/04/18
IBE8529;PNA;MAD;BOMBARDIER CRJ-1000;Nubosidad variable;15/04/18
DLH1119;PNA;FRA;AIRBUS A320;Nubosidad variable;15/04/18
IBE8525;PNA;MAD;CANADAIR CRJ-900;Nubosidad variable;15/04/18
IBE8330;MAD;BJZ;CANADAIR CRJ-200;Nubosidad variable;15/04/18
IBE8312;BCN;BJZ;BOMBARDIER CRJ-1000;Despejado;17/04/18
RYR2829;REU;CRL;BOEING 737-800 WINGLETS;Lluvia;14/04/18
RYR1115;REU;DUB;BOEING 737-800 WINGLETS;Lluvia;15/04/18
RYR9825;REU;LPL;BOEING 737-800 WINGLETS;Lluvia;15/04/18
RYR9827;REU;HHN;BOEING 737-800 WINGLETS;Lluvia;15/04/18
RYR8088;REU;BHX;BOEING 737-800 WINGLETS;Lluvia;15/04/18
RYR6321;VLL;BCN;BOEING 737-800 WINGLETS;Nubosidad variable;14/04/18
IBS9530;VLL;PMI;AIRBUS A320;Nubosidad variable;15/04/18
RYR2200;VLL;SVQ;BOEING 737-800 WINGLETS;Nubosidad variable;15/04/18
EVE1128;VLL;SVQ;AIRBUS A320;Nubosidad variable;15/04/18
RYR6321;VLL;BCN;BOEING 737-800 WINGLETS;Nubosidad variable;15/04/18
HTY228;AGP;JCU;AWH;Despejado;15/04/18
HTY118;AEI;JCU;AWH;Despejado;15/04/18
IBE8524;MAD;PNA;CANADAIR CRJ-200;Nubosidad variable;14/04/18
IBE8526;MAD;PNA;BOMBARDIER CRJ-1000;Nubosidad variable;14/04/18
IBE8524;MAD;PNA;CANADAIR CRJ-900;Nubosidad variable;15/04/18
AEA4032;ZAZ;PMI;EMBRAER ERJ-195;Nubes altas;14/04/18
WZZ3418;ZAZ;CLJ;AIRBUS A320;Nubes altas;14/04/18
RYR2635;ZAZ;STN;BOEING 737-800 WINGLETS;Nubes altas;14/04/18
RYR4634;ZAZ;BGY;BOEING 737-800 WINGLETS;Nubes altas;15/04/18
EVE1606;ZAZ;SVQ;AIRBUS A320;Nubes altas;15/04/18
AEA2633;ZAZ;LEI;BOEING 737-800 WINGLETS;Nubes altas;15/04/18
RYR2635;ZAZ;STN;BOEING 737-800 WINGLETS;Nubes altas;15/04/18
UAE142;MAD;DXB;AIRBUS A380-800;Nubosidad variable;14/04/18
AVA015;MAD;CLO;AIRBUS A330-300;Nubosidad variable;14/04/18
RJA110;MAD;AMM;AIRBUS A320;Nubosidad variable;14/04/18
AEA033;MAD;PUJ;AIRBUS A330-300;Nubosidad variable;14/04/18
IBS3980;MAD;OVD;AIRBUS A320;Nubosidad variable;14/04/18
IBE3180;MAD;LHR;AIRBUS A320;Nubosidad variable;14/04/18
VLG1700;MAD;BCN;AIRBUS A320;Nubosidad variable;14/04/18
DLH1115;MAD;FRA;32A;Nubosidad variable;14/04/18
RYR246;VGO;BCN;BOEING 737-800 WINGLETS;Nubosidad variable;14/04/18
AEA7319;VGO;MAD;EMBRAER ERJ-195;Nubosidad variable;14/04/18
AEA7311;VGO;MAD;EMBRAER ERJ-195;Nubosidad variable;15/04/18
IBE0531;VGO;MAD;AIRBUS A319;Nubosidad variable;15/04/18
RYR242;VGO;DUB;BOEING 737-800 WINGLETS;Nubosidad variable;15/04/18
RYR7132;VGO;BGY;BOEING 737-800 WINGLETS;Nubosidad variable;15/04/18
AEA7315;VGO;MAD;EMBRAER ERJ-195;Nubosidad variable;15/04/18
IBE0533;VGO;MAD;AIRBUS A320;Nubosidad variable;15/04/18
LAV5464;VGO;TFN;BOEING 737-400;Nubosidad variable;15/04/18
IBB653;TFN;GMZ;ATR-42/72;Despejado;14/04/18
IBB651;TFN;GMZ;ATR-72;Despejado;15/04/18
IBB653;TFN;GMZ;ATR-72;Despejado;15/04/18
IBE2244;TFN;GMZ;ATR-72;Despejado;17/04/18
IBE8329;EAS;MAD;ATR-72;Nubosidad variable;14/04/18
VLG2489;EAS;BCN;AIRBUS A319;Nubosidad variable;14/04/18
IBE8317;EAS;MAD;ATR-72;Nubosidad variable;15/04/18
VLG2487;EAS;BCN;AIRBUS A319;Nubosidad variable;15/04/18
IBE8319;EAS;MAD;ATR-72;Nubosidad variable;15/04/18
IBE8329;EAS;MAD;ATR-72;Nubosidad variable;15/04/18
IBE8315;EAS;MAD;ATR-72;Nubosidad variable;15/04/18
VLG2489;EAS;BCN;AIRBUS A319;Nubosidad variable;15/04/18
IBE0557;SDR;MAD;AIRBUS A319;Despejado;14/04/18
RYR1573;SDR;SXF;BOEING 737-800 WINGLETS;Despejado;14/04/18
WZZ1480;SDR;WAW;AIRBUS A320;Despejado;15/04/18
RYR7617;SDR;EDI;BOEING 737-800 WINGLETS;Despejado;15/04/18
RYR6385;SDR;BCN;BOEING 737-800 WINGLETS;Despejado;15/04/18
IBE0555;SDR;MAD;AIRBUS A319;Despejado;15/04/18
RYR9156;SDR;CIA;BOEING 737-800 WINGLETS;Despejado;15/04/18
RYR7153;SDR;DUB;BOEING 737-800 WINGLETS;Despejado;15/04/18
IBE0557;SDR;MAD;AIRBUS A319;Despejado;15/04/18
VLG1591;SDR;BCN;AIRBUS A320;Despejado;15/04/18
IBE0405;XRY;MAD;AIRBUS A319;Nubosidad variable;14/04/18
RYR1284;XRY;BCN;BOEING 737-800 WINGLETS;Nubosidad variable;14/04/18
IBE0407;XRY;MAD;AIRBUS A320;Nubosidad variable;15/04/18
EWG575;XRY;CGN;AIRBUS A319;Nubosidad variable;15/04/18
JAF7922;XRY;BRU;EMBRAER 190;Nubosidad variable;15/04/18
EWG9571;XRY;DUS;32A;Nubosidad variable;15/04/18
RYR8397;XRY;STN;BOEING 737-800 WINGLETS;Nubosidad variable;15/04/18
IBE0411;XRY;MAD;AIRBUS A320;Nubosidad variable;15/04/18
VLG2287;XRY;BCN;AIRBUS A320;Nubosidad variable;15/04/18
RYR1284;XRY;BCN;BOEING 737-800 WINGLETS;Nubosidad variable;15/04/18
IBE0405;XRY;MAD;AIRBUS A320;Nubosidad variable;15/04/18
IBB366;VDE;LPA;ATR-72;Despejado;14/04/18
CNF248;VDE;TFN;ATR-42/72;Despejado;14/04/18
IBB674;VDE;TFN;ATR-42/72;Despejado;14/04/18
IBB656;VDE;TFN;ATR-72;Despejado;15/04/18
IBB662;VDE;TFN;ATR-72;Despejado;15/04/18
IBB668;VDE;TFN;ATR-72;Despejado;15/04/18
IBB366;VDE;LPA;ATR-72;Despejado;15/04/18
CNF248;VDE;TFN;ATR-72;Despejado;15/04/18
IBB674;VDE;TFN;ATR-72;Despejado;15/04/18
IBE8793;MLN;MAD;ATR-72;Despejado;14/04/18
IBE8271;MLN;AGP;ATR-72;Despejado;14/04/18
IBE8261;MLN;AGP;ATR-72;Despejado;15/04/18
IBE8789;MLN;MAD;ATR-72;Despejado;15/04/18
IBE8791;MLN;MAD;ATR-72;Despejado;15/04/18
IBE8263;MLN;AGP;ATR-72;Despejado;15/04/18
IBE8793;MLN;MAD;ATR-72;Despejado;15/04/18
IBE8269;MLN;AGP;ATR-72;Despejado;15/04/18
IBE8271;MLN;AGP;ATR-72;Despejado;15/04/18
AEA5004;MLN;AGP;ATR-72;Despejado;15/04/18
RYR6320;BCN;VLL;BOEING 737-800 WINGLETS;Lluvia;14/04/18
IBS9528;PMI;VLL;AIRBUS A320;Lluvia moderada;15/04/18
RYR2199;SVQ;VLL;BOEING 737-800 WINGLETS;Nubes altas;15/04/18
EVE1127;SVQ;VLL;AIRBUS A320;Nubes altas;15/04/18
RYR6320;BCN;VLL;BOEING 737-800 WINGLETS;Lluvia;15/04/18
RYR4117;MJV;MAN;BOEING 737-800 WINGLETS;Abertura de claros;14/04/18
NAX1703;MJV;OSL;BOEING 737-800 WINGLETS;Abertura de claros;14/04/18
RYR3453;MJV;LTN;BOEING 737-800 WINGLETS;Abertura de claros;14/04/18
EZY7426;MJV;SEN;AIRBUS A319;Abertura de claros;14/04/18
BAW449;MJV;LHR;32A;Abertura de claros;14/04/18
RYR8027;MJV;STN;BOEING 737-800 WINGLETS;Abertura de claros;14/04/18
EZY8554;MJV;LGW;32A;Abertura de claros;14/04/18
RYR7095;MJV;DUB;BOEING 737-800 WINGLETS;Abertura de claros;14/04/18
EZY8550;MJV;LGW;AIRBUS A319;Abertura de claros;15/04/18
EZY6014;MJV;BRS;AIRBUS A320;Abertura de claros;15/04/18
RYR1925;MJV;EMA;BOEING 737-800 WINGLETS;Abertura de claros;15/04/18
RYR4253;MJV;FRA;BOEING 737-800 WINGLETS;Abertura de claros;15/04/18
EZY8552;MJV;LGW;AIRBUS A319;Abertura de claros;15/04/18
RYR1940;MJV;EIN;BOEING 737-800 WINGLETS;Abertura de claros;15/04/18
RYR4117;MJV;MAN;BOEING 737-800 WINGLETS;Abertura de claros;15/04/18
VLG7104;LCG;LHR;32A;Nubosidad variable;14/04/18
AEA7238;LCG;MAD;EMBRAER ERJ-195;Nubosidad variable;14/04/18
VLG1291;LCG;BCN;AIRBUS A320;Nubosidad variable;14/04/18
IBE0511;LCG;MAD;AIRBUS A320;Nubosidad variable;15/04/18
VLG3133;LCG;LPA;AIRBUS A320;Nubosidad variable;15/04/18
VLG1295;LCG;BCN;AIRBUS A320;Nubosidad variable;15/04/18
TAP1085;LCG;LIS;ATR-72;Nubosidad variable;15/04/18
VLG1293;LCG;BCN;AIRBUS A320;Nubosidad variable;15/04/18
AEA7234;LCG;MAD;EMBRAER ERJ-195;Nubosidad variable;15/04/18
VLG1298;LCG;SVQ;AIRBUS A320;Nubosidad variable;15/04/18
VLG7888;BCN;DSS;32A;Lluvia;14/04/18
AZA079;BCN;FCO;AIRBUS A320;Lluvia;14/04/18
RYR7824;BCN;PIK;BOEING 737-800 WINGLETS;Lluvia;14/04/18
IBK5574;BCN;CPH;BOEING 737-800 WINGLETS;Lluvia;14/04/18
DLH1135;BCN;FRA;AIRBUS A320;Lluvia;14/04/18
RYR6944;BCN;WMI;BOEING 737-800 WINGLETS;Lluvia;14/04/18
VLG3516;BCN;IBZ;32A;Lluvia;14/04/18
VLG1701;BCN;MAD;AIRBUS A320;Lluvia;14/04/18
RYR3053;BCN;KRK;BOEING 737-800 WINGLETS;Lluvia;14/04/18
BTI684;BCN;RIX;CS3;Lluvia;14/04/18
VLG2014;BCN;GRX;AIRBUS A320;Lluvia;14/04/18
RYR6302;BCN;FUE;BOEING 737-800 WINGLETS;Lluvia;14/04/18
RYR8394;BCN;BUD;BOEING 737-800 WINGLETS;Lluvia;14/04/18
AEA6066;PMI;MAD;BOEING 737-800 WINGLETS;Lluvia moderada;14/04/18
IBS3907;FUE;MAD;AIRBUS A321;Nubes altas;14/04/18
AEA7236;LCG;MAD;EMBRAER ERJ-195;Nubosidad variable;14/04/18
IBS3613;OVD;TFN;AIRBUS A320;Nubosidad variable;14/04/18
IBS3610;OVD;LHR;AIRBUS A320;Nubosidad variable;14/04/18
TAP1113;OVD;LIS;ATR-42/72;Nubosidad variable;14/04/18
VLG1572;OVD;BCN;AIRBUS A320;Nubosidad variable;15/04/18
VOE3584;OVD;ALC;BOEING 717;Nubosidad variable;15/04/18
IBS3981;OVD;MAD;AIRBUS A320;Nubosidad variable;15/04/18
VLG1574;OVD;BCN;AIRBUS A320;Nubosidad variable;15/04/18
IBE0479;OVD;MAD;32A;Nubosidad variable;15/04/18
EZY3084;OVD;STN;AIRBUS A319;Nubosidad variable;15/04/18
IBE8335;OVD;VLC;ATR-72;Nubosidad variable;15/04/18
IBE0475;OVD;MAD;AIRBUS A321;Nubosidad variable;15/04/18
IBE8332;OVD;PMI;CANADAIR CRJ-200;Nubosidad variable;15/04/18
VLG3865;OVD;PMI;AIRBUS A320;Nubosidad variable;15/04/18
VOE3925;OVD;AGP;BOEING 717;Nubosidad variable;15/04/18
IBE0487;OVD;MAD;AIRBUS A320;Nubosidad variable;15/04/18
EVE1605;SVQ;ZAZ;32A;Nubes altas;15/04/18
AEA2634;LEI;ZAZ;BOEING 737-800 WINGLETS;Despejado;15/04/18
IBE8601;LEI;MAD;BOMBARDIER CRJ-1000;Despejado;14/04/18
BAW421;LEI;LHR;AIRBUS A320;Despejado;14/04/18
TRA5644;LEI;RTM;BOEING 737-700 WINGLETS;Despejado;14/04/18
RYR7319;LEI;DUB;BOEING 737-800 WINGLETS;Despejado;14/04/18
BEL3776;LEI;BRU;AIRBUS A320;Despejado;15/04/18
EZY8164;LEI;LGW;AIRBUS A319;Despejado;15/04/18
IBE8595;LEI;MAD;BOMBARDIER CRJ-1000;Despejado;15/04/18
IBE8213;LEI;PMI;CANADAIR CRJ-200;Despejado;15/04/18
VLG1252;LEI;BCN;AIRBUS A320;Despejado;15/04/18
IBE8577;LEI;MAD;CANADAIR CRJ-900;Despejado;15/04/18
AEA2888;LEI;BCN;BOEING 737-800 WINGLETS;Despejado;15/04/18
IBE8589;LEI;MAD;CANADAIR CRJ-200;Despejado;15/04/18
IBE8601;LEI;MAD;BOMBARDIER CRJ-1000;Despejado;15/04/18
AEA2648;LEI;BCN;BOEING 737-800 WINGLETS;Despejado;15/04/18
THY1318;BIO;IST;AIRBUS A319;Nubosidad variable;14/04/18
EIN749;BIO;DUB;AIRBUS A320;Nubosidad variable;14/04/18
AEA2660;BIO;BCN;BOEING 737-800 WINGLETS;Nubosidad variable;14/04/18
VLG1427;BIO;BCN;AIRBUS A320;Nubosidad variable;14/04/18
KLM1688;BIO;AMS;BOEING 737-700 WINGLETS;Nubosidad variable;14/04/18
IBE0449;BIO;MAD;AIRBUS A319;Nubosidad variable;14/04/18
AFR1577;BIO;CDG;EMBRAER 170;Nubosidad variable;14/04/18
VLG7292;BIO;LGW;32A;Nubosidad variable;14/04/18
DLH1827;BIO;MUC;AIRBUS A320;Nubosidad variable;14/04/18
DLH1145;BIO;FRA;AIRBUS A321;Nubosidad variable;14/04/18
SWR2059;BIO;ZRH;AIRBUS A320;Nubosidad variable;14/04/18
VLG3944;BIO;PMI;AIRBUS A320;Nubosidad variable;14/04/18
TAP1067;BIO;LIS;ATR-42/72;Nubosidad variable;14/04/18
EWG9519;BIO;DUS;AIRBUS A319;Nubosidad variable;14/04/18
BAW469;BIO;LHR;AIRBUS A320;Nubosidad variable;14/04/18
AEA7160;BIO;MAD;EMBRAER ERJ-195;Nubosidad variable;14/04/18
EZY8610;AGP;LGW;AIRBUS A319;Despejado;14/04/18
BTI678;AGP;RIX;CS3;Despejado;14/04/18
VLG6210;AGP;FCO;AIRBUS A320;Despejado;14/04/18
JAF6658;AGP;ANR;EMBRAER 190;Despejado;14/04/18
NAX8491;AGP;BGO;BOEING 737-800 WINGLETS;Despejado;14/04/18
RYR3209;AGP;MAN;BOEING 737-800 WINGLETS;Despejado;14/04/18
VLG2122;AGP;BCN;32A;Despejado;14/04/18
VLG1260;AGP;CWL;AIRBUS A320;Despejado;14/04/18
SWR2115;AGP;ZRH;AIRBUS A321;Despejado;14/04/18
IBK5002;AGP;LGW;BOEING 737-800 WINGLETS;Despejado;14/04/18
IBE8811;AGP;MAD;BOMBARDIER CRJ-1000;Despejado;14/04/18
RYR8122;AGP;BRS;BOEING 737-800 WINGLETS;Despejado;14/04/18
RYR2157;AGP;BHX;BOEING 737-800 WINGLETS;Despejado;14/04/18
AZA091;AGP;FCO;AIRBUS A320;Despejado;14/04/18
SAS1808;AGP;GOT;BOEING 737-800 WINGLETS;Despejado;14/04/18
RYR7783;AGP;MRS;BOEING 737-800 WINGLETS;Despejado;14/04/18
RYR2591;AGP;SXF;BOEING 737-800 WINGLETS;Despejado;14/04/18
EWG5909;AGP;VIE;AIRBUS A319;Despejado;14/04/18
RYR6445;SVQ;CRL;BOEING 737-800 WINGLETS;Nubes altas;14/04/18
RYR4077;SVQ;KRK;BOEING 737-800 WINGLETS;Nubes altas;14/04/18
IBS3951;SVQ;MAD;AIRBUS A320;Nubes altas;14/04/18
BEL3748;SVQ;BRU;AIRBUS A319;Nubes altas;14/04/18
VLG3046;SVQ;LPA;AIRBUS A320;Nubes altas;14/04/18
RYR1567;SVQ;FRA;BOEING 737-800 WINGLETS;Nubes altas;14/04/18
RYR6399;SVQ;BCN;BOEING 737-800 WINGLETS;Nubes altas;14/04/18
VLG8892;SVQ;NTE;AIRBUS A320;Nubes altas;14/04/18
EZY1624;SVQ;NCE;32A;Nubes altas;14/04/18
RYR5027;SVQ;WMI;BOEING 737-800 WINGLETS;Nubes altas;14/04/18
RYR4008;SVQ;RAK;BOEING 737-800 WINGLETS;Nubes altas;14/04/18
RYR8733;SVQ;MXP;BOEING 737-800 WINGLETS;Nubes altas;14/04/18
TVF3109;SVQ;ORY;BOEING 737-800 WINGLETS;Nubes altas;14/04/18
BMS4080;SVQ;TRN;BOEING 737-500;Nubes altas;14/04/18
RYR4636;SVQ;BGY;BOEING 737-800 WINGLETS;Nubes altas;14/04/18
RYR4349;SVQ;BLQ;BOEING 737-800 WINGLETS;Nubes altas;14/04/18
RYR7724;SVQ;LPA;BOEING 737-800 WINGLETS;Nubes altas;14/04/18
VLG2257;SVQ;BCN;AIRBUS A320;Nubes altas;14/04/18
VLG2488;BCN;EAS;AIRBUS A319;Lluvia;14/04/18
IBE8324;MAD;EAS;ATR-72;Nubosidad variable;14/04/18
VLG2486;BCN;EAS;AIRBUS A319;Lluvia;15/04/18
IBE8316;MAD;EAS;ATR-72;Nubosidad variable;15/04/18
IBE8322;MAD;EAS;ATR-72;Nubosidad variable;15/04/18
IBE8318;MAD;EAS;ATR-72;Nubosidad variable;15/04/18
RYR9002;GRO;BLL;BOEING 737-800 WINGLETS;Lluvia;14/04/18
RYR9307;GRO;PIK;BOEING 737-800 WINGLETS;Lluvia;14/04/18
RYR6393;GRO;NRN;BOEING 737-800 WINGLETS;Lluvia;14/04/18
RYR3653;GRO;BRE;BOEING 737-800 WINGLETS;Lluvia;14/04/18
RYR9911;GRO;BOH;BOEING 737-800 WINGLETS;Lluvia;14/04/18
RYR9123;GRO;EIN;BOEING 737-800 WINGLETS;Lluvia;15/04/18
RYR7083;GRO;OMR;BOEING 737-800 WINGLETS;Lluvia;15/04/18
RYR9555;GRO;FMM;BOEING 737-800 WINGLETS;Lluvia;15/04/18
RYR6901;GRO;CRL;BOEING 737-800 WINGLETS;Lluvia;15/04/18
RYR9305;GRO;LPL;BOEING 737-800 WINGLETS;Lluvia;15/04/18
RYR9172;GRO;WRO;BOEING 737-800 WINGLETS;Lluvia;15/04/18
RYR4125;GRO;HHN;BOEING 737-800 WINGLETS;Lluvia;15/04/18
RYR7037;GRO;DUB;BOEING 737-800 WINGLETS;Lluvia;15/04/18
RYR9364;GRO;PSR;BOEING 737-800 WINGLETS;Lluvia;15/04/18
RYR9241;GRO;PSA;BOEING 737-800 WINGLETS;Lluvia;15/04/18
RYR9803;GRO;STN;BOEING 737-800 WINGLETS;Lluvia;15/04/18
PBD832;GRO;VKO;BOEING 737-800 WINGLETS;Lluvia;15/04/18
RYR9211;GRO;FKB;BOEING 737-800 WINGLETS;Lluvia;15/04/18
RYR9335;GRO;BRS;BOEING 737-800 WINGLETS;Lluvia;15/04/18
RYR4482;GRO;RIX;BOEING 737-800 WINGLETS;Lluvia;15/04/18
RYR5122;GRO;POZ;BOEING 737-800 WINGLETS;Lluvia;15/04/18
RYR9303;GRO;EDI;BOEING 737-800 WINGLETS;Lluvia;15/04/18
RYR1131;GRO;EMA;BOEING 737-800 WINGLETS;Lluvia;15/04/18
RYR6903;GRO;CRL;BOEING 737-800 WINGLETS;Lluvia;15/04/18
RYR1283;BCN;XRY;BOEING 737-800 WINGLETS;Lluvia;14/04/18
IBE0406;MAD;XRY;AIRBUS A319;Nubosidad variable;14/04/18
IBE0410;MAD;XRY;AIRBUS A320;Nubosidad variable;15/04/18
VLG2286;BCN;XRY;AIRBUS A320;Lluvia;15/04/18
RYR1283;BCN;XRY;BOEING 737-800 WINGLETS;Lluvia;15/04/18
IBE0404;MAD;XRY;AIRBUS A320;Nubosidad variable;15/04/18
RYR4478;SCQ;HHN;BOEING 737-800 WINGLETS;Nubosidad variable;14/04/18
DLH1111;SCQ;FRA;AIRBUS A320;Nubosidad variable;14/04/18
IBS3879;SCQ;MAD;AIRBUS A320;Nubosidad variable;14/04/18
VLG3137;SCQ;ACE;AIRBUS A320;Nubosidad variable;14/04/18
AEA7137;SCQ;LPA;BOEING 737-800 WINGLETS;Nubosidad variable;14/04/18
AEA2617;SCQ;VLC;BOEING 737-800 WINGLETS;Nubosidad variable;14/04/18
VLG1673;SCQ;BCN;32A;Nubosidad variable;14/04/18
RYR7004;SCQ;LPA;BOEING 737-800 WINGLETS;Nubosidad variable;14/04/18
IBE8367;SCQ;PMI;BOMBARDIER CRJ-1000;Nubosidad variable;14/04/18
RYR4579;SCQ;BGY;BOEING 737-800 WINGLETS;Nubosidad variable;15/04/18
VLG3247;SCQ;TFN;AIRBUS A320;Nubosidad variable;15/04/18
RYR7223;SCQ;VLC;BOEING 737-800 WINGLETS;Nubosidad variable;15/04/18
RYR6333;SCQ;BCN;BOEING 737-800 WINGLETS;Nubosidad variable;15/04/18
EZS1338;SCQ;GVA;AIRBUS A320;Nubosidad variable;15/04/18
IBS3877;SCQ;MAD;AIRBUS A321;Nubosidad variable;15/04/18
IBE8365;SCQ;PMI;CANADAIR CRJ-200;Nubosidad variable;15/04/18
VLG1671;SCQ;BCN;AIRBUS A320;Nubosidad variable;15/04/18
EWG8599;PMI;TXL;AIRBUS A319;Lluvia moderada;14/04/18
EZY8632;PMI;LGW;AIRBUS A319;Lluvia moderada;14/04/18
RYR6219;PMI;NRN;BOEING 737-800 WINGLETS;Lluvia moderada;14/04/18
IBK6656;PMI;GOT;BOEING 737-800 WINGLETS;Lluvia moderada;14/04/18
EZY6042;PMI;BRS;AIRBUS A320;Lluvia moderada;14/04/18
EZY5806;PMI;TXL;AIRBUS A320;Lluvia moderada;14/04/18
ANE8128;PMI;IBZ;ATR-42/72;Lluvia moderada;14/04/18
EWG2597;PMI;STR;AIRBUS A319;Lluvia moderada;14/04/18
RYR2037;PMI;DTM;BOEING 737-800 WINGLETS;Lluvia moderada;14/04/18
AEA6072;PMI;BCN;BOEING 737-800 WINGLETS;Lluvia moderada;14/04/18
RYR7197;PMI;HAM;BOEING 737-800 WINGLETS;Lluvia moderada;14/04/18
RYR9998;PMI;DUB;BOEING 737-800 WINGLETS;Lluvia moderada;14/04/18
BAW451;PMI;LHR;32A;Lluvia moderada;14/04/18
BEL3766;PMI;BRU;AIRBUS A320;Lluvia moderada;14/04/18
VLG3913;PMI;BCN;AIRBUS A320;Lluvia moderada;14/04/18
EZY2280;PMI;LTN;32A;Lluvia moderada;14/04/18
IBK2427;PMI;LGW;BOEING 737-800 WINGLETS;Lluvia moderada;14/04/18
EWG1787;PMI;MUC;AIRBUS A319;Lluvia moderada;14/04/18
IBS3925;PMI;MAD;32A;Lluvia moderada;14/04/18
EZY8304;MAH;LGW;AIRBUS A319;Lluvia moderada;14/04/18
AEA4530;MAH;PMI;ATR-72;Lluvia moderada;14/04/18
RYR6882;MAH;BCN;BOEING 737-800 WINGLETS;Lluvia moderada;14/04/18
IBE8493;MAH;PMI;BOMBARDIER CRJ-1000;Lluvia moderada;14/04/18
VLG3709;MAH;BCN;32A;Lluvia moderada;14/04/18
HOP9615;MAH;LYS;BOMBARDIER CRJ-1000;Lluvia moderada;14/04/18
VLG3701;MAH;BCN;32A;Lluvia moderada;14/04/18
VLG8191;MAH;ORY;32B;Lluvia moderada;14/04/18
IBE8487;MAH;PMI;ATR-42/72;Lluvia moderada;14/04/18
FPO646;MAH;CDG;BOEING 737-700 WINGLETS;Lluvia moderada;14/04/18
VLG3719;MAH;BCN;32B;Lluvia moderada;14/04/18
IBE8481;MAH;PMI;BOMBARDIER CRJ-1000;Lluvia moderada;15/04/18
IBE8951;MAH;MAD;BOMBARDIER CRJ-1000;Lluvia moderada;15/04/18
AAL8615;MAH;MAD;BOMBARDIER CRJ-1000;Lluvia moderada;15/04/18
IBE8495;MAH;PMI;ATR-72;Lluvia moderada;15/04/18
VLG3713;MAH;BCN;AIRBUS A320;Lluvia moderada;15/04/18
IBE8483;MAH;PMI;BOMBARDIER CRJ-1000;Lluvia moderada;15/04/18
GMI8813;FUE;FDH;AIRBUS A319;Nubes altas;14/04/18
EWG9547;FUE;DUS;32A;Nubes altas;14/04/18
GMI9827;FUE;FMO;AIRBUS A319;Nubes altas;14/04/18
VLG8419;FUE;AMS;32A;Nubes altas;14/04/18
GMI7807;FUE;NUE;AIRBUS A319;Nubes altas;14/04/18
EWG7527;FUE;HAM;BOEING 737-800 WINGLETS;Nubes altas;14/04/18
DE1441;FUE;HAM;BOEING 757-300 WINGLETS;Nubes altas;14/04/18
EZS1222;FUE;BSL;AIRBUS A320;Nubes altas;14/04/18
GMI1433;FUE;SXF;AIRBUS A319;Nubes altas;14/04/18
IBB221;FUE;LPA;ATR-42/72;Nubes altas;14/04/18
IBB425;FUE;TFN;ATR-72;Nubes altas;14/04/18
GMI7123;FUE;DRS;BOEING 737-700 WINGLETS;Nubes altas;14/04/18
DE1403;FUE;FRA;BOEING 757-200  WINGLETS;Nubes altas;14/04/18
TUI2139;FUE;FRA;BOEING 737-800 WINGLETS;Nubes altas;14/04/18
DE1461;FUE;LEJ;32B;Nubes altas;14/04/18
DE1457;FUE;DUS;BOEING 757-300 WINGLETS;Nubes altas;14/04/18
VLG3285;FUE;BIO;32A;Nubes altas;14/04/18
DE1413;FUE;MUC;32B;Nubes altas;14/04/18
RYR6443;FUE;CRL;BOEING 737-800 WINGLETS;Nubes altas;14/04/18
GMI7041;FUE;RLG;AIRBUS A319;Nubes altas;14/04/18
IBB219;FUE;LPA;ATR-72;Nubes altas;14/04/18
TUI2163;FUE;MUC;BOEING 737-800 WINGLETS;Nubes altas;14/04/18
KLM1504;VLC;AMS;BOEING 737-700 WINGLETS;Nubosidad variable;14/04/18
RAM969;VLC;CMN;ATR-72;Nubosidad variable;14/04/18
RYR2216;VLC;RAK;BOEING 737-800 WINGLETS;Nubosidad variable;14/04/18
IBE8985;VLC;MAD;BOMBARDIER CRJ-1000;Nubosidad variable;14/04/18
VLG3953;VLC;PMI;AIRBUS A320;Nubosidad variable;14/04/18
AZA083;VLC;FCO;AIRBUS A320;Nubosidad variable;14/04/18
AEA2618;VLC;SCQ;BOEING 737-800 WINGLETS;Nubosidad variable;14/04/18
RYR1919;VLC;CRL;BOEING 737-800 WINGLETS;Nubosidad variable;14/04/18
EZY8224;VLC;LGW;AIRBUS A319;Nubosidad variable;14/04/18
VLG3695;VLC;IBZ;AIRBUS A320;Nubosidad variable;14/04/18
VLG1315;VLC;BCN;AIRBUS A320;Nubosidad variable;14/04/18
RYR1070;VLC;EDI;BOEING 737-800 WINGLETS;Nubosidad variable;14/04/18
DLH1465;VLC;FRA;32A;Nubosidad variable;14/04/18
AEA4060;VLC;MAD;ATR-72;Nubosidad variable;14/04/18
RYR139;VLC;SXF;BOEING 737-800 WINGLETS;Nubosidad variable;14/04/18
SWR2147;VLC;ZRH;AIRBUS A319;Nubosidad variable;14/04/18
KLM1506;VLC;AMS;BOEING 737-800 WINGLETS;Nubosidad variable;14/04/18
BMS114;VLC;OTP;BOEING 737-800 WINGLETS;Nubosidad variable;14/04/18
RYR2425;VLC;FRA;BOEING 737-800 WINGLETS;Nubosidad variable;14/04/18
TAP1093;VLC;LIS;ATR-42/72;Nubosidad variable;14/04/18
IBB365;LPA;VDE;ATR-72;Nubes altas;14/04/18
CNF247;TFN;VDE;ATR-42/72;Despejado;14/04/18
IBB673;TFN;VDE;ATR-42/72;Despejado;14/04/18
IBS2237;TFN;VDE;ATR-42/72;Despejado;17/04/18
IBB655;TFN;VDE;ATR-72;Despejado;15/04/18
IBB659;TFN;VDE;ATR-72;Despejado;15/04/18
IBB663;TFN;VDE;ATR-72;Despejado;15/04/18
IBB365;LPA;VDE;ATR-72;Nubes altas;15/04/18
CNF247;TFN;VDE;ATR-42/72;Despejado;15/04/18
IBB673;TFN;VDE;ATR-72;Despejado;15/04/18
KLM1498;IBZ;AMS;BOEING 737-700 WINGLETS;Llovizna;14/04/18
RYR8842;IBZ;BCN;BOEING 737-800 WINGLETS;Llovizna;14/04/18
RYR3542;IBZ;EIN;BOEING 737-800 WINGLETS;Llovizna;14/04/18
IBE8125;IBZ;PMI;BOMBARDIER CRJ-1000;Llovizna;14/04/18
VLG2425;IBZ;SVQ;AIRBUS A320;Llovizna;14/04/18
VLG1355;IBZ;ALC;32A;Llovizna;14/04/18
SRK2127;IBZ;BRN;SAAB 2000;Llovizna;14/04/18
IBE8129;IBZ;PMI;ATR-42/72;Llovizna;14/04/18
IBE8905;IBZ;ALC;BOMBARDIER CRJ-1000;Llovizna;14/04/18
VLG3517;IBZ;BCN;AIRBUS A320;Llovizna;14/04/18
EWG9541;IBZ;DUS;32A;Llovizna;14/04/18
IBE8677;IBZ;BCN;BOMBARDIER CRJ-1000;Llovizna;14/04/18
VLG3694;IBZ;VLC;AIRBUS A320;Llovizna;14/04/18
IBE8117;IBZ;PMI;BOMBARDIER CRJ-1000;Llovizna;14/04/18
KLM1500;IBZ;AMS;EMBRAER 190;Llovizna;14/04/18
AEA1711;IBZ;PMI;ATR-72;Llovizna;14/04/18
EDW267;IBZ;ZRH;AIRBUS A320;Llovizna;14/04/18
RYR9406;IBZ;EMA;BOEING 737-800 WINGLETS;Llovizna;14/04/18
EZY4838;IBZ;NAP;32A;Llovizna;14/04/18
EXS310;ACE;BFS;BOEING 737-800 WINGLETS;Nubes altas;14/04/18
IBB519;ACE;LPA;ATR-42/72;Nubes altas;14/04/18
IBB471;ACE;TFN;ATR-42/72;Nubes altas;14/04/18
TVS3437;ACE;LYS;BOEING 737-800 WINGLETS;Nubes altas;14/04/18
EWG9555;ACE;DUS;AIRBUS A321;Nubes altas;14/04/18
IBB523;ACE;LPA;ATR-72;Nubes altas;14/04/18
TRA6358;ACE;EIN;BOEING 737-800 WINGLETS;Nubes altas;14/04/18
RYR2016;ACE;MAD;BOEING 737-800 WINGLETS;Nubes altas;14/04/18
VLG3138;ACE;OVD;AIRBUS A320;Nubes altas;14/04/18
CNF550;ACE;TFN;ATR-72;Nubes altas;14/04/18
AUA9502;ACE;FUE;AIRBUS A320;Nubes altas;14/04/18
VLG3188;ACE;ORY;32B;Nubes altas;14/04/18
BEL3788;ACE;BRU;AIRBUS A320;Nubes altas;14/04/18
EIN923;ACE;SNN;AIRBUS A320;Nubes altas;14/04/18
RYR3521;ACE;GLA;BOEING 737-800 WINGLETS;Nubes altas;14/04/18
EIN877;ACE;ORK;AIRBUS A320;Nubes altas;14/04/18
EXS764;ACE;MAN;BOEING 737-800 WINGLETS;Nubes altas;14/04/18
ENT928;ACE;CDG;BOEING 737-800 WINGLETS;Nubes altas;14/04/18
EXS1402;ACE;STN;BOEING 737-800 WINGLETS;Nubes altas;14/04/18
IBB525;ACE;LPA;ATR-42/72;Nubes altas;14/04/18
BAW2733;ACE;LGW;AIRBUS A320;Nubes altas;14/04/18
IBE8649;GRX;MAD;CANADAIR CRJ-900;Nubosidad variable;14/04/18
VLG2015;GRX;BCN;AIRBUS A320;Nubosidad variable;14/04/18
VLG8727;GRX;CDG;AIRBUS A320;Nubosidad variable;14/04/18
EZY8172;GRX;LGW;AIRBUS A319;Nubosidad variable;14/04/18
VLG2017;GRX;BCN;AIRBUS A320;Nubosidad variable;14/04/18
IBE8639;GRX;MAD;BOMBARDIER CRJ-1000;Nubosidad variable;15/04/18
VLG2011;GRX;BCN;AIRBUS A320;Nubosidad variable;15/04/18
IBE8641;GRX;MAD;BOMBARDIER CRJ-1000;Nubosidad variable;15/04/18
EZY2676;GRX;MXP;AIRBUS A319;Nubosidad variable;15/04/18
VLG2021;GRX;BCN;AIRBUS A320;Nubosidad variable;15/04/18
AEA5200;GRX;PMI;EMBRAER ERJ-195;Nubosidad variable;15/04/18
VLG3932;GRX;PMI;AIRBUS A320;Nubosidad variable;15/04/18
IBE8645;GRX;MAD;BOMBARDIER CRJ-1000;Nubosidad variable;15/04/18
ENT513;GRX;ARN;BOEING 737-800 WINGLETS;Nubosidad variable;15/04/18
ENT574;GRX;ARN;BOEING 737-800;Nubosidad variable;15/04/18
IBE8649;GRX;MAD;BOMBARDIER CRJ-1000;Nubosidad variable;15/04/18
IBE8270;AGP;MLN;ATR-72;Despejado;14/04/18
IBE8798;MAD;MLN;ATR-72;Nubosidad variable;14/04/18
IBE8272;AGP;MLN;ATR-72;Despejado;14/04/18
IBE8262;AGP;MLN;ATR-72;Despejado;15/04/18
IBE8792;MAD;MLN;ATR-72;Nubosidad variable;15/04/18
IBE8790;MAD;MLN;ATR-72;Nubosidad variable;15/04/18
IBE8264;AGP;MLN;ATR-72;Despejado;15/04/18
IBE8270;AGP;MLN;ATR-72;Despejado;15/04/18
AEA5005;AGP;MLN;ATR-72;Despejado;15/04/18
IBE8798;MAD;MLN;ATR-72;Nubosidad variable;15/04/18
AEA7237;MAD;LCG;EMBRAER ERJ-195;Nubosidad variable;14/04/18
IBE0522;MAD;LCG;AIRBUS A320;Nubosidad variable;14/04/18
VLG1290;BCN;LCG;AIRBUS A320;Lluvia;14/04/18
VLG1294;BCN;LCG;AIRBUS A320;Lluvia;15/04/18
AEA7233;MAD;LCG;EMBRAER ERJ-195;Nubosidad variable;15/04/18
LZF441;BIO;LCG;ATR 42-300/320;Nubosidad variable;15/04/18
VLG3132;LPA;LCG;AIRBUS A320;Nubes altas;15/04/18
VLG1356;ALC;IBZ;AIRBUS A320;Nubosidad variable;14/04/18
EZY8666;ALC;LGW;AIRBUS A319;Nubosidad variable;14/04/18
IBK5374;ALC;CPH;BOEING 737-800 WINGLETS;Nubosidad variable;14/04/18
ANE8607;ALC;PMI;CANADAIR CRJ-900;Nubosidad variable;14/04/18
ANE8908;ALC;TFN;BOMBARDIER CRJ-1000;Nubosidad variable;14/04/18
DLH1175;ALC;FRA;AIRBUS A321;Nubosidad variable;14/04/18
KLM1510;ALC;AMS;BOEING 737-700 WINGLETS;Nubosidad variable;14/04/18
RYR9078;ALC;LBA;BOEING 737-800 WINGLETS;Nubosidad variable;14/04/18
VLG1342;ALC;NTE;32A;Nubosidad variable;14/04/18
EVE1101;ALC;SVQ;32A;Nubosidad variable;14/04/18
ANE8906;ALC;IBZ;BOMBARDIER CRJ-1000;Nubosidad variable;14/04/18
EXS1216;ALC;BHX;BOEING 737-800 WINGLETS;Nubosidad variable;14/04/18
TOM3639;ALC;DSA;BOEING 737-800 WINGLETS;Nubosidad variable;14/04/18
WOW615;ALC;KEF;AIRBUS A321;Nubosidad variable;14/04/18
RYR9034;ALC;BVA;BOEING 737-800 WINGLETS;Nubosidad variable;14/04/18
EZY7120;ALC;LPL;AIRBUS A319;Nubosidad variable;14/04/18
DAH2017;ALC;ORN;BOEING 737-800 WINGLETS;Nubosidad variable;14/04/18
IBK541;ALC;HEL;BOEING 737-800 WINGLETS;Nubosidad variable;14/04/18
RYR9887;ALC;LPL;BOEING 737-800 WINGLETS;Nubosidad variable;14/04/18
NAX8591;ALC;TRD;BOEING 737-800 WINGLETS;Nubosidad variable;14/04/18
TOM6617;ALC;BRS;BOEING 757-200  WINGLETS;Nubosidad variable;14/04/18
RYR4130;ALC;FRA;BOEING 737-800 WINGLETS;Nubosidad variable;14/04/18
VLG8251;ALC;ORY;32A;Nubosidad variable;14/04/18
RYR245;BCN;VGO;BOEING 737-800 WINGLETS;Lluvia;14/04/18
AEA7306;MAD;VGO;EMBRAER ERJ-195;Nubosidad variable;14/04/18
IBE0538;MAD;VGO;AIRBUS A319;Nubosidad variable;14/04/18
AEA7308;MAD;VGO;EMBRAER ERJ-195;Nubosidad variable;15/04/18
AEA7302;MAD;VGO;EMBRAER ERJ-195;Nubosidad variable;15/04/18
IBE0532;MAD;VGO;AIRBUS A319;Nubosidad variable;15/04/18
LAV5463;TFN;VGO;BOEING 737-400;Despejado;15/04/18
AEA7300;MAD;VGO;EMBRAER ERJ-195;Nubosidad variable;15/04/18
AEA9466;SPC;TFN;ATR-72;Nubes altas;14/04/18
VLG3249;SPC;BCN;AIRBUS A320;Nubes altas;14/04/18
EWG2269;SPC;STR;32A;Nubes altas;14/04/18
IBB636;SPC;TFN;ATR-42/72;Nubes altas;14/04/18
IBB316;SPC;LPA;ATR-42/72;Nubes altas;14/04/18
AEA9480;SPC;TFN;ATR-72;Nubes altas;14/04/18
IBB638;SPC;TFN;ATR-42/72;Nubes altas;14/04/18
IBB640;SPC;TFN;ATR-72;Nubes altas;14/04/18
CNF468;SPC;TFN;ATR-72;Nubes altas;14/04/18
AEA9468;SPC;TFN;ATR-72;Nubes altas;14/04/18
IBB642;SPC;TFN;ATR-42/72;Nubes altas;14/04/18
IBB318;SPC;LPA;ATR-42/72;Nubes altas;14/04/18
IBB606;SPC;TFN;ATR-72;Nubes altas;15/04/18
IBB304;SPC;LPA;ATR-72;Nubes altas;15/04/18
CNF413;SPC;TFN;ATR-72;Nubes altas;15/04/18
IBB608;SPC;TFN;ATR-72;Nubes altas;15/04/18
TVS2434;SPC;CDG;BOEING 737-800 WINGLETS;Nubes altas;15/04/18
AEA9462;SPC;TFN;ATR-72;Nubes altas;15/04/18
CNF419;SPC;TFN;ATR-72;Nubes altas;15/04/18
IBB610;SPC;TFN;ATR-72;Nubes altas;15/04/18
AEA9464;SPC;TFN;ATR-72;Nubes altas;15/04/18
IBB620;SPC;TFN;ATR-72;Nubes altas;15/04/18
IBE0556;MAD;SDR;AIRBUS A319;Nubosidad variable;14/04/18
RYR6384;BCN;SDR;BOEING 737-800 WINGLETS;Lluvia;15/04/18
IBE0554;MAD;SDR;AIRBUS A319;Nubosidad variable;15/04/18
IBE0556;MAD;SDR;AIRBUS A319;Nubosidad variable;15/04/18
VLG1590;BCN;SDR;AIRBUS A320;Lluvia;15/04/18
CNF549;TFN;ACE;ATR-72;Despejado;14/04/18
IBB673;TFN;VDE;ATR-42/72;Despejado;14/04/18
IBB653;TFN;GMZ;ATR-42/72;Despejado;14/04/18
IBB623;TFN;SPC;ATR-42/72;Despejado;14/04/18
IBB170;TFN;LPA;ATR-72;Despejado;14/04/18
AEA9479;TFN;SPC;ATR-72;Despejado;14/04/18
IBS3955;TFN;MAD;AIRBUS A320;Despejado;14/04/18
AEA9117;TFN;MAD;AIRBUS A330-200;Despejado;14/04/18
IBB178;TFN;LPA;BOMBARDIER CRJ-1000;Despejado;14/04/18
IBB637;TFN;SPC;ATR-42/72;Despejado;14/04/18
CNF374;TFN;FUE;ATR-42/72;Despejado;14/04/18
AEA9420;TFN;LPA;ATR-72;Despejado;14/04/18
IBS3939;TFN;MAD;AIRBUS A320;Despejado;14/04/18
IBB639;TFN;SPC;ATR-72;Despejado;14/04/18
IBB186;TFN;LPA;BOMBARDIER CRJ-1000;Despejado;14/04/18
IBB428;TFN;FUE;ATR-42/72;Despejado;14/04/18
IBB484;TFN;ACE;ATR-42/72;Despejado;14/04/18
CNF467;TFN;SPC;ATR-72;Despejado;14/04/18
CNF668;TFN;LPA;ATR-42/72;Despejado;14/04/18
IBE8205;TFN;SCQ;BOMBARDIER CRJ-1000;Despejado;14/04/18
VLG2287;XRY;BCN;BOEING 737-800 WINGLETS;Nubosidad variable;14/04/18
LLX5062;ACE;TFS;AIRBUS A321;Nubes altas;14/04/18
BEL3782;TFS;BRU;AIRBUS A320;Despejado;14/04/18
TUI2231;TFS;SCN;BOEING 737-700 WINGLETS;Despejado;14/04/18
EWG3535;TFS;HAJ;BOEING 737-800 WINGLETS;Despejado;14/04/18
EZS1542;TFS;GVA;AIRBUS A320;Despejado;14/04/18
EZY7942;TFS;AMS;32A;Despejado;14/04/18
EWG9559;TFS;DUS;32A;Despejado;14/04/18
WOW635;TFS;KEF;AIRBUS A321;Despejado;14/04/18
TUI2145;TFS;HAJ;BOEING 737-800 WINGLETS;Despejado;14/04/18
RYR6122;TFS;WMI;BOEING 737-800 WINGLETS;Despejado;14/04/18
LGL156;TFS;LUX;BOEING 737-800 WINGLETS;Despejado;14/04/18
TUI2119;TFS;DUS;BOEING 737-800 WINGLETS;Despejado;14/04/18
TUI2143;TFS;FRA;7S8;Despejado;14/04/18
EZY4718;TFS;SXF;32A;Despejado;14/04/18
TRA5834;TFS;RTM;BOEING 737-700 WINGLETS;Despejado;14/04/18
EZY3858;TFS;CDG;32A;Despejado;14/04/18
EZS1226;TFS;BSL;AIRBUS A320;Despejado;14/04/18
LGL714;TFS;LUX;BOEING 737-800 WINGLETS;Despejado;14/04/18
TUI2219;TFS;STR;BOEING 737-800 WINGLETS;Despejado;14/04/18
JAF6394;TFS;OST;BOEING 737-800 WINGLETS;Despejado;14/04/18
RYR8839;TFS;BGY;BOEING 737-800 WINGLETS;Despejado;14/04/18
AUA9506;TFS;VIE;AIRBUS A321;Despejado;14/04/18
RYR4898;TFS;BLQ;BOEING 737-800 WINGLETS;Despejado;14/04/18
EWG253;TFS;CGN;BOEING 737-800 WINGLETS;Despejado;14/04/18
BAW2731;TFS;LGW;AIRBUS A320;Despejado;14/04/18
IBS3612;TFN;OVD;AIRBUS A320;Despejado;14/04/18
IBS3980;MAD;OVD;AIRBUS A320;Nubosidad variable;14/04/18
IBE0480;MAD;OVD;32A;Nubosidad variable;14/04/18
VLG3138;ACE;OVD;AIRBUS A320;Nubes altas;14/04/18
VLG1573;BCN;OVD;AIRBUS A320;Lluvia;15/04/18
IBE8334;VLC;OVD;ATR-72;Nubosidad variable;15/04/18
IBE0488;MAD;OVD;AIRBUS A321;Nubosidad variable;15/04/18
IBE8333;PMI;OVD;CANADAIR CRJ-200;Despejado;17/04/18
VLG1579;BCN;OVD;AIRBUS A320;Lluvia;15/04/18
VOE3585;ALC;OVD;BOEING 717;Nubosidad variable;15/04/18
IBE0476;MAD;OVD;AIRBUS A320;Nubosidad variable;15/04/18
ANE001;SDR;BIO;Sin especificar;Despejado;17/04/18
VLG1434;BCN;BIO;AIRBUS A320;Lluvia;14/04/18
AEA7159;MAD;BIO;EMBRAER ERJ-195;Nubosidad variable;14/04/18
IBE0440;MAD;BIO;AIRBUS A319;Nubosidad variable;14/04/18
IBE8386;ALC;BIO;CANADAIR CRJ-900;Despejado;17/04/18
VLG3285;FUE;BIO;32A;Nubes altas;14/04/18
SAS7736;LPA;BLL;AIRBUS A321;Nubes altas;14/04/18
PRI526;LPA;AAL;BOEING 737-800;Nubes altas;14/04/18
PRW240;LPA;JOE;BOEING 737-800;Nubes altas;14/04/18
EWG1805;LPA;MUC;32A;Nubes altas;14/04/18
DE1405;LPA;FRA;32B;Nubes altas;14/04/18
NAX1771;LPA;TRD;BOEING 737-800 WINGLETS;Nubes altas;14/04/18
IBK5806;LPA;MAD;BOEING 737-800 WINGLETS;Nubes altas;14/04/18
EWG5431;LPA;DUS;32A;Nubes altas;14/04/18
IBS3829;LPA;MAD;AIRBUS A320;Nubes altas;14/04/18
EWG5401;LPA;HAM;32A;Nubes altas;14/04/18
DE1463;LPA;LEJ;32B;Nubes altas;14/04/18
SAS4698;LPA;OSL;BOEING 737-800;Nubes altas;14/04/18
IBB220;LPA;FUE;ATR-72;Nubes altas;14/04/18
EWG9543;LPA;DUS;32A;Nubes altas;14/04/18
EWG5405;LPA;DUS;32A;Nubes altas;14/04/18
NAX4242;LPA;ARN;BOEING 737-800 WINGLETS;Nubes altas;14/04/18
TVS2041;LPA;PRG;BOEING 737-800 WINGLETS;Nubes altas;14/04/18
RYR2012;LPA;MAD;BOEING 737-800 WINGLETS;Nubes altas;14/04/18
IBB315;LPA;SPC;ATR-72;Nubes altas;14/04/18
EWG5403;LPA;HAJ;BOEING 737-800 WINGLETS;Nubes altas;14/04/18
RYR7003;LPA;SCQ;BOEING 737-800 WINGLETS;Nubes altas;14/04/18
IBE8592;MAD;LEI;BOMBARDIER CRJ-1000;Nubosidad variable;14/04/18
IBE8594;MAD;LEI;BOMBARDIER CRJ-1000;Nubosidad variable;15/04/18
AEA2887;BCN;LEI;BOEING 737-800 WINGLETS;Lluvia;15/04/18
VLG1251;BCN;LEI;AIRBUS A320;Lluvia;15/04/18
IBE8598;MAD;LEI;CANADAIR CRJ-900;Nubosidad variable;15/04/18
AEA2633;ZAZ;LEI;BOEING 737-800 WINGLETS;Nubes altas;15/04/18
IBE8212;PMI;LEI;CANADAIR CRJ-200;Despejado;17/04/18
IBE8592;MAD;LEI;BOMBARDIER CRJ-1000;Nubosidad variable;15/04/18
AEA2647;BCN;LEI;BOEING 737-800 WINGLETS;Lluvia;15/04/18
IBE8642;MAD;GRX;CANADAIR CRJ-900;Nubosidad variable;14/04/18
VLG2014;BCN;GRX;AIRBUS A320;Lluvia;14/04/18
VLG2016;BCN;GRX;AIRBUS A320;Lluvia;14/04/18
IBE8648;MAD;GRX;BOMBARDIER CRJ-1000;Nubosidad variable;14/04/18
VLG2010;BCN;GRX;AIRBUS A321;Lluvia;15/04/18
IBE8640;MAD;GRX;BOMBARDIER CRJ-1000;Nubosidad variable;15/04/18
VLG2020;BCN;GRX;AIRBUS A320;Lluvia;15/04/18
AEA5201;PMI;GRX;EMBRAER ERJ-195;Lluvia moderada;15/04/18
VLG3933;PMI;GRX;AIRBUS A320;Lluvia moderada;15/04/18
IBE8646;MAD;GRX;BOMBARDIER CRJ-1000;Nubosidad variable;15/04/18
IBE8642;MAD;GRX;BOMBARDIER CRJ-1000;Nubosidad variable;15/04/18
VLG2014;BCN;GRX;AIRBUS A320;Lluvia;15/04/18
IBE8661;VIT;MAH;BOMBARDIER CRJ-1000;Abertura de claros;14/04/18
RYR6881;BCN;MAH;BOEING 737-800 WINGLETS;Lluvia;14/04/18
VLG3716;BCN;MAH;32A;Lluvia;14/04/18
VLG3700;BCN;MAH;32A;Lluvia;14/04/18
IBE8492;PMI;MAH;ATR-42/72;Despejado;17/04/18
IBE8496;PMI;MAH;BOMBARDIER CRJ-1000;Despejado;17/04/18
VLG3718;BCN;MAH;32B;Lluvia;14/04/18
IBE8954;MAD;MAH;BOMBARDIER CRJ-1000;Nubosidad variable;14/04/18
QTR6553;MAH;MAD;BOMBARDIER CRJ-1000;Lluvia moderada;14/04/18
IBE8494;PMI;MAH;ATR-72;Despejado;17/04/18
VLG3712;BCN;MAH;AIRBUS A320;Lluvia;15/04/18
IBE8480;PMI;MAH;BOMBARDIER CRJ-1000;Despejado;17/04/18
VLG3800;BIO;MAH;AIRBUS A320;Nubosidad variable;15/04/18
IBS3878;MAD;SCQ;AIRBUS A320;Nubosidad variable;14/04/18
AEA7117;ACE;SCQ;BOEING 737-800 WINGLETS;Nubes altas;14/04/18
AEA2618;VLC;SCQ;BOEING 737-800 WINGLETS;Nubosidad variable;14/04/18
VLG1672;BCN;SCQ;32A;Lluvia;14/04/18
RYR7003;LPA;SCQ;BOEING 737-800 WINGLETS;Nubes altas;14/04/18
IBE8205;TFN;SCQ;BOMBARDIER CRJ-1000;Despejado;14/04/18
VLG3136;ACE;SCQ;AIRBUS A320;Nubes altas;14/04/18
RYR7222;VLC;SCQ;BOEING 737-800 WINGLETS;Nubosidad variable;15/04/18
RYR6332;BCN;SCQ;BOEING 737-800 WINGLETS;Lluvia;15/04/18
IBS3876;MAD;SCQ;AIRBUS A321;Nubosidad variable;15/04/18
IBE8356;BIO;SCQ;CANADAIR CRJ-200;Nubosidad variable;15/04/18
VLG1670;BCN;SCQ;AIRBUS A320;Lluvia;15/04/18
AEA4014;VLC;PMI;ATR-72;Nubosidad variable;14/04/18
VLG3908;BCN;PMI;32A;Lluvia;14/04/18
ANE8607;ALC;PMI;CANADAIR CRJ-900;Nubosidad variable;14/04/18
ANE8125;IBZ;PMI;BOMBARDIER CRJ-1000;Despejado;17/04/18
AEA4027;ALC;PMI;ATR-72;Nubosidad variable;14/04/18
RYR2053;MAD;PMI;BOEING 737-800 WINGLETS;Nubosidad variable;14/04/18
VLG2123;BCN;AGP;32A;Lluvia;14/04/18
IBE8810;MAD;AGP;BOMBARDIER CRJ-1000;Nubosidad variable;14/04/18
RYR2574;SCQ;AGP;BOEING 737-800 WINGLETS;Nubosidad variable;14/04/18
IBE8271;MLN;AGP;ATR-72;Despejado;14/04/18
VLG3952;PMI;VLC;AIRBUS A320;Lluvia moderada;14/04/18
VLG1314;BCN;VLC;AIRBUS A320;Lluvia;14/04/18
AEA4011;PMI;VLC;ATR-72;Lluvia moderada;14/04/18
VLG1356;ALC;IBZ;AIRBUS A320;Nubosidad variable;14/04/18
IBE8128;PMI;IBZ;ATR-42/72;Despejado;17/04/18
IBE8674;BIO;IBZ;BOMBARDIER CRJ-1000;Nubosidad variable;14/04/18
IBE8906;ALC;IBZ;BOMBARDIER CRJ-1000;Despejado;17/04/18
VLG3695;VLC;IBZ;AIRBUS A320;Nubosidad variable;14/04/18
IBE8114;PMI;IBZ;BOMBARDIER CRJ-1000;Despejado;17/04/18
AEA1710;PMI;IBZ;ATR-72;Lluvia moderada;14/04/18
AEA6027;MAD;IBZ;BOEING 737-800 WINGLETS;Nubosidad variable;14/04/18
IBB522;LPA;ACE;ATR-72;Nubes altas;14/04/18
IBB470;TFN;ACE;ATR-42/72;Despejado;14/04/18
VLG3139;OVD;ACE;AIRBUS A320;Nubosidad variable;14/04/18
CNF549;TFN;ACE;ATR-72;Despejado;14/04/18
IBB524;LPA;ACE;ATR-72;Nubes altas;14/04/18
IBB167;LPA;TFN;ATR-72;Nubes altas;14/04/18
IBB632;SPC;TFN;ATR-42/72;Nubes altas;14/04/18
LAV5548;BIO;TFN;BOEING 737-400;Nubosidad variable;14/04/18
IBS3940;MAD;TFN;AIRBUS A320;Nubosidad variable;14/04/18
AEA9466;SPC;TFN;ATR-72;Nubes altas;14/04/18
AEA9048;MAD;TFN;AIRBUS A330-200;Nubosidad variable;14/04/18
IBB471;ACE;TFN;ATR-42/72;Nubes altas;14/04/18
IBB425;FUE;TFN;ATR-72;Nubes altas;14/04/18
CNF248;VDE;TFN;ATR-42/72;Despejado;14/04/18
AEA9419;LPA;TFN;ATR-72;Nubes altas;14/04/18
IBS3944;MAD;TFN;AIRBUS A320;Nubosidad variable;14/04/18
IBB652;GMZ;TFN;ATR-42/72;Nubes altas;14/04/18
CNF550;ACE;TFN;ATR-72;Nubes altas;14/04/18
IBB173;LPA;TFN;BOMBARDIER CRJ-1000;Nubes altas;14/04/18
IBB636;SPC;TFN;ATR-42/72;Nubes altas;14/04/18
IBB674;VDE;TFN;ATR-42/72;Despejado;14/04/18
IBB424;TFN;FUE;ATR-72;Despejado;14/04/18
IBB214;LPA;FUE;ATR-72;Nubes altas;14/04/18
VLG3284;BIO;FUE;32A;Nubosidad variable;14/04/18
IBB220;LPA;FUE;ATR-72;Nubes altas;14/04/18
AEA9435;LPA;FUE;ATR-72;Nubes altas;14/04/18
AUA9502;ACE;FUE;AIRBUS A320;Nubes altas;14/04/18
ANE8805;LPA;ALC;BOMBARDIER CRJ-1000;Despejado;17/04/18
ANE8394;MAD;ALC;BOMBARDIER CRJ-1000;Despejado;17/04/18
AAL8578;MAD;ALC;BOMBARDIER CRJ-1000;Nubosidad variable;14/04/18
VLG1355;IBZ;ALC;32A;Llovizna;14/04/18
IBB623;TFN;SPC;ATR-42/72;Despejado;14/04/18
AEA9479;TFN;SPC;ATR-72;Despejado;14/04/18
IBB315;LPA;SPC;ATR-72;Nubes altas;14/04/18
IBB637;TFN;SPC;ATR-42/72;Despejado;14/04/18
IBB639;TFN;SPC;ATR-72;Despejado;14/04/18
IBE2274;TFN;SPC;ATR-72;Despejado;17/04/18
CNF467;TFN;SPC;ATR-72;Despejado;14/04/18
AEA9467;TFN;SPC;ATR-72;Despejado;14/04/18
IBB627;TFN;SPC;ATR-42/72;Despejado;14/04/18
IBB317;LPA;SPC;ATR-72;Nubes altas;14/04/18
IBB605;TFN;SPC;ATR-72;Despejado;15/04/18
IBB309;LPA;SPC;ATR-72;Nubes altas;15/04/18
CNF412;TFN;SPC;ATR-72;Despejado;15/04/18
IBB607;TFN;SPC;ATR-72;Despejado;15/04/18
AEA9461;TFN;SPC;ATR-72;Despejado;15/04/18
CNF418;TFN;SPC;ATR-72;Despejado;15/04/18
IBB615;TFN;SPC;ATR-72;Despejado;15/04/18
AEA9463;TFN;SPC;ATR-72;Despejado;15/04/18
IBB619;TFN;SPC;ATR-72;Despejado;15/04/18
IBB621;TFN;SPC;ATR-72;Despejado;15/04/18
IBS3842;MAD;SPC;AIRBUS A320;Nubosidad variable;15/04/18
IBB629;TFN;SPC;ATR-72;Despejado;15/04/18
CNF452;TFN;SPC;ATR-72;Despejado;15/04/18
IBB223;FUE;LPA;ATR-42/72;Nubes altas;14/04/18
AEA9164;MAD;LPA;BOEING 787-8;Nubosidad variable;14/04/18
IBB519;ACE;LPA;ATR-42/72;Nubes altas;14/04/18
LLX5062;ACE;TFS;AIRBUS A321;Nubes altas;14/04/18
RYR5538;VIT;BGY;BOEING 737-800 WINGLETS;Abertura de claros;15/04/18
HTY118;AEI;JCU;AWH;Despejado;15/04/18
HTY140;AEI;JCU;AWH;Despejado;15/04/18
HTY227;JCU;AGP;AWH;Nubes altas;15/04/18
HTY117;JCU;AEI;AWH;Nubes altas;15/04/18
HTY139;JCU;AEI;AWH;Nubes altas;15/04/18
HTY259;JCU;AGP;AWH;Nubes altas;15/04/18
IBE8330;MAD;BJZ;CANADAIR CRJ-200;Nubes altas;15/04/18
IBE8312;BCN;BJZ;BOMBARDIER CRJ-1000;Despejado;17/04/18
IBE8529;PNA;MAD;BOMBARDIER CRJ-1000;Nubes altas;15/04/18
DLH1119;PNA;FRA;AIRBUS A320;Nubes altas;15/04/18
IBE8525;PNA;MAD;CANADAIR CRJ-900;Nubes altas;15/04/18
HTY117;JCU;AEI;AWH;Nubes altas;15/04/18
HTY139;JCU;AEI;AWH;Nubes altas;15/04/18
IBB652;GMZ;TFN;ATR-42/72;Despejado;14/04/18
IBB650;GMZ;TFN;ATR-72;Despejado;15/04/18
IBB652;GMZ;TFN;ATR-72;Despejado;15/04/18
IBS9530;VLL;PMI;AIRBUS A320;Nubes altas;15/04/18
RYR2200;VLL;SVQ;BOEING 737-800 WINGLETS;Nubes altas;15/04/18
EVE1128;VLL;SVQ;AIRBUS A320;Nubes altas;15/04/18
RYR6321;VLL;BCN;BOEING 737-800 WINGLETS;Nubes altas;15/04/18
WZZ3418;ZAZ;CLJ;AIRBUS A320;Nubes altas;14/04/18
RYR2635;ZAZ;STN;BOEING 737-800 WINGLETS;Nubes altas;14/04/18
RYR4634;ZAZ;BGY;BOEING 737-800 WINGLETS;Nubes altas;15/04/18
EVE1606;ZAZ;SVQ;AIRBUS A320;Nubes altas;15/04/18
AEA2633;ZAZ;LEI;BOEING 737-800 WINGLETS;Nubes altas;15/04/18
RYR2635;ZAZ;STN;BOEING 737-800 WINGLETS;Nubes altas;15/04/18
RYR2829;REU;CRL;BOEING 737-800 WINGLETS;Cubierto de nubes altas y medias;14/04/18
RYR1115;REU;DUB;BOEING 737-800 WINGLETS;Cubierto de nubes altas y medias;15/04/18
RYR9825;REU;LPL;BOEING 737-800 WINGLETS;Cubierto de nubes altas y medias;15/04/18
RYR9827;REU;HHN;BOEING 737-800 WINGLETS;Cubierto de nubes altas y medias;15/04/18
RYR8088;REU;BHX;BOEING 737-800 WINGLETS;Cubierto de nubes altas y medias;15/04/18
IBE8329;EAS;MAD;ATR-72;Nubes altas;14/04/18
VLG2489;EAS;BCN;AIRBUS A319;Nubes altas;14/04/18
IBE8317;EAS;MAD;ATR-72;Nubes altas;15/04/18
VLG2487;EAS;BCN;AIRBUS A319;Nubes altas;15/04/18
IBE8319;EAS;MAD;ATR-72;Nubes altas;15/04/18
IBE8315;EAS;MAD;ATR-72;Nubes altas;15/04/18
VLG2489;EAS;BCN;AIRBUS A319;Nubes altas;15/04/18
HTY228;AGP;JCU;AWH;Despejado;15/04/18
HTY118;AEI;JCU;AWH;Despejado;15/04/18
HTY140;AEI;JCU;AWH;Despejado;15/04/18
IBE8526;MAD;PNA;BOMBARDIER CRJ-1000;Nubes altas;14/04/18
IBE8524;MAD;PNA;CANADAIR CRJ-900;Nubes altas;15/04/18
RYR246;VGO;BCN;BOEING 737-800 WINGLETS;Lluvia débil;14/04/18
AEA7319;VGO;MAD;EMBRAER ERJ-195;Lluvia débil;14/04/18
AEA7311;VGO;MAD;EMBRAER ERJ-195;Lluvia débil;15/04/18
IBE0531;VGO;MAD;AIRBUS A319;Lluvia débil;15/04/18
RYR242;VGO;DUB;BOEING 737-800 WINGLETS;Lluvia débil;15/04/18
RYR7132;VGO;BGY;BOEING 737-800 WINGLETS;Lluvia débil;15/04/18
AEA7315;VGO;MAD;EMBRAER ERJ-195;Lluvia débil;15/04/18
IBE0533;VGO;MAD;AIRBUS A320;Lluvia débil;15/04/18
LAV5464;VGO;TFN;BOEING 737-400;Lluvia débil;15/04/18
CNF248;VDE;TFN;ATR-42/72;Despejado;14/04/18
IBB674;VDE;TFN;ATR-42/72;Despejado;14/04/18
IBB656;VDE;TFN;ATR-72;Despejado;15/04/18
IBB662;VDE;TFN;ATR-72;Despejado;15/04/18
IBB668;VDE;TFN;ATR-72;Despejado;15/04/18
IBB366;VDE;LPA;ATR-72;Despejado;15/04/18
CNF248;VDE;TFN;ATR-72;Despejado;15/04/18
IBB674;VDE;TFN;ATR-72;Despejado;15/04/18
IBE8261;MLN;AGP;ATR-72;Despejado;15/04/18
IBE8789;MLN;MAD;ATR-72;Despejado;15/04/18
IBE8791;MLN;MAD;ATR-72;Despejado;15/04/18
IBE8263;MLN;AGP;ATR-72;Despejado;15/04/18
IBE8793;MLN;MAD;ATR-72;Despejado;15/04/18
IBE8269;MLN;AGP;ATR-72;Despejado;15/04/18
IBE8271;MLN;AGP;ATR-72;Despejado;15/04/18
AEA5004;MLN;AGP;ATR-72;Despejado;15/04/18
IBE8277;MLN;AGP;ATR-72;Despejado;15/04/18
IBB653;TFN;GMZ;ATR-42/72;Despejado;14/04/18
IBB651;TFN;GMZ;ATR-42/72;Despejado;15/04/18
IBB653;TFN;GMZ;ATR-42/72;Despejado;15/04/18
IBE2244;TFN;GMZ;ATR-72;Despejado;17/04/18
IBS9528;PMI;VLL;AIRBUS A320;Lluvia;15/04/18
RYR2199;SVQ;VLL;BOEING 737-800 WINGLETS;Nubes altas;15/04/18
EVE1127;SVQ;VLL;AIRBUS A320;Nubes altas;15/04/18
RYR6320;BCN;VLL;BOEING 737-800 WINGLETS;Abertura de claros;15/04/18
RYR1573;SDR;SXF;BOEING 737-800 WINGLETS;Nubes altas;14/04/18
WZZ1480;SDR;WAW;AIRBUS A320;Nubes altas;15/04/18
RYR7617;SDR;EDI;BOEING 737-800 WINGLETS;Nubes altas;15/04/18
RYR6385;SDR;BCN;BOEING 737-800 WINGLETS;Nubes altas;15/04/18
IBE0555;SDR;MAD;AIRBUS A319;Nubes altas;15/04/18
RYR9156;SDR;CIA;BOEING 737-800 WINGLETS;Nubes altas;15/04/18
RYR7153;SDR;DUB;BOEING 737-800 WINGLETS;Nubes altas;15/04/18
IBE0557;SDR;MAD;AIRBUS A319;Nubes altas;15/04/18
VLG1591;SDR;BCN;AIRBUS A320;Nubes altas;15/04/18
RYR6058;SDR;CRL;BOEING 737-800 WINGLETS;Nubes altas;15/04/18
RYR1284;XRY;BCN;BOEING 737-800 WINGLETS;Nubes altas;14/04/18
IBE0407;XRY;MAD;AIRBUS A320;Nubes altas;15/04/18
EWG575;XRY;CGN;AIRBUS A319;Nubes altas;15/04/18
JAF7922;XRY;BRU;EMBRAER 190;Nubes altas;15/04/18
EWG9571;XRY;DUS;32A;Nubes altas;15/04/18
RYR8397;XRY;STN;BOEING 737-800 WINGLETS;Nubes altas;15/04/18
IBE0411;XRY;MAD;AIRBUS A320;Nubes altas;15/04/18
VLG2287;XRY;BCN;AIRBUS A320;Nubes altas;15/04/18
RYR1284;XRY;BCN;BOEING 737-800 WINGLETS;Nubes altas;15/04/18
IBE0405;XRY;MAD;AIRBUS A320;Nubes altas;15/04/18
UAE142;MAD;DXB;AIRBUS A380-800;Nubes altas;14/04/18
IBE1800;MAD;BCN;AIRBUS A321;Nubes altas;14/04/18
IBE1800S;MAD;BCN;AIRBUS A321;Nubes altas;14/04/18
VLG9762;MAD;BCN;AIRBUS A321;Nubes altas;14/04/18
RYR5997;MAD;STN;BOEING 737-800 WINGLETS;Nubes altas;14/04/18
AEA9057;MAD;TFN;BOEING 737-800 WINGLETS;Nubes altas;14/04/18
THY1860;MAD;IST;AIRBUS A321;Nubes altas;14/04/18
BAW461;MAD;LHR;BOEING 777-200;Nubes altas;14/04/18
IBK6054;MAD;LGW;BOEING 737-800 WINGLETS;Nubes altas;14/04/18
IBS3718;MAD;LGW;32A;Nubes altas;14/04/18
VLG7400;BCN;OTP;BOEING 737-800 WINGLETS;Abertura de claros;14/04/18
ANR5302;BCN;IEV;BOEING 737-400;Abertura de claros;14/04/18
AFR1549;BCN;CDG;AIRBUS A321;Abertura de claros;14/04/18
VLG3700;BCN;MAH;32A;Abertura de claros;14/04/18
VLG6248;BCN;ZRH;AIRBUS A320;Abertura de claros;14/04/18
VLG3910;BCN;PMI;32B;Abertura de claros;14/04/18
EZY8580;BCN;LGW;AIRBUS A320;Abertura de claros;14/04/18
VLG7966;BCN;LTN;32A;Abertura de claros;14/04/18
RYR2507;BCN;CGN;BOEING 737-800 WINGLETS;Abertura de claros;14/04/18
BAW481;BCN;LHR;AIRBUS A320;Abertura de claros;14/04/18
VLG8656;BCN;PRG;AIRBUS A320;Abertura de claros;14/04/18
VLG7104;LCG;LHR;32A;Chubascos dispersos;14/04/18
AEA7238;LCG;MAD;EMBRAER ERJ-195;Chubascos dispersos;14/04/18
VLG1291;LCG;BCN;AIRBUS A320;Chubascos dispersos;14/04/18
IBE0511;LCG;MAD;AIRBUS A320;Chubascos dispersos;15/04/18
VLG3133;LCG;LPA;AIRBUS A320;Chubascos dispersos;15/04/18
VLG1295;LCG;BCN;AIRBUS A320;Chubascos dispersos;15/04/18
TAP1085;LCG;LIS;ATR-72;Chubascos dispersos;15/04/18
VLG1293;LCG;BCN;AIRBUS A320;Chubascos dispersos;15/04/18
AEA7234;LCG;MAD;EMBRAER ERJ-195;Chubascos dispersos;15/04/18
VLG1298;LCG;SVQ;32A;Chubascos dispersos;15/04/18
EVE1605;SVQ;ZAZ;32A;Nubes altas;15/04/18
AEA2634;LEI;ZAZ;BOEING 737-800 WINGLETS;Despejado;15/04/18
RYR4117;MJV;MAN;BOEING 737-800 WINGLETS;Abertura de claros;14/04/18
NAX1703;MJV;OSL;BOEING 737-800 WINGLETS;Abertura de claros;14/04/18
RYR3453;MJV;LTN;BOEING 737-800 WINGLETS;Abertura de claros;14/04/18
EZY7426;MJV;SEN;AIRBUS A319;Abertura de claros;14/04/18
BAW449;MJV;LHR;32A;Abertura de claros;14/04/18
RYR8027;MJV;STN;BOEING 737-800 WINGLETS;Abertura de claros;14/04/18
EZY8554;MJV;LGW;32A;Abertura de claros;14/04/18
RYR7095;MJV;DUB;BOEING 737-800 WINGLETS;Abertura de claros;14/04/18
EZY8550;MJV;LGW;AIRBUS A319;Abertura de claros;15/04/18
EZY6014;MJV;BRS;AIRBUS A320;Abertura de claros;15/04/18
RYR1925;MJV;EMA;BOEING 737-800 WINGLETS;Abertura de claros;15/04/18
RYR4253;MJV;FRA;BOEING 737-800 WINGLETS;Abertura de claros;15/04/18
EZY8552;MJV;LGW;AIRBUS A319;Abertura de claros;15/04/18
RYR1940;MJV;EIN;BOEING 737-800 WINGLETS;Abertura de claros;15/04/18
RYR4117;MJV;MAN;BOEING 737-800 WINGLETS;Abertura de claros;15/04/18
IBE8324;MAD;EAS;ATR-72;Nubes altas;14/04/18
VLG2486;BCN;EAS;AIRBUS A319;Abertura de claros;15/04/18
IBE8316;MAD;EAS;ATR-72;Nubes altas;15/04/18
IBE8322;MAD;EAS;ATR-72;Nubes altas;15/04/18
IBE8318;MAD;EAS;ATR-72;Nubes altas;15/04/18
VLG2488;BCN;EAS;AIRBUS A319;Abertura de claros;15/04/18
IBS3610;OVD;LHR;AIRBUS A320;Nubes altas;14/04/18
TAP1113;OVD;LIS;ATR-42/72;Nubes altas;14/04/18
VLG1572;OVD;BCN;AIRBUS A320;Nubes altas;15/04/18
VOE3584;OVD;ALC;BOEING 717;Nubes altas;15/04/18
IBS3981;OVD;MAD;AIRBUS A320;Nubes altas;15/04/18
VLG1574;OVD;BCN;AIRBUS A320;Nubes altas;15/04/18
IBE0479;OVD;MAD;32A;Nubes altas;15/04/18
EZY3084;OVD;STN;AIRBUS A319;Nubes altas;15/04/18
IBE8335;OVD;VLC;ATR-72;Nubes altas;15/04/18
IBE0475;OVD;MAD;AIRBUS A321;Nubes altas;15/04/18
IBE8332;OVD;PMI;CANADAIR CRJ-200;Nubes altas;15/04/18
VLG3865;OVD;PMI;AIRBUS A320;Nubes altas;15/04/18
VOE3925;OVD;AGP;BOEING 717;Nubes altas;15/04/18
IBE0487;OVD;MAD;AIRBUS A320;Nubes altas;15/04/18
VLG1578;OVD;BCN;AIRBUS A320;Nubes altas;15/04/18
VOE3831;OVD;SVQ;BOEING 717;Nubes altas;15/04/18
EZY8304;MAH;LGW;AIRBUS A319;Lluvia moderada;14/04/18
IBE8493;MAH;PMI;BOMBARDIER CRJ-1000;Lluvia moderada;14/04/18
RYR6882;MAH;BCN;BOEING 737-800 WINGLETS;Lluvia moderada;14/04/18
VLG3709;MAH;BCN;32A;Lluvia moderada;14/04/18
HOP9615;MAH;LYS;BOMBARDIER CRJ-1000;Lluvia moderada;14/04/18
VLG8191;MAH;ORY;32B;Lluvia moderada;14/04/18
IBE8487;MAH;PMI;ATR-42/72;Lluvia moderada;14/04/18
FPO646;MAH;CDG;BOEING 737-700 WINGLETS;Lluvia moderada;14/04/18
VLG3719;MAH;BCN;32B;Lluvia moderada;14/04/18
IBE8481;MAH;PMI;BOMBARDIER CRJ-1000;Lluvia moderada;15/04/18
IBE8951;MAH;MAD;BOMBARDIER CRJ-1000;Lluvia moderada;15/04/18
AAL8615;MAH;MAD;BOMBARDIER CRJ-1000;Lluvia moderada;15/04/18
IBE8495;MAH;PMI;ATR-72;Lluvia moderada;15/04/18
VLG3713;MAH;BCN;AIRBUS A320;Lluvia moderada;15/04/18
IBE8483;MAH;PMI;BOMBARDIER CRJ-1000;Lluvia moderada;15/04/18
VLG3801;MAH;BIO;AIRBUS A320;Lluvia moderada;15/04/18
VLG7292;BIO;LGW;32A;Nubes altas;14/04/18
DLH1827;BIO;MUC;AIRBUS A320;Nubes altas;14/04/18
DLH1145;BIO;FRA;AIRBUS A321;Nubes altas;14/04/18
SWR2059;BIO;ZRH;AIRBUS A320;Nubes altas;14/04/18
VLG3944;BIO;PMI;AIRBUS A320;Nubes altas;14/04/18
TAP1067;BIO;LIS;ATR-42/72;Nubes altas;14/04/18
EWG9519;BIO;DUS;AIRBUS A319;Nubes altas;14/04/18
BAW469;BIO;LHR;AIRBUS A320;Nubes altas;14/04/18
AEA7160;BIO;MAD;EMBRAER ERJ-195;Nubes altas;14/04/18
IBE8949;BIO;VLC;BOMBARDIER CRJ-1000;Nubes altas;14/04/18
VOE3410;BIO;VIE;BOEING 717;Nubes altas;15/04/18
KLM1684;BIO;AMS;EMBRAER 190;Nubes altas;15/04/18
DLH1147;BIO;FRA;32A;Nubes altas;15/04/18
VLG2508;BIO;SVQ;AIRBUS A320;Nubes altas;15/04/18
VLG3280;BIO;ACE;AIRBUS A320;Nubes altas;15/04/18
VLG1431;BIO;BCN;AIRBUS A320;Nubes altas;15/04/18
VLG2015;GRX;BCN;AIRBUS A320;Cubierto de nubes altas y medias;14/04/18
VLG8727;GRX;CDG;AIRBUS A320;Cubierto de nubes altas y medias;14/04/18
EZY8172;GRX;LGW;AIRBUS A319;Cubierto de nubes altas y medias;14/04/18
VLG2017;GRX;BCN;AIRBUS A320;Cubierto de nubes altas y medias;14/04/18
IBE8639;GRX;MAD;BOMBARDIER CRJ-1000;Cubierto de nubes altas y medias;15/04/18
VLG2011;GRX;BCN;AIRBUS A320;Cubierto de nubes altas y medias;15/04/18
IBE8641;GRX;MAD;BOMBARDIER CRJ-1000;Cubierto de nubes altas y medias;15/04/18
EZY2676;GRX;MXP;AIRBUS A319;Cubierto de nubes altas y medias;15/04/18
VLG2021;GRX;BCN;AIRBUS A320;Cubierto de nubes altas y medias;15/04/18
AEA5200;GRX;PMI;EMBRAER ERJ-195;Cubierto de nubes altas y medias;15/04/18
VLG3932;GRX;PMI;AIRBUS A320;Cubierto de nubes altas y medias;15/04/18
IBE8645;GRX;MAD;BOMBARDIER CRJ-1000;Cubierto de nubes altas y medias;15/04/18
ENT513;GRX;ARN;BOEING 737-800 WINGLETS;Cubierto de nubes altas y medias;15/04/18
ENT574;GRX;ARN;BOEING 737-800;Cubierto de nubes altas y medias;15/04/18
IBE8649;GRX;MAD;BOMBARDIER CRJ-1000;Cubierto de nubes altas y medias;15/04/18
VLG2015;GRX;BCN;AIRBUS A320;Cubierto de nubes altas y medias;15/04/18
VLG1355;IBZ;ALC;32A;Llovizna;14/04/18
SRK2127;IBZ;BRN;SAAB 2000;Llovizna;14/04/18
IBE8129;IBZ;PMI;ATR-42/72;Llovizna;14/04/18
IBE8905;IBZ;ALC;BOMBARDIER CRJ-1000;Llovizna;14/04/18
VLG3517;IBZ;BCN;AIRBUS A320;Llovizna;14/04/18
EWG9541;IBZ;DUS;32A;Llovizna;14/04/18
IBE8677;IBZ;BCN;BOMBARDIER CRJ-1000;Llovizna;14/04/18
VLG3694;IBZ;VLC;AIRBUS A320;Llovizna;14/04/18
IBE8117;IBZ;PMI;BOMBARDIER CRJ-1000;Llovizna;14/04/18
KLM1500;IBZ;AMS;EMBRAER 190;Llovizna;14/04/18
AEA1711;IBZ;PMI;ATR-72;Llovizna;14/04/18
EDW267;IBZ;ZRH;AIRBUS A320;Llovizna;14/04/18
RYR9406;IBZ;EMA;BOEING 737-800 WINGLETS;Llovizna;14/04/18
EZY4838;IBZ;NAP;32A;Llovizna;14/04/18
EZS1128;IBZ;BSL;AIRBUS A319;Llovizna;14/04/18
EZS1520;IBZ;GVA;AIRBUS A319;Llovizna;14/04/18
AEA6028;IBZ;MAD;BOEING 737-800 WINGLETS;Llovizna;14/04/18
RYR9252;IBZ;STN;BOEING 737-800 WINGLETS;Llovizna;14/04/18
VLG3519;IBZ;BCN;32B;Llovizna;14/04/18
EZY8224;VLC;LGW;AIRBUS A319;Abertura de claros;14/04/18
RYR1919;VLC;CRL;BOEING 737-800 WINGLETS;Abertura de claros;14/04/18
RYR1070;VLC;EDI;BOEING 737-800 WINGLETS;Abertura de claros;14/04/18
DLH1465;VLC;FRA;32A;Abertura de claros;14/04/18
AEA4060;VLC;MAD;ATR-72;Abertura de claros;14/04/18
RYR139;VLC;SXF;BOEING 737-800 WINGLETS;Abertura de claros;14/04/18
KLM1506;VLC;AMS;BOEING 737-800 WINGLETS;Abertura de claros;14/04/18
SWR2147;VLC;ZRH;AIRBUS A319;Abertura de claros;14/04/18
BMS114;VLC;OTP;BOEING 737-800 WINGLETS;Abertura de claros;14/04/18
RYR2425;VLC;FRA;BOEING 737-800 WINGLETS;Abertura de claros;14/04/18
TAP1093;VLC;LIS;ATR-42/72;Abertura de claros;14/04/18
VLG7338;VLC;ALG;AIRBUS A320;Abertura de claros;14/04/18
RYR4487;VLC;PMO;BOEING 737-800 WINGLETS;Abertura de claros;14/04/18
RYR7214;VLC;PMI;BOEING 737-800 WINGLETS;Abertura de claros;14/04/18
TRA5108;VLC;EIN;BOEING 737-800 WINGLETS;Abertura de claros;14/04/18
AUI940;VLC;IFO;EMBRAER 190;Abertura de claros;15/04/18
AEA1005;VLC;CDG;BOEING 737-800 WINGLETS;Abertura de claros;15/04/18
IBB673;TFN;VDE;ATR-42/72;Despejado;14/04/18
IBB655;TFN;VDE;ATR-72;Despejado;15/04/18
IBB659;TFN;VDE;ATR-72;Despejado;15/04/18
IBB663;TFN;VDE;ATR-72;Despejado;15/04/18
IBB365;LPA;VDE;ATR-72;Nubes altas;15/04/18
CNF247;TFN;VDE;ATR-42/72;Despejado;15/04/18
IBB673;TFN;VDE;ATR-72;Despejado;15/04/18
RYR245;BCN;VGO;BOEING 737-800 WINGLETS;Abertura de claros;14/04/18
AEA7306;MAD;VGO;EMBRAER ERJ-195;Nubes altas;14/04/18
IBE0538;MAD;VGO;AIRBUS A319;Nubes altas;14/04/18
AEA7308;MAD;VGO;EMBRAER ERJ-195;Nubes altas;15/04/18
AEA7302;MAD;VGO;EMBRAER ERJ-195;Nubes altas;15/04/18
IBE0532;MAD;VGO;AIRBUS A319;Nubes altas;15/04/18
LAV5463;TFN;VGO;BOEING 737-400;Despejado;15/04/18
AEA7300;MAD;VGO;EMBRAER ERJ-195;Nubes altas;15/04/18
VLG3046;SVQ;LPA;AIRBUS A320;Nubes altas;14/04/18
RYR1567;SVQ;FRA;BOEING 737-800 WINGLETS;Nubes altas;14/04/18
RYR6399;SVQ;BCN;BOEING 737-800 WINGLETS;Nubes altas;14/04/18
VLG8892;SVQ;NTE;AIRBUS A320;Nubes altas;14/04/18
EZY1624;SVQ;NCE;32A;Nubes altas;14/04/18
RYR5027;SVQ;WMI;BOEING 737-800 WINGLETS;Nubes altas;14/04/18
RYR4008;SVQ;RAK;BOEING 737-800 WINGLETS;Nubes altas;14/04/18
RYR8733;SVQ;MXP;BOEING 737-800 WINGLETS;Nubes altas;14/04/18
TVF3109;SVQ;ORY;BOEING 737-800 WINGLETS;Nubes altas;14/04/18
BMS4080;SVQ;TRN;BOEING 737-500;Nubes altas;14/04/18
RYR4349;SVQ;BLQ;BOEING 737-800 WINGLETS;Nubes altas;14/04/18
RYR4636;SVQ;BGY;BOEING 737-800 WINGLETS;Nubes altas;14/04/18
IBS3953;SVQ;MAD;AIRBUS A320;Nubes altas;14/04/18
RYR7724;SVQ;LPA;BOEING 737-800 WINGLETS;Nubes altas;14/04/18
VLG2257;SVQ;BCN;AIRBUS A320;Nubes altas;14/04/18
RYR6397;SVQ;BCN;BOEING 737-800 WINGLETS;Nubes altas;15/04/18
VLG2223;SVQ;BCN;AIRBUS A320;Nubes altas;15/04/18
RYR5262;SVQ;BVA;BOEING 737-800 WINGLETS;Nubes altas;15/04/18
IBE8798;MAD;MLN;ATR-72;Nubes altas;14/04/18
IBE8272;AGP;MLN;ATR-72;Despejado;14/04/18
IBE8262;AGP;MLN;ATR-72;Despejado;15/04/18
IBE8792;MAD;MLN;ATR-72;Nubes altas;15/04/18
IBE8790;MAD;MLN;ATR-72;Nubes altas;15/04/18
IBE8264;AGP;MLN;ATR-72;Despejado;15/04/18
IBE8270;AGP;MLN;ATR-72;Despejado;15/04/18
AEA5005;AGP;MLN;ATR-72;Despejado;15/04/18
IBE8798;MAD;MLN;ATR-72;Nubes altas;15/04/18
IBE8274;AGP;MLN;ATR-72;Despejado;15/04/18
RYR1283;BCN;XRY;BOEING 737-800 WINGLETS;Abertura de claros;14/04/18
IBE0406;MAD;XRY;AIRBUS A319;Nubes altas;14/04/18
IBE0410;MAD;XRY;AIRBUS A320;Nubes altas;15/04/18
VLG2286;BCN;XRY;AIRBUS A320;Abertura de claros;15/04/18
RYR1283;BCN;XRY;BOEING 737-800 WINGLETS;Abertura de claros;15/04/18
IBE0404;MAD;XRY;AIRBUS A320;Nubes altas;15/04/18
VLG1356;ALC;IBZ;AIRBUS A320;Nubes altas;14/04/18
VLG1342;ALC;NTE;32A;Nubes altas;14/04/18
EXS1216;ALC;BHX;BOEING 737-800 WINGLETS;Nubes altas;14/04/18
TOM3639;ALC;DSA;BOEING 737-800 WINGLETS;Nubes altas;14/04/18
WOW615;ALC;KEF;AIRBUS A321;Nubes altas;14/04/18
DAH2017;ALC;ORN;BOEING 737-800 WINGLETS;Nubes altas;14/04/18
EZY7120;ALC;LPL;AIRBUS A319;Nubes altas;14/04/18
RYR9034;ALC;BVA;BOEING 737-800 WINGLETS;Nubes altas;14/04/18
IBK541;ALC;HEL;BOEING 737-800 WINGLETS;Nubes altas;14/04/18
RYR9887;ALC;LPL;BOEING 737-800 WINGLETS;Nubes altas;14/04/18
NAX8591;ALC;TRD;BOEING 737-800 WINGLETS;Nubes altas;14/04/18
RYR4130;ALC;FRA;BOEING 737-800 WINGLETS;Nubes altas;14/04/18
TOM6617;ALC;BRS;BOEING 757-200  WINGLETS;Nubes altas;14/04/18
VLG8251;ALC;ORY;32A;Nubes altas;14/04/18
DAH2005;ALC;ALG;BOEING 737-800 WINGLETS;Nubes altas;14/04/18
TOM2675;ALC;MAN;BOEING 737-800 WINGLETS;Nubes altas;14/04/18
RYR9072;ALC;MAN;BOEING 737-800 WINGLETS;Nubes altas;14/04/18
IBK543;ALC;HEL;BOEING 737-800 WINGLETS;Nubes altas;14/04/18
IBK6383;ALC;TFN;BOEING 737-800 WINGLETS;Nubes altas;14/04/18
PRI2876;ALC;STN;BOEING 737-800 WINGLETS;Nubes altas;14/04/18
NAX1835;ALC;SVG;BOEING 737-800 WINGLETS;Nubes altas;14/04/18
ANE8399;ALC;MAD;BOMBARDIER CRJ-1000;Nubes altas;14/04/18
IBE8601;LEI;MAD;BOMBARDIER CRJ-1000;Despejado;14/04/18
BAW421;LEI;LHR;AIRBUS A320;Despejado;14/04/18
TRA5644;LEI;RTM;BOEING 737-700 WINGLETS;Despejado;14/04/18
RYR7319;LEI;DUB;BOEING 737-800 WINGLETS;Despejado;14/04/18
BEL3776;LEI;BRU;AIRBUS A320;Despejado;15/04/18
EZY8164;LEI;LGW;AIRBUS A319;Despejado;15/04/18
IBE8595;LEI;MAD;BOMBARDIER CRJ-1000;Despejado;15/04/18
AEA2634;LEI;ZAZ;BOEING 737-800 WINGLETS;Despejado;15/04/18
IBE8213;LEI;PMI;CANADAIR CRJ-200;Despejado;15/04/18
VLG1252;LEI;BCN;AIRBUS A320;Despejado;15/04/18
IBE8577;LEI;MAD;CANADAIR CRJ-900;Despejado;15/04/18
AEA2888;LEI;BCN;BOEING 737-800 WINGLETS;Despejado;15/04/18
IBE8589;LEI;MAD;CANADAIR CRJ-200;Despejado;15/04/18
IBE8601;LEI;MAD;BOMBARDIER CRJ-1000;Despejado;15/04/18
AEA2648;LEI;BCN;BOEING 737-800 WINGLETS;Despejado;15/04/18
IBE8932;LEI;SVQ;CANADAIR CRJ-200;Despejado;15/04/18
JAF6658;AGP;ANR;EMBRAER 190;Despejado;14/04/18
RYR8122;AGP;BRS;BOEING 737-800 WINGLETS;Despejado;14/04/18
RYR2157;AGP;BHX;BOEING 737-800 WINGLETS;Despejado;14/04/18
AZA091;AGP;FCO;AIRBUS A320;Despejado;14/04/18
SAS1808;AGP;GOT;BOEING 737-800 WINGLETS;Despejado;14/04/18
RYR7783;AGP;MRS;BOEING 737-800 WINGLETS;Despejado;14/04/18
RYR2591;AGP;SXF;BOEING 737-800 WINGLETS;Despejado;14/04/18
EWG5909;AGP;VIE;AIRBUS A319;Despejado;14/04/18
DLH1151;AGP;FRA;AIRBUS A321;Despejado;14/04/18
WZZ3190;AGP;OTP;32B;Despejado;14/04/18
RYR656;AGP;PIK;BOEING 737-800 WINGLETS;Despejado;14/04/18
TRA6654;AGP;EIN;BOEING 737-800 WINGLETS;Despejado;14/04/18
RYR5677;AGP;PMI;BOEING 737-800 WINGLETS;Despejado;14/04/18
VLG9032;AGP;LYS;AIRBUS A320;Despejado;14/04/18
BEE1678;AGP;SOU;EMBRAER 190;Despejado;14/04/18
NAX4224;AGP;ARN;BOEING 737-800 WINGLETS;Despejado;14/04/18
AEA5038;AGP;MAD;ATR-72;Despejado;14/04/18
IBE8272;AGP;MLN;ATR-72;Despejado;14/04/18
VLG2981;AGP;NTE;AIRBUS A320;Despejado;14/04/18
EZY3956;AGP;CDG;32A;Despejado;14/04/18
LLX5062;ACE;TFS;AIRBUS A321;Nubes altas;14/04/18
RYR6122;TFS;WMI;BOEING 737-800 WINGLETS;Despejado;14/04/18
LGL156;TFS;LUX;BOEING 737-800 WINGLETS;Despejado;14/04/18
TUI2143;TFS;FRA;7S8;Despejado;14/04/18
TUI2119;TFS;DUS;BOEING 737-800 WINGLETS;Despejado;14/04/18
EZY4718;TFS;SXF;32A;Despejado;14/04/18
EZY3858;TFS;CDG;32A;Despejado;14/04/18
TRA5834;TFS;RTM;BOEING 737-700 WINGLETS;Despejado;14/04/18
LGL714;TFS;LUX;BOEING 737-800 WINGLETS;Despejado;14/04/18
EZS1226;TFS;BSL;AIRBUS A320;Despejado;14/04/18
TUI2219;TFS;STR;BOEING 737-800 WINGLETS;Despejado;14/04/18
JAF6394;TFS;OST;BOEING 737-800 WINGLETS;Despejado;14/04/18
RYR8839;TFS;BGY;BOEING 737-800 WINGLETS;Despejado;14/04/18
EWG253;TFS;CGN;BOEING 737-800 WINGLETS;Despejado;14/04/18
AUA9506;TFS;VIE;AIRBUS A321;Despejado;14/04/18
RYR4898;TFS;BLQ;BOEING 737-800 WINGLETS;Despejado;14/04/18
BAW2731;TFS;LGW;AIRBUS A320;Despejado;14/04/18
TRA6672;TFS;AMS;BOEING 737-800 WINGLETS;Despejado;14/04/18
RYR3153;TFS;EMA;BOEING 737-800 WINGLETS;Despejado;14/04/18
RYR6622;TFS;EDI;BOEING 737-800 WINGLETS;Despejado;14/04/18
IBB154;TFS;LPA;ATR-72;Despejado;14/04/18
RYR4331;TFS;MAN;BOEING 737-800 WINGLETS;Despejado;14/04/18
TUI2185;TFS;CGN;7S8;Despejado;14/04/18
AEA9479;TFN;SPC;ATR-72;Despejado;14/04/18
IBS3955;TFN;MAD;AIRBUS A320;Despejado;14/04/18
AEA9117;TFN;MAD;AIRBUS A330-200;Despejado;14/04/18
IBB637;TFN;SPC;ATR-42/72;Despejado;14/04/18
IBB178;TFN;LPA;BOMBARDIER CRJ-1000;Despejado;14/04/18
CNF374;TFN;FUE;ATR-42/72;Despejado;14/04/18
AEA9420;TFN;LPA;ATR-72;Despejado;14/04/18
IBS3939;TFN;MAD;AIRBUS A320;Despejado;14/04/18
IBB639;TFN;SPC;ATR-72;Despejado;14/04/18
IBB186;TFN;LPA;BOMBARDIER CRJ-1000;Despejado;14/04/18
IBB428;TFN;FUE;ATR-42/72;Despejado;14/04/18
IBB484;TFN;ACE;ATR-42/72;Despejado;14/04/18
CNF668;TFN;LPA;ATR-42/72;Despejado;14/04/18
CNF467;TFN;SPC;ATR-72;Despejado;14/04/18
IBE8205;TFN;SCQ;BOMBARDIER CRJ-1000;Despejado;14/04/18
AEA9467;TFN;SPC;ATR-72;Despejado;14/04/18
IBB456;TFN;ACE;ATR-42/72;Despejado;14/04/18
IBB188;TFN;LPA;BOMBARDIER CRJ-1000;Despejado;14/04/18
IBB627;TFN;SPC;ATR-42/72;Despejado;14/04/18
IBS3941;TFN;MAD;AIRBUS A320;Despejado;14/04/18
EWG2269;SPC;STR;32A;Nubes altas;14/04/18
IBB636;SPC;TFN;ATR-42/72;Nubes altas;14/04/18
IBB316;SPC;LPA;ATR-42/72;Nubes altas;14/04/18
AEA9480;SPC;TFN;ATR-72;Nubes altas;14/04/18
IBB638;SPC;TFN;ATR-42/72;Nubes altas;14/04/18
IBB640;SPC;TFN;ATR-72;Nubes altas;14/04/18
AEA9468;SPC;TFN;ATR-72;Nubes altas;14/04/18
IBB642;SPC;TFN;ATR-42/72;Nubes altas;14/04/18
IBB318;SPC;LPA;ATR-42/72;Nubes altas;14/04/18
IBB606;SPC;TFN;ATR-42/72;Nubes altas;15/04/18
IBB304;SPC;LPA;ATR-72;Nubes altas;15/04/18
CNF413;SPC;TFN;ATR-72;Nubes altas;15/04/18
IBB608;SPC;TFN;ATR-72;Nubes altas;15/04/18
TVS2434;SPC;CDG;BOEING 737-800 WINGLETS;Nubes altas;15/04/18
AEA9462;SPC;TFN;ATR-72;Nubes altas;15/04/18
CNF419;SPC;TFN;ATR-72;Nubes altas;15/04/18
IBB610;SPC;TFN;ATR-42/72;Nubes altas;15/04/18
AEA9464;SPC;TFN;ATR-72;Nubes altas;15/04/18
IBB620;SPC;TFN;ATR-42/72;Nubes altas;15/04/18
IBB622;SPC;TFN;ATR-72;Nubes altas;15/04/18
IBS3843;SPC;MAD;AIRBUS A320;Nubes altas;15/04/18
IBB630;SPC;TFN;ATR-42/72;Nubes altas;15/04/18
RYR9002;GRO;BLL;BOEING 737-800 WINGLETS;Nubosidad variable;14/04/18
RYR9307;GRO;PIK;BOEING 737-800 WINGLETS;Nubosidad variable;14/04/18
RYR6393;GRO;NRN;BOEING 737-800 WINGLETS;Nubosidad variable;14/04/18
RYR3653;GRO;BRE;BOEING 737-800 WINGLETS;Nubosidad variable;14/04/18
RYR9911;GRO;BOH;BOEING 737-800 WINGLETS;Nubosidad variable;14/04/18
RYR9123;GRO;EIN;BOEING 737-800 WINGLETS;Nubosidad variable;15/04/18
RYR7083;GRO;OMR;BOEING 737-800 WINGLETS;Nubosidad variable;15/04/18
RYR9555;GRO;FMM;BOEING 737-800 WINGLETS;Nubosidad variable;15/04/18
RYR6901;GRO;CRL;BOEING 737-800 WINGLETS;Nubosidad variable;15/04/18
RYR9172;GRO;WRO;BOEING 737-800 WINGLETS;Nubosidad variable;15/04/18
RYR4125;GRO;HHN;BOEING 737-800 WINGLETS;Nubosidad variable;15/04/18
RYR7037;GRO;DUB;BOEING 737-800 WINGLETS;Nubosidad variable;15/04/18
RYR9364;GRO;PSR;BOEING 737-800 WINGLETS;Nubosidad variable;15/04/18
RYR9241;GRO;PSA;BOEING 737-800 WINGLETS;Nubosidad variable;15/04/18
RYR9803;GRO;STN;BOEING 737-800 WINGLETS;Nubosidad variable;15/04/18
PBD832;GRO;VKO;BOEING 737-800 WINGLETS;Nubosidad variable;15/04/18
RYR9211;GRO;FKB;BOEING 737-800 WINGLETS;Nubosidad variable;15/04/18
RYR9335;GRO;BRS;BOEING 737-800 WINGLETS;Nubosidad variable;15/04/18
RYR4482;GRO;RIX;BOEING 737-800 WINGLETS;Nubosidad variable;15/04/18
RYR5122;GRO;POZ;BOEING 737-800 WINGLETS;Nubosidad variable;15/04/18
RYR9303;GRO;EDI;BOEING 737-800 WINGLETS;Nubosidad variable;15/04/18
RYR1131;GRO;EMA;BOEING 737-800 WINGLETS;Nubosidad variable;15/04/18
RYR6903;GRO;CRL;BOEING 737-800 WINGLETS;Nubosidad variable;15/04/18
RYR6384;BCN;SDR;BOEING 737-800 WINGLETS;Abertura de claros;15/04/18
IBE0554;MAD;SDR;AIRBUS A319;Nubes altas;15/04/18
IBE0556;MAD;SDR;AIRBUS A319;Nubes altas;15/04/18
VLG1590;BCN;SDR;AIRBUS A320;Abertura de claros;15/04/18
IBS3879;SCQ;MAD;AIRBUS A320;Chubascos dispersos;14/04/18
VLG3137;SCQ;ACE;AIRBUS A320;Chubascos dispersos;14/04/18
AEA7137;SCQ;LPA;BOEING 737-800 WINGLETS;Chubascos dispersos;14/04/18
AEA2617;SCQ;VLC;BOEING 737-800 WINGLETS;Chubascos dispersos;14/04/18
VLG1673;SCQ;BCN;32A;Chubascos dispersos;14/04/18
RYR7004;SCQ;LPA;BOEING 737-800 WINGLETS;Chubascos dispersos;14/04/18
IBE8367;SCQ;PMI;BOMBARDIER CRJ-1000;Chubascos dispersos;14/04/18
RYR4579;SCQ;BGY;BOEING 737-800 WINGLETS;Chubascos dispersos;15/04/18
VLG3247;SCQ;TFN;AIRBUS A320;Chubascos dispersos;15/04/18
RYR7223;SCQ;VLC;BOEING 737-800 WINGLETS;Chubascos dispersos;15/04/18
RYR6333;SCQ;BCN;BOEING 737-800 WINGLETS;Chubascos dispersos;15/04/18
EZS1338;SCQ;GVA;AIRBUS A320;Chubascos dispersos;15/04/18
IBS3877;SCQ;MAD;AIRBUS A321;Chubascos dispersos;15/04/18
IBE8365;SCQ;PMI;CANADAIR CRJ-200;Chubascos dispersos;15/04/18
VLG1671;SCQ;BCN;AIRBUS A320;Chubascos dispersos;15/04/18
EZS1180;SCQ;BSL;AIRBUS A319;Chubascos dispersos;15/04/18
DLH1867;SCQ;MUC;AIRBUS A320;Chubascos dispersos;15/04/18
AEA7237;MAD;LCG;EMBRAER ERJ-195;Nubes altas;14/04/18
IBE0522;MAD;LCG;AIRBUS A320;Nubes altas;14/04/18
VLG1290;BCN;LCG;AIRBUS A320;Abertura de claros;14/04/18
VLG1294;BCN;LCG;AIRBUS A320;Abertura de claros;15/04/18
VLG1292;BCN;LCG;AIRBUS A320;Abertura de claros;15/04/18
AEA7233;MAD;LCG;EMBRAER ERJ-195;Nubes altas;15/04/18
LZF441;BIO;LCG;ATR 42-300/320;Nubes altas;15/04/18
VLG3132;LPA;LCG;AIRBUS A320;Nubes altas;15/04/18
SAS7736;LPA;BLL;AIRBUS A321;Nubes altas;14/04/18
EWG1805;LPA;MUC;32A;Nubes altas;14/04/18
EWG9543;LPA;DUS;32A;Nubes altas;14/04/18
EWG5405;LPA;DUS;32A;Nubes altas;14/04/18
TVS2041;LPA;PRG;BOEING 737-800 WINGLETS;Nubes altas;14/04/18
IBB315;LPA;SPC;ATR-72;Nubes altas;14/04/18
RYR2012;LPA;MAD;BOEING 737-800 WINGLETS;Nubes altas;14/04/18
EWG5403;LPA;HAJ;BOEING 737-800 WINGLETS;Nubes altas;14/04/18
AEA9435;LPA;FUE;ATR-72;Nubes altas;14/04/18
RYR7003;LPA;SCQ;BOEING 737-800 WINGLETS;Nubes altas;14/04/18
SAS7714;LPA;CPH;AIRBUS A321;Nubes altas;14/04/18
VLG6579;LPA;FCO;AIRBUS A320;Nubes altas;14/04/18
IBB524;LPA;ACE;ATR-72;Nubes altas;14/04/18
NAX1817;LPA;OSL;BOEING 737-800 WINGLETS;Nubes altas;14/04/18
AEA9419;LPA;TFN;ATR-72;Nubes altas;14/04/18
DE1435;LPA;DUS;BOEING 757-200;Nubes altas;14/04/18
TUI2115;LPA;DUS;7S8;Nubes altas;14/04/18
TRA6780;LPA;EIN;BOEING 737-800 WINGLETS;Nubes altas;14/04/18
IBB125;LPA;TFS;ATR-72;Nubes altas;14/04/18
IBE2217;LPA;TFS;ATR-72;Nubes altas;14/04/18
DE1481;LPA;STR;AIRBUS A320;Nubes altas;14/04/18
AEA9165;LPA;MAD;BOEING 787-8;Nubes altas;14/04/18
AEA2660;BIO;BCN;BOEING 737-800 WINGLETS;Nubes altas;14/04/18
VLG1700;MAD;BCN;AIRBUS A320;Nubes altas;14/04/18
VLG1701;BCN;MAD;AIRBUS A320;Abertura de claros;14/04/18
AEA9049;TFN;MAD;BOEING 737-800 WINGLETS;Despejado;14/04/18
EWG8599;PMI;TXL;AIRBUS A319;Lluvia;14/04/18
SWR2151;PMI;ZRH;32B;Lluvia;14/04/18
GMI3077;PMI;DRS;AIRBUS A319;Lluvia;14/04/18
EZY5812;PMI;TXL;AIRBUS A320;Lluvia;14/04/18
EWG8593;PMI;TXL;AIRBUS A320;Lluvia;14/04/18
SAS586;PMI;CPH;AIRBUS A320;Lluvia;14/04/18
EXS1530;PMI;STN;BOEING 737-800 WINGLETS;Lluvia;14/04/18
EZY3834;PMI;CDG;32A;Lluvia;14/04/18
EZY6712;PMI;BFS;32A;Lluvia;14/04/18
IBK525;PMI;HEL;BOEING 737-800 WINGLETS;Lluvia;14/04/18
VLG3909;PMI;BCN;32A;Lluvia;14/04/18
LGL624;PMI;LUX;DE HAVILLAND DHC-8-400;Lluvia;14/04/18
ANE8612;PMI;ALC;BOMBARDIER CRJ-1000;Lluvia;14/04/18
EWG9589;PMI;DUS;32A;Lluvia;14/04/18
TOM7625;PMI;EMA;BOEING 737-800 WINGLETS;Lluvia;14/04/18
ANE8114;PMI;IBZ;BOMBARDIER CRJ-1000;Lluvia;14/04/18
VLG3870;PMI;RNS;AIRBUS A320;Lluvia;14/04/18
AEA4026;PMI;ALC;ATR-72;Lluvia;14/04/18
TOM6603;PMI;BOH;BOEING 737-800 WINGLETS;Lluvia;14/04/18
AEA1710;PMI;IBZ;ATR-72;Lluvia;14/04/18
SRK2117;PMI;BRN;SAAB 2000;Lluvia;14/04/18
RYR5433;PMI;MAD;BOEING 737-800 WINGLETS;Lluvia;14/04/18
EWG9555;ACE;DUS;AIRBUS A321;Nubes altas;14/04/18
TRA6358;ACE;EIN;BOEING 737-800 WINGLETS;Nubes altas;14/04/18
RYR2016;ACE;MAD;BOEING 737-800 WINGLETS;Nubes altas;14/04/18
VLG3138;ACE;OVD;AIRBUS A320;Nubes altas;14/04/18
CNF550;ACE;TFN;ATR-72;Nubes altas;14/04/18
AUA9502;ACE;FUE;AIRBUS A320;Nubes altas;14/04/18
VLG3188;ACE;ORY;32B;Nubes altas;14/04/18
BEL3788;ACE;BRU;AIRBUS A320;Nubes altas;14/04/18
EIN923;ACE;SNN;AIRBUS A320;Nubes altas;14/04/18
RYR3521;ACE;GLA;BOEING 737-800 WINGLETS;Nubes altas;14/04/18
EXS764;ACE;MAN;BOEING 737-800 WINGLETS;Nubes altas;14/04/18
EIN877;ACE;ORK;AIRBUS A320;Nubes altas;14/04/18
ENT928;ACE;CDG;BOEING 737-800 WINGLETS;Nubes altas;14/04/18
IBB525;ACE;LPA;ATR-42/72;Nubes altas;14/04/18
EXS1402;ACE;STN;BOEING 737-800 WINGLETS;Nubes altas;14/04/18
BAW2733;ACE;LGW;AIRBUS A320;Nubes altas;14/04/18
RYR9944;ACE;ORK;BOEING 737-800 WINGLETS;Nubes altas;14/04/18
VLG6585;ACE;FCO;32A;Nubes altas;14/04/18
IBB531;ACE;LPA;ATR-42/72;Nubes altas;14/04/18
TRA5684;ACE;AMS;BOEING 737-800 WINGLETS;Nubes altas;14/04/18
TVS2413;ACE;CDG;BOEING 737-800 WINGLETS;Nubes altas;14/04/18
TVS3491;ACE;LYS;BOEING 737-800 WINGLETS;Nubes altas;14/04/18
VLG3716;BCN;MAH;32A;Abertura de claros;14/04/18
VLG3700;BCN;MAH;32A;Abertura de claros;14/04/18
IBE8492;PMI;MAH;ATR-42/72;Despejado;17/04/18
IBE8496;PMI;MAH;BOMBARDIER CRJ-1000;Despejado;17/04/18
VLG3718;BCN;MAH;32B;Abertura de claros;14/04/18
IBE8954;MAD;MAH;BOMBARDIER CRJ-1000;Nubes altas;14/04/18
IBE8494;PMI;MAH;ATR-72;Despejado;17/04/18
VLG3712;BCN;MAH;AIRBUS A320;Abertura de claros;15/04/18
IBE8480;PMI;MAH;BOMBARDIER CRJ-1000;Despejado;17/04/18
VLG3800;BIO;MAH;AIRBUS A320;Nubes altas;15/04/18
VLG3714;BCN;MAH;AIRBUS A320;Abertura de claros;15/04/18
VLG1434;BCN;BIO;AIRBUS A320;Abertura de claros;14/04/18
IBE0440;MAD;BIO;AIRBUS A319;Nubes altas;14/04/18
IBE8386;ALC;BIO;BOMBARDIER CRJ-1000;Despejado;17/04/18
VLG3285;FUE;BIO;32A;Nubes altas;14/04/18
DE1441;FUE;HAM;BOEING 757-300 WINGLETS;Nubes altas;14/04/18
DE1403;FUE;FRA;BOEING 757-200  WINGLETS;Nubes altas;14/04/18
TUI2139;FUE;FRA;BOEING 737-800 WINGLETS;Nubes altas;14/04/18
DE1461;FUE;LEJ;32B;Nubes altas;14/04/18
DE1457;FUE;DUS;BOEING 757-300 WINGLETS;Nubes altas;14/04/18
VLG3285;FUE;BIO;32A;Nubes altas;14/04/18
DE1413;FUE;MUC;32B;Nubes altas;14/04/18
GMI7041;FUE;RLG;AIRBUS A319;Nubes altas;14/04/18
RYR6443;FUE;CRL;BOEING 737-800 WINGLETS;Nubes altas;14/04/18
IBB219;FUE;LPA;ATR-72;Nubes altas;14/04/18
TUI2163;FUE;MUC;BOEING 737-800 WINGLETS;Nubes altas;14/04/18
DE1489;FUE;HAJ;AIRBUS A320;Nubes altas;14/04/18
AEA9436;FUE;LPA;ATR-72;Nubes altas;14/04/18
TOM7659;FUE;BHX;BOEING 757-200  WINGLETS;Nubes altas;14/04/18
TCX1015;FUE;LGW;BOEING 757-300 WINGLETS;Nubes altas;14/04/18
TCX1485;FUE;STN;AIRBUS A321;Nubes altas;14/04/18
AUA9502;ACE;FUE;AIRBUS A320;Nubes altas;14/04/18
RYR9423;FUE;PSA;BOEING 737-800 WINGLETS;Nubes altas;14/04/18
EZY6066;FUE;BRS;32A;Nubes altas;14/04/18
TUI2149;FUE;HAJ;BOEING 737-800 WINGLETS;Nubes altas;14/04/18
IBB227;FUE;LPA;ATR-72;Nubes altas;14/04/18
TOM4669;FUE;LGW;BOEING 737-800 WINGLETS;Nubes altas;14/04/18
LLC3308;FUE;VNO;AIRBUS A320;Nubes altas;14/04/18
IBS3980;MAD;OVD;AIRBUS A320;Nubes altas;14/04/18
IBE0480;MAD;OVD;32A;Nubes altas;14/04/18
VLG3138;ACE;OVD;AIRBUS A320;Nubes altas;14/04/18
VLG1573;BCN;OVD;AIRBUS A320;Abertura de claros;15/04/18
IBE8334;VLC;OVD;ATR-72;Abertura de claros;15/04/18
IBE0488;MAD;OVD;AIRBUS A321;Nubes altas;15/04/18
IBE8333;PMI;OVD;CANADAIR CRJ-200;Despejado;17/04/18
VLG1579;BCN;OVD;AIRBUS A320;Abertura de claros;15/04/18
VOE3585;ALC;OVD;BOEING 717;Nubes altas;15/04/18
IBE0476;MAD;OVD;AIRBUS A320;Nubes altas;15/04/18
VLG3864;PMI;OVD;AIRBUS A320;Lluvia;15/04/18
VOE3924;AGP;OVD;BOEING 717;Despejado;15/04/18
IBE8594;MAD;LEI;BOMBARDIER CRJ-1000;Nubes altas;15/04/18
AEA2887;BCN;LEI;BOEING 737-800 WINGLETS;Abertura de claros;15/04/18
VLG1251;BCN;LEI;AIRBUS A320;Abertura de claros;15/04/18
IBE8598;MAD;LEI;CANADAIR CRJ-900;Nubes altas;15/04/18
AEA2633;ZAZ;LEI;BOEING 737-800 WINGLETS;Nubes altas;15/04/18
IBE8212;PMI;LEI;CANADAIR CRJ-200;Despejado;17/04/18
IBE8592;MAD;LEI;BOMBARDIER CRJ-1000;Nubes altas;15/04/18
AEA2647;BCN;LEI;BOEING 737-800 WINGLETS;Abertura de claros;15/04/18
IBE8588;MAD;LEI;CANADAIR CRJ-200;Nubes altas;15/04/18
VLG2014;BCN;GRX;AIRBUS A320;Abertura de claros;14/04/18
VLG2016;BCN;GRX;AIRBUS A320;Abertura de claros;14/04/18
IBE8648;MAD;GRX;BOMBARDIER CRJ-1000;Nubes altas;14/04/18
VLG2010;BCN;GRX;AIRBUS A321;Abertura de claros;15/04/18
IBE8640;MAD;GRX;BOMBARDIER CRJ-1000;Nubes altas;15/04/18
VLG2020;BCN;GRX;AIRBUS A320;Abertura de claros;15/04/18
AEA5201;PMI;GRX;EMBRAER ERJ-195;Lluvia;15/04/18
VLG3933;PMI;GRX;AIRBUS A320;Lluvia;15/04/18
IBE8646;MAD;GRX;BOMBARDIER CRJ-1000;Nubes altas;15/04/18
IBE8642;MAD;GRX;BOMBARDIER CRJ-1000;Nubes altas;15/04/18
VLG2014;BCN;GRX;AIRBUS A320;Abertura de claros;15/04/18
VLG1356;ALC;IBZ;AIRBUS A320;Nubes altas;14/04/18
IBE8128;PMI;IBZ;ATR-42/72;Despejado;17/04/18
IBE8906;ALC;IBZ;BOMBARDIER CRJ-1000;Despejado;17/04/18
VLG3695;VLC;IBZ;AIRBUS A320;Abertura de claros;14/04/18
IBE8114;PMI;IBZ;BOMBARDIER CRJ-1000;Despejado;17/04/18
AEA1710;PMI;IBZ;ATR-72;Lluvia;14/04/18
AEA6027;MAD;IBZ;BOEING 737-800 WINGLETS;Nubes altas;14/04/18
VLG3518;BCN;IBZ;32B;Abertura de claros;14/04/18
VLG1355;IBZ;ALC;32A;Llovizna;14/04/18
IBK6382;TFN;ALC;BOEING 737-800 WINGLETS;Despejado;14/04/18
ANE8905;IBZ;ALC;BOMBARDIER CRJ-1000;Despejado;17/04/18
ANE8612;PMI;ALC;BOMBARDIER CRJ-1000;Lluvia;14/04/18
IBE8271;MLN;AGP;ATR-72;Despejado;14/04/18
AEA4011;PMI;VLC;ATR-72;Lluvia;14/04/18
VLG3694;IBZ;VLC;AIRBUS A320;Llovizna;14/04/18
IBE8038;MAD;VLC;BOMBARDIER CRJ-1000;Nubes altas;14/04/18
ANE2002;BCN;VLC;BOMBARDIER CRJ-1000;Abertura de claros;14/04/18
AEA2617;SCQ;VLC;BOEING 737-800 WINGLETS;Chubascos dispersos;14/04/18
IBE8996;MAD;VLC;ATR-72;Nubes altas;14/04/18
QTR6970;MAD;VLC;ATR-72;Nubes altas;14/04/18
IBE8949;BIO;VLC;BOMBARDIER CRJ-1000;Nubes altas;14/04/18
RYR7215;PMI;VLC;BOEING 737-800 WINGLETS;Lluvia;14/04/18
EVE1101;ALC;SVQ;32A;Nubes altas;14/04/18
VLG2425;IBZ;SVQ;AIRBUS A320;Llovizna;14/04/18
IBS3948;MAD;SVQ;AIRBUS A320;Nubes altas;14/04/18
RYR7723;LPA;SVQ;BOEING 737-800 WINGLETS;Nubes altas;14/04/18
VLG2256;BCN;SVQ;AIRBUS A320;Abertura de claros;14/04/18
VLG3047;LPA;SVQ;AIRBUS A320;Nubes altas;14/04/18
RYR6398;BCN;SVQ;BOEING 737-800 WINGLETS;Abertura de claros;14/04/18
VLG2508;BIO;SVQ;AIRBUS A320;Nubes altas;15/04/18
IBS3954;MAD;SVQ;32A;Nubes altas;15/04/18
IBB125;LPA;TFS;ATR-72;Nubes altas;14/04/18
IBE2217;LPA;TFS;ATR-72;Nubes altas;14/04/18
AEA7117;ACE;SCQ;BOEING 737-800 WINGLETS;Nubes altas;14/04/18
AEA2618;VLC;SCQ;BOEING 737-800 WINGLETS;Abertura de claros;14/04/18
VLG1672;BCN;SCQ;32A;Abertura de claros;14/04/18
RYR7003;LPA;SCQ;BOEING 737-800 WINGLETS;Nubes altas;14/04/18
IBE8205;TFN;SCQ;BOMBARDIER CRJ-1000;Despejado;14/04/18
VLG3136;ACE;SCQ;AIRBUS A320;Nubes altas;14/04/18
RYR7222;VLC;SCQ;BOEING 737-800 WINGLETS;Abertura de claros;15/04/18
RYR6332;BCN;SCQ;BOEING 737-800 WINGLETS;Abertura de claros;15/04/18
IBS3876;MAD;SCQ;AIRBUS A321;Nubes altas;15/04/18
IBE8356;BIO;SCQ;CANADAIR CRJ-200;Nubes altas;15/04/18
VLG1670;BCN;SCQ;AIRBUS A320;Abertura de claros;15/04/18
RYR3041;SVQ;SCQ;BOEING 737-800 WINGLETS;Nubes altas;15/04/18
IBB623;TFN;SPC;ATR-42/72;Despejado;14/04/18
AEA9479;TFN;SPC;ATR-72;Despejado;14/04/18
IBB315;LPA;SPC;ATR-72;Nubes altas;14/04/18
IBB637;TFN;SPC;ATR-42/72;Despejado;14/04/18
IBB639;TFN;SPC;ATR-72;Despejado;14/04/18
CNF467;TFN;SPC;ATR-72;Despejado;14/04/18
AEA9467;TFN;SPC;ATR-72;Despejado;14/04/18
IBB627;TFN;SPC;ATR-42/72;Despejado;14/04/18
IBB317;LPA;SPC;ATR-72;Nubes altas;14/04/18
IBB605;TFN;SPC;ATR-42/72;Despejado;15/04/18
IBB309;LPA;SPC;ATR-72;Nubes altas;15/04/18
CNF412;TFN;SPC;ATR-72;Despejado;15/04/18
IBB607;TFN;SPC;ATR-42/72;Despejado;15/04/18
AEA9461;TFN;SPC;ATR-72;Despejado;15/04/18
CNF418;TFN;SPC;ATR-72;Despejado;15/04/18
IBB615;TFN;SPC;ATR-42/72;Despejado;15/04/18
AEA9463;TFN;SPC;ATR-72;Despejado;15/04/18
IBB619;TFN;SPC;ATR-42/72;Despejado;15/04/18
IBB621;TFN;SPC;ATR-42/72;Despejado;15/04/18
IBS3842;MAD;SPC;AIRBUS A320;Nubes altas;15/04/18
IBB629;TFN;SPC;ATR-42/72;Despejado;15/04/18
CNF452;TFN;SPC;ATR-72;Despejado;15/04/18
IBB170;TFN;LPA;ATR-72;Despejado;14/04/18
IBB366;VDE;LPA;ATR-72;Despejado;14/04/18
IBB221;FUE;LPA;ATR-42/72;Nubes altas;14/04/18
IBE2247;VDE;LPA;ATR-72;Despejado;17/04/18
IBB523;ACE;LPA;ATR-72;Nubes altas;14/04/18
VLG3274;BIO;LPA;32A;Nubes altas;14/04/18
IBS3838;MAD;LPA;AIRBUS A321;Nubes altas;14/04/18
IBB471;ACE;TFN;ATR-42/72;Nubes altas;14/04/18
IBB425;FUE;TFN;ATR-72;Nubes altas;14/04/18
CNF248;VDE;TFN;ATR-42/72;Despejado;14/04/18
AEA9419;LPA;TFN;ATR-72;Nubes altas;14/04/18
IBS3944;MAD;TFN;AIRBUS A320;Nubes altas;14/04/18
IBB652;GMZ;TFN;ATR-42/72;Despejado;14/04/18
CNF550;ACE;TFN;ATR-72;Nubes altas;14/04/18
IBB636;SPC;TFN;ATR-42/72;Nubes altas;14/04/18
IBB674;VDE;TFN;ATR-42/72;Despejado;14/04/18
IBB173;LPA;TFN;BOMBARDIER CRJ-1000;Nubes altas;14/04/18
CNF667;LPA;TFN;ATR-72;Nubes altas;14/04/18
IBE8908;ALC;TFN;BOMBARDIER CRJ-1000;Despejado;17/04/18
AEA9480;SPC;TFN;ATR-72;Nubes altas;14/04/18
IBB179;LPA;TFN;BOMBARDIER CRJ-1000;Nubes altas;14/04/18
IBB638;SPC;TFN;ATR-42/72;Nubes altas;14/04/18
IBS3613;OVD;TFN;AIRBUS A320;Nubes altas;14/04/18
AEA9407;LPA;TFN;ATR-72;Nubes altas;14/04/18
IBB121;LPA;TFN;ATR-72;Nubes altas;14/04/18
AEA9057;MAD;TFN;BOEING 737-800 WINGLETS;Nubes altas;14/04/18
CNF549;TFN;ACE;ATR-72;Despejado;14/04/18
IBB524;LPA;ACE;ATR-72;Nubes altas;14/04/18
IBB526;LPA;ACE;ATR-72;Nubes altas;14/04/18
CNF765;LPA;ACE;ATR-72;Nubes altas;14/04/18
AEA4530;MAH;PMI;ATR-72;Lluvia moderada;14/04/18
AEA6079;MAD;PMI;EMBRAER ERJ-195;Nubes altas;14/04/18
AEA4032;ZAZ;PMI;EMBRAER ERJ-195;Nubes altas;14/04/18
IBB220;LPA;FUE;ATR-72;Nubes altas;14/04/18
AEA9435;LPA;FUE;ATR-72;Nubes altas;14/04/18
AUA9502;ACE;FUE;AIRBUS A320;Nubes altas;14/04/18
IBB224;LPA;FUE;ATR-72;Nubes altas;14/04/18
CNF374;TFN;FUE;ATR-42/72;Despejado;14/04/18
RYR6302;BCN;FUE;BOEING 737-800 WINGLETS;Abertura de claros;14/04/18
RYR5538;VIT;BGY;BOEING 737-800 WINGLETS;Abertura de claros;15/04/18
IBB650;GMZ;TFN;ATR-72;Despejado;15/04/18
IBB652;GMZ;TFN;ATR-72;Despejado;15/04/18
IBE8331;BJZ;MAD;CANADAIR CRJ-200;Nubes altas;15/04/18
IBE8313;BJZ;BCN;BOMBARDIER CRJ-1000;Nubes altas;15/04/18
HTY118;AEI;JCU;AWH;Despejado;15/04/18
HTY140;AEI;JCU;AWH;Despejado;15/04/18
IBE8529;PNA;MAD;BOMBARDIER CRJ-1000;Nubes altas;15/04/18
DLH1119;PNA;FRA;AIRBUS A320;Nubes altas;15/04/18
IBE8525;PNA;MAD;CANADAIR CRJ-900;Nubes altas;15/04/18
HTY227;JCU;AGP;AWH;Nubes altas;15/04/18
HTY117;JCU;AEI;AWH;Nubes altas;15/04/18
HTY139;JCU;AEI;AWH;Nubes altas;15/04/18
HTY259;JCU;AGP;AWH;Nubes altas;15/04/18
IBB651;TFN;GMZ;ATR-42/72;Despejado;15/04/18
IBB653;TFN;GMZ;ATR-42/72;Despejado;15/04/18
IBE2244;TFN;GMZ;ATR-72;Despejado;17/04/18
KRP861;LPA;VIT;FOKKER 100;Despejado;17/04/18
IBS9530;VLL;PMI;AIRBUS A320;Nubes altas;15/04/18
RYR2200;VLL;SVQ;BOEING 737-800 WINGLETS;Nubes altas;15/04/18
RYR6321;VLL;BCN;BOEING 737-800 WINGLETS;Nubes altas;15/04/18
VLG1585;VLL;BCN;AIRBUS A320;Nubes altas;15/04/18
HTY117;JCU;AEI;AWH;Nubes altas;15/04/18
HTY139;JCU;AEI;AWH;Nubes altas;15/04/18
IBE8330;MAD;BJZ;CANADAIR CRJ-200;Nubes altas;15/04/18
IBE8312;BCN;BJZ;BOMBARDIER CRJ-1000;Despejado;17/04/18
RYR2829;REU;CRL;BOEING 737-800 WINGLETS;Cubierto de nubes altas y medias;14/04/18
RYR1115;REU;DUB;BOEING 737-800 WINGLETS;Cubierto de nubes altas y medias;15/04/18
RYR9825;REU;LPL;BOEING 737-800 WINGLETS;Cubierto de nubes altas y medias;15/04/18
RYR9827;REU;HHN;BOEING 737-800 WINGLETS;Cubierto de nubes altas y medias;15/04/18
RYR8088;REU;BHX;BOEING 737-800 WINGLETS;Cubierto de nubes altas y medias;15/04/18
RYR2212;REU;EIN;BOEING 737-800 WINGLETS;Cubierto de nubes altas y medias;15/04/18
WZZ3418;ZAZ;CLJ;AIRBUS A320;Nubes altas;14/04/18
RYR2635;ZAZ;STN;BOEING 737-800 WINGLETS;Nubes altas;14/04/18
RYR4634;ZAZ;BGY;BOEING 737-800 WINGLETS;Nubes altas;15/04/18
EVE1606;ZAZ;SVQ;AIRBUS A320;Nubes altas;15/04/18
AEA2633;ZAZ;LEI;BOEING 737-800 WINGLETS;Nubes altas;15/04/18
RYR2635;ZAZ;STN;BOEING 737-800 WINGLETS;Nubes altas;15/04/18
IBB656;VDE;TFN;ATR-72;Despejado;15/04/18
IBB662;VDE;TFN;ATR-72;Despejado;15/04/18
IBB668;VDE;TFN;ATR-72;Despejado;15/04/18
IBB366;VDE;LPA;ATR-72;Despejado;15/04/18
CNF248;VDE;TFN;ATR-72;Despejado;15/04/18
IBB674;VDE;TFN;ATR-72;Despejado;15/04/18
IBE8526;MAD;PNA;BOMBARDIER CRJ-1000;Nubes altas;14/04/18
IBE8524;MAD;PNA;CANADAIR CRJ-900;Nubes altas;15/04/18
IBE8532;MAD;PNA;BOMBARDIER CRJ-1000;Nubes altas;15/04/18
TAP1029;MAD;LIS;AIRBUS A319;Nubes altas;14/04/18
AEA6097;MAD;PMI;BOEING 737-800 WINGLETS;Nubes altas;14/04/18
RYR3021;MAD;TLS;BOEING 737-800 WINGLETS;Nubes altas;14/04/18
IBS3640;MAD;TLS;32A;Nubes altas;14/04/18
RAM971;MAD;CMN;BOEING 737-800 WINGLETS;Nubes altas;14/04/18
IBE0480;MAD;OVD;32A;Nubes altas;14/04/18
IBS3948;MAD;SVQ;AIRBUS A320;Nubes altas;14/04/18
AFR1501;MAD;CDG;AIRBUS A319;Nubes altas;14/04/18
AEA7238;LCG;MAD;EMBRAER ERJ-195;Chubascos dispersos;14/04/18
VLG1291;LCG;BCN;AIRBUS A320;Chubascos dispersos;14/04/18
IBE0511;LCG;MAD;AIRBUS A320;Chubascos dispersos;15/04/18
VLG3133;LCG;LPA;32A;Chubascos dispersos;15/04/18
VLG1295;LCG;BCN;AIRBUS A320;Chubascos dispersos;15/04/18
TAP1085;LCG;LIS;ATR-72;Chubascos dispersos;15/04/18
VLG1293;LCG;BCN;AIRBUS A320;Chubascos dispersos;15/04/18
AEA7234;LCG;MAD;EMBRAER ERJ-195;Chubascos dispersos;15/04/18
VLG1298;LCG;SVQ;32A;Chubascos dispersos;15/04/18
AEA7236;LCG;MAD;EMBRAER ERJ-195;Chubascos dispersos;15/04/18
RYR1284;XRY;BCN;BOEING 737-800 WINGLETS;Nubes altas;14/04/18
IBE0407;XRY;MAD;AIRBUS A320;Nubes altas;15/04/18
EWG575;XRY;CGN;AIRBUS A319;Nubes altas;15/04/18
JAF7922;XRY;BRU;EMBRAER 190;Nubes altas;15/04/18
EWG9571;XRY;DUS;32A;Nubes altas;15/04/18
RYR8397;XRY;STN;BOEING 737-800 WINGLETS;Nubes altas;15/04/18
IBE0411;XRY;MAD;AIRBUS A320;Nubes altas;15/04/18
VLG2287;XRY;BCN;AIRBUS A320;Nubes altas;15/04/18
RYR1284;XRY;BCN;BOEING 737-800 WINGLETS;Nubes altas;15/04/18
IBE0405;XRY;MAD;AIRBUS A320;Nubes altas;15/04/18
IBE8261;MLN;AGP;ATR-72;Despejado;15/04/18
IBE8789;MLN;MAD;ATR-72;Despejado;15/04/18
IBE8791;MLN;MAD;ATR-72;Despejado;15/04/18
IBE8263;MLN;AGP;ATR-72;Despejado;15/04/18
IBE8793;MLN;MAD;ATR-72;Despejado;15/04/18
IBE8269;MLN;AGP;ATR-72;Despejado;15/04/18
IBE8271;MLN;AGP;ATR-72;Despejado;15/04/18
AEA5004;MLN;AGP;ATR-72;Despejado;15/04/18
IBE8277;MLN;AGP;ATR-72;Despejado;15/04/18
IBS9528;PMI;VLL;AIRBUS A320;Lluvia;15/04/18
RYR2199;SVQ;VLL;BOEING 737-800 WINGLETS;Nubes altas;15/04/18
EVE1127;SVQ;VLL;AIRBUS A320;Nubes altas;15/04/18
RYR6320;BCN;VLL;BOEING 737-800 WINGLETS;Abertura de claros;15/04/18
VLG1584;BCN;VLL;AIRBUS A320;Abertura de claros;15/04/18
RYR1573;SDR;SXF;BOEING 737-800 WINGLETS;Nubes altas;14/04/18
WZZ1480;SDR;WAW;AIRBUS A320;Nubes altas;15/04/18
RYR7617;SDR;EDI;BOEING 737-800 WINGLETS;Nubes altas;15/04/18
RYR6385;SDR;BCN;BOEING 737-800 WINGLETS;Nubes altas;15/04/18
IBE0555;SDR;MAD;AIRBUS A319;Nubes altas;15/04/18
RYR9156;SDR;CIA;BOEING 737-800 WINGLETS;Nubes altas;15/04/18
RYR7153;SDR;DUB;BOEING 737-800 WINGLETS;Nubes altas;15/04/18
IBE0557;SDR;MAD;AIRBUS A319;Nubes altas;15/04/18
VLG1591;SDR;BCN;AIRBUS A320;Nubes altas;15/04/18
RYR6058;SDR;CRL;BOEING 737-800 WINGLETS;Nubes altas;15/04/18
RYR7366;SDR;NRN;BOEING 737-800 WINGLETS;Nubes altas;15/04/18
AEA7319;VGO;MAD;EMBRAER ERJ-195;Lluvia débil;14/04/18
AEA7311;VGO;MAD;EMBRAER ERJ-195;Lluvia débil;15/04/18
IBE0531;VGO;MAD;AIRBUS A319;Lluvia débil;15/04/18
RYR242;VGO;DUB;BOEING 737-800 WINGLETS;Lluvia débil;15/04/18
RYR7132;VGO;BGY;BOEING 737-800 WINGLETS;Lluvia débil;15/04/18
AEA7315;VGO;MAD;EMBRAER ERJ-195;Lluvia débil;15/04/18
IBE0533;VGO;MAD;AIRBUS A320;Lluvia débil;15/04/18
LAV5464;VGO;TFN;BOEING 737-400;Lluvia débil;15/04/18
TAP1141;VGO;LIS;ATR-72;Lluvia débil;15/04/18
IBE8317;EAS;MAD;ATR-72;Nubes altas;15/04/18
VLG2487;EAS;BCN;AIRBUS A319;Nubes altas;15/04/18
IBE8319;EAS;MAD;ATR-72;Nubes altas;15/04/18
IBE8329;EAS;MAD;ATR-72;Nubes altas;15/04/18
IBE8315;EAS;MAD;ATR-72;Nubes altas;15/04/18
VLG2489;EAS;BCN;AIRBUS A319;Nubes altas;15/04/18
EVE1605;SVQ;ZAZ;32A;Nubes altas;15/04/18
AEA2634;LEI;ZAZ;BOEING 737-800 WINGLETS;Despejado;15/04/18
EZY1080;BCN;BSL;32A;Abertura de claros;14/04/18
EZY1406;BCN;GVA;AIRBUS A320;Abertura de claros;14/04/18
VLG7782;BCN;DME;32A;Abertura de claros;14/04/18
VLG1901;BCN;MAD;AIRBUS A320;Abertura de claros;14/04/18
VLG1286;BCN;BEG;32A;Abertura de claros;14/04/18
THY1856;BCN;IST;AIRBUS A330-300;Abertura de claros;14/04/18
RAM961;BCN;CMN;BOEING 737-800 WINGLETS;Abertura de claros;14/04/18
VLG8462;BCN;LIS;32B;Abertura de claros;14/04/18
VLG6402;BCN;VCE;32A;Abertura de claros;14/04/18
VLG2119;BCN;AGP;AIRBUS A320;Abertura de claros;14/04/18
VLG8022;BCN;ORY;AIRBUS A320;Abertura de claros;14/04/18
VLG6502;BCN;NAP;AIRBUS A320;Abertura de claros;14/04/18
IBE5948;BCN;BEY;AIRBUS A321;Abertura de claros;14/04/18
SAS7736;LPA;BLL;AIRBUS A321;Nubes altas;14/04/18
IBB125;LPA;TFS;ATR-72;Nubes altas;14/04/18
IBB526;LPA;ACE;ATR-72;Nubes altas;14/04/18
RYR7723;LPA;SVQ;BOEING 737-800 WINGLETS;Nubes altas;14/04/18
CNF667;LPA;TFN;ATR-72;Nubes altas;14/04/18
BEL3784;LPA;BRU;AIRBUS A320;Nubes altas;14/04/18
SAS6258;LPA;CPH;AIRBUS A321;Nubes altas;14/04/18
IBK8461;LPA;CPH;BOEING 737-800 WINGLETS;Nubes altas;14/04/18
AUA9504;LPA;VIE;AIRBUS A320;Nubes altas;14/04/18
CNF765;LPA;ACE;ATR-72;Nubes altas;14/04/18
NAX9323;LPA;SVG;BOEING 737-800 WINGLETS;Nubes altas;14/04/18
RYR303;LPA;CGN;BOEING 737-800 WINGLETS;Nubes altas;14/04/18
TOM6659;LPA;CWL;BOEING 737-800 WINGLETS;Nubes altas;14/04/18
VLG3275;LPA;BIO;AIRBUS A320;Nubes altas;14/04/18
IBS3833;LPA;MAD;AIRBUS A320;Nubes altas;14/04/18
TRA5666;LPA;AMS;BOEING 737-800 WINGLETS;Nubes altas;14/04/18
IBB179;LPA;TFN;BOMBARDIER CRJ-1000;Nubes altas;14/04/18
AEA2617;SCQ;VLC;BOEING 737-800 WINGLETS;Chubascos dispersos;14/04/18
VLG1673;SCQ;BCN;32A;Chubascos dispersos;14/04/18
RYR7004;SCQ;LPA;BOEING 737-800 WINGLETS;Chubascos dispersos;14/04/18
IBE8367;SCQ;PMI;BOMBARDIER CRJ-1000;Chubascos dispersos;14/04/18
RYR4579;SCQ;BGY;BOEING 737-800 WINGLETS;Chubascos dispersos;15/04/18
VLG3247;SCQ;TFN;AIRBUS A320;Chubascos dispersos;15/04/18
RYR7223;SCQ;VLC;BOEING 737-800 WINGLETS;Chubascos dispersos;15/04/18
RYR6333;SCQ;BCN;BOEING 737-800 WINGLETS;Chubascos dispersos;15/04/18
EZS1338;SCQ;GVA;AIRBUS A320;Chubascos dispersos;15/04/18
IBS3877;SCQ;MAD;AIRBUS A321;Chubascos dispersos;15/04/18
IBE8365;SCQ;PMI;CANADAIR CRJ-200;Chubascos dispersos;15/04/18
VLG1671;SCQ;BCN;32A;Chubascos dispersos;15/04/18
EZS1180;SCQ;BSL;AIRBUS A319;Chubascos dispersos;15/04/18
DLH1867;SCQ;MUC;AIRBUS A320;Chubascos dispersos;15/04/18
RYR3042;SCQ;SVQ;BOEING 737-800 WINGLETS;Chubascos dispersos;15/04/18
RYR8379;SCQ;STN;BOEING 737-800 WINGLETS;Chubascos dispersos;15/04/18
VLG1677;SCQ;BCN;AIRBUS A320;Chubascos dispersos;15/04/18
VLG2654;SCQ;AGP;AIRBUS A320;Chubascos dispersos;15/04/18
RYR2157;AGP;BHX;BOEING 737-800 WINGLETS;Despejado;14/04/18
EWG5909;AGP;VIE;AIRBUS A319;Despejado;14/04/18
WZZ3190;AGP;OTP;32B;Despejado;14/04/18
TRA6654;AGP;EIN;BOEING 737-800 WINGLETS;Despejado;14/04/18
RYR5677;AGP;PMI;BOEING 737-800 WINGLETS;Despejado;14/04/18
VLG9032;AGP;LYS;AIRBUS A320;Despejado;14/04/18
BEE1678;AGP;SOU;EMBRAER 190;Despejado;14/04/18
NAX4224;AGP;ARN;BOEING 737-800 WINGLETS;Despejado;14/04/18
AEA5038;AGP;MAD;ATR-72;Despejado;14/04/18
IBE8272;AGP;MLN;ATR-72;Despejado;14/04/18
VLG2981;AGP;NTE;AIRBUS A320;Despejado;14/04/18
EZS1068;AGP;BSL;AIRBUS A319;Despejado;14/04/18
EZY3956;AGP;CDG;32A;Despejado;14/04/18
RYR2608;AGP;GLA;BOEING 737-800 WINGLETS;Despejado;14/04/18
EWG2537;AGP;STR;AIRBUS A320;Despejado;14/04/18
TRA5022;AGP;RTM;BOEING 737-700 WINGLETS;Despejado;14/04/18
SAS1584;AGP;ARN;32A;Despejado;14/04/18
NAX8651;AGP;ARN;BOEING 737-800 WINGLETS;Despejado;14/04/18
IBK3673;AGP;CPH;BOEING 737-800 WINGLETS;Despejado;14/04/18
VLG3517;IBZ;BCN;AIRBUS A320;Llovizna;14/04/18
IBE8677;IBZ;BCN;BOMBARDIER CRJ-1000;Llovizna;14/04/18
VLG3694;IBZ;VLC;AIRBUS A320;Llovizna;14/04/18
KLM1500;IBZ;AMS;EMBRAER 190;Llovizna;14/04/18
IBE8117;IBZ;PMI;BOMBARDIER CRJ-1000;Llovizna;14/04/18
AEA1711;IBZ;PMI;ATR-72;Llovizna;14/04/18
EDW267;IBZ;ZRH;AIRBUS A320;Llovizna;14/04/18
RYR9406;IBZ;EMA;BOEING 737-800 WINGLETS;Llovizna;14/04/18
EZY4838;IBZ;NAP;32A;Llovizna;14/04/18
EZS1128;IBZ;BSL;AIRBUS A319;Llovizna;14/04/18
EZS1520;IBZ;GVA;AIRBUS A319;Llovizna;14/04/18
AEA6028;IBZ;MAD;BOEING 737-800 WINGLETS;Llovizna;14/04/18
RYR9252;IBZ;STN;BOEING 737-800 WINGLETS;Llovizna;14/04/18
VLG3519;IBZ;BCN;32B;Llovizna;14/04/18
EZY8650;IBZ;LGW;AIRBUS A319;Llovizna;14/04/18
RYR2085;IBZ;MAD;BOEING 737-800 WINGLETS;Llovizna;14/04/18
RYR8140;IBZ;BCN;BOEING 737-800 WINGLETS;Llovizna;14/04/18
IBK2461;IBZ;LGW;BOEING 737-800 WINGLETS;Llovizna;14/04/18
VLG3547;IBZ;BCN;32A;Llovizna;14/04/18
IBB655;TFN;VDE;ATR-72;Despejado;15/04/18
IBB659;TFN;VDE;ATR-72;Despejado;15/04/18
IBB663;TFN;VDE;ATR-72;Despejado;15/04/18
IBB365;LPA;VDE;ATR-72;Nubes altas;15/04/18
CNF247;TFN;VDE;ATR-42/72;Despejado;15/04/18
IBB673;TFN;VDE;ATR-72;Despejado;15/04/18
DLH1465;VLC;FRA;32A;Abertura de claros;14/04/18
AEA4060;VLC;MAD;ATR-72;Abertura de claros;14/04/18
RYR139;VLC;SXF;BOEING 737-800 WINGLETS;Abertura de claros;14/04/18
KLM1506;VLC;AMS;BOEING 737-800 WINGLETS;Abertura de claros;14/04/18
SWR2147;VLC;ZRH;AIRBUS A319;Abertura de claros;14/04/18
BMS114;VLC;OTP;BOEING 737-800 WINGLETS;Abertura de claros;14/04/18
RYR2425;VLC;FRA;BOEING 737-800 WINGLETS;Abertura de claros;14/04/18
TAP1093;VLC;LIS;ATR-42/72;Abertura de claros;14/04/18
VLG7338;VLC;ALG;AIRBUS A320;Abertura de claros;14/04/18
RYR7214;VLC;PMI;BOEING 737-800 WINGLETS;Abertura de claros;14/04/18
RYR4487;VLC;PMO;BOEING 737-800 WINGLETS;Abertura de claros;14/04/18
TRA5108;VLC;EIN;BOEING 737-800 WINGLETS;Abertura de claros;14/04/18
AUI940;VLC;IFO;EMBRAER 190;Abertura de claros;15/04/18
AEA1005;VLC;CDG;BOEING 737-800 WINGLETS;Abertura de claros;15/04/18
RYR7222;VLC;SCQ;BOEING 737-800 WINGLETS;Abertura de claros;15/04/18
DLH1165;VLC;FRA;AIRBUS A321;Abertura de claros;15/04/18
RYR6399;SVQ;BCN;BOEING 737-800 WINGLETS;Nubes altas;14/04/18
VLG8892;SVQ;NTE;AIRBUS A320;Nubes altas;14/04/18
EZY1624;SVQ;NCE;32A;Nubes altas;14/04/18
RYR5027;SVQ;WMI;BOEING 737-800 WINGLETS;Nubes altas;14/04/18
RYR4008;SVQ;RAK;BOEING 737-800 WINGLETS;Nubes altas;14/04/18
RYR8733;SVQ;MXP;BOEING 737-800 WINGLETS;Nubes altas;14/04/18
TVF3109;SVQ;ORY;BOEING 737-800 WINGLETS;Nubes altas;14/04/18
BMS4080;SVQ;TRN;BOEING 737-500;Nubes altas;14/04/18
RYR4349;SVQ;BLQ;BOEING 737-800 WINGLETS;Nubes altas;14/04/18
RYR4636;SVQ;BGY;BOEING 737-800 WINGLETS;Nubes altas;14/04/18
IBS3953;SVQ;MAD;AIRBUS A320;Nubes altas;14/04/18
RYR7724;SVQ;LPA;BOEING 737-800 WINGLETS;Nubes altas;14/04/18
VLG2257;SVQ;BCN;AIRBUS A320;Nubes altas;14/04/18
RYR6397;SVQ;BCN;BOEING 737-800 WINGLETS;Nubes altas;15/04/18
VLG2223;SVQ;BCN;AIRBUS A320;Nubes altas;15/04/18
RYR5262;SVQ;BVA;BOEING 737-800 WINGLETS;Nubes altas;15/04/18
VLG3256;SVQ;TFN;AIRBUS A320;Nubes altas;15/04/18
TAP1101;SVQ;LIS;ATR-72;Nubes altas;15/04/18
DLH1145;BIO;FRA;AIRBUS A321;Nubes altas;14/04/18
SWR2059;BIO;ZRH;AIRBUS A320;Nubes altas;14/04/18
VLG3944;BIO;PMI;AIRBUS A320;Nubes altas;14/04/18
TAP1067;BIO;LIS;ATR-42/72;Nubes altas;14/04/18
EWG9519;BIO;DUS;AIRBUS A319;Nubes altas;14/04/18
BAW469;BIO;LHR;AIRBUS A320;Nubes altas;14/04/18
AEA7160;BIO;MAD;EMBRAER ERJ-195;Nubes altas;14/04/18
IBE8949;BIO;VLC;BOMBARDIER CRJ-1000;Nubes altas;14/04/18
VOE3410;BIO;VIE;BOEING 717;Nubes altas;15/04/18
KLM1684;BIO;AMS;EMBRAER 190;Nubes altas;15/04/18
DLH1147;BIO;FRA;32A;Nubes altas;15/04/18
VLG2508;BIO;SVQ;32A;Nubes altas;15/04/18
VLG3280;BIO;ACE;AIRBUS A320;Nubes altas;15/04/18
AFR1377;BIO;CDG;EMBRAER 190;Nubes altas;15/04/18
NAX1703;MJV;OSL;BOEING 737-800 WINGLETS;Abertura de claros;14/04/18
RYR3453;MJV;LTN;BOEING 737-800 WINGLETS;Abertura de claros;14/04/18
EZY7426;MJV;SEN;AIRBUS A319;Abertura de claros;14/04/18
BAW449;MJV;LHR;32A;Abertura de claros;14/04/18
RYR8027;MJV;STN;BOEING 737-800 WINGLETS;Abertura de claros;14/04/18
EZY8554;MJV;LGW;32A;Abertura de claros;14/04/18
RYR7095;MJV;DUB;BOEING 737-800 WINGLETS;Abertura de claros;14/04/18
EZY8550;MJV;LGW;AIRBUS A319;Abertura de claros;15/04/18
EZY6014;MJV;BRS;AIRBUS A320;Abertura de claros;15/04/18
RYR1925;MJV;EMA;BOEING 737-800 WINGLETS;Abertura de claros;15/04/18
RYR4253;MJV;FRA;BOEING 737-800 WINGLETS;Abertura de claros;15/04/18
EZY8552;MJV;LGW;AIRBUS A319;Abertura de claros;15/04/18
RYR1940;MJV;EIN;BOEING 737-800 WINGLETS;Abertura de claros;15/04/18
RYR4117;MJV;MAN;BOEING 737-800 WINGLETS;Abertura de claros;15/04/18
EXS864;MJV;MAN;BOEING 737-800 WINGLETS;Abertura de claros;15/04/18
TRA5644;LEI;RTM;BOEING 737-700 WINGLETS;Despejado;14/04/18
RYR7319;LEI;DUB;BOEING 737-800 WINGLETS;Despejado;14/04/18
BEL3776;LEI;BRU;AIRBUS A320;Despejado;15/04/18
EZY8164;LEI;LGW;AIRBUS A319;Despejado;15/04/18
IBE8595;LEI;MAD;BOMBARDIER CRJ-1000;Despejado;15/04/18
AEA2634;LEI;ZAZ;BOEING 737-800 WINGLETS;Despejado;15/04/18
IBE8213;LEI;PMI;CANADAIR CRJ-200;Despejado;15/04/18
VLG1252;LEI;BCN;AIRBUS A320;Despejado;15/04/18
IBE8577;LEI;MAD;CANADAIR CRJ-900;Despejado;15/04/18
AEA2888;LEI;BCN;BOEING 737-800 WINGLETS;Despejado;15/04/18
IBE8589;LEI;MAD;CANADAIR CRJ-200;Despejado;15/04/18
IBE8601;LEI;MAD;BOMBARDIER CRJ-1000;Despejado;15/04/18
AEA2648;LEI;BCN;BOEING 737-800 WINGLETS;Despejado;15/04/18
IBE8932;LEI;SVQ;CANADAIR CRJ-200;Despejado;15/04/18
HOP9615;MAH;LYS;BOMBARDIER CRJ-1000;Lluvia moderada;14/04/18
VLG3701;MAH;BCN;32A;Lluvia moderada;14/04/18
VLG8191;MAH;ORY;32B;Lluvia moderada;14/04/18
IBE8487;MAH;PMI;ATR-42/72;Lluvia moderada;14/04/18
FPO646;MAH;CDG;BOEING 737-700 WINGLETS;Lluvia moderada;14/04/18
VLG3719;MAH;BCN;32B;Lluvia moderada;14/04/18
IBE8481;MAH;PMI;BOMBARDIER CRJ-1000;Lluvia moderada;15/04/18
IBE8951;MAH;MAD;BOMBARDIER CRJ-1000;Lluvia moderada;15/04/18
AAL8615;MAH;MAD;BOMBARDIER CRJ-1000;Lluvia moderada;15/04/18
IBE8495;MAH;PMI;ATR-72;Lluvia moderada;15/04/18
VLG3713;MAH;BCN;AIRBUS A320;Lluvia moderada;15/04/18
IBE8483;MAH;PMI;BOMBARDIER CRJ-1000;Lluvia moderada;15/04/18
VLG3801;MAH;BIO;32A;Lluvia moderada;15/04/18
VLG3715;MAH;BCN;AIRBUS A320;Lluvia moderada;15/04/18
IBE8662;MAH;BIO;BOMBARDIER CRJ-1000;Lluvia moderada;15/04/18
AEA4532;MAH;PMI;ATR-72;Lluvia moderada;15/04/18
RYR1283;BCN;XRY;BOEING 737-800 WINGLETS;Abertura de claros;14/04/18
IBE0406;MAD;XRY;AIRBUS A319;Nubes altas;14/04/18
IBE0410;MAD;XRY;AIRBUS A320;Nubes altas;15/04/18
VLG2286;BCN;XRY;AIRBUS A320;Abertura de claros;15/04/18
RYR1283;BCN;XRY;BOEING 737-800 WINGLETS;Abertura de claros;15/04/18
IBE0404;MAD;XRY;AIRBUS A320;Nubes altas;15/04/18
IBE8324;MAD;EAS;ATR-72;Nubes altas;14/04/18
VLG2486;BCN;EAS;AIRBUS A319;Abertura de claros;15/04/18
IBE8316;MAD;EAS;ATR-72;Nubes altas;15/04/18
IBE8322;MAD;EAS;ATR-72;Nubes altas;15/04/18
IBE8318;MAD;EAS;ATR-72;Nubes altas;15/04/18
VLG2488;BCN;EAS;AIRBUS A319;Abertura de claros;15/04/18
IBE8326;MAD;EAS;ATR-72;Nubes altas;15/04/18
IBE8272;AGP;MLN;ATR-72;Despejado;14/04/18
IBE8262;AGP;MLN;ATR-72;Despejado;15/04/18
IBE8792;MAD;MLN;ATR-72;Nubes altas;15/04/18
IBE8790;MAD;MLN;ATR-72;Nubes altas;15/04/18
IBE8264;AGP;MLN;ATR-72;Despejado;15/04/18
IBE8270;AGP;MLN;ATR-72;Despejado;15/04/18
AEA5005;AGP;MLN;ATR-72;Despejado;15/04/18
IBE8798;MAD;MLN;ATR-72;Nubes altas;15/04/18
IBE8274;AGP;MLN;ATR-72;Despejado;15/04/18
RYR6384;BCN;SDR;BOEING 737-800 WINGLETS;Abertura de claros;15/04/18
IBE0554;MAD;SDR;AIRBUS A319;Nubes altas;15/04/18
IBE0556;MAD;SDR;AIRBUS A319;Nubes altas;15/04/18
VLG1590;BCN;SDR;AIRBUS A320;Abertura de claros;15/04/18
VLG2015;GRX;BCN;AIRBUS A320;Cubierto de nubes altas y medias;14/04/18
VLG8727;GRX;CDG;AIRBUS A320;Cubierto de nubes altas y medias;14/04/18
EZY8172;GRX;LGW;AIRBUS A319;Cubierto de nubes altas y medias;14/04/18
VLG2017;GRX;BCN;AIRBUS A320;Cubierto de nubes altas y medias;14/04/18
IBE8639;GRX;MAD;BOMBARDIER CRJ-1000;Cubierto de nubes altas y medias;15/04/18
VLG2011;GRX;BCN;32B;Cubierto de nubes altas y medias;15/04/18
IBE8641;GRX;MAD;BOMBARDIER CRJ-1000;Cubierto de nubes altas y medias;15/04/18
EZY2676;GRX;MXP;AIRBUS A319;Cubierto de nubes altas y medias;15/04/18
VLG2021;GRX;BCN;Sin especificar;Cubierto de nubes altas y medias;15/04/18
AEA5200;GRX;PMI;EMBRAER ERJ-195;Cubierto de nubes altas y medias;15/04/18
VLG3932;GRX;PMI;AIRBUS A320;Cubierto de nubes altas y medias;15/04/18
IBE8645;GRX;MAD;BOMBARDIER CRJ-1000;Cubierto de nubes altas y medias;15/04/18
ENT513;GRX;ARN;BOEING 737-800 WINGLETS;Cubierto de nubes altas y medias;15/04/18
ENT574;GRX;ARN;BOEING 737-800;Cubierto de nubes altas y medias;15/04/18
IBE8649;GRX;MAD;BOMBARDIER CRJ-1000;Cubierto de nubes altas y medias;15/04/18
VLG2015;GRX;BCN;AIRBUS A320;Cubierto de nubes altas y medias;15/04/18
RYR3653;GRO;BRE;BOEING 737-800 WINGLETS;Nubosidad variable;14/04/18
RYR9911;GRO;BOH;BOEING 737-800 WINGLETS;Nubosidad variable;14/04/18
RYR9123;GRO;EIN;BOEING 737-800 WINGLETS;Nubosidad variable;15/04/18
RYR7083;GRO;OMR;BOEING 737-800 WINGLETS;Nubosidad variable;15/04/18
RYR9555;GRO;FMM;BOEING 737-800 WINGLETS;Nubosidad variable;15/04/18
RYR6901;GRO;CRL;BOEING 737-800 WINGLETS;Nubosidad variable;15/04/18
RYR9305;GRO;LPL;BOEING 737-800 WINGLETS;Nubosidad variable;15/04/18
RYR9172;GRO;WRO;BOEING 737-800 WINGLETS;Nubosidad variable;15/04/18
RYR4125;GRO;HHN;BOEING 737-800 WINGLETS;Nubosidad variable;15/04/18
RYR7037;GRO;DUB;BOEING 737-800 WINGLETS;Nubosidad variable;15/04/18
RYR9364;GRO;PSR;BOEING 737-800 WINGLETS;Nubosidad variable;15/04/18
RYR9241;GRO;PSA;BOEING 737-800 WINGLETS;Nubosidad variable;15/04/18
RYR9803;GRO;STN;BOEING 737-800 WINGLETS;Nubosidad variable;15/04/18
PBD832;GRO;VKO;BOEING 737-800 WINGLETS;Nubosidad variable;15/04/18
RYR9211;GRO;FKB;BOEING 737-800 WINGLETS;Nubosidad variable;15/04/18
RYR9335;GRO;BRS;BOEING 737-800 WINGLETS;Nubosidad variable;15/04/18
RYR4482;GRO;RIX;BOEING 737-800 WINGLETS;Nubosidad variable;15/04/18
RYR5122;GRO;POZ;BOEING 737-800 WINGLETS;Nubosidad variable;15/04/18
RYR9303;GRO;EDI;BOEING 737-800 WINGLETS;Nubosidad variable;15/04/18
RYR1131;GRO;EMA;BOEING 737-800 WINGLETS;Nubosidad variable;15/04/18
RYR6903;GRO;CRL;BOEING 737-800 WINGLETS;Nubosidad variable;15/04/18
RYR6391;GRO;NRN;BOEING 737-800 WINGLETS;Nubosidad variable;15/04/18
AEA7237;MAD;LCG;EMBRAER ERJ-195;Nubes altas;14/04/18
IBE0522;MAD;LCG;AIRBUS A320;Nubes altas;14/04/18
VLG1290;BCN;LCG;AIRBUS A320;Abertura de claros;14/04/18
VLG1294;BCN;LCG;AIRBUS A320;Abertura de claros;15/04/18
VLG1292;BCN;LCG;AIRBUS A320;Abertura de claros;15/04/18
AEA7233;MAD;LCG;EMBRAER ERJ-195;Nubes altas;15/04/18
LZF441;BIO;LCG;ATR 42-300/320;Nubes altas;15/04/18
VLG3132;LPA;LCG;AIRBUS A320;Nubes altas;15/04/18
VLG1356;ALC;IBZ;AIRBUS A320;Nubes altas;14/04/18
WOW615;ALC;KEF;AIRBUS A321;Nubes altas;14/04/18
TOM6617;ALC;BRS;BOEING 757-200  WINGLETS;Nubes altas;14/04/18
RYR4130;ALC;FRA;BOEING 737-800 WINGLETS;Nubes altas;14/04/18
VLG8251;ALC;ORY;32A;Nubes altas;14/04/18
DAH2005;ALC;ALG;BOEING 737-800 WINGLETS;Nubes altas;14/04/18
TOM2675;ALC;MAN;BOEING 737-800 WINGLETS;Nubes altas;14/04/18
RYR9072;ALC;MAN;BOEING 737-800 WINGLETS;Nubes altas;14/04/18
IBK6383;ALC;TFN;BOEING 737-800 WINGLETS;Nubes altas;14/04/18
IBK543;ALC;HEL;BOEING 737-800 WINGLETS;Nubes altas;14/04/18
PRI2876;ALC;STN;BOEING 737-800 WINGLETS;Nubes altas;14/04/18
NAX1835;ALC;SVG;BOEING 737-800 WINGLETS;Nubes altas;14/04/18
ANE8399;ALC;MAD;BOMBARDIER CRJ-1000;Nubes altas;14/04/18
EXS586;ALC;NCL;BOEING 737-300 WINGLETS;Nubes altas;14/04/18
ANE8386;ALC;BIO;BOMBARDIER CRJ-1000;Nubes altas;14/04/18
EXS640;ALC;EMA;BOEING 737-300 WINGLETS;Nubes altas;14/04/18
NAX1831;ALC;BGO;BOEING 737-800 WINGLETS;Nubes altas;14/04/18
RYR6213;ALC;NRN;BOEING 737-800 WINGLETS;Nubes altas;14/04/18
SWR2175;ALC;ZRH;AIRBUS A320;Nubes altas;14/04/18
SAS1854;ALC;ARN;32A;Nubes altas;14/04/18
BAW2633;ALC;LGW;AIRBUS A320;Nubes altas;14/04/18
AEA7306;MAD;VGO;EMBRAER ERJ-195;Nubes altas;14/04/18
IBE0538;MAD;VGO;AIRBUS A319;Nubes altas;14/04/18
AEA7308;MAD;VGO;EMBRAER ERJ-195;Nubes altas;15/04/18
AEA7302;MAD;VGO;EMBRAER ERJ-195;Nubes altas;15/04/18
IBE0532;MAD;VGO;AIRBUS A319;Nubes altas;15/04/18
LAV5463;TFN;VGO;BOEING 737-400;Despejado;15/04/18
AEA7300;MAD;VGO;EMBRAER ERJ-195;Nubes altas;15/04/18
EWG8599;PMI;TXL;AIRBUS A319;Lluvia;14/04/18
EZY3834;PMI;CDG;32A;Lluvia;14/04/18
EZY6712;PMI;BFS;32A;Lluvia;14/04/18
IBK525;PMI;HEL;BOEING 737-800 WINGLETS;Lluvia;14/04/18
ANE8612;PMI;ALC;BOMBARDIER CRJ-1000;Lluvia;14/04/18
TOM6603;PMI;BOH;BOEING 737-800 WINGLETS;Lluvia;14/04/18
SRK2117;PMI;BRN;SAAB 2000;Lluvia;14/04/18
DLH1155;PMI;FRA;AIRBUS A321;Lluvia;14/04/18
AEA6078;PMI;MAD;EMBRAER ERJ-195;Lluvia;14/04/18
RYR7185;PMI;HAM;BOEING 737-800 WINGLETS;Lluvia;14/04/18
SAS1816;PMI;GOT;BOEING 737-600;Lluvia;14/04/18
TVF1159;PMI;ORY;BOEING 737-800 WINGLETS;Lluvia;14/04/18
RYR697;PMI;PIK;BOEING 737-800 WINGLETS;Lluvia;14/04/18
SAS2812;PMI;CPH;AIRBUS A320;Lluvia;14/04/18
AFR1659;PMI;CDG;AIRBUS A320;Lluvia;14/04/18
PRI474;PMI;BLL;BOEING 737-800 WINGLETS;Lluvia;14/04/18
VLG3911;PMI;BCN;32B;Lluvia;14/04/18
VLG2978;PMI;NTE;AIRBUS A320;Lluvia;14/04/18
EDW247;PMI;ZRH;AIRBUS A320;Lluvia;14/04/18
TUI2219;TFS;STR;BOEING 737-800 WINGLETS;Despejado;14/04/18
RYR8839;TFS;BGY;BOEING 737-800 WINGLETS;Despejado;14/04/18
RYR4898;TFS;BLQ;BOEING 737-800 WINGLETS;Despejado;14/04/18
EWG253;TFS;CGN;BOEING 737-800 WINGLETS;Despejado;14/04/18
AUA9506;TFS;VIE;AIRBUS A321;Despejado;14/04/18
BAW2731;TFS;LGW;AIRBUS A320;Despejado;14/04/18
TRA6672;TFS;AMS;BOEING 737-800 WINGLETS;Despejado;14/04/18
RYR3153;TFS;EMA;BOEING 737-800 WINGLETS;Despejado;14/04/18
RYR6622;TFS;EDI;BOEING 737-800 WINGLETS;Despejado;14/04/18
IBB154;TFS;LPA;ATR-72;Despejado;14/04/18
RYR4331;TFS;MAN;BOEING 737-800 WINGLETS;Despejado;14/04/18
TUI2185;TFS;CGN;7S8;Despejado;14/04/18
AFL2549;TFS;SVO;AIRBUS A330-300;Despejado;14/04/18
TOM2691;TFS;MAN;BOEING 737-800 WINGLETS;Despejado;14/04/18
EZY2588;TFS;MXP;32A;Despejado;14/04/18
TCX1739;TFS;NCL;32B;Despejado;14/04/18
EXS1294;TFS;BHX;BOEING 737-800 WINGLETS;Despejado;14/04/18
TCX1867;TFS;MAN;AIRBUS A321;Despejado;14/04/18
EIN765;TFS;DUB;AIRBUS A320;Despejado;14/04/18
VOE2421;TFS;BOD;AIRBUS A319;Despejado;14/04/18
EIN875;TFS;ORK;AIRBUS A320;Despejado;14/04/18
EZY6094;TFS;BRS;32A;Despejado;14/04/18
EXS382;TFS;BFS;BOEING 737-300 WINGLETS;Despejado;14/04/18
VLG3188;ACE;ORY;32B;Nubes altas;14/04/18
RYR3521;ACE;GLA;BOEING 737-800 WINGLETS;Nubes altas;14/04/18
EXS764;ACE;MAN;BOEING 737-800 WINGLETS;Nubes altas;14/04/18
EIN877;ACE;ORK;AIRBUS A320;Nubes altas;14/04/18
ENT928;ACE;CDG;BOEING 737-800 WINGLETS;Nubes altas;14/04/18
EXS1402;ACE;STN;BOEING 737-800 WINGLETS;Nubes altas;14/04/18
IBB525;ACE;LPA;ATR-42/72;Nubes altas;14/04/18
BAW2733;ACE;LGW;AIRBUS A320;Nubes altas;14/04/18
RYR9944;ACE;ORK;BOEING 737-800 WINGLETS;Nubes altas;14/04/18
VLG6585;ACE;FCO;32A;Nubes altas;14/04/18
TRA5684;ACE;AMS;BOEING 737-800 WINGLETS;Nubes altas;14/04/18
IBB531;ACE;LPA;ATR-42/72;Nubes altas;14/04/18
TVS2413;ACE;CDG;BOEING 737-800 WINGLETS;Nubes altas;14/04/18
TVS3491;ACE;LYS;BOEING 737-800 WINGLETS;Nubes altas;14/04/18
TCX1499;ACE;MAN;AIRBUS A321;Nubes altas;14/04/18
EXS1202;ACE;BHX;BOEING 737-800 WINGLETS;Nubes altas;14/04/18
CNF766;ACE;LPA;ATR-72;Nubes altas;14/04/18
TCX1305;ACE;GLA;32B;Nubes altas;14/04/18
EZY2980;ACE;MXP;32A;Nubes altas;14/04/18
EIN779;ACE;DUB;AIRBUS A321;Nubes altas;14/04/18
VOE2829;ACE;NTE;AIRBUS A319;Nubes altas;14/04/18
EXS168B;ACE;GLA;BOEING 737-800 WINGLETS;Nubes altas;14/04/18
IBB316;SPC;LPA;ATR-42/72;Nubes altas;14/04/18
AEA9480;SPC;TFN;ATR-72;Nubes altas;14/04/18
IBB638;SPC;TFN;ATR-42/72;Nubes altas;14/04/18
IBB640;SPC;TFN;ATR-72;Nubes altas;14/04/18
CNF468;SPC;TFN;ATR-72;Nubes altas;14/04/18
AEA9468;SPC;TFN;ATR-72;Nubes altas;14/04/18
IBB642;SPC;TFN;ATR-42/72;Nubes altas;14/04/18
IBB318;SPC;LPA;ATR-42/72;Nubes altas;14/04/18
IBB606;SPC;TFN;ATR-42/72;Nubes altas;15/04/18
IBB304;SPC;LPA;ATR-72;Nubes altas;15/04/18
CNF413;SPC;TFN;ATR-72;Nubes altas;15/04/18
IBB608;SPC;TFN;ATR-72;Nubes altas;15/04/18
TVS2434;SPC;CDG;BOEING 737-800 WINGLETS;Nubes altas;15/04/18
AEA9462;SPC;TFN;ATR-72;Nubes altas;15/04/18
CNF419;SPC;TFN;ATR-72;Nubes altas;15/04/18
IBB610;SPC;TFN;ATR-42/72;Nubes altas;15/04/18
AEA9464;SPC;TFN;ATR-72;Nubes altas;15/04/18
IBB620;SPC;TFN;ATR-42/72;Nubes altas;15/04/18
IBB622;SPC;TFN;ATR-72;Nubes altas;15/04/18
IBS3843;SPC;MAD;AIRBUS A320;Nubes altas;15/04/18
IBB630;SPC;TFN;ATR-42/72;Nubes altas;15/04/18
CNF453;SPC;TFN;ATR-72;Nubes altas;15/04/18
IBB312;SPC;LPA;BOMBARDIER CRJ-1000;Nubes altas;15/04/18
TAP1113;OVD;LIS;ATR-42/72;Nubes altas;14/04/18
VLG1572;OVD;BCN;AIRBUS A320;Nubes altas;15/04/18
VOE3584;OVD;ALC;BOEING 717;Nubes altas;15/04/18
IBS3981;OVD;MAD;AIRBUS A320;Nubes altas;15/04/18
VLG1574;OVD;BCN;AIRBUS A320;Nubes altas;15/04/18
IBE0479;OVD;MAD;32A;Nubes altas;15/04/18
EZY3084;OVD;STN;AIRBUS A319;Nubes altas;15/04/18
IBE8335;OVD;VLC;ATR-72;Nubes altas;15/04/18
IBE0475;OVD;MAD;AIRBUS A321;Nubes altas;15/04/18
IBE8332;OVD;PMI;CANADAIR CRJ-200;Nubes altas;15/04/18
VLG3865;OVD;PMI;AIRBUS A320;Nubes altas;15/04/18
VOE3925;OVD;AGP;BOEING 717;Nubes altas;15/04/18
IBE0487;OVD;MAD;AIRBUS A320;Nubes altas;15/04/18
VLG1578;OVD;BCN;AIRBUS A320;Nubes altas;15/04/18
VOE3831;OVD;SVQ;BOEING 717;Nubes altas;15/04/18
IBE8329;EAS;MAD;ATR-72;Nubes altas;14/04/18
IBE8601;LEI;MAD;BOMBARDIER CRJ-1000;Despejado;14/04/18
IBS3879;SCQ;MAD;AIRBUS A320;Chubascos dispersos;14/04/18
IBE8811;AGP;MAD;BOMBARDIER CRJ-1000;Despejado;14/04/18
IBE8793;MLN;MAD;ATR-72;Despejado;14/04/18
AEA9117;TFN;MAD;AIRBUS A330-200;Despejado;14/04/18
CNF374;TFN;FUE;ATR-42/72;Despejado;14/04/18
AEA9420;TFN;LPA;ATR-72;Despejado;14/04/18
IBS3939;TFN;MAD;AIRBUS A320;Despejado;14/04/18
IBB639;TFN;SPC;ATR-72;Despejado;14/04/18
IBB186;TFN;LPA;BOMBARDIER CRJ-1000;Despejado;14/04/18
IBB484;TFN;ACE;ATR-42/72;Despejado;14/04/18
IBB428;TFN;FUE;ATR-42/72;Despejado;14/04/18
CNF467;TFN;SPC;ATR-72;Despejado;14/04/18
CNF668;TFN;LPA;ATR-42/72;Despejado;14/04/18
IBE8205;TFN;SCQ;BOMBARDIER CRJ-1000;Despejado;14/04/18
AEA9467;TFN;SPC;ATR-72;Despejado;14/04/18
IBB456;TFN;ACE;ATR-42/72;Despejado;14/04/18
IBB188;TFN;LPA;BOMBARDIER CRJ-1000;Despejado;14/04/18
IBB627;TFN;SPC;ATR-42/72;Despejado;14/04/18
IBS3941;TFN;MAD;AIRBUS A320;Despejado;14/04/18
IBB122;TFN;LPA;ATR-42/72;Despejado;14/04/18
AEA9408;TFN;LPA;ATR-72;Despejado;14/04/18
IBB192;TFN;LPA;BOMBARDIER CRJ-1000;Despejado;14/04/18
VLG3215;TFN;BCN;32B;Despejado;15/04/18
DE1441;FUE;HAM;BOEING 757-300 WINGLETS;Nubes altas;14/04/18
DE1403;FUE;FRA;BOEING 757-200  WINGLETS;Nubes altas;14/04/18
DE1413;FUE;MUC;32B;Nubes altas;14/04/18
RYR6443;FUE;CRL;BOEING 737-800 WINGLETS;Nubes altas;14/04/18
GMI7041;FUE;RLG;AIRBUS A319;Nubes altas;14/04/18
DE1489;FUE;HAJ;AIRBUS A320;Nubes altas;14/04/18
RYR8807;FUE;BGY;BOEING 737-800 WINGLETS;Nubes altas;14/04/18
AEA9436;FUE;LPA;ATR-72;Nubes altas;14/04/18
TOM7659;FUE;BHX;BOEING 757-200  WINGLETS;Nubes altas;14/04/18
TCX1015;FUE;LGW;BOEING 757-300 WINGLETS;Nubes altas;14/04/18
TCX1485;FUE;STN;AIRBUS A321;Nubes altas;14/04/18
AUA9502;ACE;FUE;AIRBUS A320;Nubes altas;14/04/18
RYR9423;FUE;PSA;BOEING 737-800 WINGLETS;Nubes altas;14/04/18
EZY6066;FUE;BRS;32A;Nubes altas;14/04/18
TUI2149;FUE;HAJ;BOEING 737-800 WINGLETS;Nubes altas;14/04/18
TOM4669;FUE;LGW;BOEING 737-800 WINGLETS;Nubes altas;14/04/18
IBB227;FUE;LPA;ATR-72;Nubes altas;14/04/18
LLC3308;FUE;VNO;AIRBUS A320;Nubes altas;14/04/18
EXS910;FUE;MAN;BOEING 737-800 WINGLETS;Nubes altas;14/04/18
RYR3806;FUE;MAN;BOEING 737-800 WINGLETS;Nubes altas;14/04/18
CNF375;FUE;TFN;ATR-42/72;Nubes altas;14/04/18
TCX1645;FUE;BRS;AIRBUS A321;Nubes altas;14/04/18
RYR6303;FUE;BCN;BOEING 737-800 WINGLETS;Nubes altas;14/04/18
MYX576;FUE;TLL;AIRBUS A320;Nubes altas;14/04/18
OLY629;FUE;TFS;AIRBUS A321;Nubes altas;14/04/18
VLG2122;AGP;BCN;32A;Despejado;14/04/18
IBE1800;MAD;BCN;AIRBUS A321;Nubes altas;14/04/18
VLG9762;MAD;BCN;AIRBUS A321;Nubes altas;14/04/18
IBE1800S;MAD;BCN;AIRBUS A321;Nubes altas;14/04/18
VLG3909;PMI;BCN;32A;Lluvia;14/04/18
VLG3217;TFN;BCN;32B;Despejado;14/04/18
IBS3838;MAD;LPA;AIRBUS A321;Nubes altas;14/04/18
IBB178;TFN;LPA;BOMBARDIER CRJ-1000;Despejado;14/04/18
IBB219;FUE;LPA;ATR-72;Nubes altas;14/04/18
AEA9420;TFN;LPA;ATR-72;Despejado;14/04/18
AEA9436;FUE;LPA;ATR-72;Nubes altas;14/04/18
VLG3046;SVQ;LPA;AIRBUS A320;Nubes altas;14/04/18
IBB525;ACE;LPA;ATR-42/72;Nubes altas;14/04/18
IBE8594;MAD;LEI;BOMBARDIER CRJ-1000;Nubes altas;15/04/18
AEA2887;BCN;LEI;BOEING 737-800 WINGLETS;Abertura de claros;15/04/18
VLG1251;BCN;LEI;AIRBUS A320;Abertura de claros;15/04/18
IBE8598;MAD;LEI;CANADAIR CRJ-900;Nubes altas;15/04/18
AEA2633;ZAZ;LEI;BOEING 737-800 WINGLETS;Nubes altas;15/04/18
IBE8212;PMI;LEI;CANADAIR CRJ-200;Despejado;17/04/18
IBE8592;MAD;LEI;BOMBARDIER CRJ-1000;Nubes altas;15/04/18
AEA2647;BCN;LEI;BOEING 737-800 WINGLETS;Abertura de claros;15/04/18
IBE8588;MAD;LEI;CANADAIR CRJ-200;Nubes altas;15/04/18
AEA7159;MAD;BIO;EMBRAER ERJ-195;Nubes altas;14/04/18
IBE0440;MAD;BIO;AIRBUS A319;Nubes altas;14/04/18
IBE8386;ALC;BIO;BOMBARDIER CRJ-1000;Despejado;17/04/18
VLG3285;FUE;BIO;32A;Nubes altas;14/04/18
VLG3275;LPA;BIO;AIRBUS A320;Nubes altas;14/04/18
VLG3694;IBZ;VLC;AIRBUS A320;Llovizna;14/04/18
IBE8038;MAD;VLC;BOMBARDIER CRJ-1000;Nubes altas;14/04/18
ANE2002;BCN;VLC;BOMBARDIER CRJ-1000;Abertura de claros;14/04/18
AEA2617;SCQ;VLC;BOEING 737-800 WINGLETS;Chubascos dispersos;14/04/18
IBE8996;MAD;VLC;ATR-72;Nubes altas;14/04/18
IBE8949;BIO;VLC;BOMBARDIER CRJ-1000;Nubes altas;14/04/18
RYR7215;PMI;VLC;BOEING 737-800 WINGLETS;Lluvia;14/04/18
IBE8492;PMI;MAH;ATR-42/72;Despejado;17/04/18
IBE8496;PMI;MAH;BOMBARDIER CRJ-1000;Despejado;17/04/18
VLG3718;BCN;MAH;32B;Abertura de claros;14/04/18
IBE8954;MAD;MAH;BOMBARDIER CRJ-1000;Nubes altas;14/04/18
QTR6553;MAH;MAD;BOMBARDIER CRJ-1000;Lluvia moderada;14/04/18
IBE8494;PMI;MAH;ATR-72;Despejado;17/04/18
VLG3712;BCN;MAH;AIRBUS A320;Abertura de claros;15/04/18
IBE8480;PMI;MAH;BOMBARDIER CRJ-1000;Despejado;17/04/18
VLG3800;BIO;MAH;32A;Nubes altas;15/04/18
VLG3714;BCN;MAH;AIRBUS A320;Abertura de claros;15/04/18
IBE8482;PMI;MAH;BOMBARDIER CRJ-1000;Despejado;17/04/18
AEA4537;PMI;MAH;ATR-72;Lluvia;15/04/18
IBE8956;MAD;MAH;BOMBARDIER CRJ-1000;Nubes altas;15/04/18
QTR6552;MAD;MAH;BOMBARDIER CRJ-1000;Nubes altas;15/04/18
AEA2618;VLC;SCQ;BOEING 737-800 WINGLETS;Abertura de claros;14/04/18
VLG1672;BCN;SCQ;32A;Abertura de claros;14/04/18
RYR7003;LPA;SCQ;BOEING 737-800 WINGLETS;Nubes altas;14/04/18
IBE8205;TFN;SCQ;BOMBARDIER CRJ-1000;Despejado;14/04/18
VLG3136;ACE;SCQ;AIRBUS A320;Nubes altas;14/04/18
RYR7222;VLC;SCQ;BOEING 737-800 WINGLETS;Abertura de claros;15/04/18
RYR6332;BCN;SCQ;BOEING 737-800 WINGLETS;Abertura de claros;15/04/18
IBS3876;MAD;SCQ;AIRBUS A321;Nubes altas;15/04/18
IBE8356;BIO;SCQ;CANADAIR CRJ-200;Nubes altas;15/04/18
VLG1670;BCN;SCQ;32A;Abertura de claros;15/04/18
RYR3041;SVQ;SCQ;BOEING 737-800 WINGLETS;Nubes altas;15/04/18
VLG3246;TFN;SCQ;AIRBUS A320;Despejado;15/04/18
VLG2655;AGP;SCQ;AIRBUS A320;Despejado;15/04/18
VLG1356;ALC;IBZ;AIRBUS A320;Nubes altas;14/04/18
IBE8114;PMI;IBZ;BOMBARDIER CRJ-1000;Despejado;17/04/18
AEA1710;PMI;IBZ;ATR-72;Lluvia;14/04/18
AEA6027;MAD;IBZ;BOEING 737-800 WINGLETS;Nubes altas;14/04/18
VLG3518;BCN;IBZ;32B;Abertura de claros;14/04/18
RYR2084;MAD;IBZ;BOEING 737-800 WINGLETS;Nubes altas;14/04/18
IBE8120;PMI;IBZ;BOMBARDIER CRJ-1000;Despejado;17/04/18
AEA1712;PMI;IBZ;ATR-72;Lluvia;14/04/18
RYR8141;BCN;IBZ;BOEING 737-800 WINGLETS;Abertura de claros;14/04/18
VLG2016;BCN;GRX;AIRBUS A320;Abertura de claros;14/04/18
IBE8648;MAD;GRX;BOMBARDIER CRJ-1000;Nubes altas;14/04/18
VLG2010;BCN;GRX;32B;Abertura de claros;15/04/18
IBE8640;MAD;GRX;BOMBARDIER CRJ-1000;Nubes altas;15/04/18
VLG2020;BCN;GRX;AIRBUS A320;Abertura de claros;15/04/18
AEA5201;PMI;GRX;EMBRAER ERJ-195;Lluvia;15/04/18
VLG3933;PMI;GRX;AIRBUS A320;Lluvia;15/04/18
IBE8646;MAD;GRX;BOMBARDIER CRJ-1000;Nubes altas;15/04/18
IBE8642;MAD;GRX;BOMBARDIER CRJ-1000;Nubes altas;15/04/18
VLG2014;BCN;GRX;AIRBUS A320;Abertura de claros;15/04/18
IBS3948;MAD;SVQ;AIRBUS A320;Nubes altas;14/04/18
RYR7723;LPA;SVQ;BOEING 737-800 WINGLETS;Nubes altas;14/04/18
VLG2256;BCN;SVQ;AIRBUS A320;Abertura de claros;14/04/18
VLG3047;LPA;SVQ;AIRBUS A320;Nubes altas;14/04/18
RYR6398;BCN;SVQ;BOEING 737-800 WINGLETS;Abertura de claros;14/04/18
VLG2508;BIO;SVQ;32A;Nubes altas;15/04/18
IBS3954;MAD;SVQ;32A;Nubes altas;15/04/18
VLG2212;BCN;SVQ;AIRBUS A320;Abertura de claros;15/04/18
IBE8840;VLC;SVQ;ATR-72;Abertura de claros;15/04/18
VLG2216;BCN;SVQ;32B;Abertura de claros;15/04/18
IBE0480;MAD;OVD;32A;Nubes altas;14/04/18
VLG3138;ACE;OVD;AIRBUS A320;Nubes altas;14/04/18
VLG1573;BCN;OVD;AIRBUS A320;Abertura de claros;15/04/18
IBE8334;VLC;OVD;ATR-72;Abertura de claros;15/04/18
IBE0488;MAD;OVD;AIRBUS A321;Nubes altas;15/04/18
IBE8333;PMI;OVD;CANADAIR CRJ-200;Despejado;17/04/18
VLG1579;BCN;OVD;AIRBUS A320;Abertura de claros;15/04/18
VOE3585;ALC;OVD;BOEING 717;Nubes altas;15/04/18
IBE0476;MAD;OVD;AIRBUS A320;Nubes altas;15/04/18
VLG3864;PMI;OVD;AIRBUS A320;Lluvia;15/04/18
VOE3924;AGP;OVD;BOEING 717;Despejado;15/04/18
IBE0480;MAD;OVD;AIRBUS A321;Nubes altas;15/04/18
IBB125;LPA;TFS;ATR-72;Nubes altas;14/04/18
VLG1355;IBZ;ALC;32A;Llovizna;14/04/18
IBK6382;TFN;ALC;BOEING 737-800 WINGLETS;Despejado;14/04/18
ANE8905;IBZ;ALC;BOMBARDIER CRJ-1000;Despejado;17/04/18
ANE8612;PMI;ALC;BOMBARDIER CRJ-1000;Lluvia;14/04/18
AEA4026;PMI;ALC;ATR-72;Lluvia;14/04/18
IBB524;LPA;ACE;ATR-72;Nubes altas;14/04/18
IBB526;LPA;ACE;ATR-72;Nubes altas;14/04/18
CNF765;LPA;ACE;ATR-72;Nubes altas;14/04/18
TVS3441;ACE;LIL;BOEING 737-800 WINGLETS;Despejado;17/04/18
IBB484;TFN;ACE;ATR-42/72;Despejado;14/04/18
IBE2269;TFN;ACE;ATR-42/72;Despejado;17/04/18
AEA9419;LPA;TFN;ATR-72;Nubes altas;14/04/18
IBB652;GMZ;TFN;ATR-42/72;Despejado;14/04/18
CNF550;ACE;TFN;ATR-72;Nubes altas;14/04/18
IBB674;VDE;TFN;ATR-42/72;Despejado;14/04/18
IBB173;LPA;TFN;BOMBARDIER CRJ-1000;Nubes altas;14/04/18
IBB636;SPC;TFN;ATR-42/72;Nubes altas;14/04/18
CNF667;LPA;TFN;ATR-72;Nubes altas;14/04/18
IBE8908;ALC;TFN;BOMBARDIER CRJ-1000;Despejado;17/04/18
AEA9480;SPC;TFN;ATR-72;Nubes altas;14/04/18
IBB179;LPA;TFN;BOMBARDIER CRJ-1000;Nubes altas;14/04/18
IBB638;SPC;TFN;ATR-42/72;Nubes altas;14/04/18
IBS3613;OVD;TFN;AIRBUS A320;Nubes altas;14/04/18
AEA9407;LPA;TFN;ATR-72;Nubes altas;14/04/18
IBB121;LPA;TFN;ATR-72;Nubes altas;14/04/18
AEA9057;MAD;TFN;BOEING 737-800 WINGLETS;Nubes altas;14/04/18
IBB640;SPC;TFN;ATR-72;Nubes altas;14/04/18
IBB191;LPA;TFN;BOMBARDIER CRJ-1000;Nubes altas;14/04/18
AEA9479;TFN;SPC;ATR-72;Despejado;14/04/18
IBB637;TFN;SPC;ATR-42/72;Despejado;14/04/18
IBB639;TFN;SPC;ATR-72;Despejado;14/04/18
CNF467;TFN;SPC;ATR-72;Despejado;14/04/18
AEA9467;TFN;SPC;ATR-72;Despejado;14/04/18
IBB627;TFN;SPC;ATR-42/72;Despejado;14/04/18
IBB317;LPA;SPC;ATR-72;Nubes altas;14/04/18
IBB605;TFN;SPC;ATR-42/72;Despejado;15/04/18
IBB309;LPA;SPC;ATR-72;Nubes altas;15/04/18
CNF412;TFN;SPC;ATR-72;Despejado;15/04/18
IBB607;TFN;SPC;ATR-42/72;Despejado;15/04/18
AEA9461;TFN;SPC;ATR-72;Despejado;15/04/18
CNF418;TFN;SPC;ATR-72;Despejado;15/04/18
IBB615;TFN;SPC;ATR-42/72;Despejado;15/04/18
AEA9463;TFN;SPC;ATR-72;Despejado;15/04/18
IBB619;TFN;SPC;ATR-42/72;Despejado;15/04/18
IBB621;TFN;SPC;ATR-42/72;Despejado;15/04/18
IBS3842;MAD;SPC;AIRBUS A320;Nubes altas;15/04/18
IBB629;TFN;SPC;ATR-42/72;Despejado;15/04/18
CNF452;TFN;SPC;ATR-72;Despejado;15/04/18
IBB311;LPA;SPC;BOMBARDIER CRJ-1000;Nubes altas;15/04/18
IBB631;TFN;SPC;ATR-42/72;Despejado;15/04/18
ANE8129;IBZ;PMI;ATR-42/72;Despejado;17/04/18
AEA6073;BCN;PMI;BOEING 737-800 WINGLETS;Abertura de claros;14/04/18
AEA9435;LPA;FUE;ATR-72;Nubes altas;14/04/18
AUA9502;ACE;FUE;AIRBUS A320;Nubes altas;14/04/18
IBB224;LPA;FUE;ATR-72;Nubes altas;14/04/18
CNF374;TFN;FUE;ATR-42/72;Despejado;14/04/18
RYR6302;BCN;FUE;BOEING 737-800 WINGLETS;Abertura de claros;14/04/18
IBB428;TFN;FUE;ATR-42/72;Despejado;14/04/18
IBB234;LPA;FUE;ATR-72;Nubes altas;14/04/18
CNF883;LPA;FUE;ATR-72;Nubes altas;14/04/18
AEA9431;LPA;FUE;ATR-72;Nubes altas;15/04/18
RYR5538;VIT;BGY;BOEING 737-800 WINGLETS;Abertura de claros;15/04/18
IBB650;GMZ;TFN;ATR-72;Despejado;15/04/18
IBB652;GMZ;TFN;ATR-72;Despejado;15/04/18
HTY118;AEI;JCU;AWH;Despejado;15/04/18
HTY140;AEI;JCU;AWH;Despejado;15/04/18
KRP861;LPA;VIT;FOKKER 100;Despejado;17/04/18
IBE8331;BJZ;MAD;CANADAIR CRJ-200;Nubes altas;15/04/18
IBE8313;BJZ;BCN;BOMBARDIER CRJ-1000;Nubes altas;15/04/18
HTY117;JCU;AEI;AWH;Nubes altas;15/04/18
HTY139;JCU;AEI;AWH;Nubes altas;15/04/18
IBS9530;VLL;PMI;AIRBUS A320;Nubes altas;15/04/18
RYR2200;VLL;SVQ;BOEING 737-800 WINGLETS;Nubes altas;15/04/18
EVE1128;VLL;SVQ;AIRBUS A320;Nubes altas;15/04/18
RYR6321;VLL;BCN;BOEING 737-800 WINGLETS;Nubes altas;15/04/18
VLG1585;VLL;BCN;AIRBUS A320;Nubes altas;15/04/18
HTY227;JCU;AGP;AWH;Nubes altas;15/04/18
HTY117;JCU;AEI;AWH;Nubes altas;15/04/18
HTY139;JCU;AEI;AWH;Nubes altas;15/04/18
HTY259;JCU;AGP;AWH;Nubes altas;15/04/18
RYR2829;REU;CRL;BOEING 737-800 WINGLETS;Cubierto de nubes altas y medias;14/04/18
RYR1115;REU;DUB;BOEING 737-800 WINGLETS;Cubierto de nubes altas y medias;15/04/18
RYR9825;REU;LPL;BOEING 737-800 WINGLETS;Cubierto de nubes altas y medias;15/04/18
RYR9827;REU;HHN;BOEING 737-800 WINGLETS;Cubierto de nubes altas y medias;15/04/18
RYR8088;REU;BHX;BOEING 737-800 WINGLETS;Cubierto de nubes altas y medias;15/04/18
RYR2212;REU;EIN;BOEING 737-800 WINGLETS;Cubierto de nubes altas y medias;15/04/18
IBS3720;MAD;AMS;AIRBUS A320;Nubes altas;14/04/18
KAL914;MAD;ICN;BOEING 777-300ER;Nubes altas;14/04/18
RYR5352;MAD;RBA;BOEING 737-800 WINGLETS;Nubes altas;14/04/18
IBE8324;MAD;EAS;ATR-72;Nubes altas;14/04/18
IBE3482;MAD;GVA;AIRBUS A319;Nubes altas;14/04/18
KLM1706;MAD;AMS;BOEING 737-800 WINGLETS;Nubes altas;14/04/18
AFR1101;MAD;CDG;AIRBUS A319;Nubes altas;14/04/18
IBE8330;MAD;BJZ;CANADAIR CRJ-200;Nubes altas;15/04/18
IBE8312;BCN;BJZ;BOMBARDIER CRJ-1000;Despejado;17/04/18
IBE8529;PNA;MAD;BOMBARDIER CRJ-1000;Nubes altas;15/04/18
DLH1119;PNA;FRA;AIRBUS A320;Nubes altas;15/04/18
IBE8525;PNA;MAD;CANADAIR CRJ-900;Nubes altas;15/04/18
IBE8531;PNA;MAD;BOMBARDIER CRJ-1000;Nubes altas;15/04/18
IBB651;TFN;GMZ;ATR-42/72;Despejado;15/04/18
IBB653;TFN;GMZ;ATR-42/72;Despejado;15/04/18
IBE2244;TFN;GMZ;ATR-72;Despejado;17/04/18
IBE8261;MLN;AGP;ATR-72;Despejado;15/04/18
IBE8789;MLN;MAD;ATR-72;Despejado;15/04/18
IBE8791;MLN;MAD;ATR-72;Despejado;15/04/18
IBE8263;MLN;AGP;ATR-72;Despejado;15/04/18
IBE8793;MLN;MAD;ATR-72;Despejado;15/04/18
IBE8269;MLN;AGP;ATR-72;Despejado;15/04/18
IBE8271;MLN;AGP;ATR-72;Despejado;15/04/18
AEA5004;MLN;AGP;ATR-72;Despejado;15/04/18
IBE8277;MLN;AGP;ATR-72;Despejado;15/04/18
IBE8317;EAS;MAD;ATR-72;Nubes altas;15/04/18
VLG2487;EAS;BCN;AIRBUS A319;Nubes altas;15/04/18
IBE8319;EAS;MAD;ATR-72;Nubes altas;15/04/18
IBE8329;EAS;MAD;ATR-72;Nubes altas;15/04/18
IBE8315;EAS;MAD;ATR-72;Nubes altas;15/04/18
VLG2489;EAS;BCN;AIRBUS A319;Nubes altas;15/04/18
IBE8323;EAS;MAD;ATR-72;Nubes altas;15/04/18
WZZ3418;ZAZ;CLJ;AIRBUS A320;Nubes altas;14/04/18
RYR2635;ZAZ;STN;BOEING 737-800 WINGLETS;Nubes altas;14/04/18
RYR4634;ZAZ;BGY;BOEING 737-800 WINGLETS;Nubes altas;15/04/18
EVE1606;ZAZ;SVQ;AIRBUS A320;Nubes altas;15/04/18
AEA2633;ZAZ;LEI;BOEING 737-800 WINGLETS;Nubes altas;15/04/18
RYR2635;ZAZ;STN;BOEING 737-800 WINGLETS;Nubes altas;15/04/18
IBB656;VDE;TFN;ATR-72;Despejado;15/04/18
IBB662;VDE;TFN;ATR-72;Despejado;15/04/18
IBB668;VDE;TFN;ATR-72;Despejado;15/04/18
IBB366;VDE;LPA;ATR-72;Despejado;15/04/18
CNF248;VDE;TFN;ATR-72;Despejado;15/04/18
IBB674;VDE;TFN;ATR-72;Despejado;15/04/18
WZZ1480;SDR;WAW;AIRBUS A320;Nubes altas;15/04/18
RYR7617;SDR;EDI;BOEING 737-800 WINGLETS;Nubes altas;15/04/18
RYR6385;SDR;BCN;BOEING 737-800 WINGLETS;Nubes altas;15/04/18
IBE0555;SDR;MAD;AIRBUS A319;Nubes altas;15/04/18
RYR9156;SDR;CIA;BOEING 737-800 WINGLETS;Nubes altas;15/04/18
RYR7153;SDR;DUB;BOEING 737-800 WINGLETS;Nubes altas;15/04/18
IBE0557;SDR;MAD;AIRBUS A319;Nubes altas;15/04/18
VLG1591;SDR;BCN;AIRBUS A320;Nubes altas;15/04/18
RYR6058;SDR;CRL;BOEING 737-800 WINGLETS;Nubes altas;15/04/18
RYR7366;SDR;NRN;BOEING 737-800 WINGLETS;Nubes altas;15/04/18
HTY228;AGP;JCU;AWH;Despejado;15/04/18
HTY118;AEI;JCU;AWH;Despejado;15/04/18
HTY140;AEI;JCU;AWH;Despejado;15/04/18
HTY260;AGP;JCU;AWH;Despejado;17/04/18
AEA7238;LCG;MAD;EMBRAER ERJ-195;Chubascos dispersos;14/04/18
VLG1291;LCG;BCN;AIRBUS A320;Chubascos dispersos;14/04/18
IBE0511;LCG;MAD;AIRBUS A320;Chubascos dispersos;15/04/18
VLG3133;LCG;LPA;32A;Chubascos dispersos;15/04/18
VLG1295;LCG;BCN;AIRBUS A320;Chubascos dispersos;15/04/18
TAP1085;LCG;LIS;ATR-72;Chubascos dispersos;15/04/18
VLG1293;LCG;BCN;AIRBUS A320;Chubascos dispersos;15/04/18
AEA7234;LCG;MAD;EMBRAER ERJ-195;Chubascos dispersos;15/04/18
VLG1298;LCG;SVQ;32A;Chubascos dispersos;15/04/18
AEA7236;LCG;MAD;EMBRAER ERJ-195;Chubascos dispersos;15/04/18
RYR1283;BCN;XRY;BOEING 737-800 WINGLETS;Abertura de claros;14/04/18
IBE0406;MAD;XRY;AIRBUS A319;Nubes altas;14/04/18
IBE0410;MAD;XRY;AIRBUS A320;Nubes altas;15/04/18
VLG2286;BCN;XRY;AIRBUS A320;Abertura de claros;15/04/18
RYR1283;BCN;XRY;BOEING 737-800 WINGLETS;Abertura de claros;15/04/18
IBE0404;MAD;XRY;AIRBUS A320;Nubes altas;15/04/18
AEA7319;VGO;MAD;EMBRAER ERJ-195;Lluvia débil;14/04/18
AEA7311;VGO;MAD;EMBRAER ERJ-195;Lluvia débil;15/04/18
IBE0531;VGO;MAD;AIRBUS A319;Lluvia débil;15/04/18
RYR242;VGO;DUB;BOEING 737-800 WINGLETS;Lluvia débil;15/04/18
RYR7132;VGO;BGY;BOEING 737-800 WINGLETS;Lluvia débil;15/04/18
AEA7315;VGO;MAD;EMBRAER ERJ-195;Lluvia débil;15/04/18
IBE0533;VGO;MAD;AIRBUS A320;Lluvia débil;15/04/18
LAV5464;VGO;TFN;BOEING 737-400;Lluvia débil;15/04/18
TAP1141;VGO;LIS;ATR-72;Lluvia débil;15/04/18
IBS9528;PMI;VLL;AIRBUS A320;Lluvia;15/04/18
RYR2199;SVQ;VLL;BOEING 737-800 WINGLETS;Nubes altas;15/04/18
EVE1127;SVQ;VLL;AIRBUS A320;Nubes altas;15/04/18
RYR6320;BCN;VLL;BOEING 737-800 WINGLETS;Abertura de claros;15/04/18
VLG1584;BCN;VLL;AIRBUS A320;Abertura de claros;15/04/18
EVE1605;SVQ;ZAZ;32A;Nubes altas;15/04/18
AEA2634;LEI;ZAZ;BOEING 737-800 WINGLETS;Despejado;15/04/18
VLG8727;GRX;CDG;AIRBUS A320;Cubierto de nubes altas y medias;14/04/18
EZY8172;GRX;LGW;AIRBUS A319;Cubierto de nubes altas y medias;14/04/18
VLG2017;GRX;BCN;AIRBUS A320;Cubierto de nubes altas y medias;14/04/18
IBE8639;GRX;MAD;BOMBARDIER CRJ-1000;Cubierto de nubes altas y medias;15/04/18
VLG2011;GRX;BCN;32B;Cubierto de nubes altas y medias;15/04/18
IBE8641;GRX;MAD;BOMBARDIER CRJ-1000;Cubierto de nubes altas y medias;15/04/18
EZY2676;GRX;MXP;AIRBUS A319;Cubierto de nubes altas y medias;15/04/18
VLG2021;GRX;BCN;Sin especificar;Cubierto de nubes altas y medias;15/04/18
AEA5200;GRX;PMI;EMBRAER ERJ-195;Cubierto de nubes altas y medias;15/04/18
VLG3932;GRX;PMI;AIRBUS A320;Cubierto de nubes altas y medias;15/04/18
IBE8645;GRX;MAD;BOMBARDIER CRJ-1000;Cubierto de nubes altas y medias;15/04/18
ENT513;GRX;ARN;BOEING 737-800 WINGLETS;Cubierto de nubes altas y medias;15/04/18
ENT574;GRX;ARN;BOEING 737-800;Cubierto de nubes altas y medias;15/04/18
IBE8649;GRX;MAD;BOMBARDIER CRJ-1000;Cubierto de nubes altas y medias;15/04/18
VLG2015;GRX;BCN;AIRBUS A320;Cubierto de nubes altas y medias;15/04/18
BAW3290;GRX;LCY;EMBRAER 190;Cubierto de nubes altas y medias;15/04/18
RYR7319;LEI;DUB;BOEING 737-800 WINGLETS;Despejado;14/04/18
BEL3776;LEI;BRU;AIRBUS A320;Despejado;15/04/18
EZY8164;LEI;LGW;AIRBUS A319;Despejado;15/04/18
IBE8595;LEI;MAD;BOMBARDIER CRJ-1000;Despejado;15/04/18
AEA2634;LEI;ZAZ;BOEING 737-800 WINGLETS;Despejado;15/04/18
IBE8213;LEI;PMI;CANADAIR CRJ-200;Despejado;15/04/18
VLG1252;LEI;BCN;AIRBUS A320;Despejado;15/04/18
IBE8577;LEI;MAD;CANADAIR CRJ-900;Despejado;15/04/18
AEA2888;LEI;BCN;BOEING 737-800 WINGLETS;Despejado;15/04/18
IBE8589;LEI;MAD;CANADAIR CRJ-200;Despejado;15/04/18
IBE8601;LEI;MAD;BOMBARDIER CRJ-1000;Despejado;15/04/18
AEA2648;LEI;BCN;BOEING 737-800 WINGLETS;Despejado;15/04/18
IBE8932;LEI;SVQ;CANADAIR CRJ-200;Despejado;15/04/18
EZY7426;MJV;SEN;AIRBUS A319;Abertura de claros;14/04/18
BAW449;MJV;LHR;32A;Abertura de claros;14/04/18
RYR8027;MJV;STN;BOEING 737-800 WINGLETS;Abertura de claros;14/04/18
RYR7095;MJV;DUB;BOEING 737-800 WINGLETS;Abertura de claros;14/04/18
EZY8550;MJV;LGW;AIRBUS A319;Abertura de claros;15/04/18
EZY6014;MJV;BRS;AIRBUS A320;Abertura de claros;15/04/18
RYR1925;MJV;EMA;BOEING 737-800 WINGLETS;Abertura de claros;15/04/18
RYR4253;MJV;FRA;BOEING 737-800 WINGLETS;Abertura de claros;15/04/18
EZY8552;MJV;LGW;AIRBUS A319;Abertura de claros;15/04/18
RYR1940;MJV;EIN;BOEING 737-800 WINGLETS;Abertura de claros;15/04/18
RYR4117;MJV;MAN;BOEING 737-800 WINGLETS;Abertura de claros;15/04/18
EXS864;MJV;MAN;BOEING 737-800 WINGLETS;Abertura de claros;15/04/18
RYR8027;MJV;STN;BOEING 737-800 WINGLETS;Abertura de claros;15/04/18
RYR3453;MJV;LTN;BOEING 737-800 WINGLETS;Abertura de claros;15/04/18
RYR7095;MJV;DUB;BOEING 737-800 WINGLETS;Abertura de claros;15/04/18
RYR4008;SVQ;RAK;BOEING 737-800 WINGLETS;Nubes altas;14/04/18
RYR8733;SVQ;MXP;BOEING 737-800 WINGLETS;Nubes altas;14/04/18
TVF3109;SVQ;ORY;BOEING 737-800 WINGLETS;Nubes altas;14/04/18
BMS4080;SVQ;TRN;BOEING 737-500;Nubes altas;14/04/18
RYR4636;SVQ;BGY;BOEING 737-800 WINGLETS;Nubes altas;14/04/18
RYR4349;SVQ;BLQ;BOEING 737-800 WINGLETS;Nubes altas;14/04/18
IBS3953;SVQ;MAD;AIRBUS A320;Nubes altas;14/04/18
RYR7724;SVQ;LPA;BOEING 737-800 WINGLETS;Nubes altas;14/04/18
VLG2257;SVQ;BCN;AIRBUS A320;Nubes altas;14/04/18
RYR6397;SVQ;BCN;BOEING 737-800 WINGLETS;Nubes altas;15/04/18
VLG2223;SVQ;BCN;AIRBUS A320;Nubes altas;15/04/18
RYR5262;SVQ;BVA;BOEING 737-800 WINGLETS;Nubes altas;15/04/18
VLG3256;SVQ;TFN;AIRBUS A320;Nubes altas;15/04/18
TAP1101;SVQ;LIS;ATR-42/72;Nubes altas;15/04/18
RYR2470;SVQ;FKB;BOEING 737-800 WINGLETS;Nubes altas;15/04/18
VLG2253;SVQ;BCN;AIRBUS A320;Nubes altas;15/04/18
VLG2507;SVQ;BIO;32A;Nubes altas;15/04/18
IBB655;TFN;VDE;ATR-72;Despejado;15/04/18
IBB659;TFN;VDE;ATR-72;Despejado;15/04/18
IBB663;TFN;VDE;ATR-72;Despejado;15/04/18
IBB365;LPA;VDE;ATR-72;Nubes altas;15/04/18
CNF247;TFN;VDE;ATR-42/72;Despejado;15/04/18
IBB673;TFN;VDE;ATR-72;Despejado;15/04/18
IBE8526;MAD;PNA;BOMBARDIER CRJ-1000;Nubes altas;14/04/18
IBE8524;MAD;PNA;CANADAIR CRJ-900;Nubes altas;15/04/18
IBE8532;MAD;PNA;BOMBARDIER CRJ-1000;Nubes altas;15/04/18
TAP1113;OVD;LIS;ATR-42/72;Nubes altas;14/04/18
VLG1572;OVD;BCN;AIRBUS A320;Nubes altas;15/04/18
VOE3584;OVD;ALC;BOEING 717;Nubes altas;15/04/18
IBS3981;OVD;MAD;AIRBUS A320;Nubes altas;15/04/18
VLG1574;OVD;BCN;AIRBUS A320;Nubes altas;15/04/18
IBE0479;OVD;MAD;32A;Nubes altas;15/04/18
EZY3084;OVD;STN;AIRBUS A319;Nubes altas;15/04/18
IBE8335;OVD;VLC;ATR-72;Nubes altas;15/04/18
IBE0475;OVD;MAD;AIRBUS A321;Nubes altas;15/04/18
IBE8332;OVD;PMI;CANADAIR CRJ-200;Nubes altas;15/04/18
VLG3865;OVD;PMI;AIRBUS A320;Nubes altas;15/04/18
VOE3925;OVD;AGP;BOEING 717;Nubes altas;15/04/18
IBE0487;OVD;MAD;AIRBUS A320;Nubes altas;15/04/18
VLG1578;OVD;BCN;AIRBUS A320;Nubes altas;15/04/18
VOE3831;OVD;SVQ;BOEING 717;Nubes altas;15/04/18
TAP1113;OVD;LIS;ATR-72;Nubes altas;15/04/18
IBE0481;OVD;MAD;AIRBUS A320;Nubes altas;15/04/18
VLG8191;MAH;ORY;32B;Lluvia moderada;14/04/18
IBE8487;MAH;PMI;ATR-42/72;Lluvia moderada;14/04/18
FPO646;MAH;CDG;BOEING 737-700 WINGLETS;Lluvia moderada;14/04/18
VLG3719;MAH;BCN;32B;Lluvia moderada;14/04/18
IBE8481;MAH;PMI;BOMBARDIER CRJ-1000;Lluvia moderada;15/04/18
IBE8951;MAH;MAD;BOMBARDIER CRJ-1000;Lluvia moderada;15/04/18
AAL8615;MAH;MAD;BOMBARDIER CRJ-1000;Lluvia moderada;15/04/18
IBE8495;MAH;PMI;ATR-72;Lluvia moderada;15/04/18
VLG3713;MAH;BCN;AIRBUS A320;Lluvia moderada;15/04/18
IBE8483;MAH;PMI;BOMBARDIER CRJ-1000;Lluvia moderada;15/04/18
VLG3801;MAH;BIO;32A;Lluvia moderada;15/04/18
VLG3715;MAH;BCN;AIRBUS A320;Lluvia moderada;15/04/18
IBE8662;MAH;BIO;BOMBARDIER CRJ-1000;Lluvia moderada;15/04/18
AEA4532;MAH;PMI;ATR-72;Lluvia moderada;15/04/18
IBE8957;MAH;MAD;BOMBARDIER CRJ-1000;Lluvia moderada;15/04/18
IBE8499;MAH;PMI;ATR-42/72;Lluvia moderada;15/04/18
RYR139;VLC;SXF;BOEING 737-800 WINGLETS;Abertura de claros;14/04/18
BMS114;VLC;OTP;BOEING 737-800 WINGLETS;Abertura de claros;14/04/18
RYR2425;VLC;FRA;BOEING 737-800 WINGLETS;Abertura de claros;14/04/18
TAP1093;VLC;LIS;ATR-42/72;Abertura de claros;14/04/18
VLG7338;VLC;ALG;AIRBUS A320;Abertura de claros;14/04/18
RYR7214;VLC;PMI;BOEING 737-800 WINGLETS;Abertura de claros;14/04/18
RYR4487;VLC;PMO;BOEING 737-800 WINGLETS;Abertura de claros;14/04/18
TRA5108;VLC;EIN;BOEING 737-800 WINGLETS;Abertura de claros;14/04/18
AUI940;VLC;IFO;EMBRAER 190;Abertura de claros;15/04/18
AEA1005;VLC;CDG;BOEING 737-800 WINGLETS;Abertura de claros;15/04/18
RYR7222;VLC;SCQ;BOEING 737-800 WINGLETS;Abertura de claros;15/04/18
DLH1165;VLC;FRA;AIRBUS A321;Abertura de claros;15/04/18
RYR9394;VLC;CRA;BOEING 737-800 WINGLETS;Abertura de claros;15/04/18
VLG8152;VLC;ORY;AIRBUS A320;Abertura de claros;15/04/18
IBE8840;VLC;SVQ;ATR-72;Abertura de claros;15/04/18
RYR8725;VLC;BRI;BOEING 737-800 WINGLETS;Abertura de claros;15/04/18
VLG8462;BCN;LIS;32B;Abertura de claros;14/04/18
BAW2709;BCN;LGW;AIRBUS A320;Abertura de claros;14/04/18
KLM1676;BCN;AMS;BOEING 737-900 WINGLETS;Abertura de claros;14/04/18
WZZ8064;BCN;VNO;32A;Abertura de claros;14/04/18
VLG6009;BCN;FLR;AIRBUS A319;Abertura de claros;14/04/18
SWR1957;BCN;ZRH;AIRBUS A321;Abertura de claros;14/04/18
RYR6365;BCN;BGY;BOEING 737-800 WINGLETS;Abertura de claros;14/04/18
EZY8578;BCN;LGW;32A;Abertura de claros;14/04/18
RYR3142;BCN;VCE;BOEING 737-800 WINGLETS;Abertura de claros;14/04/18
TAP1045;BCN;LIS;AIRBUS A320;Abertura de claros;14/04/18
VLG3918;BCN;PMI;32A;Abertura de claros;14/04/18
VLG3218;BCN;TFN;32B;Abertura de claros;14/04/18
ANE2002;BCN;VLC;BOMBARDIER CRJ-1000;Abertura de claros;14/04/18
VLG3518;BCN;IBZ;32B;Abertura de claros;14/04/18
AEA2159;BCN;MAD;AIRBUS A330-200;Abertura de claros;14/04/18
VLG2256;BCN;SVQ;AIRBUS A320;Abertura de claros;14/04/18
VLG1672;BCN;SCQ;32A;Abertura de claros;14/04/18
RYR7003;LPA;SCQ;BOEING 737-800 WINGLETS;Nubes altas;14/04/18
IBE8205;TFN;SCQ;BOMBARDIER CRJ-1000;Despejado;14/04/18
VLG3136;ACE;SCQ;AIRBUS A320;Nubes altas;14/04/18
RYR7222;VLC;SCQ;BOEING 737-800 WINGLETS;Abertura de claros;15/04/18
RYR6332;BCN;SCQ;BOEING 737-800 WINGLETS;Abertura de claros;15/04/18
IBS3876;MAD;SCQ;AIRBUS A321;Nubes altas;15/04/18
IBE8356;BIO;SCQ;CANADAIR CRJ-200;Nubes altas;15/04/18
VLG1670;BCN;SCQ;32A;Abertura de claros;15/04/18
RYR3041;SVQ;SCQ;BOEING 737-800 WINGLETS;Nubes altas;15/04/18
VLG3246;TFN;SCQ;AIRBUS A320;Despejado;15/04/18
VLG2655;AGP;SCQ;AIRBUS A320;Despejado;15/04/18
VLG1901;BCN;MAD;AIRBUS A320;Abertura de claros;14/04/18
IBS3829;LPA;MAD;AIRBUS A320;Nubes altas;14/04/18
RYR5433;PMI;MAD;BOEING 737-800 WINGLETS;Lluvia;14/04/18
IBE8324;MAD;EAS;ATR-72;Nubes altas;14/04/18
VLG2486;BCN;EAS;AIRBUS A319;Abertura de claros;15/04/18
IBE8316;MAD;EAS;ATR-72;Nubes altas;15/04/18
IBE8322;MAD;EAS;ATR-72;Nubes altas;15/04/18
IBE8318;MAD;EAS;ATR-72;Nubes altas;15/04/18
VLG2488;BCN;EAS;AIRBUS A319;Abertura de claros;15/04/18
IBE8326;MAD;EAS;ATR-72;Nubes altas;15/04/18
IBE0538;MAD;VGO;AIRBUS A319;Nubes altas;14/04/18
AEA7308;MAD;VGO;EMBRAER ERJ-195;Nubes altas;15/04/18
AEA7302;MAD;VGO;EMBRAER ERJ-195;Nubes altas;15/04/18
IBE0532;MAD;VGO;AIRBUS A319;Nubes altas;15/04/18
LAV5463;TFN;VGO;BOEING 737-400;Despejado;15/04/18
AEA7300;MAD;VGO;EMBRAER ERJ-195;Nubes altas;15/04/18
IBE0534;MAD;VGO;AIRBUS A319;Nubes altas;15/04/18
RYR245;BCN;VGO;BOEING 737-800 WINGLETS;Abertura de claros;15/04/18
EWG9519;BIO;DUS;AIRBUS A319;Nubes altas;14/04/18
BAW469;BIO;LHR;AIRBUS A320;Nubes altas;14/04/18
AEA7160;BIO;MAD;EMBRAER ERJ-195;Nubes altas;14/04/18
IBE8949;BIO;VLC;BOMBARDIER CRJ-1000;Nubes altas;14/04/18
VOE3410;BIO;VIE;BOEING 717;Nubes altas;15/04/18
KLM1684;BIO;AMS;EMBRAER 190;Nubes altas;15/04/18
DLH1147;BIO;FRA;32A;Nubes altas;15/04/18
VLG2508;BIO;SVQ;32A;Nubes altas;15/04/18
VLG1431;BIO;BCN;32A;Nubes altas;15/04/18
VLG3280;BIO;ACE;AIRBUS A320;Nubes altas;15/04/18
AFR1377;BIO;CDG;EMBRAER 190;Nubes altas;15/04/18
TAP1065;BIO;LIS;ATR-42/72;Nubes altas;15/04/18
DLH1829;BIO;MUC;AIRBUS A319;Nubes altas;15/04/18
VLG3800;BIO;MAH;32A;Nubes altas;15/04/18
IBE8272;AGP;MLN;ATR-72;Despejado;14/04/18
IBE8262;AGP;MLN;ATR-72;Despejado;15/04/18
IBE8792;MAD;MLN;ATR-72;Nubes altas;15/04/18
IBE8790;MAD;MLN;ATR-72;Nubes altas;15/04/18
IBE8264;AGP;MLN;ATR-72;Despejado;15/04/18
IBE8270;AGP;MLN;ATR-72;Despejado;15/04/18
AEA5005;AGP;MLN;ATR-72;Despejado;15/04/18
IBE8798;MAD;MLN;ATR-72;Nubes altas;15/04/18
IBE8274;AGP;MLN;ATR-72;Despejado;15/04/18
RYR6384;BCN;SDR;BOEING 737-800 WINGLETS;Abertura de claros;15/04/18
IBE0554;MAD;SDR;AIRBUS A319;Nubes altas;15/04/18
IBE0556;MAD;SDR;AIRBUS A319;Nubes altas;15/04/18
VLG1590;BCN;SDR;AIRBUS A320;Abertura de claros;15/04/18
IBE0522;MAD;LCG;AIRBUS A320;Nubes altas;14/04/18
VLG1290;BCN;LCG;AIRBUS A320;Abertura de claros;14/04/18
VLG1294;BCN;LCG;AIRBUS A320;Abertura de claros;15/04/18
VLG1292;BCN;LCG;AIRBUS A320;Abertura de claros;15/04/18
AEA7233;MAD;LCG;EMBRAER ERJ-195;Nubes altas;15/04/18
LZF441;BIO;LCG;ATR 42-300/320;Nubes altas;15/04/18
VLG3132;LPA;LCG;AIRBUS A320;Nubes altas;15/04/18
AEA7235;MAD;LCG;EMBRAER ERJ-195;Nubes altas;15/04/18
VLG3517;IBZ;BCN;AIRBUS A320;Llovizna;14/04/18
KLM1500;IBZ;AMS;EMBRAER 190;Llovizna;14/04/18
AEA1711;IBZ;PMI;ATR-72;Llovizna;14/04/18
EDW267;IBZ;ZRH;AIRBUS A320;Llovizna;14/04/18
RYR9406;IBZ;EMA;BOEING 737-800 WINGLETS;Llovizna;14/04/18
EZY4838;IBZ;NAP;32A;Llovizna;14/04/18
EZS1128;IBZ;BSL;AIRBUS A319;Llovizna;14/04/18
EZS1520;IBZ;GVA;AIRBUS A319;Llovizna;14/04/18
AEA6028;IBZ;MAD;BOEING 737-800 WINGLETS;Llovizna;14/04/18
RYR9252;IBZ;STN;BOEING 737-800 WINGLETS;Llovizna;14/04/18
VLG3519;IBZ;BCN;32B;Llovizna;14/04/18
EZY8650;IBZ;LGW;AIRBUS A319;Llovizna;14/04/18
RYR2085;IBZ;MAD;BOEING 737-800 WINGLETS;Llovizna;14/04/18
RYR8140;IBZ;BCN;BOEING 737-800 WINGLETS;Llovizna;14/04/18
IBK2461;IBZ;LGW;BOEING 737-800 WINGLETS;Llovizna;14/04/18
VLG3547;IBZ;BCN;32A;Llovizna;14/04/18
VLG3418;IBZ;MAD;AIRBUS A320;Llovizna;14/04/18
VLG3523;IBZ;BCN;AIRBUS A320;Llovizna;14/04/18
EZS1068;AGP;BSL;AIRBUS A319;Despejado;14/04/18
IBK3673;AGP;CPH;BOEING 737-800 WINGLETS;Despejado;14/04/18
NAX8651;AGP;ARN;BOEING 737-800 WINGLETS;Despejado;14/04/18
SWR2117;AGP;ZRH;AIRBUS A321;Despejado;14/04/18
SAS588;AGP;CPH;32A;Despejado;14/04/18
LGL662;AGP;LUX;BOEING 737-700 WINGLETS;Despejado;14/04/18
VLG3148;AGP;PMI;AIRBUS A320;Despejado;14/04/18
TVF1155;AGP;ORY;BOEING 737-800 WINGLETS;Despejado;14/04/18
RYR8813;AGP;NUE;BOEING 737-800 WINGLETS;Despejado;14/04/18
RYR8613;AGP;NRN;BOEING 737-800 WINGLETS;Despejado;14/04/18
EZS1436;AGP;GVA;AIRBUS A320;Despejado;14/04/18
KLM1042;AGP;AMS;BOEING 737-700 WINGLETS;Despejado;14/04/18
EZY2736;AGP;MXP;32A;Despejado;14/04/18
BAW455;AGP;LHR;AIRBUS A321;Despejado;14/04/18
WZZ2390;AGP;BUD;AIRBUS A320;Despejado;14/04/18
BEL3738;AGP;BRU;AIRBUS A319;Despejado;14/04/18
RYR2274;AGP;BUD;BOEING 737-800 WINGLETS;Despejado;14/04/18
SAS4680;AGP;OSL;BOEING 737-700 WINGLETS;Despejado;14/04/18
PRI578;AGP;CPH;BOEING 737-800 WINGLETS;Despejado;14/04/18
EIN587;AGP;DUB;AIRBUS A320;Despejado;14/04/18
EZY8612;AGP;LGW;AIRBUS A319;Despejado;14/04/18
BAW2717;AGP;LGW;AIRBUS A319;Despejado;14/04/18
EZY7436;AGP;SEN;AIRBUS A319;Despejado;14/04/18
RYR1314;AGP;BFS;BOEING 737-800 WINGLETS;Despejado;14/04/18
RYR9911;GRO;BOH;BOEING 737-800 WINGLETS;Nubosidad variable;14/04/18
RYR9123;GRO;EIN;BOEING 737-800 WINGLETS;Nubosidad variable;15/04/18
RYR7083;GRO;OMR;BOEING 737-800 WINGLETS;Nubosidad variable;15/04/18
RYR9555;GRO;FMM;BOEING 737-800 WINGLETS;Nubosidad variable;15/04/18
RYR6901;GRO;CRL;BOEING 737-800 WINGLETS;Nubosidad variable;15/04/18
RYR9305;GRO;LPL;BOEING 737-800 WINGLETS;Nubosidad variable;15/04/18
RYR9172;GRO;WRO;BOEING 737-800 WINGLETS;Nubosidad variable;15/04/18
RYR4125;GRO;HHN;BOEING 737-800 WINGLETS;Nubosidad variable;15/04/18
RYR7037;GRO;DUB;BOEING 737-800 WINGLETS;Nubosidad variable;15/04/18
RYR9364;GRO;PSR;BOEING 737-800 WINGLETS;Nubosidad variable;15/04/18
RYR9241;GRO;PSA;BOEING 737-800 WINGLETS;Nubosidad variable;15/04/18
RYR9803;GRO;STN;BOEING 737-800 WINGLETS;Nubosidad variable;15/04/18
PBD832;GRO;VKO;BOEING 737-800 WINGLETS;Nubosidad variable;15/04/18
RYR9211;GRO;FKB;BOEING 737-800 WINGLETS;Nubosidad variable;15/04/18
RYR9335;GRO;BRS;BOEING 737-800 WINGLETS;Nubosidad variable;15/04/18
RYR4482;GRO;RIX;BOEING 737-800 WINGLETS;Nubosidad variable;15/04/18
RYR5122;GRO;POZ;BOEING 737-800 WINGLETS;Nubosidad variable;15/04/18
RYR9303;GRO;EDI;BOEING 737-800 WINGLETS;Nubosidad variable;15/04/18
RYR1131;GRO;EMA;BOEING 737-800 WINGLETS;Nubosidad variable;15/04/18
RYR6903;GRO;CRL;BOEING 737-800 WINGLETS;Nubosidad variable;15/04/18
RYR6391;GRO;NRN;BOEING 737-800 WINGLETS;Nubosidad variable;15/04/18
IBB428;TFN;FUE;ATR-42/72;Despejado;14/04/18
IBB484;TFN;ACE;ATR-42/72;Despejado;14/04/18
CNF668;TFN;LPA;ATR-42/72;Despejado;14/04/18
CNF467;TFN;SPC;ATR-72;Despejado;14/04/18
IBE8205;TFN;SCQ;BOMBARDIER CRJ-1000;Despejado;14/04/18
AEA9467;TFN;SPC;ATR-72;Despejado;14/04/18
IBB188;TFN;LPA;BOMBARDIER CRJ-1000;Despejado;14/04/18
IBB456;TFN;ACE;ATR-42/72;Despejado;14/04/18
IBB627;TFN;SPC;ATR-42/72;Despejado;14/04/18
IBS3941;TFN;MAD;AIRBUS A320;Despejado;14/04/18
IBB122;TFN;LPA;ATR-42/72;Despejado;14/04/18
AEA9408;TFN;LPA;ATR-72;Despejado;14/04/18
IBB192;TFN;LPA;BOMBARDIER CRJ-1000;Despejado;14/04/18
IBS3945;TFN;MAD;AIRBUS A320;Despejado;15/04/18
VLG3215;TFN;BCN;32B;Despejado;15/04/18
IBB414;TFN;FUE;ATR-42/72;Despejado;15/04/18
IBB452;TFN;ACE;ATR-42/72;Despejado;15/04/18
IBK6378;TFN;MAD;BOEING 737-800 WINGLETS;Despejado;15/04/18
AEA9045;TFN;MAD;BOEING 737-800 WINGLETS;Despejado;15/04/18
RYR9944;ACE;ORK;BOEING 737-800 WINGLETS;Nubes altas;14/04/18
VLG6585;ACE;FCO;32A;Nubes altas;14/04/18
IBB531;ACE;LPA;ATR-42/72;Nubes altas;14/04/18
TVS2413;ACE;CDG;BOEING 737-800 WINGLETS;Nubes altas;14/04/18
TRA5684;ACE;AMS;BOEING 737-800 WINGLETS;Nubes altas;14/04/18
TVS3491;ACE;LYS;BOEING 737-800 WINGLETS;Nubes altas;14/04/18
EXS1202;ACE;BHX;BOEING 737-800 WINGLETS;Nubes altas;14/04/18
TCX1499;ACE;MAN;AIRBUS A321;Nubes altas;14/04/18
CNF766;ACE;LPA;ATR-72;Nubes altas;14/04/18
TCX1305;ACE;GLA;32B;Nubes altas;14/04/18
EZY2980;ACE;MXP;32A;Nubes altas;14/04/18
EIN779;ACE;DUB;AIRBUS A321;Nubes altas;14/04/18
VOE2829;ACE;NTE;AIRBUS A319;Nubes altas;14/04/18
EXS168B;ACE;GLA;BOEING 737-800 WINGLETS;Nubes altas;14/04/18
JAF6460;ACE;CDG;BOEING 737-800 WINGLETS;Nubes altas;14/04/18
EXS892B;ACE;MAN;BOEING 737-800 WINGLETS;Nubes altas;14/04/18
IBB485;ACE;TFN;ATR-42/72;Nubes altas;14/04/18
EXS220;ACE;LBA;BOEING 737-800 WINGLETS;Nubes altas;14/04/18
IBB537;ACE;LPA;ATR-72;Nubes altas;14/04/18
AEA9446;ACE;LPA;ATR-72;Nubes altas;14/04/18
EXS706B;ACE;EDI;BOEING 737-800 WINGLETS;Nubes altas;14/04/18
IBB640;SPC;TFN;ATR-72;Nubes altas;14/04/18
CNF468;SPC;TFN;ATR-72;Nubes altas;14/04/18
AEA9468;SPC;TFN;ATR-72;Nubes altas;14/04/18
IBB642;SPC;TFN;ATR-42/72;Nubes altas;14/04/18
IBB318;SPC;LPA;ATR-42/72;Nubes altas;14/04/18
IBB606;SPC;TFN;ATR-42/72;Nubes altas;15/04/18
IBB304;SPC;LPA;ATR-72;Nubes altas;15/04/18
CNF413;SPC;TFN;ATR-42/72;Nubes altas;15/04/18
IBB608;SPC;TFN;ATR-72;Nubes altas;15/04/18
TVS2434;SPC;CDG;BOEING 737-800 WINGLETS;Nubes altas;15/04/18
AEA9462;SPC;TFN;ATR-72;Nubes altas;15/04/18
CNF419;SPC;TFN;ATR-42/72;Nubes altas;15/04/18
IBB610;SPC;TFN;ATR-42/72;Nubes altas;15/04/18
AEA9464;SPC;TFN;ATR-72;Nubes altas;15/04/18
IBB620;SPC;TFN;ATR-42/72;Nubes altas;15/04/18
IBB622;SPC;TFN;ATR-72;Nubes altas;15/04/18
IBS3843;SPC;MAD;AIRBUS A320;Nubes altas;15/04/18
IBB630;SPC;TFN;ATR-42/72;Nubes altas;15/04/18
CNF453;SPC;TFN;ATR-72;Nubes altas;15/04/18
IBB312;SPC;LPA;BOMBARDIER CRJ-1000;Nubes altas;15/04/18
DE1407;SPC;FRA;BOEING 757-300 WINGLETS;Nubes altas;15/04/18
IBB632;SPC;TFN;ATR-42/72;Nubes altas;15/04/18
EWG253;TFS;CGN;BOEING 737-800 WINGLETS;Despejado;14/04/18
TRA6672;TFS;AMS;BOEING 737-800 WINGLETS;Despejado;14/04/18
RYR3153;TFS;EMA;BOEING 737-800 WINGLETS;Despejado;14/04/18
RYR6622;TFS;EDI;BOEING 737-800 WINGLETS;Despejado;14/04/18
IBB154;TFS;LPA;ATR-72;Despejado;14/04/18
RYR4331;TFS;MAN;BOEING 737-800 WINGLETS;Despejado;14/04/18
AFL2549;TFS;SVO;AIRBUS A330-300;Despejado;14/04/18
TUI2185;TFS;CGN;7S8;Despejado;14/04/18
TOM2691;TFS;MAN;BOEING 737-800 WINGLETS;Despejado;14/04/18
EZY2588;TFS;MXP;32A;Despejado;14/04/18
TCX1739;TFS;NCL;32B;Despejado;14/04/18
EXS1294;TFS;BHX;BOEING 737-800 WINGLETS;Despejado;14/04/18
TCX1867;TFS;MAN;AIRBUS A321;Despejado;14/04/18
EIN765;TFS;DUB;AIRBUS A320;Despejado;14/04/18
EIN875;TFS;ORK;AIRBUS A320;Despejado;14/04/18
VOE2421;TFS;BOD;AIRBUS A319;Despejado;14/04/18
EZY6094;TFS;BRS;32A;Despejado;14/04/18
EXS382;TFS;BFS;BOEING 737-300 WINGLETS;Despejado;14/04/18
EZY1904;TFS;MAN;32A;Despejado;14/04/18
EZY2038;TFS;LTN;32A;Despejado;14/04/18
VOE2807;TFS;NTE;AIRBUS A319;Despejado;14/04/18
JAF6938;TFS;BRU;7M8;Despejado;14/04/18
EXS244;TFS;LBA;BOEING 737-800 WINGLETS;Despejado;14/04/18
VOE2565;TFS;TLS;AIRBUS A319;Despejado;14/04/18
IBE8594;MAD;LEI;BOMBARDIER CRJ-1000;Nubes altas;15/04/18
AEA2887;BCN;LEI;BOEING 737-800 WINGLETS;Abertura de claros;15/04/18
VLG1251;BCN;LEI;AIRBUS A320;Abertura de claros;15/04/18
IBE8598;MAD;LEI;CANADAIR CRJ-900;Nubes altas;15/04/18
AEA2633;ZAZ;LEI;BOEING 737-800 WINGLETS;Nubes altas;15/04/18
IBE8212;PMI;LEI;CANADAIR CRJ-200;Despejado;17/04/18
IBE8592;MAD;LEI;BOMBARDIER CRJ-1000;Nubes altas;15/04/18
AEA2647;BCN;LEI;BOEING 737-800 WINGLETS;Abertura de claros;15/04/18
IBE8588;MAD;LEI;CANADAIR CRJ-200;Nubes altas;15/04/18
VLG1356;ALC;IBZ;AIRBUS A320;Nubes altas;14/04/18
IBK543;ALC;HEL;BOEING 737-800 WINGLETS;Nubes altas;14/04/18
IBK6383;ALC;TFN;BOEING 737-800 WINGLETS;Nubes altas;14/04/18
PRI2876;ALC;STN;BOEING 737-800 WINGLETS;Nubes altas;14/04/18
ANE8399;ALC;MAD;BOMBARDIER CRJ-1000;Nubes altas;14/04/18
ANE8386;ALC;BIO;BOMBARDIER CRJ-1000;Nubes altas;14/04/18
EXS640;ALC;EMA;BOEING 737-300 WINGLETS;Nubes altas;14/04/18
SWR2175;ALC;ZRH;AIRBUS A320;Nubes altas;14/04/18
NAX1831;ALC;BGO;BOEING 737-800 WINGLETS;Nubes altas;14/04/18
RYR6213;ALC;NRN;BOEING 737-800 WINGLETS;Nubes altas;14/04/18
BAW2633;ALC;LGW;AIRBUS A320;Nubes altas;14/04/18
SAS1854;ALC;ARN;32A;Nubes altas;14/04/18
TRA5054;ALC;RTM;BOEING 737-800 WINGLETS;Nubes altas;14/04/18
EXS180;ALC;GLA;BOEING 737-800 WINGLETS;Nubes altas;14/04/18
WZZ2388;ALC;BUD;32B;Nubes altas;14/04/18
TRA6624;ALC;EIN;BOEING 737-800 WINGLETS;Nubes altas;14/04/18
AEA4050;ALC;MAD;ATR-72;Nubes altas;14/04/18
TOM1643;ALC;NCL;BOEING 737-800 WINGLETS;Nubes altas;14/04/18
EZY6418;ALC;NCL;AIRBUS A319;Nubes altas;14/04/18
SAS4674;ALC;OSL;BOEING 737-800;Nubes altas;14/04/18
VLG7392;ALC;ORN;AIRBUS A320;Nubes altas;14/04/18
RYR6443;FUE;CRL;BOEING 737-800 WINGLETS;Nubes altas;14/04/18
TCX1015;FUE;LGW;BOEING 757-300 WINGLETS;Nubes altas;14/04/18
AUA9502;ACE;FUE;AIRBUS A320;Nubes altas;14/04/18
TOM4669;FUE;LGW;BOEING 737-800 WINGLETS;Nubes altas;14/04/18
IBB227;FUE;LPA;ATR-72;Nubes altas;14/04/18
LLC3308;FUE;VNO;AIRBUS A320;Nubes altas;14/04/18
EXS910;FUE;MAN;BOEING 737-800 WINGLETS;Nubes altas;14/04/18
RYR3806;FUE;MAN;BOEING 737-800 WINGLETS;Nubes altas;14/04/18
CNF375;FUE;TFN;ATR-42/72;Nubes altas;14/04/18
TCX1645;FUE;BRS;AIRBUS A321;Nubes altas;14/04/18
RYR6303;FUE;BCN;BOEING 737-800 WINGLETS;Nubes altas;14/04/18
MYX576;FUE;TLL;AIRBUS A320;Nubes altas;14/04/18
OLY629;FUE;TFS;AIRBUS A321;Nubes altas;14/04/18
TOM2663;FUE;MAN;BOEING 757-200  WINGLETS;Nubes altas;14/04/18
IBB429;FUE;TFN;ATR-42/72;Nubes altas;14/04/18
EXS614;FUE;EMA;BOEING 737-800 WINGLETS;Nubes altas;14/04/18
EXS138;FUE;GLA;BOEING 737-800 WINGLETS;Nubes altas;14/04/18
TOM5615;FUE;LTN;BOEING 737-800 WINGLETS;Nubes altas;14/04/18
EIN771;FUE;DUB;AIRBUS A320;Nubes altas;14/04/18
EZY8538;FUE;LGW;32A;Nubes altas;14/04/18
IBB235;FUE;LPA;ATR-72;Nubes altas;14/04/18
CNF884;FUE;LPA;ATR-42/72;Nubes altas;14/04/18
IBB203;FUE;LPA;ATR-72;Nubes altas;15/04/18
AEA9432;FUE;LPA;ATR-72;Nubes altas;15/04/18
IBB415;FUE;TFN;ATR-42/72;Nubes altas;15/04/18
SAS7736;LPA;BLL;AIRBUS A321;Nubes altas;14/04/18
TOM6659;LPA;CWL;BOEING 737-800 WINGLETS;Nubes altas;14/04/18
VLG3275;LPA;BIO;AIRBUS A320;Nubes altas;14/04/18
TOM4681;LPA;LGW;BOEING 757-200  WINGLETS;Nubes altas;14/04/18
AEA9407;LPA;TFN;ATR-72;Nubes altas;14/04/18
RYR6254;LPA;PIK;BOEING 737-800 WINGLETS;Nubes altas;14/04/18
TOM2677;LPA;MAN;BOEING 757-200  WINGLETS;Nubes altas;14/04/18
IBB121;LPA;TFN;ATR-72;Nubes altas;14/04/18
IBB536;LPA;ACE;ATR-72;Nubes altas;14/04/18
TUI2263;LPA;HAJ;7S8;Nubes altas;14/04/18
EWG267;LPA;CGN;32A;Nubes altas;14/04/18
AEA9445;LPA;ACE;ATR-72;Nubes altas;14/04/18
RYR7127;LPA;DUB;BOEING 737-800 WINGLETS;Nubes altas;14/04/18
EWG5585;LPA;CGN;AIRBUS A319;Nubes altas;14/04/18
IBB317;LPA;SPC;ATR-72;Nubes altas;14/04/18
VLG3047;LPA;SVQ;AIRBUS A320;Nubes altas;14/04/18
IBB191;LPA;TFN;BOMBARDIER CRJ-1000;Nubes altas;14/04/18
IBK2419;LPA;LGW;BOEING 737-800 WINGLETS;Nubes altas;14/04/18
TOM7683;LPA;BHX;BOEING 737-800 WINGLETS;Nubes altas;14/04/18
IBB234;LPA;FUE;ATR-72;Nubes altas;14/04/18
EXS542;LPA;NCL;BOEING 737-800 WINGLETS;Nubes altas;14/04/18
EZY3834;PMI;CDG;32A;Lluvia;14/04/18
EZY8636;PMI;LGW;32A;Lluvia;14/04/18
EZY7954;PMI;AMS;32A;Lluvia;14/04/18
EZY4506;PMI;SXF;32A;Lluvia;14/04/18
SAS1810;PMI;ARN;32A;Lluvia;14/04/18
AEA6102;PMI;BCN;BOEING 737-800 WINGLETS;Lluvia;14/04/18
LDM301;PMI;DUS;AIRBUS A320;Lluvia;14/04/18
LDM319;PMI;FRA;AIRBUS A320;Lluvia;14/04/18
IBK3667;PMI;CPH;BOEING 737-800 WINGLETS;Lluvia;14/04/18
TOM2623;PMI;MAN;BOEING 757-200  WINGLETS;Lluvia;14/04/18
EWG6808;PMI;PAD;AIRBUS A320;Lluvia;14/04/18
RYR5185;PMI;FKB;BOEING 737-800 WINGLETS;Lluvia;14/04/18
TVF3119;PMI;ORY;BOEING 737-800 WINGLETS;Lluvia;14/04/18
ANE8496;PMI;MAH;BOMBARDIER CRJ-1000;Lluvia;14/04/18
LGL620;PMI;LUX;BOEING 737-800 WINGLETS;Lluvia;14/04/18
VLG3917;PMI;BCN;AIRBUS A320;Lluvia;14/04/18
ANE8120;PMI;IBZ;BOMBARDIER CRJ-1000;Lluvia;14/04/18
RYR6369;PMI;BCN;BOEING 737-800 WINGLETS;Lluvia;14/04/18
TUI2315;PMI;HAJ;BOEING 737-800 WINGLETS;Lluvia;14/04/18
IBK6692;PMI;HAJ;BOEING 737-800 WINGLETS;Lluvia;14/04/18
RYR5676;PMI;AGP;BOEING 737-800 WINGLETS;Lluvia;14/04/18
EZY1912;PMI;MAN;32A;Lluvia;14/04/18
IBE0480;MAD;OVD;32A;Nubes altas;14/04/18
VLG3138;ACE;OVD;AIRBUS A320;Nubes altas;14/04/18
VLG1573;BCN;OVD;AIRBUS A320;Abertura de claros;15/04/18
IBE8334;VLC;OVD;CANADAIR CRJ-200;Abertura de claros;15/04/18
IBE0488;MAD;OVD;AIRBUS A321;Nubes altas;15/04/18
IBE8333;PMI;OVD;CANADAIR CRJ-200;Despejado;17/04/18
VLG1579;BCN;OVD;AIRBUS A320;Abertura de claros;15/04/18
VOE3585;ALC;OVD;BOEING 717;Nubes altas;15/04/18
IBE0476;MAD;OVD;AIRBUS A320;Nubes altas;15/04/18
VLG3864;PMI;OVD;AIRBUS A320;Lluvia;15/04/18
VOE3924;AGP;OVD;BOEING 717;Despejado;15/04/18
IBE0480;MAD;OVD;AIRBUS A321;Nubes altas;15/04/18
VLG2016;BCN;GRX;AIRBUS A320;Abertura de claros;14/04/18
VLG2010;BCN;GRX;32B;Abertura de claros;15/04/18
IBE8640;MAD;GRX;BOMBARDIER CRJ-1000;Nubes altas;15/04/18
VLG2020;BCN;GRX;AIRBUS A320;Abertura de claros;15/04/18
AEA5201;PMI;GRX;EMBRAER ERJ-195;Lluvia;15/04/18
VLG3933;PMI;GRX;AIRBUS A320;Lluvia;15/04/18
IBE8646;MAD;GRX;BOMBARDIER CRJ-1000;Nubes altas;15/04/18
IBE8642;MAD;GRX;BOMBARDIER CRJ-1000;Nubes altas;15/04/18
VLG2014;BCN;GRX;AIRBUS A320;Abertura de claros;15/04/18
VLG2016;BCN;GRX;32B;Abertura de claros;15/04/18
AEA7159;MAD;BIO;EMBRAER ERJ-195;Nubes altas;14/04/18
IBE0440;MAD;BIO;AIRBUS A319;Nubes altas;14/04/18
IBE8386;ALC;BIO;BOMBARDIER CRJ-1000;Despejado;17/04/18
VLG3285;FUE;BIO;32A;Nubes altas;14/04/18
VLG3275;LPA;BIO;AIRBUS A320;Nubes altas;14/04/18
VLG3945;PMI;BIO;AIRBUS A320;Lluvia;14/04/18
VLG3517;IBZ;BCN;AIRBUS A320;Llovizna;14/04/18
RYR246;VGO;BCN;BOEING 737-800 WINGLETS;Lluvia débil;14/04/18
VLG3701;MAH;BCN;32A;Lluvia moderada;14/04/18
VLG3911;PMI;BCN;32B;Lluvia;14/04/18
VLG2015;GRX;BCN;AIRBUS A320;Cubierto de nubes altas y medias;14/04/18
VLG3249;SPC;BCN;AIRBUS A320;Nubes altas;14/04/18
VLG1356;ALC;IBZ;AIRBUS A320;Nubes altas;14/04/18
AEA6027;MAD;IBZ;BOEING 737-800 WINGLETS;Nubes altas;14/04/18
VLG3518;BCN;IBZ;32B;Abertura de claros;14/04/18
RYR2084;MAD;IBZ;BOEING 737-800 WINGLETS;Nubes altas;14/04/18
IBE8120;PMI;IBZ;BOMBARDIER CRJ-1000;Despejado;17/04/18
AEA1712;PMI;IBZ;ATR-72;Lluvia;14/04/18
RYR8141;BCN;IBZ;BOEING 737-800 WINGLETS;Abertura de claros;14/04/18
VLG3546;BCN;IBZ;32A;Abertura de claros;14/04/18
VLG3417;MAD;IBZ;AIRBUS A320;Nubes altas;14/04/18
VLG3522;BCN;IBZ;AIRBUS A320;Abertura de claros;14/04/18
IBE8492;PMI;MAH;ATR-42/72;Despejado;17/04/18
IBE8496;PMI;MAH;BOMBARDIER CRJ-1000;Despejado;17/04/18
VLG3718;BCN;MAH;32B;Abertura de claros;14/04/18
IBE8954;MAD;MAH;BOMBARDIER CRJ-1000;Nubes altas;14/04/18
IBE8494;PMI;MAH;ATR-72;Despejado;17/04/18
VLG3712;BCN;MAH;AIRBUS A320;Abertura de claros;15/04/18
IBE8480;PMI;MAH;BOMBARDIER CRJ-1000;Despejado;17/04/18
VLG3800;BIO;MAH;32A;Nubes altas;15/04/18
VLG3714;BCN;MAH;AIRBUS A320;Abertura de claros;15/04/18
IBE8482;PMI;MAH;BOMBARDIER CRJ-1000;Despejado;17/04/18
AEA4537;PMI;MAH;ATR-72;Lluvia;15/04/18
IBE8956;MAD;MAH;BOMBARDIER CRJ-1000;Nubes altas;15/04/18
QTR6552;MAD;MAH;BOMBARDIER CRJ-1000;Nubes altas;15/04/18
IBE8498;PMI;MAH;ATR-42/72;Despejado;17/04/18
IBE8663;BIO;MAH;BOMBARDIER CRJ-1000;Nubes altas;15/04/18
IBS3948;MAD;SVQ;AIRBUS A320;Nubes altas;14/04/18
RYR7723;LPA;SVQ;BOEING 737-800 WINGLETS;Nubes altas;14/04/18
VLG2256;BCN;SVQ;AIRBUS A320;Abertura de claros;14/04/18
VLG3047;LPA;SVQ;AIRBUS A320;Nubes altas;14/04/18
RYR6398;BCN;SVQ;BOEING 737-800 WINGLETS;Abertura de claros;14/04/18
VLG2508;BIO;SVQ;32A;Nubes altas;15/04/18
IBS3954;MAD;SVQ;32A;Nubes altas;15/04/18
VLG2212;BCN;SVQ;AIRBUS A320;Abertura de claros;15/04/18
IBE8840;VLC;SVQ;ATR-72;Abertura de claros;15/04/18
VLG2216;BCN;SVQ;32B;Abertura de claros;15/04/18
RYR6396;BCN;SVQ;BOEING 737-800 WINGLETS;Abertura de claros;15/04/18
VLG2224;BCN;SVQ;AIRBUS A320;Abertura de claros;15/04/18
VLG2252;BCN;SVQ;AIRBUS A320;Abertura de claros;15/04/18
VLG3257;TFN;SVQ;AIRBUS A320;Despejado;15/04/18
IBE8820;MAD;AGP;BOMBARDIER CRJ-1000;Nubes altas;14/04/18
VLG2119;BCN;AGP;AIRBUS A320;Abertura de claros;14/04/18
IBE8908;ALC;TFN;BOMBARDIER CRJ-1000;Despejado;17/04/18
AEA9480;SPC;TFN;ATR-72;Nubes altas;14/04/18
IBB638;SPC;TFN;ATR-42/72;Nubes altas;14/04/18
IBB179;LPA;TFN;BOMBARDIER CRJ-1000;Nubes altas;14/04/18
IBS3613;OVD;TFN;AIRBUS A320;Nubes altas;14/04/18
AEA9407;LPA;TFN;ATR-72;Nubes altas;14/04/18
IBB121;LPA;TFN;ATR-72;Nubes altas;14/04/18
AEA9057;MAD;TFN;BOEING 737-800 WINGLETS;Nubes altas;14/04/18
CNF375;FUE;TFN;ATR-42/72;Nubes altas;14/04/18
IBB191;LPA;TFN;BOMBARDIER CRJ-1000;Nubes altas;14/04/18
IBB640;SPC;TFN;ATR-72;Nubes altas;14/04/18
CNF468;SPC;TFN;ATR-72;Nubes altas;14/04/18
AEA9468;SPC;TFN;ATR-72;Nubes altas;14/04/18
IBB429;FUE;TFN;ATR-42/72;Nubes altas;14/04/18
IBB485;ACE;TFN;ATR-42/72;Nubes altas;14/04/18
IBB195;LPA;TFN;BOMBARDIER CRJ-1000;Nubes altas;14/04/18
IBB642;SPC;TFN;ATR-42/72;Nubes altas;14/04/18
IBK6383;ALC;TFN;BOEING 737-800 WINGLETS;Nubes altas;14/04/18
IBE8038;MAD;VLC;BOMBARDIER CRJ-1000;Nubes altas;14/04/18
ANE2002;BCN;VLC;BOMBARDIER CRJ-1000;Abertura de claros;14/04/18
AEA2617;SCQ;VLC;BOEING 737-800 WINGLETS;Chubascos dispersos;14/04/18
QTR6970;MAD;VLC;ATR-72;Nubes altas;14/04/18
IBE8949;BIO;VLC;BOMBARDIER CRJ-1000;Nubes altas;14/04/18
RYR7215;PMI;VLC;BOEING 737-800 WINGLETS;Lluvia;14/04/18
AEA4063;MAD;VLC;ATR-72;Nubes altas;15/04/18
ANE8117;IBZ;PMI;BOMBARDIER CRJ-1000;Despejado;17/04/18
AEA6097;MAD;PMI;BOEING 737-800 WINGLETS;Nubes altas;14/04/18
RYR5677;AGP;PMI;BOEING 737-800 WINGLETS;Despejado;14/04/18
IBS3920;MAD;PMI;AIRBUS A321;Nubes altas;14/04/18
OLY629;FUE;TFS;AIRBUS A321;Nubes altas;14/04/18
IBS3926;MAD;TFS;32A;Nubes altas;14/04/18
ANE8612;PMI;ALC;BOMBARDIER CRJ-1000;Lluvia;14/04/18
AEA4026;PMI;ALC;ATR-72;Lluvia;14/04/18
AEA9420;TFN;LPA;ATR-72;Despejado;14/04/18
AEA9436;FUE;LPA;ATR-72;Nubes altas;14/04/18
VLG3046;SVQ;LPA;AIRBUS A320;Nubes altas;14/04/18
IBB525;ACE;LPA;ATR-42/72;Nubes altas;14/04/18
IBB186;TFN;LPA;BOMBARDIER CRJ-1000;Despejado;14/04/18
IBB316;SPC;LPA;ATR-42/72;Nubes altas;14/04/18
IBB154;TFS;LPA;ATR-72;Despejado;14/04/18
IBB227;FUE;LPA;ATR-72;Nubes altas;14/04/18
CNF668;TFN;LPA;ATR-42/72;Despejado;14/04/18
IBB531;ACE;LPA;ATR-42/72;Nubes altas;14/04/18
IBB188;TFN;LPA;BOMBARDIER CRJ-1000;Despejado;14/04/18
CNF765;LPA;ACE;ATR-72;Nubes altas;14/04/18
IBB484;TFN;ACE;ATR-42/72;Despejado;14/04/18
IBE2269;TFN;ACE;ATR-42/72;Despejado;17/04/18
IBB536;LPA;ACE;ATR-72;Nubes altas;14/04/18
AEA9445;LPA;ACE;ATR-72;Nubes altas;14/04/18
VLG3137;SCQ;ACE;AIRBUS A320;Chubascos dispersos;14/04/18
IBB456;TFN;ACE;ATR-42/72;Despejado;14/04/18
CNF783;LPA;ACE;ATR-72;Nubes altas;14/04/18
CNF374;TFN;FUE;ATR-42/72;Despejado;14/04/18
RYR6302;BCN;FUE;BOEING 737-800 WINGLETS;Abertura de claros;14/04/18
IBB428;TFN;FUE;ATR-42/72;Despejado;14/04/18
IBB234;LPA;FUE;ATR-72;Nubes altas;14/04/18
CNF883;LPA;FUE;ATR-72;Nubes altas;14/04/18
AEA9431;LPA;FUE;ATR-72;Nubes altas;15/04/18
IBB200;LPA;FUE;ATR-72;Nubes altas;15/04/18
IBB414;TFN;FUE;ATR-42/72;Despejado;15/04/18
VLG3146;AGP;FUE;AIRBUS A320;Despejado;15/04/18
CNF803;LPA;FUE;ATR-72;Nubes altas;15/04/18
IBB639;TFN;SPC;ATR-72;Despejado;14/04/18
CNF467;TFN;SPC;ATR-72;Despejado;14/04/18
AEA9467;TFN;SPC;ATR-72;Despejado;14/04/18
IBB627;TFN;SPC;ATR-42/72;Despejado;14/04/18
IBB317;LPA;SPC;ATR-72;Nubes altas;14/04/18
IBB605;TFN;SPC;ATR-42/72;Despejado;15/04/18
IBB309;LPA;SPC;ATR-72;Nubes altas;15/04/18
CNF412;TFN;SPC;ATR-42/72;Despejado;15/04/18
IBB607;TFN;SPC;ATR-42/72;Despejado;15/04/18
AEA9461;TFN;SPC;ATR-72;Despejado;15/04/18
CNF418;TFN;SPC;ATR-42/72;Despejado;15/04/18
IBB615;TFN;SPC;ATR-42/72;Despejado;15/04/18
AEA9463;TFN;SPC;ATR-72;Despejado;15/04/18
IBB619;TFN;SPC;ATR-42/72;Despejado;15/04/18
IBB621;TFN;SPC;ATR-42/72;Despejado;15/04/18
IBS3842;MAD;SPC;AIRBUS A320;Nubes altas;15/04/18
IBB629;TFN;SPC;ATR-42/72;Despejado;15/04/18
CNF452;TFN;SPC;ATR-72;Despejado;15/04/18
IBB311;LPA;SPC;BOMBARDIER CRJ-1000;Nubes altas;15/04/18
IBB631;TFN;SPC;ATR-42/72;Despejado;15/04/18
AEA9465;TFN;SPC;ATR-72;Despejado;15/04/18
RYR5538;VIT;BGY;BOEING 737-800 WINGLETS;Abertura de claros;15/04/18
IBB650;GMZ;TFN;ATR-72;Despejado;15/04/18
IBB652;GMZ;TFN;ATR-72;Despejado;15/04/18
HTY117;JCU;AEI;AWH;Nubes altas;15/04/18
HTY139;JCU;AEI;AWH;Nubes altas;15/04/18
IBE8331;BJZ;MAD;CANADAIR CRJ-200;Nubes altas;15/04/18
IBE8313;BJZ;BCN;BOMBARDIER CRJ-1000;Nubes altas;15/04/18
KRP861;LPA;VIT;FOKKER 100;Despejado;17/04/18
IBE8529;PNA;MAD;BOMBARDIER CRJ-1000;Nubes altas;15/04/18
DLH1119;PNA;FRA;AIRBUS A320;Nubes altas;15/04/18
IBE8525;PNA;MAD;CANADAIR CRJ-900;Nubes altas;15/04/18
IBE8531;PNA;MAD;BOMBARDIER CRJ-1000;Nubes altas;15/04/18
RYR2635;ZAZ;STN;BOEING 737-800 WINGLETS;Nubes altas;14/04/18
RYR4634;ZAZ;BGY;BOEING 737-800 WINGLETS;Nubes altas;15/04/18
EVE1606;ZAZ;SVQ;AIRBUS A320;Nubes altas;15/04/18
AEA2633;ZAZ;LEI;BOEING 737-800 WINGLETS;Nubes altas;15/04/18
RYR2635;ZAZ;STN;BOEING 737-800 WINGLETS;Nubes altas;15/04/18
RYR1115;REU;DUB;BOEING 737-800 WINGLETS;Cubierto de nubes altas y medias;15/04/18
RYR9825;REU;LPL;BOEING 737-800 WINGLETS;Cubierto de nubes altas y medias;15/04/18
RYR9827;REU;HHN;BOEING 737-800 WINGLETS;Cubierto de nubes altas y medias;15/04/18
RYR8088;REU;BHX;BOEING 737-800 WINGLETS;Cubierto de nubes altas y medias;15/04/18
RYR2212;REU;EIN;BOEING 737-800 WINGLETS;Cubierto de nubes altas y medias;15/04/18
HTY227;JCU;AGP;AWH;Nubes altas;15/04/18
HTY117;JCU;AEI;AWH;Nubes altas;15/04/18
HTY139;JCU;AEI;AWH;Nubes altas;15/04/18
HTY259;JCU;AGP;AWH;Nubes altas;15/04/18
IBE8330;MAD;BJZ;CANADAIR CRJ-200;Nubes altas;15/04/18
IBE8312;BCN;BJZ;BOMBARDIER CRJ-1000;Despejado;17/04/18
IBS9530;VLL;PMI;AIRBUS A320;Nubes altas;15/04/18
RYR2200;VLL;SVQ;BOEING 737-800 WINGLETS;Nubes altas;15/04/18
EVE1128;VLL;SVQ;AIRBUS A320;Nubes altas;15/04/18
RYR6321;VLL;BCN;BOEING 737-800 WINGLETS;Nubes altas;15/04/18
VLG1585;VLL;BCN;AIRBUS A320;Nubes altas;15/04/18
IBB651;TFN;GMZ;ATR-42/72;Despejado;15/04/18
IBB653;TFN;GMZ;ATR-42/72;Despejado;15/04/18
IBE2244;TFN;GMZ;ATR-72;Despejado;17/04/18
IBE8526;MAD;PNA;BOMBARDIER CRJ-1000;Nubes altas;14/04/18
IBE8524;MAD;PNA;CANADAIR CRJ-900;Nubes altas;15/04/18
IBE8532;MAD;PNA;BOMBARDIER CRJ-1000;Nubes altas;15/04/18
IBE8317;EAS;MAD;ATR-72;Nubes altas;15/04/18
VLG2487;EAS;BCN;AIRBUS A319;Nubes altas;15/04/18
IBE8319;EAS;MAD;ATR-72;Nubes altas;15/04/18
IBE8329;EAS;MAD;ATR-72;Nubes altas;15/04/18
IBE8315;EAS;MAD;ATR-72;Nubes altas;15/04/18
VLG2489;EAS;BCN;AIRBUS A319;Nubes altas;15/04/18
IBE8323;EAS;MAD;ATR-72;Nubes altas;15/04/18
IBE8261;MLN;AGP;ATR-72;Despejado;15/04/18
IBE8789;MLN;MAD;ATR-72;Despejado;15/04/18
IBE8791;MLN;MAD;ATR-72;Despejado;15/04/18
IBE8263;MLN;AGP;ATR-72;Despejado;15/04/18
IBE8793;MLN;MAD;ATR-72;Despejado;15/04/18
IBE8269;MLN;AGP;ATR-72;Despejado;15/04/18
IBE8271;MLN;AGP;ATR-72;Despejado;15/04/18
AEA5004;MLN;AGP;ATR-72;Despejado;15/04/18
IBE8277;MLN;AGP;ATR-72;Despejado;15/04/18
VLG1291;LCG;BCN;AIRBUS A320;Chubascos dispersos;14/04/18
IBE0511;LCG;MAD;AIRBUS A320;Chubascos dispersos;15/04/18
VLG3133;LCG;LPA;32A;Chubascos dispersos;15/04/18
VLG1295;LCG;BCN;AIRBUS A320;Chubascos dispersos;15/04/18
TAP1085;LCG;LIS;ATR-72;Chubascos dispersos;15/04/18
VLG1293;LCG;BCN;AIRBUS A320;Chubascos dispersos;15/04/18
AEA7234;LCG;MAD;EMBRAER ERJ-195;Chubascos dispersos;15/04/18
VLG1298;LCG;SVQ;32A;Chubascos dispersos;15/04/18
AEA7236;LCG;MAD;EMBRAER ERJ-195;Chubascos dispersos;15/04/18
IBB656;VDE;TFN;ATR-72;Despejado;15/04/18
IBB662;VDE;TFN;ATR-72;Despejado;15/04/18
IBB668;VDE;TFN;ATR-72;Despejado;15/04/18
IBB366;VDE;LPA;ATR-72;Despejado;15/04/18
CNF248;VDE;TFN;ATR-72;Despejado;15/04/18
IBB674;VDE;TFN;ATR-72;Despejado;15/04/18
RYR1284;XRY;BCN;BOEING 737-800 WINGLETS;Nubes altas;14/04/18
IBE0407;XRY;MAD;AIRBUS A319;Nubes altas;15/04/18
EWG575;XRY;CGN;AIRBUS A319;Nubes altas;15/04/18
JAF7922;XRY;BRU;EMBRAER 190;Nubes altas;15/04/18
EWG9571;XRY;DUS;32A;Nubes altas;15/04/18
RYR8397;XRY;STN;BOEING 737-800 WINGLETS;Nubes altas;15/04/18
IBE0411;XRY;MAD;AIRBUS A320;Nubes altas;15/04/18
VLG2287;XRY;BCN;AIRBUS A320;Nubes altas;15/04/18
RYR1284;XRY;BCN;BOEING 737-800 WINGLETS;Nubes altas;15/04/18
IBE0405;XRY;MAD;AIRBUS A320;Nubes altas;15/04/18
EVE1605;SVQ;ZAZ;32A;Nubes altas;15/04/18
AEA2634;LEI;ZAZ;BOEING 737-800 WINGLETS;Despejado;15/04/18
AEA7311;VGO;MAD;EMBRAER ERJ-195;Lluvia débil;15/04/18
IBE0531;VGO;MAD;AIRBUS A319;Lluvia débil;15/04/18
RYR242;VGO;DUB;BOEING 737-800 WINGLETS;Lluvia débil;15/04/18
RYR7132;VGO;BGY;BOEING 737-800 WINGLETS;Lluvia débil;15/04/18
AEA7315;VGO;MAD;EMBRAER ERJ-195;Lluvia débil;15/04/18
IBE0533;VGO;MAD;AIRBUS A319;Lluvia débil;15/04/18
LAV5464;VGO;TFN;BOEING 737-400;Lluvia débil;15/04/18
TAP1141;VGO;LIS;ATR-72;Lluvia débil;15/04/18
AEA7317;VGO;MAD;EMBRAER ERJ-195;Lluvia débil;15/04/18
IBS9528;PMI;VLL;AIRBUS A320;Lluvia;15/04/18
RYR2199;SVQ;VLL;BOEING 737-800 WINGLETS;Nubes altas;15/04/18
EVE1127;SVQ;VLL;AIRBUS A320;Nubes altas;15/04/18
RYR6320;BCN;VLL;BOEING 737-800 WINGLETS;Abertura de claros;15/04/18
VLG1584;BCN;VLL;AIRBUS A320;Abertura de claros;15/04/18
WZZ1480;SDR;WAW;AIRBUS A320;Nubes altas;15/04/18
RYR7617;SDR;EDI;BOEING 737-800 WINGLETS;Nubes altas;15/04/18
RYR6385;SDR;BCN;BOEING 737-800 WINGLETS;Nubes altas;15/04/18
IBE0555;SDR;MAD;AIRBUS A319;Nubes altas;15/04/18
RYR9156;SDR;CIA;BOEING 737-800 WINGLETS;Nubes altas;15/04/18
RYR7153;SDR;DUB;BOEING 737-800 WINGLETS;Nubes altas;15/04/18
IBE0557;SDR;MAD;AIRBUS A319;Nubes altas;15/04/18
VLG1591;SDR;BCN;AIRBUS A320;Nubes altas;15/04/18
RYR6058;SDR;CRL;BOEING 737-800 WINGLETS;Nubes altas;15/04/18
RYR7366;SDR;NRN;BOEING 737-800 WINGLETS;Nubes altas;15/04/18
RYR2613;SDR;STN;BOEING 737-800 WINGLETS;Nubes altas;15/04/18
HTY228;AGP;JCU;AWH;Despejado;15/04/18
HTY118;AEI;JCU;AWH;Despejado;15/04/18
HTY140;AEI;JCU;AWH;Despejado;15/04/18
HTY260;AGP;JCU;AWH;Despejado;17/04/18
RYR8027;MJV;STN;BOEING 737-800 WINGLETS;Abertura de claros;14/04/18
EZY8554;MJV;LGW;32A;Abertura de claros;14/04/18
RYR7095;MJV;DUB;BOEING 737-800 WINGLETS;Abertura de claros;14/04/18
EZY8550;MJV;LGW;AIRBUS A319;Abertura de claros;15/04/18
EZY6014;MJV;BRS;AIRBUS A320;Abertura de claros;15/04/18
RYR1925;MJV;EMA;BOEING 737-800 WINGLETS;Abertura de claros;15/04/18
RYR4253;MJV;FRA;BOEING 737-800 WINGLETS;Abertura de claros;15/04/18
EZY8552;MJV;LGW;AIRBUS A319;Abertura de claros;15/04/18
RYR1940;MJV;EIN;BOEING 737-800 WINGLETS;Abertura de claros;15/04/18
RYR4117;MJV;MAN;BOEING 737-800 WINGLETS;Abertura de claros;15/04/18
EXS864;MJV;MAN;BOEING 737-800 WINGLETS;Abertura de claros;15/04/18
RYR8027;MJV;STN;BOEING 737-800 WINGLETS;Abertura de claros;15/04/18
RYR3453;MJV;LTN;BOEING 737-800 WINGLETS;Abertura de claros;15/04/18
RYR7095;MJV;DUB;BOEING 737-800 WINGLETS;Abertura de claros;15/04/18
BEL3776;LEI;BRU;AIRBUS A320;Despejado;15/04/18
EZY8164;LEI;LGW;AIRBUS A319;Despejado;15/04/18
IBE8595;LEI;MAD;BOMBARDIER CRJ-1000;Despejado;15/04/18
AEA2634;LEI;ZAZ;BOEING 737-800 WINGLETS;Despejado;15/04/18
IBE8213;LEI;PMI;CANADAIR CRJ-200;Despejado;15/04/18
VLG1252;LEI;BCN;AIRBUS A320;Despejado;15/04/18
IBE8577;LEI;MAD;CANADAIR CRJ-900;Despejado;15/04/18
AEA2888;LEI;BCN;BOEING 737-800 WINGLETS;Despejado;15/04/18
IBE8589;LEI;MAD;CANADAIR CRJ-200;Despejado;15/04/18
IBE8601;LEI;MAD;BOMBARDIER CRJ-1000;Despejado;15/04/18
AEA2648;LEI;BCN;BOEING 737-800 WINGLETS;Despejado;15/04/18
IBE8932;LEI;SVQ;CANADAIR CRJ-200;Despejado;15/04/18
VLG8727;GRX;CDG;AIRBUS A320;Cubierto de nubes altas y medias;14/04/18
EZY8172;GRX;LGW;AIRBUS A319;Cubierto de nubes altas y medias;14/04/18
VLG2017;GRX;BCN;AIRBUS A320;Cubierto de nubes altas y medias;14/04/18
IBE8639;GRX;MAD;BOMBARDIER CRJ-1000;Cubierto de nubes altas y medias;15/04/18
VLG2011;GRX;BCN;32B;Cubierto de nubes altas y medias;15/04/18
IBE8641;GRX;MAD;BOMBARDIER CRJ-1000;Cubierto de nubes altas y medias;15/04/18
EZY2676;GRX;MXP;AIRBUS A319;Cubierto de nubes altas y medias;15/04/18
VLG2021;GRX;BCN;Sin especificar;Cubierto de nubes altas y medias;15/04/18
AEA5200;GRX;PMI;EMBRAER ERJ-195;Cubierto de nubes altas y medias;15/04/18
VLG3932;GRX;PMI;AIRBUS A320;Cubierto de nubes altas y medias;15/04/18
IBE8645;GRX;MAD;BOMBARDIER CRJ-1000;Cubierto de nubes altas y medias;15/04/18
ENT513;GRX;ARN;BOEING 737-800 WINGLETS;Cubierto de nubes altas y medias;15/04/18
ENT574;GRX;ARN;BOEING 737-800;Cubierto de nubes altas y medias;15/04/18
IBE8649;GRX;MAD;BOMBARDIER CRJ-1000;Cubierto de nubes altas y medias;15/04/18
VLG2015;GRX;BCN;AIRBUS A320;Cubierto de nubes altas y medias;15/04/18
BAW3290;GRX;LCY;EMBRAER 190;Cubierto de nubes altas y medias;15/04/18
IBE8324;MAD;EAS;ATR-72;Nubes altas;14/04/18
VLG2486;BCN;EAS;AIRBUS A319;Abertura de claros;15/04/18
IBE8316;MAD;EAS;ATR-72;Nubes altas;15/04/18
IBE8322;MAD;EAS;ATR-72;Nubes altas;15/04/18
IBE8318;MAD;EAS;ATR-72;Nubes altas;15/04/18
VLG2488;BCN;EAS;AIRBUS A319;Abertura de claros;15/04/18
IBE8326;MAD;EAS;ATR-72;Nubes altas;15/04/18
IBB655;TFN;VDE;ATR-72;Despejado;15/04/18
IBB659;TFN;VDE;ATR-72;Despejado;15/04/18
IBB663;TFN;VDE;ATR-72;Despejado;15/04/18
IBB365;LPA;VDE;ATR-72;Nubes altas;15/04/18
CNF247;TFN;VDE;ATR-42/72;Despejado;15/04/18
IBB673;TFN;VDE;ATR-72;Despejado;15/04/18
RYR2425;VLC;FRA;BOEING 737-800 WINGLETS;Abertura de claros;14/04/18
AUI940;VLC;IFO;EMBRAER 190;Abertura de claros;15/04/18
AEA1005;VLC;CDG;BOEING 737-800 WINGLETS;Abertura de claros;15/04/18
RYR7222;VLC;SCQ;BOEING 737-800 WINGLETS;Abertura de claros;15/04/18
DLH1165;VLC;FRA;AIRBUS A321;Abertura de claros;15/04/18
RYR9394;VLC;CRA;BOEING 737-800 WINGLETS;Abertura de claros;15/04/18
VLG8152;VLC;ORY;AIRBUS A320;Abertura de claros;15/04/18
IBE8840;VLC;SVQ;ATR-72;Abertura de claros;15/04/18
RYR8725;VLC;BRI;BOEING 737-800 WINGLETS;Abertura de claros;15/04/18
RYR2228;VLC;KRK;BOEING 737-800 WINGLETS;Abertura de claros;15/04/18
AEA4004;VLC;PMI;ATR-72;Abertura de claros;15/04/18
SWR2141;VLC;ZRH;AIRBUS A320;Abertura de claros;15/04/18
RYR2986;VLC;BRU;BOEING 737-800 WINGLETS;Abertura de claros;15/04/18
TRA6338;VLC;AMS;BOEING 737-700 WINGLETS;Abertura de claros;15/04/18
IBE8993;VLC;MAD;CANADAIR CRJ-900;Abertura de claros;15/04/18
CPA1870;VLC;MAD;CANADAIR CRJ-900;Abertura de claros;15/04/18
IBE8262;AGP;MLN;ATR-72;Despejado;15/04/18
IBE8792;MAD;MLN;ATR-72;Nubes altas;15/04/18
IBE8790;MAD;MLN;ATR-72;Nubes altas;15/04/18
IBE8264;AGP;MLN;ATR-72;Despejado;15/04/18
IBE8270;AGP;MLN;ATR-72;Despejado;15/04/18
AEA5005;AGP;MLN;ATR-72;Despejado;15/04/18
IBE8798;MAD;MLN;ATR-72;Nubes altas;15/04/18
IBE8274;AGP;MLN;ATR-72;Despejado;15/04/18
AEA7160;BIO;MAD;EMBRAER ERJ-195;Nubes altas;14/04/18
IBE8949;BIO;VLC;BOMBARDIER CRJ-1000;Nubes altas;14/04/18
VOE3410;BIO;VIE;BOEING 717;Nubes altas;15/04/18
KLM1684;BIO;AMS;EMBRAER 190;Nubes altas;15/04/18
DLH1147;BIO;FRA;32A;Nubes altas;15/04/18
VLG2508;BIO;SVQ;32A;Nubes altas;15/04/18
VLG3280;BIO;ACE;AIRBUS A320;Nubes altas;15/04/18
VLG1431;BIO;BCN;32A;Nubes altas;15/04/18
AFR1377;BIO;CDG;EMBRAER 190;Nubes altas;15/04/18
TAP1065;BIO;LIS;ATR-42/72;Nubes altas;15/04/18
DLH1829;BIO;MUC;AIRBUS A319;Nubes altas;15/04/18
VLG3800;BIO;MAH;32A;Nubes altas;15/04/18
IBE0435;BIO;MAD;AIRBUS A319;Nubes altas;15/04/18
VLG1572;OVD;BCN;AIRBUS A320;Nubes altas;15/04/18
VOE3584;OVD;ALC;BOEING 717;Nubes altas;15/04/18
IBS3981;OVD;MAD;AIRBUS A320;Nubes altas;15/04/18
VLG1574;OVD;BCN;AIRBUS A320;Nubes altas;15/04/18
IBE0479;OVD;MAD;32A;Nubes altas;15/04/18
EZY3084;OVD;STN;AIRBUS A319;Nubes altas;15/04/18
IBE8335;OVD;VLC;ATR-72;Nubes altas;15/04/18
IBE0475;OVD;MAD;AIRBUS A321;Nubes altas;15/04/18
IBE8332;OVD;PMI;CANADAIR CRJ-200;Nubes altas;15/04/18
VLG3865;OVD;PMI;AIRBUS A320;Nubes altas;15/04/18
VOE3925;OVD;AGP;BOEING 717;Nubes altas;15/04/18
IBE0487;OVD;MAD;AIRBUS A320;Nubes altas;15/04/18
VLG1578;OVD;BCN;AIRBUS A320;Nubes altas;15/04/18
VOE3831;OVD;SVQ;BOEING 717;Nubes altas;15/04/18
TAP1113;OVD;LIS;ATR-72;Nubes altas;15/04/18
IBE0481;OVD;MAD;AIRBUS A320;Nubes altas;15/04/18
IBE8205;TFN;SCQ;BOMBARDIER CRJ-1000;Despejado;14/04/18
IBB627;TFN;SPC;ATR-42/72;Despejado;14/04/18
IBS3941;TFN;MAD;AIRBUS A320;Despejado;14/04/18
IBB122;TFN;LPA;ATR-42/72;Despejado;14/04/18
AEA9408;TFN;LPA;ATR-72;Despejado;14/04/18
IBB192;TFN;LPA;BOMBARDIER CRJ-1000;Despejado;14/04/18
VLG3215;TFN;BCN;32B;Despejado;15/04/18
IBS3945;TFN;MAD;AIRBUS A320;Despejado;15/04/18
IBB414;TFN;FUE;ATR-42/72;Despejado;15/04/18
IBB452;TFN;ACE;ATR-42/72;Despejado;15/04/18
IBK6378;TFN;MAD;BOEING 737-800 WINGLETS;Despejado;15/04/18
AEA9045;TFN;MAD;BOEING 737-800 WINGLETS;Despejado;15/04/18
IBB605;TFN;SPC;ATR-42/72;Despejado;15/04/18
AEA7007;TFN;BIO;BOEING 737-800 WINGLETS;Despejado;15/04/18
CNF412;TFN;SPC;ATR-42/72;Despejado;15/04/18
VLG1290;BCN;LCG;AIRBUS A320;Abertura de claros;14/04/18
VLG1294;BCN;LCG;AIRBUS A320;Abertura de claros;15/04/18
VLG1292;BCN;LCG;AIRBUS A320;Abertura de claros;15/04/18
AEA7233;MAD;LCG;EMBRAER ERJ-195;Nubes altas;15/04/18
LZF441;BIO;LCG;ATR 42-300/320;Nubes altas;15/04/18
VLG3132;LPA;LCG;AIRBUS A320;Nubes altas;15/04/18
AEA7235;MAD;LCG;EMBRAER ERJ-195;Nubes altas;15/04/18
VLG3517;IBZ;BCN;AIRBUS A320;Llovizna;14/04/18
RYR9406;IBZ;EMA;BOEING 737-800 WINGLETS;Llovizna;14/04/18
EZS1520;IBZ;GVA;AIRBUS A319;Llovizna;14/04/18
AEA6028;IBZ;MAD;BOEING 737-800 WINGLETS;Llovizna;14/04/18
RYR9252;IBZ;STN;BOEING 737-800 WINGLETS;Llovizna;14/04/18
VLG3519;IBZ;BCN;32B;Llovizna;14/04/18
EZY8650;IBZ;LGW;AIRBUS A319;Llovizna;14/04/18
RYR2085;IBZ;MAD;BOEING 737-800 WINGLETS;Llovizna;14/04/18
RYR8140;IBZ;BCN;BOEING 737-800 WINGLETS;Llovizna;14/04/18
IBK2461;IBZ;LGW;BOEING 737-800 WINGLETS;Llovizna;14/04/18
VLG3547;IBZ;BCN;32A;Llovizna;14/04/18
VLG3418;IBZ;MAD;AIRBUS A320;Llovizna;14/04/18
VLG3523;IBZ;BCN;AIRBUS A320;Llovizna;14/04/18
VLG3531;IBZ;BCN;32A;Llovizna;14/04/18
IBE8101;IBZ;PMI;BOMBARDIER CRJ-1000;Llovizna;15/04/18
RYR3542;IBZ;EIN;BOEING 737-800 WINGLETS;Llovizna;14/04/18
IBS3953;SVQ;MAD;AIRBUS A320;Nubes altas;14/04/18
RYR7724;SVQ;LPA;BOEING 737-800 WINGLETS;Nubes altas;14/04/18
VLG2257;SVQ;BCN;AIRBUS A320;Nubes altas;14/04/18
RYR6397;SVQ;BCN;BOEING 737-800 WINGLETS;Nubes altas;15/04/18
VLG2223;SVQ;BCN;AIRBUS A320;Nubes altas;15/04/18
RYR5262;SVQ;BVA;BOEING 737-800 WINGLETS;Nubes altas;15/04/18
VLG3256;SVQ;TFN;AIRBUS A320;Nubes altas;15/04/18
TAP1101;SVQ;LIS;ATR-42/72;Nubes altas;15/04/18
RYR2470;SVQ;FKB;BOEING 737-800 WINGLETS;Nubes altas;15/04/18
VLG2253;SVQ;BCN;AIRBUS A320;Nubes altas;15/04/18
VLG2507;SVQ;BIO;32A;Nubes altas;15/04/18
IBS3947;SVQ;MAD;AIRBUS A320;Nubes altas;15/04/18
TVF3101;SVQ;ORY;BOEING 737-800 WINGLETS;Nubes altas;15/04/18
VLG2211;SVQ;BCN;AIRBUS A320;Nubes altas;15/04/18
RYR9123;GRO;EIN;BOEING 737-800 WINGLETS;Nubosidad variable;15/04/18
RYR7083;GRO;OMR;BOEING 737-800 WINGLETS;Nubosidad variable;15/04/18
RYR9555;GRO;FMM;BOEING 737-800 WINGLETS;Nubosidad variable;15/04/18
RYR6901;GRO;CRL;BOEING 737-800 WINGLETS;Nubosidad variable;15/04/18
RYR9305;GRO;LPL;BOEING 737-800 WINGLETS;Nubosidad variable;15/04/18
RYR9172;GRO;WRO;BOEING 737-800 WINGLETS;Nubosidad variable;15/04/18
RYR4125;GRO;HHN;BOEING 737-800 WINGLETS;Nubosidad variable;15/04/18
RYR7037;GRO;DUB;BOEING 737-800 WINGLETS;Nubosidad variable;15/04/18
RYR9364;GRO;PSR;BOEING 737-800 WINGLETS;Nubosidad variable;15/04/18
RYR9241;GRO;PSA;BOEING 737-800 WINGLETS;Nubosidad variable;15/04/18
RYR9803;GRO;STN;BOEING 737-800 WINGLETS;Nubosidad variable;15/04/18
PBD832;GRO;VKO;BOEING 737-800 WINGLETS;Nubosidad variable;15/04/18
RYR9211;GRO;FKB;BOEING 737-800 WINGLETS;Nubosidad variable;15/04/18
RYR9335;GRO;BRS;BOEING 737-800 WINGLETS;Nubosidad variable;15/04/18
RYR4482;GRO;RIX;BOEING 737-800 WINGLETS;Nubosidad variable;15/04/18
RYR5122;GRO;POZ;BOEING 737-800 WINGLETS;Nubosidad variable;15/04/18
RYR9303;GRO;EDI;BOEING 737-800 WINGLETS;Nubosidad variable;15/04/18
RYR1131;GRO;EMA;BOEING 737-800 WINGLETS;Nubosidad variable;15/04/18
RYR6903;GRO;CRL;BOEING 737-800 WINGLETS;Nubosidad variable;15/04/18
RYR6391;GRO;NRN;BOEING 737-800 WINGLETS;Nubosidad variable;15/04/18
TRA5766;GRO;AMS;BOEING 737-800 WINGLETS;Nubosidad variable;15/04/18
VLG1673;SCQ;BCN;32A;Chubascos dispersos;14/04/18
RYR7004;SCQ;LPA;BOEING 737-800 WINGLETS;Chubascos dispersos;14/04/18
IBE8367;SCQ;PMI;BOMBARDIER CRJ-1000;Chubascos dispersos;14/04/18
RYR4579;SCQ;BGY;BOEING 737-800 WINGLETS;Chubascos dispersos;15/04/18
VLG3247;SCQ;TFN;AIRBUS A320;Chubascos dispersos;15/04/18
RYR7223;SCQ;VLC;BOEING 737-800 WINGLETS;Chubascos dispersos;15/04/18
RYR6333;SCQ;BCN;BOEING 737-800 WINGLETS;Chubascos dispersos;15/04/18
EZS1338;SCQ;GVA;AIRBUS A320;Chubascos dispersos;15/04/18
IBS3877;SCQ;MAD;AIRBUS A321;Chubascos dispersos;15/04/18
IBE8365;SCQ;PMI;CANADAIR CRJ-200;Chubascos dispersos;15/04/18
VLG1671;SCQ;BCN;32A;Chubascos dispersos;15/04/18
EZS1180;SCQ;BSL;AIRBUS A319;Chubascos dispersos;15/04/18
DLH1867;SCQ;MUC;AIRBUS A320;Chubascos dispersos;15/04/18
RYR3042;SCQ;SVQ;BOEING 737-800 WINGLETS;Chubascos dispersos;15/04/18
RYR8379;SCQ;STN;BOEING 737-800 WINGLETS;Chubascos dispersos;15/04/18
VLG1677;SCQ;BCN;AIRBUS A320;Chubascos dispersos;15/04/18
VLG2654;SCQ;AGP;AIRBUS A320;Chubascos dispersos;15/04/18
ANE8496;PMI;MAH;BOMBARDIER CRJ-1000;Lluvia;14/04/18
RYR6369;PMI;BCN;BOEING 737-800 WINGLETS;Lluvia;14/04/18
ANE8120;PMI;IBZ;BOMBARDIER CRJ-1000;Lluvia;14/04/18
TUI2315;PMI;HAJ;BOEING 737-800 WINGLETS;Lluvia;14/04/18
AEA1712;PMI;IBZ;ATR-72;Lluvia;14/04/18
RYR5676;PMI;AGP;BOEING 737-800 WINGLETS;Lluvia;14/04/18
EZY1912;PMI;MAN;32A;Lluvia;14/04/18
EZY2276;PMI;LTN;AIRBUS A319;Lluvia;14/04/18
VLG6226;PMI;FCO;AIRBUS A320;Lluvia;14/04/18
IBS3921;PMI;MAD;AIRBUS A321;Lluvia;14/04/18
EXS926;PMI;MAN;BOEING 737-800 WINGLETS;Lluvia;14/04/18
AEA6096;PMI;MAD;BOEING 737-800 WINGLETS;Lluvia;14/04/18
RYR3446;PMI;MAN;BOEING 737-800 WINGLETS;Lluvia;14/04/18
PRI592;PMI;CPH;BOEING 737-800 WINGLETS;Lluvia;14/04/18
VLG3945;PMI;BIO;AIRBUS A320;Lluvia;14/04/18
IBK3669;PMI;AAL;BOEING 737-800 WINGLETS;Lluvia;14/04/18
EWG5915;PMI;VIE;AIRBUS A319;Lluvia;14/04/18
RYR7801;PMI;OPO;BOEING 737-800 WINGLETS;Lluvia;14/04/18
VLG3919;PMI;BCN;32A;Lluvia;14/04/18
RYR1283;BCN;XRY;BOEING 737-800 WINGLETS;Abertura de claros;14/04/18
IBE0406;MAD;XRY;AIRBUS A319;Nubes altas;14/04/18
IBE0410;MAD;XRY;AIRBUS A320;Nubes altas;15/04/18
VLG2286;BCN;XRY;AIRBUS A320;Abertura de claros;15/04/18
RYR1283;BCN;XRY;BOEING 737-800 WINGLETS;Abertura de claros;15/04/18
IBE0404;MAD;XRY;AIRBUS A320;Nubes altas;15/04/18
IBE0406;MAD;XRY;AIRBUS A319;Nubes altas;15/04/18
VOE2421;TFS;BOD;AIRBUS A319;Despejado;14/04/18
EIN875;TFS;ORK;AIRBUS A320;Despejado;14/04/18
EZY6094;TFS;BRS;32A;Despejado;14/04/18
EXS382;TFS;BFS;BOEING 737-300 WINGLETS;Despejado;14/04/18
EZY1904;TFS;MAN;32A;Despejado;14/04/18
EZY2038;TFS;LTN;32A;Despejado;14/04/18
VOE2807;TFS;NTE;AIRBUS A319;Despejado;14/04/18
EXS244;TFS;LBA;BOEING 737-800 WINGLETS;Despejado;14/04/18
JAF6938;TFS;BRU;7M8;Despejado;14/04/18
VOE2565;TFS;TLS;AIRBUS A319;Despejado;14/04/18
EZY8710;TFS;LGW;32A;Despejado;14/04/18
OLY647;TFS;CGN;AIRBUS A321;Despejado;14/04/18
JAF6912;TFS;LGG;BOEING 737-700 WINGLETS;Despejado;14/04/18
VLG6792;TFS;LYS;32A;Despejado;15/04/18
RYR1513;TFS;BVA;BOEING 737-800 WINGLETS;Despejado;15/04/18
RYR2545;TFS;NCL;BOEING 737-800 WINGLETS;Despejado;15/04/18
RYR4514;TFS;KRK;BOEING 737-800 WINGLETS;Despejado;15/04/18
IBS3927;TFS;MAD;32A;Despejado;15/04/18
RYR2561;TFS;BFS;BOEING 737-800 WINGLETS;Despejado;15/04/18
DK1409;TFS;ORB;32B;Despejado;15/04/18
EZY2980;ACE;MXP;32A;Nubes altas;14/04/18
TCX1305;ACE;GLA;32B;Nubes altas;14/04/18
EIN779;ACE;DUB;AIRBUS A321;Nubes altas;14/04/18
VOE2829;ACE;NTE;AIRBUS A319;Nubes altas;14/04/18
EXS168B;ACE;GLA;BOEING 737-800 WINGLETS;Nubes altas;14/04/18
JAF6460;ACE;CDG;BOEING 737-800 WINGLETS;Nubes altas;14/04/18
EXS892B;ACE;MAN;BOEING 737-800 WINGLETS;Nubes altas;14/04/18
IBB485;ACE;TFN;ATR-42/72;Nubes altas;14/04/18
EXS220;ACE;LBA;BOEING 737-800 WINGLETS;Nubes altas;14/04/18
IBB537;ACE;LPA;ATR-72;Nubes altas;14/04/18
AEA9446;ACE;LPA;ATR-72;Nubes altas;14/04/18
EXS706B;ACE;EDI;BOEING 737-800 WINGLETS;Nubes altas;14/04/18
EXS632B;ACE;EMA;BOEING 737-800 WINGLETS;Nubes altas;14/04/18
VLG3136;ACE;SCQ;AIRBUS A320;Nubes altas;14/04/18
IBB457;ACE;TFN;ATR-42/72;Nubes altas;14/04/18
EZY6732;ACE;BFS;32A;Nubes altas;14/04/18
EZY8684;ACE;LGW;32A;Nubes altas;14/04/18
EXS566;ACE;NCL;BOEING 737-800 WINGLETS;Nubes altas;14/04/18
EZY7158;ACE;LPL;32A;Nubes altas;14/04/18
CNF784;ACE;LPA;ATR-72;Nubes altas;14/04/18
FPO646;MAH;CDG;BOEING 737-700 WINGLETS;Lluvia moderada;14/04/18
VLG3719;MAH;BCN;32B;Lluvia moderada;14/04/18
IBE8481;MAH;PMI;BOMBARDIER CRJ-1000;Lluvia moderada;15/04/18
IBE8951;MAH;MAD;BOMBARDIER CRJ-1000;Lluvia moderada;15/04/18
AAL8615;MAH;MAD;BOMBARDIER CRJ-1000;Lluvia moderada;15/04/18
IBE8495;MAH;PMI;ATR-72;Lluvia moderada;15/04/18
VLG3713;MAH;BCN;AIRBUS A320;Lluvia moderada;15/04/18
IBE8483;MAH;PMI;BOMBARDIER CRJ-1000;Lluvia moderada;15/04/18
VLG3801;MAH;BIO;32A;Lluvia moderada;15/04/18
VLG3715;MAH;BCN;AIRBUS A320;Lluvia moderada;15/04/18
IBE8662;MAH;BIO;BOMBARDIER CRJ-1000;Lluvia moderada;15/04/18
AEA4532;MAH;PMI;ATR-72;Lluvia moderada;15/04/18
IBE8957;MAH;MAD;BOMBARDIER CRJ-1000;Lluvia moderada;15/04/18
IBE8499;MAH;PMI;ATR-42/72;Lluvia moderada;15/04/18
AEA4530;MAH;PMI;ATR-72;Lluvia moderada;15/04/18
IBE8491;MAH;PMI;CANADAIR CRJ-200;Lluvia moderada;15/04/18
IBE8493;MAH;PMI;BOMBARDIER CRJ-1000;Lluvia moderada;15/04/18
AEA7308;MAD;VGO;EMBRAER ERJ-195;Nubes altas;15/04/18
AEA7302;MAD;VGO;EMBRAER ERJ-195;Nubes altas;15/04/18
IBE0532;MAD;VGO;AIRBUS A319;Nubes altas;15/04/18
LAV5463;TFN;VGO;BOEING 737-400;Despejado;15/04/18
AEA7300;MAD;VGO;EMBRAER ERJ-195;Nubes altas;15/04/18
IBE0534;MAD;VGO;AIRBUS A319;Nubes altas;15/04/18
RYR245;BCN;VGO;BOEING 737-800 WINGLETS;Abertura de claros;15/04/18
AEA7306;MAD;VGO;EMBRAER ERJ-195;Nubes altas;15/04/18
RYR6365;BCN;BGY;BOEING 737-800 WINGLETS;Abertura de claros;14/04/18
RYR8141;BCN;IBZ;BOEING 737-800 WINGLETS;Abertura de claros;14/04/18
VLG3546;BCN;IBZ;32A;Abertura de claros;14/04/18
RYR6394;BCN;DUB;BOEING 737-800 WINGLETS;Abertura de claros;14/04/18
VLG3900;BCN;PMI;32B;Abertura de claros;14/04/18
BAW471;BCN;LHR;AIRBUS A320;Abertura de claros;14/04/18
BEL3706;BCN;BRU;AIRBUS A319;Abertura de claros;14/04/18
RYR6398;BCN;SVQ;BOEING 737-800 WINGLETS;Abertura de claros;14/04/18
VLG3000;BCN;LPA;32B;Abertura de claros;14/04/18
EZY2268;BCN;LTN;32A;Abertura de claros;14/04/18
VLG3522;BCN;IBZ;AIRBUS A320;Abertura de claros;14/04/18
RYR9162;BCN;BHX;BOEING 737-800 WINGLETS;Abertura de claros;14/04/18
EZY2768;BCN;MXP;AIRBUS A319;Abertura de claros;14/04/18
WZZ3176;BCN;OTP;32A;Abertura de claros;14/04/18
AEA6103;BCN;PMI;BOEING 737-800 WINGLETS;Abertura de claros;14/04/18
WZZ4406;BCN;SOF;32B;Abertura de claros;14/04/18
RYR7545;BCN;MAN;BOEING 737-800 WINGLETS;Abertura de claros;14/04/18
RYR6443;FUE;CRL;BOEING 737-800 WINGLETS;Nubes altas;14/04/18
RYR6303;FUE;BCN;BOEING 737-800 WINGLETS;Nubes altas;14/04/18
MYX576;FUE;TLL;AIRBUS A320;Nubes altas;14/04/18
OLY629;FUE;TFS;AIRBUS A321;Nubes altas;14/04/18
TOM2663;FUE;MAN;BOEING 757-200  WINGLETS;Nubes altas;14/04/18
IBB429;FUE;TFN;ATR-42/72;Nubes altas;14/04/18
EXS614;FUE;EMA;BOEING 737-800 WINGLETS;Nubes altas;14/04/18
EXS138;FUE;GLA;BOEING 737-800 WINGLETS;Nubes altas;14/04/18
TOM5615;FUE;LTN;BOEING 737-800 WINGLETS;Nubes altas;14/04/18
EIN771;FUE;DUB;AIRBUS A320;Nubes altas;14/04/18
EZY8538;FUE;LGW;32A;Nubes altas;14/04/18
IBB235;FUE;LPA;ATR-72;Nubes altas;14/04/18
CNF884;FUE;LPA;ATR-42/72;Nubes altas;14/04/18
IBB203;FUE;LPA;ATR-72;Nubes altas;15/04/18
AEA9432;FUE;LPA;ATR-72;Nubes altas;15/04/18
IBB415;FUE;TFN;ATR-42/72;Nubes altas;15/04/18
VLG3147;FUE;AGP;AIRBUS A320;Nubes altas;15/04/18
ENT898;FUE;CDG;BOEING 737-800;Nubes altas;15/04/18
ENT893;FUE;LYS;BOEING 737-800;Nubes altas;15/04/18
CNF804;FUE;LPA;ATR-42/72;Nubes altas;15/04/18
OLY727;FUE;ZRH;AIRBUS A321;Nubes altas;15/04/18
TVS3427;FUE;RNS;BOEING 737-800 WINGLETS;Nubes altas;15/04/18
TVS3499;FUE;LYS;BOEING 737-800 WINGLETS;Nubes altas;15/04/18
RYR9686;MAD;CIA;BOEING 737-800 WINGLETS;Nubes altas;14/04/18
IBK5807;MAD;LPA;BOEING 737-800 WINGLETS;Nubes altas;14/04/18
VLG3417;MAD;IBZ;AIRBUS A320;Nubes altas;14/04/18
SWR2049;MAD;GVA;CS1;Nubes altas;14/04/18
WZZ3778;MAD;SBZ;32A;Nubes altas;14/04/18
IBS3742;MAD;CDG;AIRBUS A320;Nubes altas;14/04/18
RYR7752;MAD;RAK;BOEING 737-800 WINGLETS;Nubes altas;14/04/18
RYR5432;MAD;PMI;BOEING 737-800 WINGLETS;Nubes altas;14/04/18
RYR2011;MAD;LPA;BOEING 737-800 WINGLETS;Nubes altas;14/04/18
IBE0406;MAD;XRY;AIRBUS A319;Nubes altas;14/04/18
RYR2015;MAD;ACE;BOEING 737-800 WINGLETS;Nubes altas;14/04/18
IBE8648;MAD;GRX;BOMBARDIER CRJ-1000;Nubes altas;14/04/18
AEA6049;MAD;PMI;BOEING 737-800 WINGLETS;Nubes altas;14/04/18
UAE144;MAD;DXB;AIRBUS A380;Nubes altas;14/04/18
IBS3916;MAD;PMI;AIRBUS A320;Nubes altas;14/04/18
TAP1021;MAD;LIS;AIRBUS A319;Nubes altas;14/04/18
SAS7736;LPA;BLL;AIRBUS A321;Nubes altas;14/04/18
TOM7683;LPA;BHX;BOEING 737-800 WINGLETS;Nubes altas;14/04/18
IBK2419;LPA;LGW;BOEING 737-800 WINGLETS;Nubes altas;14/04/18
IBB234;LPA;FUE;ATR-72;Nubes altas;14/04/18
EXS542;LPA;NCL;BOEING 737-800 WINGLETS;Nubes altas;14/04/18
CNF883;LPA;FUE;ATR-72;Nubes altas;14/04/18
EZY8696;LPA;LGW;AIRBUS A320;Nubes altas;14/04/18
EIN783;LPA;DUB;AIRBUS A320;Nubes altas;14/04/18
IBB195;LPA;TFN;BOMBARDIER CRJ-1000;Nubes altas;14/04/18
CNF783;LPA;ACE;ATR-72;Nubes altas;14/04/18
EXS670;LPA;EMA;BOEING 737-300 WINGLETS;Nubes altas;14/04/18
EXS1260;LPA;BHX;BOEING 737-800 WINGLETS;Nubes altas;14/04/18
TFL644;LPA;AMS;BOEING 767-300 WINGLETS;Nubes altas;14/04/18
JAF6182;LPA;BRU;BOEING 737-800 WINGLETS;Nubes altas;14/04/18
OLY605;LPA;HAJ;AIRBUS A319;Nubes altas;14/04/18
KRP2861;LPA;VIT;FOKKER 100;Nubes altas;14/04/18
EXS144;LPA;GLA;BOEING 737-800 WINGLETS;Nubes altas;14/04/18
AEA9423;LPA;TFN;BOEING 737-800 WINGLETS;Nubes altas;14/04/18
VOE2739;LPA;NTE;AIRBUS A319;Nubes altas;14/04/18
EZS1138;LPA;BSL;AIRBUS A320;Nubes altas;15/04/18
IBK5950;LPA;HAM;BOEING 737-800 WINGLETS;Nubes altas;15/04/18
IBS3835;LPA;MAD;AIRBUS A321;Nubes altas;15/04/18
RYR3804;LPA;MAN;BOEING 737-800 WINGLETS;Nubes altas;15/04/18
RYR2967;LPA;BUD;BOEING 737-800 WINGLETS;Nubes altas;15/04/18
TRA5054;ALC;RTM;BOEING 737-800 WINGLETS;Nubes altas;14/04/18
TOM1643;ALC;NCL;BOEING 737-800 WINGLETS;Nubes altas;14/04/18
SAS4674;ALC;OSL;BOEING 737-800;Nubes altas;14/04/18
VLG7392;ALC;ORN;AIRBUS A320;Nubes altas;14/04/18
SAS4658;ALC;SVG;BOEING 737-800;Nubes altas;14/04/18
EXS882;ALC;MAN;BOEING 737-800 WINGLETS;Nubes altas;14/04/18
EZY6990;ALC;EDI;AIRBUS A319;Nubes altas;14/04/18
EXS274;ALC;LBA;BOEING 737-800 WINGLETS;Nubes altas;14/04/18
SAS4730;ALC;BGO;BOEING 737-800;Nubes altas;14/04/18
RYR9184;ALC;EMA;BOEING 737-800 WINGLETS;Nubes altas;14/04/18
RYR8297;ALC;BRS;BOEING 737-800 WINGLETS;Nubes altas;14/04/18
JAF6468;ALC;OST;EMBRAER 190;Nubes altas;14/04/18
TRA6150;ALC;AMS;BOEING 737-800 WINGLETS;Nubes altas;14/04/18
WOW617;ALC;KEF;32A;Nubes altas;14/04/18
EZY2228;ALC;LTN;AIRBUS A319;Nubes altas;14/04/18
EZY6076;ALC;BRS;AIRBUS A319;Nubes altas;14/04/18
EZY8672;ALC;LGW;AIRBUS A319;Nubes altas;14/04/18
IBK5420;ALC;HEL;BOEING 737-800 WINGLETS;Nubes altas;15/04/18
VLG7396;ALC;ALG;32A;Nubes altas;15/04/18
IBK5350;ALC;ARN;BOEING 737-800 WINGLETS;Nubes altas;15/04/18
VLG8253;ALC;ORY;32A;Nubes altas;15/04/18
EZS1068;AGP;BSL;AIRBUS A319;Despejado;14/04/18
EZY8612;AGP;LGW;AIRBUS A319;Despejado;14/04/18
EZY7436;AGP;SEN;AIRBUS A319;Despejado;14/04/18
BAW2717;AGP;LGW;AIRBUS A319;Despejado;14/04/18
RYR1314;AGP;BFS;BOEING 737-800 WINGLETS;Despejado;14/04/18
RYR2447;AGP;LBA;BOEING 737-800 WINGLETS;Despejado;14/04/18
EXS266;AGP;LBA;BOEING 737-300 WINGLETS;Despejado;14/04/18
IBE8827;AGP;MAD;BOMBARDIER CRJ-1000;Despejado;14/04/18
RYR4459;AGP;EMA;BOEING 737-800 WINGLETS;Despejado;14/04/18
RYR6653;AGP;EDI;BOEING 737-800 WINGLETS;Despejado;14/04/18
VLG2118;AGP;BCN;AIRBUS A320;Despejado;14/04/18
RYR8165;AGP;STN;BOEING 737-800 WINGLETS;Despejado;14/04/18
LZB480;AGP;SOF;EMBRAER 190;Despejado;14/04/18
RYR7055;AGP;DUB;BOEING 737-800 WINGLETS;Despejado;14/04/18
EXS894;AGP;MAN;BOEING 737-800 WINGLETS;Despejado;14/04/18
WZZ4412;AGP;SOF;32B;Despejado;14/04/18
BEE4428;AGP;DSA;EMBRAER E-175;Despejado;14/04/18
TRA6110;AGP;AMS;BOEING 737-700 WINGLETS;Despejado;14/04/18
EZY8614;AGP;LGW;AIRBUS A319;Despejado;14/04/18
JAF6004;AGP;BRU;BOEING 737-700 WINGLETS;Despejado;14/04/18
AFL2529;AGP;SVO;BOEING 737-800 WINGLETS;Despejado;14/04/18
IBE8594;MAD;LEI;BOMBARDIER CRJ-1000;Nubes altas;15/04/18
AEA2887;BCN;LEI;BOEING 737-800 WINGLETS;Abertura de claros;15/04/18
VLG1251;BCN;LEI;AIRBUS A320;Abertura de claros;15/04/18
IBE8598;MAD;LEI;CANADAIR CRJ-900;Nubes altas;15/04/18
AEA2633;ZAZ;LEI;BOEING 737-800 WINGLETS;Nubes altas;15/04/18
IBE8212;PMI;LEI;CANADAIR CRJ-200;Despejado;17/04/18
IBE8592;MAD;LEI;BOMBARDIER CRJ-1000;Nubes altas;15/04/18
AEA2647;BCN;LEI;BOEING 737-800 WINGLETS;Abertura de claros;15/04/18
IBE8588;MAD;LEI;CANADAIR CRJ-200;Nubes altas;15/04/18
IBE8933;SVQ;LEI;CANADAIR CRJ-200;Nubes altas;15/04/18
IBE8600;MAD;LEI;BOMBARDIER CRJ-1000;Nubes altas;15/04/18
RYR6384;BCN;SDR;BOEING 737-800 WINGLETS;Abertura de claros;15/04/18
IBE0554;MAD;SDR;AIRBUS A319;Nubes altas;15/04/18
IBE0556;MAD;SDR;AIRBUS A319;Nubes altas;15/04/18
VLG1590;BCN;SDR;AIRBUS A320;Abertura de claros;15/04/18
IBE8878;MAD;SDR;CANADAIR CRJ-900;Nubes altas;15/04/18
CNF468;SPC;TFN;ATR-72;Nubes altas;14/04/18
AEA9468;SPC;TFN;ATR-72;Nubes altas;14/04/18
IBB642;SPC;TFN;ATR-42/72;Nubes altas;14/04/18
IBB318;SPC;LPA;ATR-42/72;Nubes altas;14/04/18
IBB606;SPC;TFN;ATR-42/72;Nubes altas;15/04/18
IBB304;SPC;LPA;ATR-72;Nubes altas;15/04/18
CNF413;SPC;TFN;ATR-42/72;Nubes altas;15/04/18
IBB608;SPC;TFN;ATR-72;Nubes altas;15/04/18
TVS2434;SPC;CDG;BOEING 737-800 WINGLETS;Nubes altas;15/04/18
AEA9462;SPC;TFN;ATR-72;Nubes altas;15/04/18
CNF419;SPC;TFN;ATR-42/72;Nubes altas;15/04/18
IBB610;SPC;TFN;ATR-42/72;Nubes altas;15/04/18
AEA9464;SPC;TFN;ATR-72;Nubes altas;15/04/18
IBB620;SPC;TFN;ATR-42/72;Nubes altas;15/04/18
IBB622;SPC;TFN;ATR-72;Nubes altas;15/04/18
IBS3843;SPC;MAD;AIRBUS A320;Nubes altas;15/04/18
IBB630;SPC;TFN;ATR-42/72;Nubes altas;15/04/18
CNF453;SPC;TFN;ATR-72;Nubes altas;15/04/18
IBB312;SPC;LPA;BOMBARDIER CRJ-1000;Nubes altas;15/04/18
DE1407;SPC;FRA;BOEING 757-300 WINGLETS;Nubes altas;15/04/18
IBB632;SPC;TFN;ATR-42/72;Nubes altas;15/04/18
AEA9466;SPC;TFN;ATR-72;Nubes altas;15/04/18
VLG2016;BCN;GRX;AIRBUS A320;Abertura de claros;14/04/18
IBE8648;MAD;GRX;BOMBARDIER CRJ-1000;Nubes altas;14/04/18
VLG2010;BCN;GRX;32B;Abertura de claros;15/04/18
IBE8640;MAD;GRX;BOMBARDIER CRJ-1000;Nubes altas;15/04/18
VLG2020;BCN;GRX;AIRBUS A320;Abertura de claros;15/04/18
AEA5201;PMI;GRX;EMBRAER ERJ-195;Lluvia;15/04/18
VLG3933;PMI;GRX;AIRBUS A320;Lluvia;15/04/18
IBE8646;MAD;GRX;BOMBARDIER CRJ-1000;Nubes altas;15/04/18
IBE8642;MAD;GRX;BOMBARDIER CRJ-1000;Nubes altas;15/04/18
VLG2014;BCN;GRX;AIRBUS A320;Abertura de claros;15/04/18
VLG2016;BCN;GRX;32B;Abertura de claros;15/04/18
IBE8648;MAD;GRX;BOMBARDIER CRJ-1000;Nubes altas;15/04/18
IBE8386;ALC;BIO;BOMBARDIER CRJ-1000;Despejado;17/04/18
VLG3285;FUE;BIO;32A;Nubes altas;14/04/18
VLG3275;LPA;BIO;AIRBUS A320;Nubes altas;14/04/18
VLG3945;PMI;BIO;AIRBUS A320;Lluvia;14/04/18
AEA7161;MAD;BIO;EMBRAER ERJ-195;Nubes altas;15/04/18
VLG2608;AGP;BIO;AIRBUS A320;Despejado;15/04/18
VLG1418;BCN;BIO;AIRBUS A320;Abertura de claros;15/04/18
VLG3138;ACE;OVD;AIRBUS A320;Nubes altas;14/04/18
VLG1573;BCN;OVD;AIRBUS A320;Abertura de claros;15/04/18
IBE8334;VLC;OVD;CANADAIR CRJ-200;Abertura de claros;15/04/18
IBE0488;MAD;OVD;AIRBUS A321;Nubes altas;15/04/18
IBE8333;PMI;OVD;CANADAIR CRJ-200;Despejado;17/04/18
VLG1579;BCN;OVD;AIRBUS A320;Abertura de claros;15/04/18
VOE3585;ALC;OVD;BOEING 717;Nubes altas;15/04/18
IBE0476;MAD;OVD;AIRBUS A320;Nubes altas;15/04/18
VLG3864;PMI;OVD;AIRBUS A320;Lluvia;15/04/18
VOE3924;AGP;OVD;BOEING 717;Despejado;15/04/18
IBE0480;MAD;OVD;AIRBUS A321;Nubes altas;15/04/18
VLG3518;BCN;IBZ;32B;Abertura de claros;14/04/18
RYR2084;MAD;IBZ;BOEING 737-800 WINGLETS;Nubes altas;14/04/18
IBE8120;PMI;IBZ;BOMBARDIER CRJ-1000;Despejado;17/04/18
AEA1712;PMI;IBZ;ATR-72;Lluvia;14/04/18
RYR8141;BCN;IBZ;BOEING 737-800 WINGLETS;Abertura de claros;14/04/18
VLG3546;BCN;IBZ;32A;Abertura de claros;14/04/18
VLG3417;MAD;IBZ;AIRBUS A320;Nubes altas;14/04/18
VLG3522;BCN;IBZ;AIRBUS A320;Abertura de claros;14/04/18
VLG3530;BCN;IBZ;32A;Abertura de claros;14/04/18
VLG2454;AGP;IBZ;AIRBUS A320;Despejado;15/04/18
RYR8136;BCN;IBZ;BOEING 737-800 WINGLETS;Abertura de claros;15/04/18
VLG3540;BCN;IBZ;AIRBUS A320;Abertura de claros;15/04/18
IBE8205;TFN;SCQ;BOMBARDIER CRJ-1000;Despejado;14/04/18
VLG3136;ACE;SCQ;AIRBUS A320;Nubes altas;14/04/18
RYR7222;VLC;SCQ;BOEING 737-800 WINGLETS;Abertura de claros;15/04/18
RYR6332;BCN;SCQ;BOEING 737-800 WINGLETS;Abertura de claros;15/04/18
IBS3876;MAD;SCQ;AIRBUS A321;Nubes altas;15/04/18
IBE8356;BIO;SCQ;CANADAIR CRJ-200;Nubes altas;15/04/18
VLG1670;BCN;SCQ;32A;Abertura de claros;15/04/18
RYR3041;SVQ;SCQ;BOEING 737-800 WINGLETS;Nubes altas;15/04/18
VLG3246;TFN;SCQ;AIRBUS A320;Despejado;15/04/18
VLG2655;AGP;SCQ;AIRBUS A320;Despejado;15/04/18
RYR8538;ALC;SCQ;BOEING 737-800 WINGLETS;Nubes altas;15/04/18
IBS3878;MAD;SCQ;AIRBUS A320;Nubes altas;15/04/18
RYR2012;LPA;MAD;BOEING 737-800 WINGLETS;Nubes altas;14/04/18
IBE8399;ALC;MAD;BOMBARDIER CRJ-1000;Despejado;17/04/18
AEA0001;BCN;MAD;Sin especificar;Despejado;17/04/18
IBS3955;TFN;MAD;AIRBUS A320;Despejado;14/04/18
AEA6097;MAD;PMI;BOEING 737-800 WINGLETS;Nubes altas;14/04/18
VLG3148;AGP;PMI;AIRBUS A320;Despejado;14/04/18
ANE8487;MAH;PMI;ATR-42/72;Despejado;17/04/18
RYR7214;VLC;PMI;BOEING 737-800 WINGLETS;Abertura de claros;14/04/18
VLG3900;BCN;PMI;32B;Abertura de claros;14/04/18
VLG3517;IBZ;BCN;AIRBUS A320;Llovizna;14/04/18
AEA6102;PMI;BCN;BOEING 737-800 WINGLETS;Lluvia;14/04/18
AEA2011;MAD;BCN;BOEING 737-800 WINGLETS;Nubes altas;14/04/18
VLG3917;PMI;BCN;AIRBUS A320;Lluvia;14/04/18
RYR6369;PMI;BCN;BOEING 737-800 WINGLETS;Lluvia;14/04/18
ANE8396;MAD;ALC;BOMBARDIER CRJ-1000;Despejado;17/04/18
IBB191;LPA;TFN;BOMBARDIER CRJ-1000;Nubes altas;14/04/18
CNF375;FUE;TFN;ATR-42/72;Nubes altas;14/04/18
IBB640;SPC;TFN;ATR-72;Nubes altas;14/04/18
CNF468;SPC;TFN;ATR-72;Nubes altas;14/04/18
AEA9468;SPC;TFN;ATR-72;Nubes altas;14/04/18
IBB429;FUE;TFN;ATR-42/72;Nubes altas;14/04/18
IBB485;ACE;TFN;ATR-42/72;Nubes altas;14/04/18
IBB195;LPA;TFN;BOMBARDIER CRJ-1000;Nubes altas;14/04/18
IBB642;SPC;TFN;ATR-42/72;Nubes altas;14/04/18
IBK6383;ALC;TFN;BOEING 737-800 WINGLETS;Nubes altas;14/04/18
IBB457;ACE;TFN;ATR-42/72;Nubes altas;14/04/18
AEA9423;LPA;TFN;BOEING 737-800 WINGLETS;Nubes altas;14/04/18
VLG3218;BCN;TFN;32B;Abertura de claros;14/04/18
IBS3938;MAD;TFN;AIRBUS A320;Nubes altas;14/04/18
AEA9403;LPA;TFN;ATR-72;Nubes altas;15/04/18
VLG3256;SVQ;TFN;AIRBUS A320;Nubes altas;15/04/18
IBB107;LPA;TFN;ATR-72;Nubes altas;15/04/18
VLG3247;SCQ;TFN;AIRBUS A320;Chubascos dispersos;15/04/18
RYR3063;BCN;TFN;BOEING 737-800 WINGLETS;Abertura de claros;15/04/18
AEA9059;MAD;TFN;AIRBUS A330-200;Nubes altas;15/04/18
IBB484;TFN;ACE;ATR-42/72;Despejado;14/04/18
IBB536;LPA;ACE;ATR-72;Nubes altas;14/04/18
AEA9445;LPA;ACE;ATR-72;Nubes altas;14/04/18
VLG3137;SCQ;ACE;AIRBUS A320;Chubascos dispersos;14/04/18
IBB456;TFN;ACE;ATR-42/72;Despejado;14/04/18
CNF783;LPA;ACE;ATR-72;Nubes altas;14/04/18
IBB500;LPA;ACE;BOMBARDIER CRJ-1000;Nubes altas;15/04/18
IBB452;TFN;ACE;ATR-42/72;Despejado;15/04/18
CNF703;LPA;ACE;ATR-72;Nubes altas;15/04/18
VLG3280;BIO;ACE;AIRBUS A320;Nubes altas;15/04/18
IBE8496;PMI;MAH;BOMBARDIER CRJ-1000;Despejado;17/04/18
VLG3718;BCN;MAH;32B;Abertura de claros;14/04/18
IBE8954;MAD;MAH;BOMBARDIER CRJ-1000;Nubes altas;14/04/18
IBE8494;PMI;MAH;ATR-72;Despejado;17/04/18
VLG3712;BCN;MAH;AIRBUS A320;Abertura de claros;15/04/18
IBE8480;PMI;MAH;BOMBARDIER CRJ-1000;Despejado;17/04/18
VLG3800;BIO;MAH;32A;Nubes altas;15/04/18
VLG3714;BCN;MAH;AIRBUS A320;Abertura de claros;15/04/18
IBE8482;PMI;MAH;BOMBARDIER CRJ-1000;Despejado;17/04/18
AEA4537;PMI;MAH;ATR-72;Lluvia;15/04/18
IBE8956;MAD;MAH;BOMBARDIER CRJ-1000;Nubes altas;15/04/18
QTR6552;MAD;MAH;BOMBARDIER CRJ-1000;Nubes altas;15/04/18
IBE8498;PMI;MAH;ATR-42/72;Despejado;17/04/18
IBE8663;BIO;MAH;BOMBARDIER CRJ-1000;Nubes altas;15/04/18
AEA4531;PMI;MAH;ATR-72;Lluvia;15/04/18
IBE8488;PMI;MAH;CANADAIR CRJ-200;Despejado;17/04/18
OLY629;FUE;TFS;AIRBUS A321;Nubes altas;14/04/18
IBS3926;MAD;TFS;32A;Nubes altas;14/04/18
RYR2913;MAD;TFS;BOEING 737-800 WINGLETS;Nubes altas;15/04/18
ANE2002;BCN;VLC;BOMBARDIER CRJ-1000;Abertura de claros;14/04/18
AEA2617;SCQ;VLC;BOEING 737-800 WINGLETS;Chubascos dispersos;14/04/18
IBE8996;MAD;VLC;ATR-72;Nubes altas;14/04/18
IBE8949;BIO;VLC;BOMBARDIER CRJ-1000;Nubes altas;14/04/18
RYR7215;PMI;VLC;BOEING 737-800 WINGLETS;Lluvia;14/04/18
AEA4063;MAD;VLC;ATR-72;Nubes altas;15/04/18
RYR7223;SCQ;VLC;BOEING 737-800 WINGLETS;Chubascos dispersos;15/04/18
RYR7723;LPA;SVQ;BOEING 737-800 WINGLETS;Nubes altas;14/04/18
VLG2256;BCN;SVQ;AIRBUS A320;Abertura de claros;14/04/18
VLG3047;LPA;SVQ;AIRBUS A320;Nubes altas;14/04/18
RYR6398;BCN;SVQ;BOEING 737-800 WINGLETS;Abertura de claros;14/04/18
VLG2508;BIO;SVQ;32A;Nubes altas;15/04/18
IBS3954;MAD;SVQ;32A;Nubes altas;15/04/18
VLG2212;BCN;SVQ;AIRBUS A320;Abertura de claros;15/04/18
IBE8840;VLC;SVQ;ATR-72;Abertura de claros;15/04/18
VLG2216;BCN;SVQ;32B;Abertura de claros;15/04/18
RYR6396;BCN;SVQ;BOEING 737-800 WINGLETS;Abertura de claros;15/04/18
VLG2224;BCN;SVQ;AIRBUS A320;Abertura de claros;15/04/18
VLG2252;BCN;SVQ;AIRBUS A320;Abertura de claros;15/04/18
VLG3257;TFN;SVQ;AIRBUS A320;Despejado;15/04/18
RYR5676;PMI;AGP;BOEING 737-800 WINGLETS;Lluvia;14/04/18
IBB188;TFN;LPA;BOMBARDIER CRJ-1000;Despejado;14/04/18
CNF766;ACE;LPA;ATR-72;Nubes altas;14/04/18
AEA7137;SCQ;LPA;BOEING 737-800 WINGLETS;Chubascos dispersos;14/04/18
IBB122;TFN;LPA;ATR-42/72;Despejado;14/04/18
AEA9408;TFN;LPA;ATR-72;Despejado;14/04/18
IBB192;TFN;LPA;BOMBARDIER CRJ-1000;Despejado;14/04/18
IBB537;ACE;LPA;ATR-72;Nubes altas;14/04/18
AEA9446;ACE;LPA;ATR-72;Nubes altas;14/04/18
AEA9172;MAD;LPA;BOEING 737-800 WINGLETS;Nubes altas;14/04/18
IBB318;SPC;LPA;ATR-42/72;Nubes altas;14/04/18
IBB235;FUE;LPA;ATR-72;Nubes altas;14/04/18
CNF884;FUE;LPA;ATR-42/72;Nubes altas;14/04/18
IBB428;TFN;FUE;ATR-42/72;Despejado;14/04/18
IBB234;LPA;FUE;ATR-72;Nubes altas;14/04/18
CNF883;LPA;FUE;ATR-72;Nubes altas;14/04/18
AEA9431;LPA;FUE;ATR-72;Nubes altas;15/04/18
IBB200;LPA;FUE;ATR-72;Nubes altas;15/04/18
IBB414;TFN;FUE;ATR-42/72;Despejado;15/04/18
VLG3146;AGP;FUE;AIRBUS A320;Despejado;15/04/18
CNF803;LPA;FUE;ATR-72;Nubes altas;15/04/18
OLY726;TFS;FUE;AIRBUS A321;Despejado;15/04/18
AEA9467;TFN;SPC;ATR-72;Despejado;14/04/18
IBB627;TFN;SPC;ATR-42/72;Despejado;14/04/18
IBB317;LPA;SPC;ATR-72;Nubes altas;14/04/18
IBB605;TFN;SPC;ATR-42/72;Despejado;15/04/18
CNF412;TFN;SPC;ATR-42/72;Despejado;15/04/18
IBB607;TFN;SPC;ATR-42/72;Despejado;15/04/18
AEA9461;TFN;SPC;ATR-72;Despejado;15/04/18
CNF418;TFN;SPC;ATR-42/72;Despejado;15/04/18
IBB615;TFN;SPC;ATR-42/72;Despejado;15/04/18
AEA9463;TFN;SPC;ATR-72;Despejado;15/04/18
IBB619;TFN;SPC;ATR-42/72;Despejado;15/04/18
IBB621;TFN;SPC;ATR-42/72;Despejado;15/04/18
IBS3842;MAD;SPC;AIRBUS A320;Nubes altas;15/04/18
IBB629;TFN;SPC;ATR-42/72;Despejado;15/04/18
CNF452;TFN;SPC;ATR-72;Despejado;15/04/18
IBB311;LPA;SPC;BOMBARDIER CRJ-1000;Nubes altas;15/04/18
IBB631;TFN;SPC;ATR-42/72;Despejado;15/04/18
AEA9465;TFN;SPC;ATR-72;Despejado;15/04/18
IBB633;TFN;SPC;ATR-42/72;Despejado;15/04/18
IBB623;TFN;SPC;ATR-42/72;Despejado;15/04/18
RYR5538;VIT;BGY;BOEING 737-800 WINGLETS;Abertura de claros;15/04/18
IBE8331;BJZ;MAD;CANADAIR CRJ-200;Nubes altas;15/04/18
IBE8313;BJZ;BCN;BOMBARDIER CRJ-1000;Nubes altas;15/04/18
HTY118;AEI;JCU;AWH;Despejado;15/04/18
HTY140;AEI;JCU;AWH;Despejado;15/04/18
KRP861;LPA;VIT;FOKKER 100;Despejado;17/04/18
IBB650;GMZ;TFN;ATR-72;Despejado;15/04/18
IBB652;GMZ;TFN;ATR-72;Despejado;15/04/18
HTY227;JCU;AGP;AWH;Nubes altas;15/04/18
HTY117;JCU;AEI;AWH;Nubes altas;15/04/18
HTY139;JCU;AEI;AWH;Nubes altas;15/04/18
HTY259;JCU;AGP;AWH;Nubes altas;15/04/18
RYR4634;ZAZ;BGY;BOEING 737-800 WINGLETS;Nubes altas;15/04/18
EVE1606;ZAZ;SVQ;AIRBUS A320;Nubes altas;15/04/18
AEA2633;ZAZ;LEI;BOEING 737-800 WINGLETS;Nubes altas;15/04/18
RYR2635;ZAZ;STN;BOEING 737-800 WINGLETS;Nubes altas;15/04/18
IBE8330;MAD;BJZ;CANADAIR CRJ-200;Nubes altas;15/04/18
IBE8312;BCN;BJZ;BOMBARDIER CRJ-1000;Despejado;17/04/18
HTY117;JCU;AEI;AWH;Nubes altas;15/04/18
HTY139;JCU;AEI;AWH;Nubes altas;15/04/18
IBE8526;MAD;PNA;BOMBARDIER CRJ-1000;Nubes altas;14/04/18
IBE8524;MAD;PNA;CANADAIR CRJ-900;Nubes altas;15/04/18
IBE8532;MAD;PNA;BOMBARDIER CRJ-1000;Nubes altas;15/04/18
IBE8526;MAD;PNA;BOMBARDIER CRJ-1000;Nubes altas;15/04/18
IBB656;VDE;TFN;ATR-72;Despejado;15/04/18
IBB662;VDE;TFN;ATR-72;Despejado;15/04/18
IBB668;VDE;TFN;ATR-72;Despejado;15/04/18
IBB366;VDE;LPA;ATR-72;Despejado;15/04/18
CNF248;VDE;TFN;ATR-72;Despejado;15/04/18
IBB674;VDE;TFN;ATR-72;Despejado;15/04/18
RYR1115;REU;DUB;BOEING 737-800 WINGLETS;Cubierto de nubes altas y medias;15/04/18
RYR9825;REU;LPL;BOEING 737-800 WINGLETS;Cubierto de nubes altas y medias;15/04/18
RYR9827;REU;HHN;BOEING 737-800 WINGLETS;Cubierto de nubes altas y medias;15/04/18
RYR8088;REU;BHX;BOEING 737-800 WINGLETS;Cubierto de nubes altas y medias;15/04/18
RYR2212;REU;EIN;BOEING 737-800 WINGLETS;Cubierto de nubes altas y medias;15/04/18
IBS9530;VLL;PMI;AIRBUS A320;Nubes altas;15/04/18
RYR2200;VLL;SVQ;BOEING 737-800 WINGLETS;Nubes altas;15/04/18
EVE1128;VLL;SVQ;AIRBUS A320;Nubes altas;15/04/18
RYR6321;VLL;BCN;BOEING 737-800 WINGLETS;Nubes altas;15/04/18
VLG1585;VLL;BCN;AIRBUS A320;Nubes altas;15/04/18
IBB651;TFN;GMZ;ATR-42/72;Despejado;15/04/18
IBB653;TFN;GMZ;ATR-42/72;Despejado;15/04/18
IBE2244;TFN;GMZ;ATR-72;Despejado;17/04/18
IBE8317;EAS;MAD;ATR-72;Nubes altas;15/04/18
VLG2487;EAS;BCN;AIRBUS A319;Nubes altas;15/04/18
IBE8319;EAS;MAD;ATR-72;Nubes altas;15/04/18
IBE8329;EAS;MAD;ATR-72;Nubes altas;15/04/18
IBE8315;EAS;MAD;ATR-72;Nubes altas;15/04/18
VLG2489;EAS;BCN;AIRBUS A319;Nubes altas;15/04/18
IBE8323;EAS;MAD;ATR-72;Nubes altas;15/04/18
EVE1605;SVQ;ZAZ;32A;Nubes altas;15/04/18
AEA2634;LEI;ZAZ;BOEING 737-800 WINGLETS;Despejado;15/04/18
VLG1291;LCG;BCN;AIRBUS A320;Chubascos dispersos;14/04/18
IBE0511;LCG;MAD;AIRBUS A320;Chubascos dispersos;15/04/18
VLG3133;LCG;LPA;32A;Chubascos dispersos;15/04/18
VLG1295;LCG;BCN;AIRBUS A320;Chubascos dispersos;15/04/18
TAP1085;LCG;LIS;ATR-72;Chubascos dispersos;15/04/18
VLG1293;LCG;BCN;AIRBUS A320;Chubascos dispersos;15/04/18
AEA7234;LCG;MAD;EMBRAER ERJ-195;Chubascos dispersos;15/04/18
VLG1298;LCG;SVQ;32A;Chubascos dispersos;15/04/18
AEA7236;LCG;MAD;EMBRAER ERJ-195;Chubascos dispersos;15/04/18
HTY228;AGP;JCU;AWH;Despejado;15/04/18
HTY118;AEI;JCU;AWH;Despejado;15/04/18
HTY140;AEI;JCU;AWH;Despejado;15/04/18
HTY260;AGP;JCU;AWH;Despejado;17/04/18
AEA7311;VGO;MAD;EMBRAER ERJ-195;Lluvia débil;15/04/18
IBE0531;VGO;MAD;AIRBUS A319;Lluvia débil;15/04/18
RYR242;VGO;DUB;BOEING 737-800 WINGLETS;Lluvia débil;15/04/18
RYR7132;VGO;BGY;BOEING 737-800 WINGLETS;Lluvia débil;15/04/18
AEA7315;VGO;MAD;EMBRAER ERJ-195;Lluvia débil;15/04/18
IBE0533;VGO;MAD;AIRBUS A319;Lluvia débil;15/04/18
LAV5464;VGO;TFN;BOEING 737-400;Lluvia débil;15/04/18
TAP1141;VGO;LIS;ATR-72;Lluvia débil;15/04/18
AEA7317;VGO;MAD;EMBRAER ERJ-195;Lluvia débil;15/04/18
WZZ1480;SDR;WAW;AIRBUS A320;Nubes altas;15/04/18
RYR7617;SDR;EDI;BOEING 737-800 WINGLETS;Nubes altas;15/04/18
RYR6385;SDR;BCN;BOEING 737-800 WINGLETS;Nubes altas;15/04/18
IBE0555;SDR;MAD;AIRBUS A319;Nubes altas;15/04/18
RYR9156;SDR;CIA;BOEING 737-800 WINGLETS;Nubes altas;15/04/18
RYR7153;SDR;DUB;BOEING 737-800 WINGLETS;Nubes altas;15/04/18
IBE0557;SDR;MAD;AIRBUS A319;Nubes altas;15/04/18
VLG1591;SDR;BCN;AIRBUS A320;Nubes altas;15/04/18
RYR6058;SDR;CRL;BOEING 737-800 WINGLETS;Nubes altas;15/04/18
RYR7366;SDR;NRN;BOEING 737-800 WINGLETS;Nubes altas;15/04/18
RYR2613;SDR;STN;BOEING 737-800 WINGLETS;Nubes altas;15/04/18
EZY8550;MJV;LGW;AIRBUS A319;Abertura de claros;15/04/18
EZY6014;MJV;BRS;AIRBUS A320;Abertura de claros;15/04/18
RYR1925;MJV;EMA;BOEING 737-800 WINGLETS;Abertura de claros;15/04/18
RYR4253;MJV;FRA;BOEING 737-800 WINGLETS;Abertura de claros;15/04/18
EZY8552;MJV;LGW;AIRBUS A319;Abertura de claros;15/04/18
RYR1940;MJV;EIN;BOEING 737-800 WINGLETS;Abertura de claros;15/04/18
RYR4117;MJV;MAN;BOEING 737-800 WINGLETS;Abertura de claros;15/04/18
EXS864;MJV;MAN;BOEING 737-800 WINGLETS;Abertura de claros;15/04/18
RYR8027;MJV;STN;BOEING 737-800 WINGLETS;Abertura de claros;15/04/18
RYR3453;MJV;LTN;BOEING 737-800 WINGLETS;Abertura de claros;15/04/18
RYR7095;MJV;DUB;BOEING 737-800 WINGLETS;Abertura de claros;15/04/18
IBE8261;MLN;AGP;ATR-72;Despejado;15/04/18
IBE8789;MLN;MAD;ATR-72;Despejado;15/04/18
IBE8791;MLN;MAD;ATR-72;Despejado;15/04/18
IBE8263;MLN;AGP;ATR-72;Despejado;15/04/18
IBE8793;MLN;MAD;ATR-72;Despejado;15/04/18
IBE8269;MLN;AGP;ATR-72;Despejado;15/04/18
IBE8271;MLN;AGP;ATR-72;Despejado;15/04/18
AEA5004;MLN;AGP;ATR-72;Despejado;15/04/18
IBE8277;MLN;AGP;ATR-72;Despejado;15/04/18
IBB655;TFN;VDE;ATR-72;Despejado;15/04/18
IBB659;TFN;VDE;ATR-72;Despejado;15/04/18
IBB663;TFN;VDE;ATR-72;Despejado;15/04/18
IBB365;LPA;VDE;ATR-72;Nubes altas;15/04/18
CNF247;TFN;VDE;ATR-42/72;Despejado;15/04/18
IBB673;TFN;VDE;ATR-72;Despejado;15/04/18
IBE0406;MAD;XRY;AIRBUS A319;Nubes altas;14/04/18
IBE0410;MAD;XRY;AIRBUS A320;Nubes altas;15/04/18
VLG2286;BCN;XRY;AIRBUS A320;Abertura de claros;15/04/18
RYR1283;BCN;XRY;BOEING 737-800 WINGLETS;Abertura de claros;15/04/18
IBE0404;MAD;XRY;AIRBUS A320;Nubes altas;15/04/18
IBE0406;MAD;XRY;AIRBUS A319;Nubes altas;15/04/18
TAP1021;MAD;LIS;AIRBUS A319;Nubes altas;14/04/18
WZZ3172;MAD;OTP;32B;Nubes altas;14/04/18
IBE8526;MAD;PNA;BOMBARDIER CRJ-1000;Nubes altas;14/04/18
RYR7157;MAD;DUB;BOEING 737-800 WINGLETS;Nubes altas;14/04/18
QTR152;MAD;DOH;359;Nubes altas;14/04/18
AIC136;MAD;DEL;BOEING 787-8;Nubes altas;14/04/18
IBE8396;MAD;ALC;BOMBARDIER CRJ-1000;Nubes altas;14/04/18
IBE3118;MAD;LIS;AIRBUS A320;Nubes altas;14/04/18
CES710;MAD;PVG;AIRBUS A330-200;Nubes altas;14/04/18
TAM8065;MAD;GRU;BOEING 777-300ER;Nubes altas;14/04/18
IBE6827;MAD;GRU;AIRBUS A330-300;Nubes altas;14/04/18
AFL2605;MAD;SVO;32B;Nubes altas;14/04/18
IBS9528;PMI;VLL;AIRBUS A320;Lluvia;15/04/18
RYR2199;SVQ;VLL;BOEING 737-800 WINGLETS;Nubes altas;15/04/18
EVE1127;SVQ;VLL;AIRBUS A320;Nubes altas;15/04/18
RYR6320;BCN;VLL;BOEING 737-800 WINGLETS;Abertura de claros;15/04/18
VLG1584;BCN;VLL;AIRBUS A320;Abertura de claros;15/04/18
BEL3776;LEI;BRU;AIRBUS A320;Despejado;15/04/18
EZY8164;LEI;LGW;AIRBUS A319;Despejado;15/04/18
IBE8595;LEI;MAD;BOMBARDIER CRJ-1000;Despejado;15/04/18
AEA2634;LEI;ZAZ;BOEING 737-800 WINGLETS;Despejado;15/04/18
IBE8213;LEI;PMI;CANADAIR CRJ-200;Despejado;15/04/18
VLG1252;LEI;BCN;AIRBUS A320;Despejado;15/04/18
IBE8577;LEI;MAD;CANADAIR CRJ-900;Despejado;15/04/18
AEA2888;LEI;BCN;BOEING 737-800 WINGLETS;Despejado;15/04/18
IBE8589;LEI;MAD;CANADAIR CRJ-200;Despejado;15/04/18
IBE8601;LEI;MAD;BOMBARDIER CRJ-1000;Despejado;15/04/18
AEA2648;LEI;BCN;BOEING 737-800 WINGLETS;Despejado;15/04/18
RYR8165;AGP;STN;BOEING 737-800 WINGLETS;Despejado;14/04/18
RYR7055;AGP;DUB;BOEING 737-800 WINGLETS;Despejado;14/04/18
WZZ4412;AGP;SOF;32B;Despejado;14/04/18
BEE4428;AGP;DSA;EMBRAER E-175;Despejado;14/04/18
TRA6110;AGP;AMS;BOEING 737-700 WINGLETS;Despejado;14/04/18
EZY8614;AGP;LGW;AIRBUS A319;Despejado;14/04/18
JAF6004;AGP;BRU;BOEING 737-700 WINGLETS;Despejado;14/04/18
AFL2529;AGP;SVO;BOEING 737-800 WINGLETS;Despejado;14/04/18
BAW2719;AGP;LGW;AIRBUS A320;Despejado;14/04/18
EZY2410;AGP;LTN;32A;Despejado;14/04/18
EZY6058;AGP;BRS;AIRBUS A319;Despejado;14/04/18
FIN1676;AGP;HEL;32B;Despejado;15/04/18
SAS6002;AGP;ARN;32A;Despejado;15/04/18
RYR2575;AGP;EIN;BOEING 737-800 WINGLETS;Despejado;14/04/18
AEA1039;AGP;CDG;BOEING 737-800 WINGLETS;Despejado;15/04/18
RYR2577;AGP;VST;BOEING 737-800 WINGLETS;Despejado;15/04/18
VLG2454;AGP;IBZ;AIRBUS A320;Despejado;15/04/18
IBE8949;BIO;VLC;BOMBARDIER CRJ-1000;Nubes altas;14/04/18
VOE3410;BIO;VIE;BOEING 717;Nubes altas;15/04/18
KLM1684;BIO;AMS;EMBRAER 190;Nubes altas;15/04/18
DLH1147;BIO;FRA;32A;Nubes altas;15/04/18
VLG2508;BIO;SVQ;32A;Nubes altas;15/04/18
VLG1431;BIO;BCN;32A;Nubes altas;15/04/18
VLG3280;BIO;ACE;AIRBUS A320;Nubes altas;15/04/18
AFR1377;BIO;CDG;EMBRAER 190;Nubes altas;15/04/18
TAP1065;BIO;LIS;ATR-42/72;Nubes altas;15/04/18
DLH1829;BIO;MUC;AIRBUS A319;Nubes altas;15/04/18
VLG3800;BIO;MAH;32A;Nubes altas;15/04/18
IBE0435;BIO;MAD;AIRBUS A319;Nubes altas;15/04/18
IBE8356;BIO;SCQ;CANADAIR CRJ-200;Nubes altas;15/04/18
AEA7156;BIO;MAD;EMBRAER ERJ-195;Nubes altas;15/04/18
VLG2486;BCN;EAS;AIRBUS A319;Abertura de claros;15/04/18
IBE8316;MAD;EAS;ATR-72;Nubes altas;15/04/18
IBE8322;MAD;EAS;ATR-72;Nubes altas;15/04/18
IBE8318;MAD;EAS;ATR-72;Nubes altas;15/04/18
VLG2488;BCN;EAS;AIRBUS A319;Abertura de claros;15/04/18
IBE8326;MAD;EAS;ATR-72;Nubes altas;15/04/18
IBE8324;MAD;EAS;ATR-72;Nubes altas;15/04/18
VLG2257;SVQ;BCN;AIRBUS A320;Nubes altas;14/04/18
RYR6397;SVQ;BCN;BOEING 737-800 WINGLETS;Nubes altas;15/04/18
VLG2223;SVQ;BCN;AIRBUS A320;Nubes altas;15/04/18
RYR5262;SVQ;BVA;BOEING 737-800 WINGLETS;Nubes altas;15/04/18
VLG3256;SVQ;TFN;AIRBUS A320;Nubes altas;15/04/18
TAP1101;SVQ;LIS;ATR-42/72;Nubes altas;15/04/18
RYR2470;SVQ;FKB;BOEING 737-800 WINGLETS;Nubes altas;15/04/18
VLG2253;SVQ;BCN;AIRBUS A320;Nubes altas;15/04/18
VLG2507;SVQ;BIO;32A;Nubes altas;15/04/18
IBS3947;SVQ;MAD;AIRBUS A320;Nubes altas;15/04/18
TVF3101;SVQ;ORY;BOEING 737-800 WINGLETS;Nubes altas;15/04/18
VLG2211;SVQ;BCN;AIRBUS A320;Nubes altas;15/04/18
IBE8841;SVQ;VLC;ATR-72;Nubes altas;15/04/18
VLG2251;SVQ;BCN;32B;Nubes altas;15/04/18
VLG2017;GRX;BCN;AIRBUS A320;Cubierto de nubes altas y medias;14/04/18
IBE8639;GRX;MAD;BOMBARDIER CRJ-1000;Cubierto de nubes altas y medias;15/04/18
VLG2011;GRX;BCN;32B;Cubierto de nubes altas y medias;15/04/18
IBE8641;GRX;MAD;BOMBARDIER CRJ-1000;Cubierto de nubes altas y medias;15/04/18
EZY2676;GRX;MXP;AIRBUS A319;Cubierto de nubes altas y medias;15/04/18
VLG2021;GRX;BCN;Sin especificar;Cubierto de nubes altas y medias;15/04/18
AEA5200;GRX;PMI;EMBRAER ERJ-195;Cubierto de nubes altas y medias;15/04/18
VLG3932;GRX;PMI;AIRBUS A320;Cubierto de nubes altas y medias;15/04/18
IBE8645;GRX;MAD;BOMBARDIER CRJ-1000;Cubierto de nubes altas y medias;15/04/18
ENT513;GRX;ARN;BOEING 737-800 WINGLETS;Cubierto de nubes altas y medias;15/04/18
ENT574;GRX;ARN;BOEING 737-800;Cubierto de nubes altas y medias;15/04/18
IBE8649;GRX;MAD;BOMBARDIER CRJ-1000;Cubierto de nubes altas y medias;15/04/18
VLG2015;GRX;BCN;AIRBUS A320;Cubierto de nubes altas y medias;15/04/18
BAW3290;GRX;LCY;EMBRAER 190;Cubierto de nubes altas y medias;15/04/18
VLG2017;GRX;BCN;32B;Cubierto de nubes altas y medias;15/04/18
TOM1643;ALC;NCL;BOEING 737-800 WINGLETS;Nubes altas;14/04/18
RYR8297;ALC;BRS;BOEING 737-800 WINGLETS;Nubes altas;14/04/18
JAF6468;ALC;OST;EMBRAER 190;Nubes altas;14/04/18
TRA6150;ALC;AMS;BOEING 737-800 WINGLETS;Nubes altas;14/04/18
WOW617;ALC;KEF;32A;Nubes altas;14/04/18
EZY2228;ALC;LTN;AIRBUS A319;Nubes altas;14/04/18
EZY6076;ALC;BRS;AIRBUS A319;Nubes altas;14/04/18
EZY8672;ALC;LGW;AIRBUS A319;Nubes altas;14/04/18
IBK5420;ALC;HEL;BOEING 737-800 WINGLETS;Nubes altas;15/04/18
VLG7396;ALC;ALG;32A;Nubes altas;15/04/18
IBK5350;ALC;ARN;BOEING 737-800 WINGLETS;Nubes altas;15/04/18
VLG8253;ALC;ORY;32A;Nubes altas;15/04/18
ANE8397;ALC;MAD;BOMBARDIER CRJ-1000;Nubes altas;15/04/18
RYR7522;ALC;EIN;BOEING 737-800 WINGLETS;Nubes altas;15/04/18
VLG1311;ALC;BCN;32A;Nubes altas;15/04/18
VLG7390;ALC;ORN;AIRBUS A320;Nubes altas;15/04/18
VLG1294;BCN;LCG;AIRBUS A320;Abertura de claros;15/04/18
VLG1292;BCN;LCG;AIRBUS A320;Abertura de claros;15/04/18
AEA7233;MAD;LCG;EMBRAER ERJ-195;Nubes altas;15/04/18
LZF441;BIO;LCG;ATR 42-300/320;Nubes altas;15/04/18
VLG3132;LPA;LCG;AIRBUS A320;Nubes altas;15/04/18
AEA7235;MAD;LCG;EMBRAER ERJ-195;Nubes altas;15/04/18
VLG1572;OVD;BCN;AIRBUS A320;Nubes altas;15/04/18
VOE3584;OVD;ALC;BOEING 717;Nubes altas;15/04/18
IBS3981;OVD;MAD;AIRBUS A320;Nubes altas;15/04/18
VLG1574;OVD;BCN;AIRBUS A320;Nubes altas;15/04/18
IBE0479;OVD;MAD;32A;Nubes altas;15/04/18
EZY3084;OVD;STN;AIRBUS A319;Nubes altas;15/04/18
IBE8335;OVD;VLC;ATR-72;Nubes altas;15/04/18
IBE0475;OVD;MAD;AIRBUS A321;Nubes altas;15/04/18
IBE8332;OVD;PMI;CANADAIR CRJ-200;Nubes altas;15/04/18
VLG3865;OVD;PMI;AIRBUS A320;Nubes altas;15/04/18
VOE3925;OVD;AGP;BOEING 717;Nubes altas;15/04/18
IBE0487;OVD;MAD;AIRBUS A320;Nubes altas;15/04/18
VLG1578;OVD;BCN;AIRBUS A320;Nubes altas;15/04/18
VOE3831;OVD;SVQ;BOEING 717;Nubes altas;15/04/18
TAP1113;OVD;LIS;ATR-72;Nubes altas;15/04/18
IBE0481;OVD;MAD;32A;Nubes altas;15/04/18
SAS7736;LPA;BLL;AIRBUS A321;Nubes altas;14/04/18
EZY8696;LPA;LGW;AIRBUS A320;Nubes altas;14/04/18
TFL644;LPA;AMS;BOEING 767-300 WINGLETS;Nubes altas;14/04/18
JAF6182;LPA;BRU;BOEING 737-800 WINGLETS;Nubes altas;14/04/18
OLY605;LPA;HAJ;AIRBUS A319;Nubes altas;14/04/18
KRP2861;LPA;VIT;FOKKER 100;Nubes altas;14/04/18
EXS144;LPA;GLA;BOEING 737-800 WINGLETS;Nubes altas;14/04/18
AEA9423;LPA;TFN;BOEING 737-800 WINGLETS;Nubes altas;14/04/18
VOE2739;LPA;NTE;AIRBUS A319;Nubes altas;14/04/18
EZS1138;LPA;BSL;AIRBUS A320;Nubes altas;15/04/18
IBK5950;LPA;HAM;BOEING 737-800 WINGLETS;Nubes altas;15/04/18
IBS3835;LPA;MAD;AIRBUS A321;Nubes altas;15/04/18
RYR3804;LPA;MAN;BOEING 737-800 WINGLETS;Nubes altas;15/04/18
RYR2535;LPA;LBA;BOEING 737-800 WINGLETS;Nubes altas;15/04/18
RYR2967;LPA;BUD;BOEING 737-800 WINGLETS;Nubes altas;15/04/18
AEA9403;LPA;TFN;ATR-72;Nubes altas;15/04/18
AEA9431;LPA;FUE;ATR-72;Nubes altas;15/04/18
AEA9018;LPA;MAD;BOEING 737-800 WINGLETS;Nubes altas;15/04/18
VLG3001;LPA;BCN;AIRBUS A321;Nubes altas;15/04/18
AUI940;VLC;IFO;EMBRAER 190;Abertura de claros;15/04/18
AEA1005;VLC;CDG;BOEING 737-800 WINGLETS;Abertura de claros;15/04/18
RYR7222;VLC;SCQ;BOEING 737-800 WINGLETS;Abertura de claros;15/04/18
DLH1165;VLC;FRA;AIRBUS A321;Abertura de claros;15/04/18
RYR9394;VLC;CRA;BOEING 737-800 WINGLETS;Abertura de claros;15/04/18
VLG8152;VLC;ORY;AIRBUS A320;Abertura de claros;15/04/18
IBE8840;VLC;SVQ;ATR-72;Abertura de claros;15/04/18
RYR8725;VLC;BRI;BOEING 737-800 WINGLETS;Abertura de claros;15/04/18
RYR2228;VLC;KRK;BOEING 737-800 WINGLETS;Abertura de claros;15/04/18
AEA4004;VLC;PMI;ATR-72;Abertura de claros;15/04/18
SWR2141;VLC;ZRH;AIRBUS A320;Abertura de claros;15/04/18
RYR2986;VLC;BRU;BOEING 737-800 WINGLETS;Abertura de claros;15/04/18
TRA6338;VLC;AMS;BOEING 737-700 WINGLETS;Abertura de claros;15/04/18
IBE8993;VLC;MAD;CANADAIR CRJ-900;Abertura de claros;15/04/18
CPA1870;VLC;MAD;CANADAIR CRJ-900;Abertura de claros;15/04/18
WZZ4406;BCN;SOF;32B;Abertura de claros;14/04/18
RYR7545;BCN;MAN;BOEING 737-800 WINGLETS;Abertura de claros;14/04/18
VLG3530;BCN;IBZ;32A;Abertura de claros;14/04/18
RYR6368;BCN;PMI;BOEING 737-800 WINGLETS;Abertura de claros;14/04/18
UAE0188;BCN;DXB;AIRBUS A380;Abertura de claros;14/04/18
TAM8115;BCN;GRU;BOEING 767-300 WINGLETS;Abertura de claros;14/04/18
VLG3914;BCN;PMI;AIRBUS A320;Abertura de claros;14/04/18
FIN1652;BCN;HEL;AIRBUS A320;Abertura de claros;14/04/18
VLG7892;BCN;LED;AIRBUS A320;Abertura de claros;14/04/18
VLG7844;BCN;TLV;AIRBUS A320;Abertura de claros;14/04/18
TAP1031;BCN;OPO;AIRBUS A319;Abertura de claros;14/04/18
ELY392;BCN;TLV;BOEING 767-300;Abertura de claros;14/04/18
AFL2513;BCN;SVO;32B;Abertura de claros;15/04/18
VLG7517;BCN;MSQ;32A;Abertura de claros;15/04/18
RYR2085;IBZ;MAD;BOEING 737-800 WINGLETS;Llovizna;14/04/18
RYR8140;IBZ;BCN;BOEING 737-800 WINGLETS;Llovizna;14/04/18
IBK2461;IBZ;LGW;BOEING 737-800 WINGLETS;Llovizna;14/04/18
VLG3547;IBZ;BCN;32A;Llovizna;14/04/18
VLG3418;IBZ;MAD;AIRBUS A320;Llovizna;14/04/18
VLG3523;IBZ;BCN;AIRBUS A320;Llovizna;14/04/18
VLG3531;IBZ;BCN;32A;Llovizna;14/04/18
IBE8101;IBZ;PMI;BOMBARDIER CRJ-1000;Llovizna;15/04/18
RYR3542;IBZ;EIN;BOEING 737-800 WINGLETS;Llovizna;14/04/18
AEA1701;IBZ;PMI;ATR-72;Llovizna;15/04/18
EWG3561;IBZ;HAJ;AIRBUS A319;Llovizna;15/04/18
VLG2455;IBZ;AGP;AIRBUS A320;Llovizna;15/04/18
RYR8137;IBZ;BCN;BOEING 737-800 WINGLETS;Llovizna;15/04/18
VLG3541;IBZ;BCN;AIRBUS A320;Llovizna;15/04/18
RYR5355;IBZ;MAD;BOEING 737-800 WINGLETS;Llovizna;15/04/18
VLG3434;IBZ;MAD;AIRBUS A320;Llovizna;15/04/18
EZY2692;IBZ;MXP;32A;Llovizna;15/04/18
IBS3945;TFN;MAD;AIRBUS A320;Despejado;15/04/18
IBB452;TFN;ACE;ATR-42/72;Despejado;15/04/18
IBB414;TFN;FUE;ATR-42/72;Despejado;15/04/18
IBK6378;TFN;MAD;BOEING 737-800 WINGLETS;Despejado;15/04/18
AEA9045;TFN;MAD;BOEING 737-800 WINGLETS;Despejado;15/04/18
AEA7007;TFN;BIO;BOEING 737-800 WINGLETS;Despejado;15/04/18
IBB605;TFN;SPC;ATR-42/72;Despejado;15/04/18
CNF412;TFN;SPC;ATR-42/72;Despejado;15/04/18
IBB655;TFN;VDE;ATR-72;Despejado;15/04/18
IBB607;TFN;SPC;ATR-42/72;Despejado;15/04/18
IBB102;TFN;LPA;BOMBARDIER CRJ-1000;Despejado;15/04/18
AEA9461;TFN;SPC;ATR-72;Despejado;15/04/18
VLG3257;TFN;SVQ;AIRBUS A320;Despejado;15/04/18
IBB108;TFN;LPA;ATR-72;Despejado;15/04/18
IBE8367;SCQ;PMI;BOMBARDIER CRJ-1000;Chubascos dispersos;14/04/18
RYR4579;SCQ;BGY;BOEING 737-800 WINGLETS;Chubascos dispersos;15/04/18
VLG3247;SCQ;TFN;AIRBUS A320;Chubascos dispersos;15/04/18
RYR7223;SCQ;VLC;BOEING 737-800 WINGLETS;Chubascos dispersos;15/04/18
RYR6333;SCQ;BCN;BOEING 737-800 WINGLETS;Chubascos dispersos;15/04/18
EZS1338;SCQ;GVA;AIRBUS A320;Chubascos dispersos;15/04/18
IBS3877;SCQ;MAD;AIRBUS A321;Chubascos dispersos;15/04/18
IBE8365;SCQ;PMI;CANADAIR CRJ-200;Chubascos dispersos;15/04/18
VLG1671;SCQ;BCN;32A;Chubascos dispersos;15/04/18
EZS1180;SCQ;BSL;AIRBUS A319;Chubascos dispersos;15/04/18
DLH1867;SCQ;MUC;AIRBUS A320;Chubascos dispersos;15/04/18
RYR3042;SCQ;SVQ;BOEING 737-800 WINGLETS;Chubascos dispersos;15/04/18
RYR8379;SCQ;STN;BOEING 737-800 WINGLETS;Chubascos dispersos;15/04/18
VLG1677;SCQ;BCN;AIRBUS A320;Chubascos dispersos;15/04/18
VLG2654;SCQ;AGP;AIRBUS A320;Chubascos dispersos;15/04/18
RYR8539;SCQ;ALC;BOEING 737-800 WINGLETS;Chubascos dispersos;15/04/18
IBS3879;SCQ;MAD;AIRBUS A320;Chubascos dispersos;15/04/18
RYR724;SCQ;PMI;BOEING 737-800 WINGLETS;Chubascos dispersos;15/04/18
RYR9123;GRO;EIN;BOEING 737-800 WINGLETS;Nubosidad variable;15/04/18
RYR7083;GRO;OMR;BOEING 737-800 WINGLETS;Nubosidad variable;15/04/18
RYR9555;GRO;FMM;BOEING 737-800 WINGLETS;Nubosidad variable;15/04/18
RYR6901;GRO;CRL;BOEING 737-800 WINGLETS;Nubosidad variable;15/04/18
RYR9305;GRO;LPL;BOEING 737-800 WINGLETS;Nubosidad variable;15/04/18
RYR9172;GRO;WRO;BOEING 737-800 WINGLETS;Nubosidad variable;15/04/18
RYR4125;GRO;HHN;BOEING 737-800 WINGLETS;Nubosidad variable;15/04/18
RYR7037;GRO;DUB;BOEING 737-800 WINGLETS;Nubosidad variable;15/04/18
RYR9364;GRO;PSR;BOEING 737-800 WINGLETS;Nubosidad variable;15/04/18
RYR9241;GRO;PSA;BOEING 737-800 WINGLETS;Nubosidad variable;15/04/18
RYR9803;GRO;STN;BOEING 737-800 WINGLETS;Nubosidad variable;15/04/18
PBD832;GRO;VKO;BOEING 737-800 WINGLETS;Nubosidad variable;15/04/18
RYR9211;GRO;FKB;BOEING 737-800 WINGLETS;Nubosidad variable;15/04/18
RYR9335;GRO;BRS;BOEING 737-800 WINGLETS;Nubosidad variable;15/04/18
RYR5122;GRO;POZ;BOEING 737-800 WINGLETS;Nubosidad variable;15/04/18
RYR9303;GRO;EDI;BOEING 737-800 WINGLETS;Nubosidad variable;15/04/18
RYR1131;GRO;EMA;BOEING 737-800 WINGLETS;Nubosidad variable;15/04/18
RYR6903;GRO;CRL;BOEING 737-800 WINGLETS;Nubosidad variable;15/04/18
RYR6391;GRO;NRN;BOEING 737-800 WINGLETS;Nubosidad variable;15/04/18
TRA5766;GRO;AMS;BOEING 737-800 WINGLETS;Nubosidad variable;15/04/18
VLG3719;MAH;BCN;32B;Lluvia moderada;14/04/18
IBE8481;MAH;PMI;BOMBARDIER CRJ-1000;Lluvia moderada;15/04/18
AAL8615;MAH;MAD;BOMBARDIER CRJ-1000;Lluvia moderada;15/04/18
IBE8951;MAH;MAD;BOMBARDIER CRJ-1000;Lluvia moderada;15/04/18
IBE8495;MAH;PMI;ATR-42/72;Lluvia moderada;15/04/18
VLG3713;MAH;BCN;AIRBUS A320;Lluvia moderada;15/04/18
IBE8483;MAH;PMI;BOMBARDIER CRJ-1000;Lluvia moderada;15/04/18
VLG3801;MAH;BIO;32A;Lluvia moderada;15/04/18
VLG3715;MAH;BCN;AIRBUS A320;Lluvia moderada;15/04/18
IBE8662;MAH;BIO;BOMBARDIER CRJ-1000;Lluvia moderada;15/04/18
AEA4532;MAH;PMI;ATR-72;Lluvia moderada;15/04/18
IBE8957;MAH;MAD;BOMBARDIER CRJ-1000;Lluvia moderada;15/04/18
IBE8499;MAH;PMI;ATR-42/72;Lluvia moderada;15/04/18
AEA4530;MAH;PMI;ATR-72;Lluvia moderada;15/04/18
IBE8491;MAH;PMI;CANADAIR CRJ-200;Lluvia moderada;15/04/18
IBE8493;MAH;PMI;BOMBARDIER CRJ-1000;Lluvia moderada;15/04/18
IBE8029;MAH;MAD;CANADAIR CRJ-900;Lluvia moderada;15/04/18
IBE8262;AGP;MLN;ATR-72;Despejado;15/04/18
IBE8792;MAD;MLN;ATR-72;Nubes altas;15/04/18
IBE8790;MAD;MLN;ATR-72;Nubes altas;15/04/18
IBE8264;AGP;MLN;ATR-72;Despejado;15/04/18
IBE8270;AGP;MLN;ATR-72;Despejado;15/04/18
AEA5005;AGP;MLN;ATR-72;Despejado;15/04/18
IBE8798;MAD;MLN;ATR-72;Nubes altas;15/04/18
IBE8274;AGP;MLN;ATR-72;Despejado;15/04/18
EXS706B;ACE;EDI;BOEING 737-800 WINGLETS;Nubes altas;14/04/18
EXS632B;ACE;EMA;BOEING 737-800 WINGLETS;Nubes altas;14/04/18
VLG3136;ACE;SCQ;AIRBUS A320;Nubes altas;14/04/18
IBB457;ACE;TFN;ATR-42/72;Nubes altas;14/04/18
EZY6732;ACE;BFS;32A;Nubes altas;14/04/18
EXS566;ACE;NCL;BOEING 737-800 WINGLETS;Nubes altas;14/04/18
EZY8684;ACE;LGW;32A;Nubes altas;14/04/18
EZY7158;ACE;LPL;32A;Nubes altas;14/04/18
CNF784;ACE;LPA;ATR-72;Nubes altas;14/04/18
TVP7331;ACE;KTW;BOEING 737-800 WINGLETS;Nubes altas;14/04/18
RYR3493;ACE;SXF;BOEING 737-800 WINGLETS;Nubes altas;15/04/18
RYR3812;ACE;LPL;BOEING 737-800 WINGLETS;Nubes altas;15/04/18
RYR4002;ACE;BGY;BOEING 737-800 WINGLETS;Nubes altas;15/04/18
IBB501;ACE;LPA;BOMBARDIER CRJ-1000;Nubes altas;15/04/18
IBB453;ACE;TFN;ATR-42/72;Nubes altas;15/04/18
CNF704;ACE;LPA;ATR-72;Nubes altas;15/04/18
VLG3281;ACE;BIO;AIRBUS A320;Nubes altas;15/04/18
TRA5686;ACE;AMS;BOEING 737-800 WINGLETS;Nubes altas;15/04/18
RYR1587;ACE;FRA;BOEING 737-800 WINGLETS;Nubes altas;15/04/18
BEL3788;ACE;BRU;AIRBUS A320;Nubes altas;15/04/18
EXS382;TFS;BFS;BOEING 737-300 WINGLETS;Despejado;14/04/18
VOE2807;TFS;NTE;AIRBUS A319;Despejado;14/04/18
JAF6938;TFS;BRU;7M8;Despejado;14/04/18
EXS244;TFS;LBA;BOEING 737-800 WINGLETS;Despejado;14/04/18
VOE2565;TFS;TLS;AIRBUS A319;Despejado;14/04/18
OLY647;TFS;CGN;AIRBUS A321;Despejado;14/04/18
EZY8710;TFS;LGW;32A;Despejado;14/04/18
JAF6912;TFS;LGG;BOEING 737-700 WINGLETS;Despejado;14/04/18
VLG6792;TFS;LYS;32A;Despejado;15/04/18
RYR2545;TFS;NCL;BOEING 737-800 WINGLETS;Despejado;15/04/18
RYR1513;TFS;BVA;BOEING 737-800 WINGLETS;Despejado;15/04/18
IBS3927;TFS;MAD;32A;Despejado;15/04/18
RYR2561;TFS;BFS;BOEING 737-800 WINGLETS;Despejado;15/04/18
DK1409;TFS;ORB;32B;Despejado;15/04/18
IBK6420;TFS;OSL;BOEING 737-800 WINGLETS;Despejado;15/04/18
TOM5751;TFS;NWI;BOEING 737-800 WINGLETS;Despejado;15/04/18
OLY726;TFS;FUE;AIRBUS A321;Despejado;15/04/18
RYR2914;TFS;MAD;BOEING 737-800 WINGLETS;Despejado;15/04/18
IBK6450;TFS;ARN;BOEING 737-800 WINGLETS;Despejado;15/04/18
AEA7308;MAD;VGO;EMBRAER ERJ-195;Nubes altas;15/04/18
AEA7302;MAD;VGO;EMBRAER ERJ-195;Nubes altas;15/04/18
IBE0532;MAD;VGO;AIRBUS A320;Nubes altas;15/04/18
LAV5463;TFN;VGO;BOEING 737-400;Despejado;15/04/18
AEA7300;MAD;VGO;EMBRAER ERJ-195;Nubes altas;15/04/18
IBE0534;MAD;VGO;AIRBUS A320;Nubes altas;15/04/18
RYR245;BCN;VGO;BOEING 737-800 WINGLETS;Abertura de claros;15/04/18
AEA7306;MAD;VGO;EMBRAER ERJ-195;Nubes altas;15/04/18
RYR6384;BCN;SDR;BOEING 737-800 WINGLETS;Abertura de claros;15/04/18
IBE0554;MAD;SDR;AIRBUS A319;Nubes altas;15/04/18
IBE0556;MAD;SDR;AIRBUS A319;Nubes altas;15/04/18
VLG1590;BCN;SDR;AIRBUS A320;Abertura de claros;15/04/18
IBE8878;MAD;SDR;CANADAIR CRJ-900;Nubes altas;15/04/18
ANE8496;PMI;MAH;BOMBARDIER CRJ-1000;Lluvia;14/04/18
EZY1912;PMI;MAN;32A;Lluvia;14/04/18
DK1565;PMI;OSL;AIRBUS A330-300;Lluvia;14/04/18
EZY6896;PMI;GLA;32A;Lluvia;14/04/18
EZY3218;PMI;STN;AIRBUS A319;Lluvia;14/04/18
VLG3149;PMI;AGP;AIRBUS A320;Lluvia;14/04/18
EWG591;PMI;CGN;32A;Lluvia;14/04/18
EWG4173;PMI;NUE;BOEING 737-700 WINGLETS;Lluvia;14/04/18
RYR7215;PMI;VLC;BOEING 737-800 WINGLETS;Lluvia;14/04/18
RYR2163;PMI;BHX;BOEING 737-800 WINGLETS;Lluvia;14/04/18
EWG583;PMI;CGN;AIRBUS A320;Lluvia;14/04/18
VLG3901;PMI;BCN;32B;Lluvia;14/04/18
EWG6814;PMI;NUE;AIRBUS A320;Lluvia;14/04/18
EWG597;PMI;CGN;AIRBUS A319;Lluvia;14/04/18
IBK2425;PMI;LGW;BOEING 737-800 WINGLETS;Lluvia;14/04/18
EZY7146;PMI;LPL;AIRBUS A319;Lluvia;14/04/18
EWG6806;PMI;FMO;32A;Lluvia;14/04/18
EZY6046;PMI;BRS;AIRBUS A320;Lluvia;14/04/18
EZY1514;PMI;GVA;32A;Lluvia;15/04/18
EZY3501;PMI;STR;32A;Lluvia;15/04/18
RYR9998;PMI;DUB;BOEING 737-800 WINGLETS;Lluvia;14/04/18
RYR2052;PMI;MAD;BOEING 737-800 WINGLETS;Lluvia;15/04/18
IBS3917;PMI;MAD;AIRBUS A320;Lluvia;15/04/18
IBB318;SPC;LPA;ATR-42/72;Nubes altas;14/04/18
IBB606;SPC;TFN;ATR-42/72;Nubes altas;15/04/18
IBB304;SPC;LPA;ATR-72;Nubes altas;15/04/18
CNF413;SPC;TFN;ATR-42/72;Nubes altas;15/04/18
IBB608;SPC;TFN;ATR-72;Nubes altas;15/04/18
TVS2434;SPC;CDG;BOEING 737-800 WINGLETS;Nubes altas;15/04/18
AEA9462;SPC;TFN;ATR-72;Nubes altas;15/04/18
CNF419;SPC;TFN;ATR-42/72;Nubes altas;15/04/18
IBB610;SPC;TFN;ATR-42/72;Nubes altas;15/04/18
AEA9464;SPC;TFN;ATR-72;Nubes altas;15/04/18
IBB620;SPC;TFN;ATR-42/72;Nubes altas;15/04/18
IBB622;SPC;TFN;ATR-72;Nubes altas;15/04/18
IBS3843;SPC;MAD;AIRBUS A320;Nubes altas;15/04/18
IBB630;SPC;TFN;ATR-42/72;Nubes altas;15/04/18
CNF453;SPC;TFN;ATR-72;Nubes altas;15/04/18
IBB312;SPC;LPA;BOMBARDIER CRJ-1000;Nubes altas;15/04/18
DE1407;SPC;FRA;BOEING 757-300 WINGLETS;Nubes altas;15/04/18
IBB632;SPC;TFN;ATR-42/72;Nubes altas;15/04/18
AEA9466;SPC;TFN;ATR-72;Nubes altas;15/04/18
IBB634;SPC;TFN;ATR-72;Nubes altas;15/04/18
IBB636;SPC;TFN;ATR-42/72;Nubes altas;15/04/18
AEA9480;SPC;TFN;ATR-72;Nubes altas;15/04/18
EIN771;FUE;DUB;AIRBUS A320;Nubes altas;14/04/18
EZY8538;FUE;LGW;32A;Nubes altas;14/04/18
IBB235;FUE;LPA;ATR-72;Nubes altas;14/04/18
CNF884;FUE;LPA;ATR-42/72;Nubes altas;14/04/18
IBB203;FUE;LPA;ATR-72;Nubes altas;15/04/18
AEA9432;FUE;LPA;ATR-72;Nubes altas;15/04/18
IBB415;FUE;TFN;ATR-42/72;Nubes altas;15/04/18
VLG3147;FUE;AGP;AIRBUS A320;Nubes altas;15/04/18
ENT898;FUE;CDG;BOEING 737-800;Nubes altas;15/04/18
ENT893;FUE;LYS;BOEING 737-800;Nubes altas;15/04/18
CNF804;FUE;LPA;ATR-42/72;Nubes altas;15/04/18
OLY727;FUE;ZRH;AIRBUS A321;Nubes altas;15/04/18
TVS3499;FUE;LYS;BOEING 737-800 WINGLETS;Nubes altas;15/04/18
TVS3427;FUE;RNS;BOEING 737-800 WINGLETS;Nubes altas;15/04/18
EDW213;FUE;ZRH;AIRBUS A320;Nubes altas;15/04/18
TRA6706;FUE;AMS;BOEING 737-800 WINGLETS;Nubes altas;15/04/18
RYR8627;FUE;NRN;BOEING 737-800 WINGLETS;Nubes altas;15/04/18
EWG1813;FUE;MUC;32A;Nubes altas;15/04/18
LGL734;FUE;LUX;BOEING 737-800 WINGLETS;Nubes altas;15/04/18
IBB211;FUE;LPA;ATR-42/72;Nubes altas;15/04/18
RYR8183;FUE;STN;BOEING 737-800 WINGLETS;Nubes altas;15/04/18
IBE2101;BCN;MAD;AIRBUS A321;Abertura de claros;14/04/18
IBS3953;SVQ;MAD;AIRBUS A320;Nubes altas;14/04/18
AEA7160;BIO;MAD;EMBRAER ERJ-195;Nubes altas;14/04/18
VLG9771;BCN;MAD;AIRBUS A321;Abertura de claros;14/04/18
IBS3833;LPA;MAD;AIRBUS A320;Nubes altas;14/04/18
IBS3939;TFN;MAD;AIRBUS A320;Despejado;14/04/18
IBE8594;MAD;LEI;BOMBARDIER CRJ-1000;Nubes altas;15/04/18
AEA2887;BCN;LEI;BOEING 737-800 WINGLETS;Abertura de claros;15/04/18
VLG1251;BCN;LEI;AIRBUS A320;Abertura de claros;15/04/18
IBE8598;MAD;LEI;CANADAIR CRJ-900;Nubes altas;15/04/18
AEA2633;ZAZ;LEI;BOEING 737-800 WINGLETS;Nubes altas;15/04/18
IBE8212;PMI;LEI;CANADAIR CRJ-200;Despejado;17/04/18
IBE8592;MAD;LEI;BOMBARDIER CRJ-1000;Nubes altas;15/04/18
AEA2647;BCN;LEI;BOEING 737-800 WINGLETS;Abertura de claros;15/04/18
IBE8588;MAD;LEI;CANADAIR CRJ-200;Nubes altas;15/04/18
IBE8933;SVQ;LEI;CANADAIR CRJ-200;Nubes altas;15/04/18
IBE8600;MAD;LEI;BOMBARDIER CRJ-1000;Nubes altas;15/04/18
IBE8386;ALC;BIO;BOMBARDIER CRJ-1000;Despejado;17/04/18
VLG3275;LPA;BIO;AIRBUS A320;Nubes altas;14/04/18
VLG3945;PMI;BIO;AIRBUS A320;Lluvia;14/04/18
AEA7161;MAD;BIO;EMBRAER ERJ-195;Nubes altas;15/04/18
VLG2608;AGP;BIO;AIRBUS A320;Despejado;15/04/18
VLG1418;BCN;BIO;AIRBUS A320;Abertura de claros;15/04/18
IBS9522;PMI;BIO;AIRBUS A320;Lluvia;15/04/18
VLG1432;BCN;BIO;AIRBUS A320;Abertura de claros;15/04/18
VLG2507;SVQ;BIO;32A;Nubes altas;15/04/18
VLG2016;BCN;GRX;AIRBUS A320;Abertura de claros;14/04/18
IBE8648;MAD;GRX;BOMBARDIER CRJ-1000;Nubes altas;14/04/18
VLG2010;BCN;GRX;32B;Abertura de claros;15/04/18
IBE8640;MAD;GRX;BOMBARDIER CRJ-1000;Nubes altas;15/04/18
VLG2020;BCN;GRX;AIRBUS A320;Abertura de claros;15/04/18
AEA5201;PMI;GRX;EMBRAER ERJ-195;Lluvia;15/04/18
VLG3933;PMI;GRX;AIRBUS A320;Lluvia;15/04/18
IBE8646;MAD;GRX;BOMBARDIER CRJ-1000;Nubes altas;15/04/18
IBE8642;MAD;GRX;BOMBARDIER CRJ-1000;Nubes altas;15/04/18
VLG2014;BCN;GRX;AIRBUS A320;Abertura de claros;15/04/18
VLG2016;BCN;GRX;32B;Abertura de claros;15/04/18
IBE8648;MAD;GRX;BOMBARDIER CRJ-1000;Nubes altas;15/04/18
RYR5676;PMI;AGP;BOEING 737-800 WINGLETS;Lluvia;14/04/18
VLG3149;PMI;AGP;AIRBUS A320;Lluvia;14/04/18
AEA9408;TFN;LPA;ATR-72;Despejado;14/04/18
IBB192;TFN;LPA;BOMBARDIER CRJ-1000;Despejado;14/04/18
IBB537;ACE;LPA;ATR-72;Nubes altas;14/04/18
AEA9446;ACE;LPA;ATR-72;Nubes altas;14/04/18
AEA9172;MAD;LPA;BOEING 737-800 WINGLETS;Nubes altas;14/04/18
IBB318;SPC;LPA;ATR-42/72;Nubes altas;14/04/18
IBB235;FUE;LPA;ATR-72;Nubes altas;14/04/18
CNF884;FUE;LPA;ATR-42/72;Nubes altas;14/04/18
IBS3834;MAD;LPA;AIRBUS A321;Nubes altas;14/04/18
IBK5807;MAD;LPA;BOEING 737-800 WINGLETS;Nubes altas;14/04/18
CNF784;ACE;LPA;ATR-72;Nubes altas;14/04/18
RYR7724;SVQ;LPA;BOEING 737-800 WINGLETS;Nubes altas;14/04/18
RYR7004;SCQ;LPA;BOEING 737-800 WINGLETS;Chubascos dispersos;14/04/18
RYR2011;MAD;LPA;BOEING 737-800 WINGLETS;Nubes altas;14/04/18
VLG1573;BCN;OVD;AIRBUS A320;Abertura de claros;15/04/18
IBE8334;VLC;OVD;CANADAIR CRJ-200;Abertura de claros;15/04/18
IBE0488;MAD;OVD;AIRBUS A321;Nubes altas;15/04/18
IBE8333;PMI;OVD;CANADAIR CRJ-200;Despejado;17/04/18
VLG1579;BCN;OVD;AIRBUS A320;Abertura de claros;15/04/18
VOE3585;ALC;OVD;BOEING 717;Nubes altas;15/04/18
IBE0476;MAD;OVD;AIRBUS A320;Nubes altas;15/04/18
VLG3864;PMI;OVD;AIRBUS A320;Lluvia;15/04/18
VOE3924;AGP;OVD;BOEING 717;Despejado;15/04/18
VOE3830;SVQ;OVD;BOEING 717;Nubes altas;15/04/18
VLG1571;BCN;OVD;AIRBUS A320;Abertura de claros;15/04/18
VLG3517;IBZ;BCN;AIRBUS A320;Llovizna;14/04/18
RYR6369;PMI;BCN;BOEING 737-800 WINGLETS;Lluvia;14/04/18
VLG3919;PMI;BCN;32A;Lluvia;14/04/18
ANE8396;MAD;ALC;BOMBARDIER CRJ-1000;Despejado;17/04/18
AEA4047;MAD;ALC;ATR-72;Nubes altas;15/04/18
AEA1712;PMI;IBZ;ATR-72;Lluvia;14/04/18
RYR8141;BCN;IBZ;BOEING 737-800 WINGLETS;Abertura de claros;14/04/18
VLG3417;MAD;IBZ;AIRBUS A320;Nubes altas;14/04/18
VLG3522;BCN;IBZ;AIRBUS A320;Abertura de claros;14/04/18
VLG3530;BCN;IBZ;32A;Abertura de claros;14/04/18
VLG2454;AGP;IBZ;AIRBUS A320;Despejado;15/04/18
RYR8136;BCN;IBZ;BOEING 737-800 WINGLETS;Abertura de claros;15/04/18
VLG3540;BCN;IBZ;AIRBUS A320;Abertura de claros;15/04/18
RYR5354;MAD;IBZ;BOEING 737-800 WINGLETS;Nubes altas;15/04/18
VLG3447;MAD;IBZ;AIRBUS A320;Nubes altas;15/04/18
IBE8104;PMI;IBZ;CANADAIR CRJ-900;Despejado;17/04/18
AEA1702;PMI;IBZ;ATR-72;Lluvia;15/04/18
IBE8205;TFN;SCQ;BOMBARDIER CRJ-1000;Despejado;14/04/18
VLG3136;ACE;SCQ;AIRBUS A320;Nubes altas;14/04/18
RYR7222;VLC;SCQ;BOEING 737-800 WINGLETS;Abertura de claros;15/04/18
RYR6332;BCN;SCQ;BOEING 737-800 WINGLETS;Abertura de claros;15/04/18
IBS3876;MAD;SCQ;AIRBUS A321;Nubes altas;15/04/18
IBE8356;BIO;SCQ;CANADAIR CRJ-200;Nubes altas;15/04/18
VLG1670;BCN;SCQ;32A;Abertura de claros;15/04/18
RYR3041;SVQ;SCQ;BOEING 737-800 WINGLETS;Nubes altas;15/04/18
VLG3246;TFN;SCQ;AIRBUS A320;Despejado;15/04/18
VLG2655;AGP;SCQ;AIRBUS A320;Despejado;15/04/18
RYR8538;ALC;SCQ;BOEING 737-800 WINGLETS;Nubes altas;15/04/18
IBS3878;MAD;SCQ;AIRBUS A320;Nubes altas;15/04/18
VLG1676;BCN;SCQ;AIRBUS A320;Abertura de claros;15/04/18
IBE8496;PMI;MAH;BOMBARDIER CRJ-1000;Despejado;17/04/18
IBE8494;PMI;MAH;ATR-42/72;Despejado;17/04/18
VLG3712;BCN;MAH;AIRBUS A320;Abertura de claros;15/04/18
IBE8480;PMI;MAH;BOMBARDIER CRJ-1000;Despejado;17/04/18
VLG3800;BIO;MAH;32A;Nubes altas;15/04/18
VLG3714;BCN;MAH;AIRBUS A320;Abertura de claros;15/04/18
IBE8482;PMI;MAH;BOMBARDIER CRJ-1000;Despejado;17/04/18
AEA4537;PMI;MAH;ATR-72;Lluvia;15/04/18
IBE8956;MAD;MAH;BOMBARDIER CRJ-1000;Nubes altas;15/04/18
AAL8564;MAD;MAH;BOMBARDIER CRJ-1000;Nubes altas;15/04/18
IBE8498;PMI;MAH;ATR-42/72;Despejado;17/04/18
IBE8663;BIO;MAH;BOMBARDIER CRJ-1000;Nubes altas;15/04/18
AEA4531;PMI;MAH;ATR-72;Lluvia;15/04/18
IBE8488;PMI;MAH;CANADAIR CRJ-200;Despejado;17/04/18
RYR6881;BCN;MAH;BOEING 737-800 WINGLETS;Abertura de claros;15/04/18
IBE8024;MAD;MAH;CANADAIR CRJ-900;Nubes altas;15/04/18
VLG3716;BCN;MAH;AIRBUS A320;Abertura de claros;15/04/18
OLY629;FUE;TFS;AIRBUS A321;Nubes altas;14/04/18
IBS3926;MAD;TFS;32A;Nubes altas;14/04/18
RYR2913;MAD;TFS;BOEING 737-800 WINGLETS;Nubes altas;15/04/18
IBE8949;BIO;VLC;BOMBARDIER CRJ-1000;Nubes altas;14/04/18
RYR7215;PMI;VLC;BOEING 737-800 WINGLETS;Lluvia;14/04/18
AEA4063;MAD;VLC;ATR-72;Nubes altas;15/04/18
RYR7223;SCQ;VLC;BOEING 737-800 WINGLETS;Chubascos dispersos;15/04/18
IBE8841;SVQ;VLC;ATR-72;Nubes altas;15/04/18
AEA6103;BCN;PMI;BOEING 737-800 WINGLETS;Abertura de claros;14/04/18
RYR5432;MAD;PMI;BOEING 737-800 WINGLETS;Nubes altas;14/04/18
AEA6049;MAD;PMI;BOEING 737-800 WINGLETS;Nubes altas;14/04/18
IBS3916;MAD;PMI;AIRBUS A320;Nubes altas;14/04/18
AEA9468;SPC;TFN;ATR-72;Nubes altas;14/04/18
IBB485;ACE;TFN;ATR-42/72;Nubes altas;14/04/18
IBB429;FUE;TFN;ATR-42/72;Nubes altas;14/04/18
IBB195;LPA;TFN;BOMBARDIER CRJ-1000;Nubes altas;14/04/18
IBB642;SPC;TFN;ATR-42/72;Nubes altas;14/04/18
IBK6383;ALC;TFN;BOEING 737-800 WINGLETS;Nubes altas;14/04/18
IBB457;ACE;TFN;ATR-42/72;Nubes altas;14/04/18
AEA9423;LPA;TFN;BOEING 737-800 WINGLETS;Nubes altas;14/04/18
VLG3218;BCN;TFN;32B;Abertura de claros;14/04/18
IBS3938;MAD;TFN;AIRBUS A320;Nubes altas;14/04/18
AEA9403;LPA;TFN;ATR-72;Nubes altas;15/04/18
VLG3256;SVQ;TFN;AIRBUS A320;Nubes altas;15/04/18
IBB107;LPA;TFN;ATR-72;Nubes altas;15/04/18
VLG3247;SCQ;TFN;AIRBUS A320;Chubascos dispersos;15/04/18
RYR3063;BCN;TFN;BOEING 737-800 WINGLETS;Abertura de claros;15/04/18
AEA9059;MAD;TFN;AIRBUS A330-200;Nubes altas;15/04/18
IBB606;SPC;TFN;ATR-42/72;Nubes altas;15/04/18
IBB415;FUE;TFN;ATR-42/72;Nubes altas;15/04/18
RYR5278;MAD;TFN;BOEING 737-800 WINGLETS;Nubes altas;15/04/18
CNF783;LPA;ACE;ATR-72;Nubes altas;14/04/18
RYR2015;MAD;ACE;BOEING 737-800 WINGLETS;Nubes altas;14/04/18
IBB500;LPA;ACE;BOMBARDIER CRJ-1000;Nubes altas;15/04/18
IBB452;TFN;ACE;ATR-42/72;Despejado;15/04/18
CNF703;LPA;ACE;ATR-72;Nubes altas;15/04/18
VLG3280;BIO;ACE;AIRBUS A320;Nubes altas;15/04/18
AEA9073;MAD;ACE;BOEING 737-800 WINGLETS;Nubes altas;15/04/18
AEA9447;LPA;ACE;ATR-72;Nubes altas;15/04/18
IBB510;LPA;ACE;BOMBARDIER CRJ-1000;Nubes altas;15/04/18
VLG3047;LPA;SVQ;AIRBUS A320;Nubes altas;14/04/18
RYR6398;BCN;SVQ;BOEING 737-800 WINGLETS;Abertura de claros;14/04/18
VLG2508;BIO;SVQ;32A;Nubes altas;15/04/18
IBS3954;MAD;SVQ;32A;Nubes altas;15/04/18
VLG2212;BCN;SVQ;AIRBUS A320;Abertura de claros;15/04/18
IBE8840;VLC;SVQ;ATR-72;Abertura de claros;15/04/18
VLG2216;BCN;SVQ;32B;Abertura de claros;15/04/18
RYR6396;BCN;SVQ;BOEING 737-800 WINGLETS;Abertura de claros;15/04/18
VLG2224;BCN;SVQ;AIRBUS A320;Abertura de claros;15/04/18
VLG2252;BCN;SVQ;AIRBUS A320;Abertura de claros;15/04/18
VLG3257;TFN;SVQ;AIRBUS A320;Despejado;15/04/18
IBS3950;MAD;SVQ;32A;Nubes altas;15/04/18
CNF883;LPA;FUE;ATR-72;Nubes altas;14/04/18
AEA9431;LPA;FUE;ATR-72;Nubes altas;15/04/18
IBB200;LPA;FUE;ATR-72;Nubes altas;15/04/18
IBB414;TFN;FUE;ATR-42/72;Despejado;15/04/18
VLG3146;AGP;FUE;AIRBUS A320;Despejado;15/04/18
CNF803;LPA;FUE;ATR-72;Nubes altas;15/04/18
OLY726;TFS;FUE;AIRBUS A321;Despejado;15/04/18
IBB210;LPA;FUE;ATR-72;Nubes altas;15/04/18
IBB422;TFN;FUE;ATR-42/72;Despejado;15/04/18
CNF809;LPA;FUE;ATR-72;Nubes altas;15/04/18
IBB605;TFN;SPC;ATR-42/72;Despejado;15/04/18
IBB309;LPA;SPC;ATR-72;Nubes altas;15/04/18
CNF412;TFN;SPC;ATR-42/72;Despejado;15/04/18
IBB607;TFN;SPC;ATR-42/72;Despejado;15/04/18
AEA9461;TFN;SPC;ATR-72;Despejado;15/04/18
CNF418;TFN;SPC;ATR-42/72;Despejado;15/04/18
IBB615;TFN;SPC;ATR-42/72;Despejado;15/04/18
AEA9463;TFN;SPC;ATR-72;Despejado;15/04/18
IBB619;TFN;SPC;ATR-42/72;Despejado;15/04/18
IBB621;TFN;SPC;ATR-42/72;Despejado;15/04/18
IBS3842;MAD;SPC;AIRBUS A320;Nubes altas;15/04/18
IBB629;TFN;SPC;ATR-42/72;Despejado;15/04/18
CNF452;TFN;SPC;ATR-72;Despejado;15/04/18
IBB311;LPA;SPC;BOMBARDIER CRJ-1000;Nubes altas;15/04/18
IBB631;TFN;SPC;ATR-42/72;Despejado;15/04/18
AEA9465;TFN;SPC;ATR-72;Despejado;15/04/18
IBB633;TFN;SPC;ATR-42/72;Despejado;15/04/18
IBB623;TFN;SPC;ATR-42/72;Despejado;15/04/18
IBB315;LPA;SPC;ATR-72;Nubes altas;15/04/18
AEA9479;TFN;SPC;ATR-72;Despejado;15/04/18
IBB637;TFN;SPC;ATR-42/72;Despejado;15/04/18
RYR5538;VIT;BGY;BOEING 737-800 WINGLETS;Muy nuboso;15/04/18
HTY118;AEI;JCU;AWH;Nubes altas;15/04/18
HTY140;AEI;JCU;AWH;Nubes altas;15/04/18
IBB650;GMZ;TFN;ATR-72;Nubes altas;15/04/18
IBB652;GMZ;TFN;ATR-72;Nubes altas;15/04/18
IBE8331;BJZ;MAD;CANADAIR CRJ-200;Lluvia;15/04/18
IBE8313;BJZ;BCN;BOMBARDIER CRJ-1000;Lluvia;15/04/18
KRP861;LPA;VIT;FOKKER 100;Despejado;17/04/18
HTY228;AGP;JCU;AWH;Nubes altas;15/04/18
HTY118;AEI;JCU;AWH;Nubes altas;15/04/18
HTY140;AEI;JCU;AWH;Nubes altas;15/04/18
HTY260;AGP;JCU;AWH;Despejado;17/04/18
RYR4634;ZAZ;BGY;BOEING 737-800 WINGLETS;Nubes altas;15/04/18
EVE1606;ZAZ;SVQ;AIRBUS A320;Nubes altas;15/04/18
AEA2633;ZAZ;LEI;BOEING 737-800 WINGLETS;Nubes altas;15/04/18
RYR2635;ZAZ;STN;BOEING 737-800 WINGLETS;Nubes altas;15/04/18
HTY117;JCU;AEI;AWH;Nubes altas;15/04/18
HTY139;JCU;AEI;AWH;Nubes altas;15/04/18
IBE8529;PNA;MAD;BOMBARDIER CRJ-1000;Cubierto de nubes altas y medias;15/04/18
DLH1119;PNA;FRA;AIRBUS A320;Cubierto de nubes altas y medias;15/04/18
IBE8525;PNA;MAD;CANADAIR CRJ-900;Cubierto de nubes altas y medias;15/04/18
IBE8531;PNA;MAD;BOMBARDIER CRJ-1000;Cubierto de nubes altas y medias;15/04/18
IBB651;TFN;GMZ;ATR-42/72;Nubes altas;15/04/18
IBB653;TFN;GMZ;ATR-42/72;Nubes altas;15/04/18
IBE2244;TFN;GMZ;ATR-72;Despejado;17/04/18
RYR1115;REU;DUB;BOEING 737-800 WINGLETS;Nubes altas;15/04/18
RYR9825;REU;LPL;BOEING 737-800 WINGLETS;Nubes altas;15/04/18
RYR9827;REU;HHN;BOEING 737-800 WINGLETS;Nubes altas;15/04/18
RYR8088;REU;BHX;BOEING 737-800 WINGLETS;Nubes altas;15/04/18
RYR2212;REU;EIN;BOEING 737-800 WINGLETS;Nubes altas;15/04/18
IBE8330;MAD;BJZ;CANADAIR CRJ-200;Lluvia débil;15/04/18
IBE8312;BCN;BJZ;BOMBARDIER CRJ-1000;Despejado;17/04/18
IBS9530;VLL;PMI;AIRBUS A320;Lluvia moderada;15/04/18
RYR2200;VLL;SVQ;BOEING 737-800 WINGLETS;Lluvia moderada;15/04/18
EVE1128;VLL;SVQ;AIRBUS A320;Lluvia moderada;15/04/18
RYR6321;VLL;BCN;BOEING 737-800 WINGLETS;Lluvia moderada;15/04/18
VLG1585;VLL;BCN;AIRBUS A320;Lluvia moderada;15/04/18
IBE8317;EAS;MAD;ATR-72;Abertura de claros;15/04/18
VLG2487;EAS;BCN;AIRBUS A319;Abertura de claros;15/04/18
IBE8319;EAS;MAD;ATR-72;Abertura de claros;15/04/18
IBE8329;EAS;MAD;ATR-72;Abertura de claros;15/04/18
IBE8315;EAS;MAD;ATR-72;Abertura de claros;15/04/18
VLG2489;EAS;BCN;AIRBUS A319;Abertura de claros;15/04/18
IBE8323;EAS;MAD;ATR-72;Abertura de claros;15/04/18
IBB656;VDE;TFN;ATR-72;Nubes altas;15/04/18
IBB662;VDE;TFN;ATR-72;Nubes altas;15/04/18
IBB668;VDE;TFN;ATR-72;Nubes altas;15/04/18
IBB366;VDE;LPA;ATR-72;Nubes altas;15/04/18
CNF248;VDE;TFN;ATR-72;Nubes altas;15/04/18
IBB674;VDE;TFN;ATR-72;Nubes altas;15/04/18
EVE1605;SVQ;ZAZ;32A;Lluvia débil;15/04/18
AEA2634;LEI;ZAZ;BOEING 737-800 WINGLETS;Despejado;15/04/18
IBE0407;XRY;MAD;AIRBUS A319;Abertura de claros;15/04/18
EWG575;XRY;CGN;AIRBUS A319;Abertura de claros;15/04/18
JAF7922;XRY;BRU;EMBRAER 190;Abertura de claros;15/04/18
EWG9571;XRY;DUS;32A;Abertura de claros;15/04/18
RYR8397;XRY;STN;BOEING 737-800 WINGLETS;Abertura de claros;15/04/18
IBE0411;XRY;MAD;AIRBUS A320;Abertura de claros;15/04/18
VLG2287;XRY;BCN;AIRBUS A320;Abertura de claros;15/04/18
RYR1284;XRY;BCN;BOEING 737-800 WINGLETS;Abertura de claros;15/04/18
IBE0405;XRY;MAD;AIRBUS A319;Abertura de claros;15/04/18
IBE8524;MAD;PNA;CANADAIR CRJ-900;Lluvia débil;15/04/18
IBE8532;MAD;PNA;BOMBARDIER CRJ-1000;Lluvia débil;15/04/18
IBE8526;MAD;PNA;BOMBARDIER CRJ-1000;Lluvia débil;15/04/18
IBE8789;MLN;MAD;ATR-72;Despejado;15/04/18
IBE8791;MLN;MAD;ATR-72;Despejado;15/04/18
IBE8263;MLN;AGP;ATR-72;Despejado;15/04/18
IBE8793;MLN;MAD;ATR-72;Despejado;15/04/18
IBE8269;MLN;AGP;ATR-72;Despejado;15/04/18
IBE8271;MLN;AGP;ATR-72;Despejado;15/04/18
AEA5004;MLN;AGP;ATR-72;Despejado;15/04/18
IBE8277;MLN;AGP;ATR-72;Despejado;15/04/18
AEA7311;VGO;MAD;EMBRAER ERJ-195;Lluvia débil;15/04/18
IBE0531;VGO;MAD;AIRBUS A319;Lluvia débil;15/04/18
RYR242;VGO;DUB;BOEING 737-800 WINGLETS;Lluvia débil;15/04/18
RYR7132;VGO;BGY;BOEING 737-800 WINGLETS;Lluvia débil;15/04/18
AEA7315;VGO;MAD;EMBRAER ERJ-195;Lluvia débil;15/04/18
IBE0533;VGO;MAD;AIRBUS A319;Lluvia débil;15/04/18
LAV5464;VGO;TFN;BOEING 737-400;Lluvia débil;15/04/18
TAP1141;VGO;LIS;ATR-72;Lluvia débil;15/04/18
AEA7317;VGO;MAD;EMBRAER ERJ-195;Lluvia débil;15/04/18
IBE0511;LCG;MAD;AIRBUS A320;Cubierto de nubes altas y medias;15/04/18
VLG3133;LCG;LPA;32A;Cubierto de nubes altas y medias;15/04/18
VLG1295;LCG;BCN;AIRBUS A320;Cubierto de nubes altas y medias;15/04/18
TAP1085;LCG;LIS;ATR-72;Cubierto de nubes altas y medias;15/04/18
VLG1293;LCG;BCN;AIRBUS A320;Cubierto de nubes altas y medias;15/04/18
AEA7234;LCG;MAD;EMBRAER ERJ-195;Cubierto de nubes altas y medias;15/04/18
VLG1298;LCG;SVQ;32A;Cubierto de nubes altas y medias;15/04/18
AEA7236;LCG;MAD;EMBRAER ERJ-195;Cubierto de nubes altas y medias;15/04/18
IBE0523;LCG;MAD;AIRBUS A320;Cubierto de nubes altas y medias;15/04/18
VLG7104;LCG;LHR;AIRBUS A320;Cubierto de nubes altas y medias;15/04/18
EZY8550;MJV;LGW;AIRBUS A319;Nubes altas;15/04/18
EZY6014;MJV;BRS;AIRBUS A320;Nubes altas;15/04/18
RYR1925;MJV;EMA;BOEING 737-800 WINGLETS;Nubes altas;15/04/18
RYR4253;MJV;FRA;BOEING 737-800 WINGLETS;Nubes altas;15/04/18
EZY8552;MJV;LGW;AIRBUS A319;Nubes altas;15/04/18
RYR1940;MJV;EIN;BOEING 737-800 WINGLETS;Nubes altas;15/04/18
RYR4117;MJV;MAN;BOEING 737-800 WINGLETS;Nubes altas;15/04/18
EXS864;MJV;MAN;BOEING 737-800 WINGLETS;Nubes altas;15/04/18
RYR8027;MJV;STN;BOEING 737-800 WINGLETS;Nubes altas;15/04/18
RYR3453;MJV;LTN;BOEING 737-800 WINGLETS;Nubes altas;15/04/18
RYR7095;MJV;DUB;BOEING 737-800 WINGLETS;Nubes altas;15/04/18
WZZ1480;SDR;WAW;AIRBUS A320;Lluvia moderada;15/04/18
RYR7617;SDR;EDI;BOEING 737-800 WINGLETS;Lluvia moderada;15/04/18
RYR6385;SDR;BCN;BOEING 737-800 WINGLETS;Lluvia moderada;15/04/18
IBE0555;SDR;MAD;AIRBUS A319;Lluvia moderada;15/04/18
RYR9156;SDR;CIA;BOEING 737-800 WINGLETS;Lluvia moderada;15/04/18
RYR7153;SDR;DUB;BOEING 737-800 WINGLETS;Lluvia moderada;15/04/18
IBE0557;SDR;MAD;AIRBUS A319;Lluvia moderada;15/04/18
VLG1591;SDR;BCN;AIRBUS A320;Lluvia moderada;15/04/18
RYR6058;SDR;CRL;BOEING 737-800 WINGLETS;Lluvia moderada;15/04/18
RYR7366;SDR;NRN;BOEING 737-800 WINGLETS;Lluvia moderada;15/04/18
RYR2613;SDR;STN;BOEING 737-800 WINGLETS;Lluvia moderada;15/04/18
IBE8639;GRX;MAD;BOMBARDIER CRJ-1000;Nubes altas;15/04/18
VLG2011;GRX;BCN;32B;Nubes altas;15/04/18
IBE8641;GRX;MAD;BOMBARDIER CRJ-1000;Nubes altas;15/04/18
EZY2676;GRX;MXP;AIRBUS A319;Nubes altas;15/04/18
VLG2021;GRX;BCN;Sin especificar;Nubes altas;15/04/18
AEA5200;GRX;PMI;EMBRAER ERJ-195;Nubes altas;15/04/18
VLG3932;GRX;PMI;AIRBUS A320;Nubes altas;15/04/18
IBE8645;GRX;MAD;BOMBARDIER CRJ-1000;Nubes altas;15/04/18
ENT513;GRX;ARN;BOEING 737-800 WINGLETS;Nubes altas;15/04/18
ENT574;GRX;ARN;BOEING 737-800;Nubes altas;15/04/18
IBE8649;GRX;MAD;BOMBARDIER CRJ-1000;Nubes altas;15/04/18
VLG2015;GRX;BCN;AIRBUS A320;Nubes altas;15/04/18
BAW3290;GRX;LCY;EMBRAER 190;Nubes altas;15/04/18
VLG2017;GRX;BCN;32B;Nubes altas;15/04/18
VLG7844;BCN;TLV;AIRBUS A320;Nubes altas;14/04/18
ELY392;BCN;TLV;BOEING 767-300;Nubes altas;14/04/18
AFL2513;BCN;SVO;32B;Nubes altas;15/04/18
VLG7517;BCN;MSQ;32A;Nubes altas;15/04/18
WZZ6902;BCN;KIV;AIRBUS A320;Nubes altas;15/04/18
VLG7842;BCN;TLV;32A;Nubes altas;15/04/18
VLG8036;BCN;ORY;AIRBUS A319;Nubes altas;15/04/18
THY1852;BCN;IST;BOEING 737-800 WINGLETS;Nubes altas;15/04/18
RYR6341;BCN;FCO;BOEING 737-800 WINGLETS;Nubes altas;15/04/18
AFR1449;BCN;CDG;AIRBUS A320;Nubes altas;15/04/18
RYR2918;BCN;BRU;BOEING 737-800 WINGLETS;Nubes altas;15/04/18
IBS9528;PMI;VLL;AIRBUS A320;Despejado;15/04/18
RYR2199;SVQ;VLL;BOEING 737-800 WINGLETS;Lluvia débil;15/04/18
EVE1127;SVQ;VLL;AIRBUS A320;Lluvia débil;15/04/18
RYR6320;BCN;VLL;BOEING 737-800 WINGLETS;Nubes altas;15/04/18
VLG1584;BCN;VLL;AIRBUS A320;Nubes altas;15/04/18
RYR6397;SVQ;BCN;BOEING 737-800 WINGLETS;Lluvia débil;15/04/18
VLG2223;SVQ;BCN;AIRBUS A320;Lluvia débil;15/04/18
RYR5262;SVQ;BVA;BOEING 737-800 WINGLETS;Lluvia débil;15/04/18
VLG3256;SVQ;TFN;AIRBUS A320;Lluvia débil;15/04/18
TAP1101;SVQ;LIS;ATR-42/72;Lluvia débil;15/04/18
RYR2470;SVQ;FKB;BOEING 737-800 WINGLETS;Lluvia débil;15/04/18
VLG2253;SVQ;BCN;AIRBUS A320;Lluvia débil;15/04/18
VLG2507;SVQ;BIO;32A;Lluvia débil;15/04/18
IBS3947;SVQ;MAD;AIRBUS A320;Lluvia débil;15/04/18
TVF3101;SVQ;ORY;BOEING 737-800 WINGLETS;Lluvia débil;15/04/18
VLG2211;SVQ;BCN;AIRBUS A320;Lluvia débil;15/04/18
IBE8841;SVQ;VLC;ATR-72;Lluvia débil;15/04/18
VLG2251;SVQ;BCN;32B;Lluvia débil;15/04/18
VLG8830;SVQ;CDG;AIRBUS A320;Lluvia débil;15/04/18
BEL3776;LEI;BRU;AIRBUS A320;Despejado;15/04/18
EZY8164;LEI;LGW;AIRBUS A319;Despejado;15/04/18
IBE8595;LEI;MAD;BOMBARDIER CRJ-1000;Despejado;15/04/18
AEA2634;LEI;ZAZ;BOEING 737-800 WINGLETS;Despejado;15/04/18
IBE8213;LEI;PMI;CANADAIR CRJ-200;Despejado;15/04/18
VLG1252;LEI;BCN;AIRBUS A320;Despejado;15/04/18
IBE8577;LEI;MAD;CANADAIR CRJ-900;Despejado;15/04/18
AEA2888;LEI;BCN;BOEING 737-800 WINGLETS;Despejado;15/04/18
IBE8589;LEI;MAD;CANADAIR CRJ-200;Despejado;15/04/18
IBE8601;LEI;MAD;BOMBARDIER CRJ-1000;Despejado;15/04/18
AEA2648;LEI;BCN;BOEING 737-800 WINGLETS;Despejado;15/04/18
IBE8932;LEI;SVQ;CANADAIR CRJ-200;Despejado;15/04/18
IBB655;TFN;VDE;ATR-72;Nubes altas;15/04/18
IBB659;TFN;VDE;ATR-72;Nubes altas;15/04/18
IBB663;TFN;VDE;ATR-72;Nubes altas;15/04/18
IBB365;LPA;VDE;ATR-72;Nubes altas;15/04/18
CNF247;TFN;VDE;ATR-42/72;Nubes altas;15/04/18
IBB673;TFN;VDE;ATR-72;Nubes altas;15/04/18
AUI940;VLC;IFO;EMBRAER 190;Nubes altas;15/04/18
AEA1005;VLC;CDG;BOEING 737-800 WINGLETS;Nubes altas;15/04/18
RYR7222;VLC;SCQ;BOEING 737-800 WINGLETS;Nubes altas;15/04/18
DLH1165;VLC;FRA;AIRBUS A321;Nubes altas;15/04/18
RYR9394;VLC;CRA;BOEING 737-800 WINGLETS;Nubes altas;15/04/18
VLG8152;VLC;ORY;AIRBUS A320;Nubes altas;15/04/18
IBE8840;VLC;SVQ;ATR-72;Nubes altas;15/04/18
RYR8725;VLC;BRI;BOEING 737-800 WINGLETS;Nubes altas;15/04/18
RYR2228;VLC;KRK;BOEING 737-800 WINGLETS;Nubes altas;15/04/18
AEA4004;VLC;PMI;ATR-72;Nubes altas;15/04/18
SWR2141;VLC;ZRH;AIRBUS A320;Nubes altas;15/04/18
RYR2986;VLC;BRU;BOEING 737-800 WINGLETS;Nubes altas;15/04/18
TRA6338;VLC;AMS;BOEING 737-700 WINGLETS;Nubes altas;15/04/18
IBE8993;VLC;MAD;CANADAIR CRJ-900;Nubes altas;15/04/18
CPA1870;VLC;MAD;CANADAIR CRJ-900;Nubes altas;15/04/18
RYR7752;MAD;RAK;BOEING 737-800 WINGLETS;Lluvia débil;14/04/18
CES710;MAD;PVG;AIRBUS A330-200;Lluvia débil;14/04/18
TAM8065;MAD;GRU;BOEING 777-300ER;Lluvia débil;14/04/18
IBE6827;MAD;GRU;AIRBUS A330-300;Lluvia débil;14/04/18
AFL2605;MAD;SVO;32B;Lluvia débil;14/04/18
AEA057;MAD;GRU;BOEING 787-8;Lluvia débil;14/04/18
IBE6409;MAD;MEX;AIRBUS A340-600;Lluvia débil;14/04/18
IBE6847;MAD;EZE;AIRBUS A340-600;Lluvia débil;14/04/18
AEA041;MAD;EZE;BOEING 787-9;Lluvia débil;14/04/18
AEA175;MAD;LIM;BOEING 787-8;Lluvia débil;14/04/18
AEA025;MAD;VVI;AIRBUS A330-200;Lluvia débil;14/04/18
IBE6011;MAD;MVD;AIRBUS A330-200;Lluvia débil;15/04/18
IBE6051;MAD;JNB;AIRBUS A330-200;Lluvia débil;15/04/18
IBE6833;MAD;SCL;AIRBUS A340-600;Lluvia débil;15/04/18
VLG2486;BCN;EAS;AIRBUS A319;Nubes altas;15/04/18
IBE8316;MAD;EAS;ATR-72;Lluvia débil;15/04/18
IBE8322;MAD;EAS;ATR-72;Lluvia débil;15/04/18
IBE8318;MAD;EAS;ATR-72;Lluvia débil;15/04/18
VLG2488;BCN;EAS;AIRBUS A319;Nubes altas;15/04/18
IBE8326;MAD;EAS;ATR-72;Lluvia débil;15/04/18
IBE8324;MAD;EAS;ATR-72;Lluvia débil;15/04/18
IBE8262;AGP;MLN;ATR-72;Nubes altas;15/04/18
IBE8792;MAD;MLN;ATR-72;Lluvia débil;15/04/18
IBE8790;MAD;MLN;ATR-72;Lluvia débil;15/04/18
IBE8264;AGP;MLN;ATR-72;Nubes altas;15/04/18
IBE8270;AGP;MLN;ATR-72;Nubes altas;15/04/18
AEA5005;AGP;MLN;ATR-72;Nubes altas;15/04/18
IBE8798;MAD;MLN;ATR-72;Lluvia débil;15/04/18
IBE8274;AGP;MLN;ATR-72;Nubes altas;15/04/18
VLG1572;OVD;BCN;AIRBUS A320;Lluvia moderada;15/04/18
VOE3584;OVD;ALC;BOEING 717;Lluvia moderada;15/04/18
IBS3981;OVD;MAD;AIRBUS A320;Lluvia moderada;15/04/18
VLG1574;OVD;BCN;AIRBUS A320;Lluvia moderada;15/04/18
IBE0479;OVD;MAD;32A;Lluvia moderada;15/04/18
EZY3084;OVD;STN;AIRBUS A319;Lluvia moderada;15/04/18
IBE8335;OVD;VLC;ATR-72;Lluvia moderada;15/04/18
IBE0475;OVD;MAD;AIRBUS A321;Lluvia moderada;15/04/18
IBE8332;OVD;PMI;CANADAIR CRJ-200;Lluvia moderada;15/04/18
VOE3925;OVD;AGP;BOEING 717;Lluvia moderada;15/04/18
IBE0487;OVD;MAD;AIRBUS A320;Lluvia moderada;15/04/18
VLG1578;OVD;BCN;AIRBUS A320;Lluvia moderada;15/04/18
VOE3831;OVD;SVQ;BOEING 717;Lluvia moderada;15/04/18
TAP1113;OVD;LIS;ATR-72;Lluvia moderada;15/04/18
IBE0481;OVD;MAD;32A;Lluvia moderada;15/04/18
EZY8614;AGP;LGW;AIRBUS A319;Nubes altas;14/04/18
JAF6004;AGP;BRU;BOEING 737-700 WINGLETS;Nubes altas;14/04/18
AFL2529;AGP;SVO;BOEING 737-800 WINGLETS;Nubes altas;14/04/18
BAW2719;AGP;LGW;AIRBUS A320;Nubes altas;14/04/18
EZY2410;AGP;LTN;32A;Nubes altas;14/04/18
EZY6058;AGP;BRS;AIRBUS A319;Nubes altas;14/04/18
FIN1676;AGP;HEL;32B;Nubes altas;15/04/18
SAS6002;AGP;ARN;32A;Nubes altas;15/04/18
RYR2575;AGP;EIN;BOEING 737-800 WINGLETS;Nubes altas;14/04/18
AEA1039;AGP;CDG;BOEING 737-800 WINGLETS;Nubes altas;15/04/18
RYR2577;AGP;VST;BOEING 737-800 WINGLETS;Nubes altas;15/04/18
VLG2454;AGP;IBZ;AIRBUS A320;Nubes altas;15/04/18
TAP1137;AGP;LIS;ATR-42/72;Nubes altas;15/04/18
VLG2608;AGP;BIO;AIRBUS A320;Nubes altas;15/04/18
VLG3146;AGP;FUE;AIRBUS A320;Nubes altas;15/04/18
RYR2531;AGP;BLL;BOEING 737-800 WINGLETS;Nubes altas;15/04/18
VLG3215;TFN;BCN;32B;Nubes altas;15/04/18
IBS3945;TFN;MAD;AIRBUS A320;Nubes altas;15/04/18
IBB452;TFN;ACE;ATR-42/72;Nubes altas;15/04/18
IBB414;TFN;FUE;ATR-42/72;Nubes altas;15/04/18
IBK6378;TFN;MAD;BOEING 737-800 WINGLETS;Nubes altas;15/04/18
AEA9045;TFN;MAD;BOEING 737-800 WINGLETS;Nubes altas;15/04/18
AEA7007;TFN;BIO;BOEING 737-800 WINGLETS;Nubes altas;15/04/18
IBB605;TFN;SPC;ATR-42/72;Nubes altas;15/04/18
CNF412;TFN;SPC;ATR-42/72;Nubes altas;15/04/18
IBB655;TFN;VDE;ATR-72;Nubes altas;15/04/18
IBB607;TFN;SPC;ATR-42/72;Nubes altas;15/04/18
IBB102;TFN;LPA;BOMBARDIER CRJ-1000;Nubes altas;15/04/18
AEA9461;TFN;SPC;ATR-72;Nubes altas;15/04/18
VLG3257;TFN;SVQ;AIRBUS A320;Nubes altas;15/04/18
IBB108;TFN;LPA;ATR-72;Nubes altas;15/04/18
TVP7331;ACE;KTW;BOEING 737-800 WINGLETS;Despejado;14/04/18
RYR3493;ACE;SXF;BOEING 737-800 WINGLETS;Despejado;15/04/18
RYR3812;ACE;LPL;BOEING 737-800 WINGLETS;Despejado;15/04/18
RYR4002;ACE;BGY;BOEING 737-800 WINGLETS;Despejado;15/04/18
IBB501;ACE;LPA;BOMBARDIER CRJ-1000;Despejado;15/04/18
IBB453;ACE;TFN;ATR-42/72;Despejado;15/04/18
CNF704;ACE;LPA;ATR-72;Despejado;15/04/18
VLG3281;ACE;BIO;AIRBUS A320;Despejado;15/04/18
TRA5686;ACE;AMS;BOEING 737-800 WINGLETS;Despejado;15/04/18
RYR1587;ACE;FRA;BOEING 737-800 WINGLETS;Despejado;15/04/18
BEL3788;ACE;BRU;AIRBUS A320;Despejado;15/04/18
LGL742;ACE;LUX;BOEING 737-800 WINGLETS;Despejado;15/04/18
AEA9076;ACE;MAD;BOEING 737-800 WINGLETS;Despejado;15/04/18
TUI2843;ACE;MUC;7S8;Despejado;15/04/18
RYR4896;ACE;BLQ;BOEING 737-800 WINGLETS;Despejado;15/04/18
AEA9448;ACE;LPA;ATR-72;Despejado;15/04/18
TUI2293;ACE;DUS;7S8;Despejado;15/04/18
IBB505;ACE;LPA;BOMBARDIER CRJ-1000;Despejado;15/04/18
TUI2189;ACE;HAJ;7S8;Despejado;15/04/18
IBE0410;MAD;XRY;AIRBUS A320;Lluvia débil;15/04/18
VLG2286;BCN;XRY;AIRBUS A320;Nubes altas;15/04/18
RYR1283;BCN;XRY;BOEING 737-800 WINGLETS;Nubes altas;15/04/18
IBE0404;MAD;XRY;AIRBUS A319;Lluvia débil;15/04/18
IBE0406;MAD;XRY;AIRBUS A319;Lluvia débil;15/04/18
RYR9123;GRO;EIN;BOEING 737-800 WINGLETS;Nubes altas;15/04/18
RYR7083;GRO;OMR;BOEING 737-800 WINGLETS;Nubes altas;15/04/18
RYR9555;GRO;FMM;BOEING 737-800 WINGLETS;Nubes altas;15/04/18
RYR6901;GRO;CRL;BOEING 737-800 WINGLETS;Nubes altas;15/04/18
RYR9305;GRO;LPL;BOEING 737-800 WINGLETS;Nubes altas;15/04/18
RYR9172;GRO;WRO;BOEING 737-800 WINGLETS;Nubes altas;15/04/18
RYR4125;GRO;HHN;BOEING 737-800 WINGLETS;Nubes altas;15/04/18
RYR7037;GRO;DUB;BOEING 737-800 WINGLETS;Nubes altas;15/04/18
RYR9364;GRO;PSR;BOEING 737-800 WINGLETS;Nubes altas;15/04/18
RYR9241;GRO;PSA;BOEING 737-800 WINGLETS;Nubes altas;15/04/18
RYR9803;GRO;STN;BOEING 737-800 WINGLETS;Nubes altas;15/04/18
PBD832;GRO;VKO;BOEING 737-800 WINGLETS;Nubes altas;15/04/18
RYR9211;GRO;FKB;BOEING 737-800 WINGLETS;Nubes altas;15/04/18
RYR9335;GRO;BRS;BOEING 737-800 WINGLETS;Nubes altas;15/04/18
RYR4482;GRO;RIX;BOEING 737-800 WINGLETS;Nubes altas;15/04/18
RYR5122;GRO;POZ;BOEING 737-800 WINGLETS;Nubes altas;15/04/18
RYR9303;GRO;EDI;BOEING 737-800 WINGLETS;Nubes altas;15/04/18
RYR1131;GRO;EMA;BOEING 737-800 WINGLETS;Nubes altas;15/04/18
RYR6903;GRO;CRL;BOEING 737-800 WINGLETS;Nubes altas;15/04/18
RYR6391;GRO;NRN;BOEING 737-800 WINGLETS;Nubes altas;15/04/18
TRA5766;GRO;AMS;BOEING 737-800 WINGLETS;Nubes altas;15/04/18
VLG1294;BCN;LCG;AIRBUS A320;Nubes altas;15/04/18
VLG1292;BCN;LCG;AIRBUS A320;Nubes altas;15/04/18
AEA7233;MAD;LCG;EMBRAER ERJ-195;Lluvia débil;15/04/18
LZF441;BIO;LCG;ATR 42-300/320;Llovizna;15/04/18
VLG3132;LPA;LCG;AIRBUS A320;Nubes altas;15/04/18
IBE8367;SCQ;PMI;BOMBARDIER CRJ-1000;Cubierto de nubes altas y medias;14/04/18
RYR4579;SCQ;BGY;BOEING 737-800 WINGLETS;Cubierto de nubes altas y medias;15/04/18
VLG3247;SCQ;TFN;AIRBUS A320;Cubierto de nubes altas y medias;15/04/18
RYR7223;SCQ;VLC;BOEING 737-800 WINGLETS;Cubierto de nubes altas y medias;15/04/18
RYR6333;SCQ;BCN;BOEING 737-800 WINGLETS;Cubierto de nubes altas y medias;15/04/18
EZS1338;SCQ;GVA;AIRBUS A320;Cubierto de nubes altas y medias;15/04/18
IBS3877;SCQ;MAD;AIRBUS A321;Cubierto de nubes altas y medias;15/04/18
IBE8365;SCQ;PMI;CANADAIR CRJ-200;Cubierto de nubes altas y medias;15/04/18
VLG1671;SCQ;BCN;32A;Cubierto de nubes altas y medias;15/04/18
EZS1180;SCQ;BSL;AIRBUS A319;Cubierto de nubes altas y medias;15/04/18
DLH1867;SCQ;MUC;AIRBUS A320;Cubierto de nubes altas y medias;15/04/18
RYR3042;SCQ;SVQ;BOEING 737-800 WINGLETS;Cubierto de nubes altas y medias;15/04/18
RYR8379;SCQ;STN;BOEING 737-800 WINGLETS;Cubierto de nubes altas y medias;15/04/18
VLG1677;SCQ;BCN;AIRBUS A320;Cubierto de nubes altas y medias;15/04/18
VLG2654;SCQ;AGP;AIRBUS A320;Cubierto de nubes altas y medias;15/04/18
RYR8539;SCQ;ALC;BOEING 737-800 WINGLETS;Cubierto de nubes altas y medias;15/04/18
IBS3879;SCQ;MAD;AIRBUS A320;Cubierto de nubes altas y medias;15/04/18
AEA7308;MAD;VGO;EMBRAER ERJ-195;Lluvia débil;15/04/18
AEA7302;MAD;VGO;EMBRAER ERJ-195;Lluvia débil;15/04/18
IBE0532;MAD;VGO;AIRBUS A319;Lluvia débil;15/04/18
LAV5463;TFN;VGO;BOEING 737-400;Nubes altas;15/04/18
AEA7300;MAD;VGO;EMBRAER ERJ-195;Lluvia débil;15/04/18
IBE0534;MAD;VGO;AIRBUS A320;Lluvia débil;15/04/18
RYR245;BCN;VGO;BOEING 737-800 WINGLETS;Nubes altas;15/04/18
AEA7306;MAD;VGO;EMBRAER ERJ-195;Lluvia débil;15/04/18
VLG3523;IBZ;BCN;AIRBUS A320;Nubes altas;14/04/18
VLG3531;IBZ;BCN;32A;Nubes altas;14/04/18
IBE8101;IBZ;PMI;BOMBARDIER CRJ-1000;Nubes altas;15/04/18
RYR3542;IBZ;EIN;BOEING 737-800 WINGLETS;Nubes altas;14/04/18
AEA1701;IBZ;PMI;ATR-72;Nubes altas;15/04/18
EWG3561;IBZ;HAJ;AIRBUS A319;Nubes altas;15/04/18
VLG2455;IBZ;AGP;AIRBUS A320;Nubes altas;15/04/18
RYR8137;IBZ;BCN;BOEING 737-800 WINGLETS;Nubes altas;15/04/18
VLG3541;IBZ;BCN;AIRBUS A320;Nubes altas;15/04/18
RYR5355;IBZ;MAD;BOEING 737-800 WINGLETS;Nubes altas;15/04/18
VLG3434;IBZ;MAD;AIRBUS A320;Nubes altas;15/04/18
EZY2692;IBZ;MXP;32A;Nubes altas;15/04/18
TRA5676;IBZ;AMS;BOEING 737-800 WINGLETS;Nubes altas;15/04/18
IBE8105;IBZ;PMI;CANADAIR CRJ-900;Nubes altas;15/04/18
AEA1703;IBZ;PMI;ATR-72;Nubes altas;15/04/18
TRA5690;IBZ;RTM;BOEING 737-700 WINGLETS;Nubes altas;15/04/18
VOE2739;LPA;NTE;AIRBUS A319;Nubes altas;14/04/18
EZS1138;LPA;BSL;AIRBUS A320;Nubes altas;15/04/18
IBK5950;LPA;HAM;BOEING 737-800 WINGLETS;Nubes altas;15/04/18
IBS3835;LPA;MAD;AIRBUS A321;Nubes altas;15/04/18
RYR3804;LPA;MAN;BOEING 737-800 WINGLETS;Nubes altas;15/04/18
RYR2967;LPA;BUD;BOEING 737-800 WINGLETS;Nubes altas;15/04/18
RYR2535;LPA;LBA;BOEING 737-800 WINGLETS;Nubes altas;15/04/18
AEA9403;LPA;TFN;ATR-72;Nubes altas;15/04/18
AEA9431;LPA;FUE;ATR-72;Nubes altas;15/04/18
AEA9018;LPA;MAD;BOEING 737-800 WINGLETS;Nubes altas;15/04/18
VLG3001;LPA;BCN;AIRBUS A321;Nubes altas;15/04/18
IBB500;LPA;ACE;BOMBARDIER CRJ-1000;Nubes altas;15/04/18
IBB200;LPA;FUE;ATR-72;Nubes altas;15/04/18
VLG3184;LPA;ORY;AIRBUS A320;Nubes altas;15/04/18
TVS3705;LPA;CDG;BOEING 737-800 WINGLETS;Nubes altas;15/04/18
RYR2085;IBZ;MAD;BOEING 737-800 WINGLETS;Nubes altas;14/04/18
ANE8396;MAD;ALC;BOMBARDIER CRJ-1000;Despejado;17/04/18
AEA4047;MAD;ALC;ATR-72;Lluvia débil;15/04/18
IBE8481;MAH;PMI;BOMBARDIER CRJ-1000;Despejado;15/04/18
AAL8615;MAH;MAD;BOMBARDIER CRJ-1000;Despejado;15/04/18
IBE8951;MAH;MAD;BOMBARDIER CRJ-1000;Despejado;15/04/18
IBE8495;MAH;PMI;ATR-42/72;Despejado;15/04/18
VLG3713;MAH;BCN;AIRBUS A320;Despejado;15/04/18
IBE8483;MAH;PMI;BOMBARDIER CRJ-1000;Despejado;15/04/18
VLG3801;MAH;BIO;32A;Despejado;15/04/18
VLG3715;MAH;BCN;AIRBUS A320;Despejado;15/04/18
IBE8662;MAH;BIO;BOMBARDIER CRJ-1000;Despejado;15/04/18
AEA4532;MAH;PMI;ATR-72;Despejado;15/04/18
IBE8957;MAH;MAD;BOMBARDIER CRJ-1000;Despejado;15/04/18
IBE8499;MAH;PMI;ATR-42/72;Despejado;15/04/18
AEA4530;MAH;PMI;ATR-72;Despejado;15/04/18
IBE8491;MAH;PMI;CANADAIR CRJ-200;Despejado;15/04/18
IBE8493;MAH;PMI;BOMBARDIER CRJ-1000;Despejado;15/04/18
RYR6882;MAH;BCN;BOEING 737-800 WINGLETS;Despejado;15/04/18
IBE8029;MAH;MAD;CANADAIR CRJ-900;Despejado;15/04/18
VLG3709;MAH;BCN;AIRBUS A320;Despejado;15/04/18
IBB606;SPC;TFN;ATR-42/72;Nubes altas;15/04/18
IBB304;SPC;LPA;ATR-72;Nubes altas;15/04/18
CNF413;SPC;TFN;ATR-42/72;Nubes altas;15/04/18
IBB608;SPC;TFN;ATR-72;Nubes altas;15/04/18
TVS2434;SPC;CDG;BOEING 737-800 WINGLETS;Nubes altas;15/04/18
AEA9462;SPC;TFN;ATR-72;Nubes altas;15/04/18
CNF419;SPC;TFN;ATR-42/72;Nubes altas;15/04/18
IBB610;SPC;TFN;ATR-42/72;Nubes altas;15/04/18
AEA9464;SPC;TFN;ATR-72;Nubes altas;15/04/18
IBB620;SPC;TFN;ATR-42/72;Nubes altas;15/04/18
IBB622;SPC;TFN;ATR-72;Nubes altas;15/04/18
IBS3843;SPC;MAD;AIRBUS A320;Nubes altas;15/04/18
IBB630;SPC;TFN;ATR-42/72;Nubes altas;15/04/18
CNF453;SPC;TFN;ATR-72;Nubes altas;15/04/18
IBB312;SPC;LPA;BOMBARDIER CRJ-1000;Nubes altas;15/04/18
DE1407;SPC;FRA;BOEING 757-300 WINGLETS;Nubes altas;15/04/18
IBB632;SPC;TFN;ATR-42/72;Nubes altas;15/04/18
AEA9466;SPC;TFN;ATR-72;Nubes altas;15/04/18
IBB634;SPC;TFN;ATR-72;Nubes altas;15/04/18
IBB636;SPC;TFN;ATR-42/72;Nubes altas;15/04/18
AEA9480;SPC;TFN;ATR-72;Nubes altas;15/04/18
IBB316;SPC;LPA;ATR-42/72;Nubes altas;15/04/18
AEA9431;LPA;FUE;ATR-72;Nubes altas;15/04/18
IBB200;LPA;FUE;ATR-72;Nubes altas;15/04/18
IBB414;TFN;FUE;ATR-42/72;Nubes altas;15/04/18
VLG3146;AGP;FUE;AIRBUS A320;Nubes altas;15/04/18
CNF803;LPA;FUE;ATR-72;Nubes altas;15/04/18
OLY726;TFS;FUE;AIRBUS A321;Nubes altas;15/04/18
IBB210;LPA;FUE;ATR-72;Nubes altas;15/04/18
IBB422;TFN;FUE;ATR-42/72;Nubes altas;15/04/18
CNF809;LPA;FUE;ATR-72;Nubes altas;15/04/18
RYR6384;BCN;SDR;BOEING 737-800 WINGLETS;Nubes altas;15/04/18
IBE0554;MAD;SDR;AIRBUS A319;Lluvia débil;15/04/18
IBE0556;MAD;SDR;AIRBUS A319;Lluvia débil;15/04/18
VLG1590;BCN;SDR;AIRBUS A320;Nubes altas;15/04/18
IBE8878;MAD;SDR;CANADAIR CRJ-900;Lluvia débil;15/04/18
VLG2118;AGP;BCN;AIRBUS A320;Nubes altas;14/04/18
ANE8496;PMI;MAH;BOMBARDIER CRJ-1000;Despejado;14/04/18
DK1565;PMI;OSL;AIRBUS A330-300;Despejado;14/04/18
VLG3901;PMI;BCN;32B;Despejado;14/04/18
EWG597;PMI;CGN;AIRBUS A319;Despejado;14/04/18
IBK2425;PMI;LGW;BOEING 737-800 WINGLETS;Despejado;14/04/18
EZY7146;PMI;LPL;AIRBUS A319;Despejado;14/04/18
EWG6806;PMI;FMO;32A;Despejado;14/04/18
EZY6046;PMI;BRS;AIRBUS A320;Despejado;14/04/18
EZY1514;PMI;GVA;32A;Despejado;15/04/18
EZY3501;PMI;STR;32A;Despejado;15/04/18
RYR2052;PMI;MAD;BOEING 737-800 WINGLETS;Despejado;15/04/18
RYR9998;PMI;DUB;BOEING 737-800 WINGLETS;Despejado;14/04/18
IBS3917;PMI;MAD;AIRBUS A320;Despejado;15/04/18
IBK6632;PMI;TRF;BOEING 737-800 WINGLETS;Despejado;15/04/18
IBK6650;PMI;ARN;BOEING 737-800 WINGLETS;Despejado;15/04/18
RYR6363;PMI;BCN;BOEING 737-800 WINGLETS;Despejado;15/04/18
RYR4511;PMI;KRK;BOEING 737-800 WINGLETS;Despejado;15/04/18
RYR714;PMI;GOT;BOEING 737-800 WINGLETS;Despejado;15/04/18
IBE8594;MAD;LEI;BOMBARDIER CRJ-1000;Lluvia débil;15/04/18
AEA2887;BCN;LEI;BOEING 737-800 WINGLETS;Nubes altas;15/04/18
VLG1251;BCN;LEI;AIRBUS A320;Nubes altas;15/04/18
IBE8598;MAD;LEI;CANADAIR CRJ-900;Lluvia débil;15/04/18
AEA2633;ZAZ;LEI;BOEING 737-800 WINGLETS;Nubes altas;15/04/18
IBE8212;PMI;LEI;CANADAIR CRJ-200;Despejado;17/04/18
IBE8592;MAD;LEI;BOMBARDIER CRJ-1000;Lluvia débil;15/04/18
AEA2647;BCN;LEI;BOEING 737-800 WINGLETS;Nubes altas;15/04/18
IBE8588;MAD;LEI;CANADAIR CRJ-200;Lluvia débil;15/04/18
IBE8933;SVQ;LEI;CANADAIR CRJ-200;Lluvia débil;15/04/18
IBE8600;MAD;LEI;BOMBARDIER CRJ-1000;Lluvia débil;15/04/18
VLG2010;BCN;GRX;32B;Nubes altas;15/04/18
IBE8640;MAD;GRX;BOMBARDIER CRJ-1000;Lluvia débil;15/04/18
VLG2020;BCN;GRX;AIRBUS A320;Nubes altas;15/04/18
AEA5201;PMI;GRX;EMBRAER ERJ-195;Despejado;15/04/18
VLG3933;PMI;GRX;AIRBUS A320;Despejado;15/04/18
IBE8646;MAD;GRX;BOMBARDIER CRJ-1000;Lluvia débil;15/04/18
IBE8642;MAD;GRX;BOMBARDIER CRJ-1000;Lluvia débil;15/04/18
VLG2014;BCN;GRX;AIRBUS A320;Nubes altas;15/04/18
VLG2016;BCN;GRX;32B;Nubes altas;15/04/18
IBE8648;MAD;GRX;BOMBARDIER CRJ-1000;Lluvia débil;15/04/18
AEA7161;MAD;BIO;EMBRAER ERJ-195;Lluvia débil;15/04/18
VLG2608;AGP;BIO;AIRBUS A320;Nubes altas;15/04/18
VLG1418;BCN;BIO;AIRBUS A320;Nubes altas;15/04/18
IBS9522;PMI;BIO;AIRBUS A320;Despejado;15/04/18
VLG2507;SVQ;BIO;32A;Lluvia débil;15/04/18
VLG1432;BCN;BIO;AIRBUS A320;Nubes altas;15/04/18
IBE8693;PMI;BIO;BOMBARDIER CRJ-1000;Despejado;17/04/18
VLG3801;MAH;BIO;32A;Despejado;15/04/18
EZY8710;TFS;LGW;32A;Nubes altas;14/04/18
OLY647;TFS;CGN;AIRBUS A321;Nubes altas;14/04/18
VLG6792;TFS;LYS;32A;Nubes altas;15/04/18
RYR1513;TFS;BVA;BOEING 737-800 WINGLETS;Nubes altas;15/04/18
RYR2545;TFS;NCL;BOEING 737-800 WINGLETS;Nubes altas;15/04/18
RYR4514;TFS;KRK;BOEING 737-800 WINGLETS;Nubes altas;15/04/18
IBS3927;TFS;MAD;32A;Nubes altas;15/04/18
RYR2561;TFS;BFS;BOEING 737-800 WINGLETS;Nubes altas;15/04/18
DK1409;TFS;ORB;32B;Nubes altas;15/04/18
IBK6420;TFS;OSL;BOEING 737-800 WINGLETS;Nubes altas;15/04/18
TOM5751;TFS;NWI;BOEING 737-800 WINGLETS;Nubes altas;15/04/18
OLY726;TFS;FUE;AIRBUS A321;Nubes altas;15/04/18
RYR2914;TFS;MAD;BOEING 737-800 WINGLETS;Nubes altas;15/04/18
IBK6450;TFS;ARN;BOEING 737-800 WINGLETS;Nubes altas;15/04/18
ENT951C;TFS;LYS;BOEING 737-800 WINGLETS;Nubes altas;15/04/18
IBK6500;TFS;HAM;BOEING 737-800 WINGLETS;Nubes altas;15/04/18
OLY745;TFS;ZRH;AIRBUS A321;Nubes altas;15/04/18
BEL1652;TFS;BRU;AIRBUS A320;Nubes altas;15/04/18
JAF7114;TFS;BRU;BOEING 737-800 WINGLETS;Nubes altas;15/04/18
EWG253;TFS;CGN;BOEING 737-800 WINGLETS;Nubes altas;15/04/18
JAF7866;TFS;CDG;BOEING 737-800 WINGLETS;Nubes altas;15/04/18
VLG1573;BCN;OVD;AIRBUS A320;Nubes altas;15/04/18
IBE8334;VLC;OVD;CANADAIR CRJ-200;Nubes altas;15/04/18
IBE0488;MAD;OVD;AIRBUS A321;Lluvia débil;15/04/18
IBE8333;PMI;OVD;CANADAIR CRJ-200;Despejado;17/04/18
VLG1579;BCN;OVD;AIRBUS A320;Nubes altas;15/04/18
VOE3585;ALC;OVD;BOEING 717;Nubes altas;15/04/18
IBE0476;MAD;OVD;AIRBUS A320;Lluvia débil;15/04/18
VLG3864;PMI;OVD;AIRBUS A320;Despejado;15/04/18
VOE3924;AGP;OVD;BOEING 717;Nubes altas;15/04/18
IBE0480;MAD;OVD;32A;Lluvia débil;15/04/18
IBE0482;MAD;OVD;AIRBUS A320;Lluvia débil;15/04/18
VOE3830;SVQ;OVD;BOEING 717;Lluvia débil;15/04/18
VLG1571;BCN;OVD;AIRBUS A320;Nubes altas;15/04/18
VLG3149;PMI;AGP;AIRBUS A320;Despejado;14/04/18
IBS3866;MAD;AGP;32A;Lluvia débil;15/04/18
RYR2015;MAD;ACE;BOEING 737-800 WINGLETS;Lluvia débil;14/04/18
IBB452;TFN;ACE;ATR-42/72;Nubes altas;15/04/18
CNF703;LPA;ACE;ATR-72;Nubes altas;15/04/18
VLG3280;BIO;ACE;AIRBUS A320;Llovizna;15/04/18
AEA9073;MAD;ACE;BOEING 737-800 WINGLETS;Lluvia débil;15/04/18
AEA9447;LPA;ACE;ATR-72;Nubes altas;15/04/18
IBB510;LPA;ACE;BOMBARDIER CRJ-1000;Nubes altas;15/04/18
IBE8949;BIO;VLC;BOMBARDIER CRJ-1000;Llovizna;14/04/18
RYR7215;PMI;VLC;BOEING 737-800 WINGLETS;Despejado;14/04/18
AEA4063;MAD;VLC;ATR-72;Lluvia débil;15/04/18
RYR7223;SCQ;VLC;BOEING 737-800 WINGLETS;Cubierto de nubes altas y medias;15/04/18
IBE8841;SVQ;VLC;ATR-72;Lluvia débil;15/04/18
IBE8496;PMI;MAH;BOMBARDIER CRJ-1000;Despejado;17/04/18
IBE8494;PMI;MAH;ATR-42/72;Despejado;17/04/18
VLG3712;BCN;MAH;AIRBUS A320;Nubes altas;15/04/18
IBE8480;PMI;MAH;BOMBARDIER CRJ-1000;Despejado;17/04/18
VLG3800;BIO;MAH;32A;Llovizna;15/04/18
VLG3714;BCN;MAH;AIRBUS A320;Nubes altas;15/04/18
IBE8482;PMI;MAH;BOMBARDIER CRJ-1000;Despejado;17/04/18
AEA4537;PMI;MAH;ATR-72;Despejado;15/04/18
IBE8956;MAD;MAH;BOMBARDIER CRJ-1000;Lluvia débil;15/04/18
AAL8564;MAD;MAH;BOMBARDIER CRJ-1000;Lluvia débil;15/04/18
IBE8498;PMI;MAH;ATR-42/72;Despejado;17/04/18
IBE8663;BIO;MAH;BOMBARDIER CRJ-1000;Llovizna;15/04/18
AEA4531;PMI;MAH;ATR-72;Despejado;15/04/18
IBE8488;PMI;MAH;CANADAIR CRJ-200;Despejado;17/04/18
RYR6881;BCN;MAH;BOEING 737-800 WINGLETS;Nubes altas;15/04/18
IBE8024;MAD;MAH;CANADAIR CRJ-900;Lluvia débil;15/04/18
VLG3716;BCN;MAH;AIRBUS A320;Nubes altas;15/04/18
IBK6383;ALC;TFN;BOEING 737-800 WINGLETS;Nubes altas;14/04/18
AEA9423;LPA;TFN;BOEING 737-800 WINGLETS;Nubes altas;14/04/18
VLG3218;BCN;TFN;32B;Nubes altas;14/04/18
IBS3938;MAD;TFN;AIRBUS A320;Lluvia débil;14/04/18
AEA9403;LPA;TFN;ATR-72;Nubes altas;15/04/18
VLG3256;SVQ;TFN;AIRBUS A320;Lluvia débil;15/04/18
IBB107;LPA;TFN;ATR-72;Nubes altas;15/04/18
VLG3247;SCQ;TFN;AIRBUS A320;Cubierto de nubes altas y medias;15/04/18
RYR3063;BCN;TFN;BOEING 737-800 WINGLETS;Nubes altas;15/04/18
AEA9059;MAD;TFN;AIRBUS A330-200;Lluvia débil;15/04/18
IBB606;SPC;TFN;ATR-42/72;Nubes altas;15/04/18
RYR5278;MAD;TFN;BOEING 737-800 WINGLETS;Lluvia débil;15/04/18
IBB415;FUE;TFN;ATR-42/72;Despejado;15/04/18
IBB453;ACE;TFN;ATR-42/72;Despejado;15/04/18
CNF413;SPC;TFN;ATR-42/72;Nubes altas;15/04/18
IBB119;LPA;TFN;BOMBARDIER CRJ-1000;Nubes altas;15/04/18
IBB608;SPC;TFN;ATR-72;Nubes altas;15/04/18
IBB656;VDE;TFN;ATR-72;Nubes altas;15/04/18
AEA9462;SPC;TFN;ATR-72;Nubes altas;15/04/18
CNF884;FUE;LPA;ATR-42/72;Despejado;14/04/18
IBK5807;MAD;LPA;BOEING 737-800 WINGLETS;Lluvia débil;14/04/18
CNF784;ACE;LPA;ATR-72;Despejado;14/04/18
RYR7724;SVQ;LPA;BOEING 737-800 WINGLETS;Lluvia débil;14/04/18
RYR7004;SCQ;LPA;BOEING 737-800 WINGLETS;Cubierto de nubes altas y medias;14/04/18
RYR2011;MAD;LPA;BOEING 737-800 WINGLETS;Lluvia débil;14/04/18
VLG3000;BCN;LPA;32B;Nubes altas;14/04/18
IBB102;TFN;LPA;BOMBARDIER CRJ-1000;Nubes altas;15/04/18
VLG3133;LCG;LPA;32A;Cubierto de nubes altas y medias;15/04/18
IBB203;FUE;LPA;ATR-72;Despejado;15/04/18
AEA9432;FUE;LPA;ATR-72;Despejado;15/04/18
AEA9156;MAD;LPA;BOEING 737-800 WINGLETS;Lluvia débil;15/04/18
IBB501;ACE;LPA;BOMBARDIER CRJ-1000;Despejado;15/04/18
IBE8205;TFN;SCQ;BOMBARDIER CRJ-1000;Nubes altas;14/04/18
VLG3136;ACE;SCQ;AIRBUS A320;Despejado;14/04/18
RYR7222;VLC;SCQ;BOEING 737-800 WINGLETS;Nubes altas;15/04/18
RYR6332;BCN;SCQ;BOEING 737-800 WINGLETS;Nubes altas;15/04/18
IBS3876;MAD;SCQ;AIRBUS A321;Lluvia débil;15/04/18
IBE8356;BIO;SCQ;CANADAIR CRJ-200;Llovizna;15/04/18
VLG1670;BCN;SCQ;32A;Nubes altas;15/04/18
RYR3041;SVQ;SCQ;BOEING 737-800 WINGLETS;Lluvia débil;15/04/18
VLG3246;TFN;SCQ;AIRBUS A320;Nubes altas;15/04/18
VLG2655;AGP;SCQ;AIRBUS A320;Nubes altas;15/04/18
RYR8538;ALC;SCQ;BOEING 737-800 WINGLETS;Nubes altas;15/04/18
IBS3878;MAD;SCQ;AIRBUS A320;Lluvia débil;15/04/18
VLG1676;BCN;SCQ;AIRBUS A320;Nubes altas;15/04/18
RYR6398;BCN;SVQ;BOEING 737-800 WINGLETS;Nubes altas;14/04/18
VLG2508;BIO;SVQ;32A;Llovizna;15/04/18
IBS3954;MAD;SVQ;32A;Lluvia débil;15/04/18
IBE8840;VLC;SVQ;ATR-72;Nubes altas;15/04/18
VLG2216;BCN;SVQ;32B;Nubes altas;15/04/18
RYR6396;BCN;SVQ;BOEING 737-800 WINGLETS;Nubes altas;15/04/18
VLG2224;BCN;SVQ;AIRBUS A320;Nubes altas;15/04/18
VLG2252;BCN;SVQ;AIRBUS A320;Nubes altas;15/04/18
VLG3257;TFN;SVQ;AIRBUS A320;Nubes altas;15/04/18
IBS3950;MAD;SVQ;32A;Lluvia débil;15/04/18
EVE1606;ZAZ;SVQ;AIRBUS A320;Nubes altas;15/04/18
AEA6049;MAD;PMI;BOEING 737-800 WINGLETS;Lluvia débil;14/04/18
IBS3916;MAD;PMI;AIRBUS A320;Lluvia débil;14/04/18
VLG3914;BCN;PMI;AIRBUS A320;Nubes altas;14/04/18
RYR6368;BCN;PMI;BOEING 737-800 WINGLETS;Nubes altas;14/04/18
VLG2454;AGP;IBZ;AIRBUS A320;Nubes altas;15/04/18
RYR8136;BCN;IBZ;BOEING 737-800 WINGLETS;Nubes altas;15/04/18
VLG3540;BCN;IBZ;AIRBUS A320;Nubes altas;15/04/18
RYR5354;MAD;IBZ;BOEING 737-800 WINGLETS;Lluvia débil;15/04/18
VLG3447;MAD;IBZ;AIRBUS A320;Lluvia débil;15/04/18
IBE8104;PMI;IBZ;CANADAIR CRJ-900;Despejado;17/04/18
AEA1702;PMI;IBZ;ATR-72;Despejado;15/04/18
VLG3508;BCN;IBZ;32A;Nubes altas;15/04/18
IBE8106;PMI;IBZ;ATR-42/72;Despejado;17/04/18
IBE8430;VLC;IBZ;ATR-72;Nubes altas;15/04/18
RYR2913;MAD;TFS;BOEING 737-800 WINGLETS;Lluvia débil;15/04/18
IBB123;LPA;TFS;ATR-72;Nubes altas;15/04/18
IBB605;TFN;SPC;ATR-42/72;Nubes altas;15/04/18
IBB309;LPA;SPC;ATR-72;Nubes altas;15/04/18
CNF412;TFN;SPC;ATR-42/72;Nubes altas;15/04/18
IBB607;TFN;SPC;ATR-42/72;Nubes altas;15/04/18
AEA9461;TFN;SPC;ATR-72;Nubes altas;15/04/18
CNF418;TFN;SPC;ATR-42/72;Nubes altas;15/04/18
IBB615;TFN;SPC;ATR-42/72;Nubes altas;15/04/18
AEA9463;TFN;SPC;ATR-72;Nubes altas;15/04/18
IBB619;TFN;SPC;ATR-42/72;Nubes altas;15/04/18
IBB621;TFN;SPC;ATR-42/72;Nubes altas;15/04/18
IBS3842;MAD;SPC;AIRBUS A320;Lluvia débil;15/04/18
IBB629;TFN;SPC;ATR-42/72;Nubes altas;15/04/18
CNF452;TFN;SPC;ATR-72;Nubes altas;15/04/18
IBB311;LPA;SPC;BOMBARDIER CRJ-1000;Nubes altas;15/04/18
IBB631;TFN;SPC;ATR-42/72;Nubes altas;15/04/18
AEA9465;TFN;SPC;ATR-72;Nubes altas;15/04/18
IBB633;TFN;SPC;ATR-42/72;Nubes altas;15/04/18
IBB623;TFN;SPC;ATR-42/72;Nubes altas;15/04/18
IBB315;LPA;SPC;ATR-72;Nubes altas;15/04/18
AEA9479;TFN;SPC;ATR-72;Nubes altas;15/04/18
IBB637;TFN;SPC;ATR-42/72;Nubes altas;15/04/18
RYR5538;VIT;BGY;BOEING 737-800 WINGLETS;Muy nuboso;15/04/18
IBE8331;BJZ;MAD;CANADAIR CRJ-200;Lluvia;15/04/18
IBE8313;BJZ;BCN;BOMBARDIER CRJ-1000;Lluvia;15/04/18
HTY118;AEI;JCU;AWH;Nubes altas;15/04/18
HTY140;AEI;JCU;AWH;Nubes altas;15/04/18
IBB650;GMZ;TFN;ATR-72;Nubes altas;15/04/18
IBB652;GMZ;TFN;ATR-72;Nubes altas;15/04/18
KRP861;LPA;VIT;FOKKER 100;Despejado;17/04/18
RYR1115;REU;DUB;BOEING 737-800 WINGLETS;Nubes altas;15/04/18
RYR9825;REU;LPL;BOEING 737-800 WINGLETS;Nubes altas;15/04/18
RYR9827;REU;HHN;BOEING 737-800 WINGLETS;Nubes altas;15/04/18
RYR8088;REU;BHX;BOEING 737-800 WINGLETS;Nubes altas;15/04/18
RYR2212;REU;EIN;BOEING 737-800 WINGLETS;Nubes altas;15/04/18
IBE8529;PNA;MAD;BOMBARDIER CRJ-1000;Cubierto de nubes altas y medias;15/04/18
DLH1119;PNA;FRA;AIRBUS A320;Cubierto de nubes altas y medias;15/04/18
IBE8525;PNA;MAD;CANADAIR CRJ-900;Cubierto de nubes altas y medias;15/04/18
IBE8531;PNA;MAD;BOMBARDIER CRJ-1000;Cubierto de nubes altas y medias;15/04/18
HTY227;JCU;AGP;AWH;Nubes altas;15/04/18
HTY117;JCU;AEI;AWH;Nubes altas;15/04/18
HTY139;JCU;AEI;AWH;Nubes altas;15/04/18
HTY259;JCU;AGP;AWH;Nubes altas;15/04/18
IBE8330;MAD;BJZ;CANADAIR CRJ-200;Lluvia débil;15/04/18
IBE8312;BCN;BJZ;BOMBARDIER CRJ-1000;Despejado;17/04/18
HTY117;JCU;AEI;AWH;Nubes altas;15/04/18
HTY139;JCU;AEI;AWH;Nubes altas;15/04/18
IBS9530;VLL;PMI;AIRBUS A320;Lluvia moderada;15/04/18
RYR2200;VLL;SVQ;BOEING 737-800 WINGLETS;Lluvia moderada;15/04/18
EVE1128;VLL;SVQ;AIRBUS A320;Lluvia moderada;15/04/18
RYR6321;VLL;BCN;BOEING 737-800 WINGLETS;Lluvia moderada;15/04/18
VLG1585;VLL;BCN;AIRBUS A320;Lluvia moderada;15/04/18
RYR4634;ZAZ;BGY;BOEING 737-800 WINGLETS;Nubes altas;15/04/18
EVE1606;ZAZ;SVQ;AIRBUS A320;Nubes altas;15/04/18
AEA2633;ZAZ;LEI;BOEING 737-800 WINGLETS;Nubes altas;15/04/18
RYR2635;ZAZ;STN;BOEING 737-800 WINGLETS;Nubes altas;15/04/18
IBB651;TFN;GMZ;ATR-42/72;Nubes altas;15/04/18
IBB653;TFN;GMZ;ATR-42/72;Nubes altas;15/04/18
IBE2244;TFN;GMZ;ATR-72;Despejado;17/04/18
IBB656;VDE;TFN;ATR-72;Nubes altas;15/04/18
IBB662;VDE;TFN;ATR-72;Nubes altas;15/04/18
IBB668;VDE;TFN;ATR-72;Nubes altas;15/04/18
IBB366;VDE;LPA;ATR-72;Nubes altas;15/04/18
CNF248;VDE;TFN;ATR-72;Nubes altas;15/04/18
IBB674;VDE;TFN;ATR-72;Nubes altas;15/04/18
IBE8317;EAS;MAD;ATR-72;Abertura de claros;15/04/18
VLG2487;EAS;BCN;AIRBUS A319;Abertura de claros;15/04/18
IBE8319;EAS;MAD;ATR-72;Abertura de claros;15/04/18
IBE8329;EAS;MAD;ATR-72;Abertura de claros;15/04/18
IBE8315;EAS;MAD;ATR-72;Abertura de claros;15/04/18
VLG2489;EAS;BCN;AIRBUS A319;Abertura de claros;15/04/18
IBE8323;EAS;MAD;ATR-72;Abertura de claros;15/04/18
IBE8524;MAD;PNA;CANADAIR CRJ-900;Lluvia débil;15/04/18
IBE8532;MAD;PNA;BOMBARDIER CRJ-1000;Lluvia débil;15/04/18
IBE8526;MAD;PNA;BOMBARDIER CRJ-1000;Lluvia débil;15/04/18
AEA7311;VGO;MAD;EMBRAER ERJ-195;Lluvia débil;15/04/18
IBE0531;VGO;MAD;AIRBUS A319;Lluvia débil;15/04/18
RYR242;VGO;DUB;BOEING 737-800 WINGLETS;Lluvia débil;15/04/18
RYR7132;VGO;BGY;BOEING 737-800 WINGLETS;Lluvia débil;15/04/18
AEA7315;VGO;MAD;EMBRAER ERJ-195;Lluvia débil;15/04/18
IBE0533;VGO;MAD;AIRBUS A319;Lluvia débil;15/04/18
LAV5464;VGO;TFN;BOEING 737-400;Lluvia débil;15/04/18
TAP1141;VGO;LIS;ATR-72;Lluvia débil;15/04/18
AEA7317;VGO;MAD;EMBRAER ERJ-195;Lluvia débil;15/04/18
IBE0407;XRY;MAD;AIRBUS A319;Abertura de claros;15/04/18
EWG575;XRY;CGN;AIRBUS A319;Abertura de claros;15/04/18
JAF7922;XRY;BRU;EMBRAER 190;Abertura de claros;15/04/18
EWG9571;XRY;DUS;32A;Abertura de claros;15/04/18
RYR8397;XRY;STN;BOEING 737-800 WINGLETS;Abertura de claros;15/04/18
IBE0411;XRY;MAD;AIRBUS A320;Abertura de claros;15/04/18
VLG2287;XRY;BCN;AIRBUS A320;Abertura de claros;15/04/18
RYR1284;XRY;BCN;BOEING 737-800 WINGLETS;Abertura de claros;15/04/18
IBE0405;XRY;MAD;AIRBUS A319;Abertura de claros;15/04/18
HTY228;AGP;JCU;AWH;Nubes altas;15/04/18
HTY118;AEI;JCU;AWH;Nubes altas;15/04/18
HTY140;AEI;JCU;AWH;Nubes altas;15/04/18
HTY260;AGP;JCU;AWH;Despejado;17/04/18
WZZ1480;SDR;WAW;AIRBUS A320;Lluvia moderada;15/04/18
RYR7617;SDR;EDI;BOEING 737-800 WINGLETS;Lluvia moderada;15/04/18
RYR6385;SDR;BCN;BOEING 737-800 WINGLETS;Lluvia moderada;15/04/18
IBE0555;SDR;MAD;AIRBUS A319;Lluvia moderada;15/04/18
RYR9156;SDR;CIA;BOEING 737-800 WINGLETS;Lluvia moderada;15/04/18
RYR7153;SDR;DUB;BOEING 737-800 WINGLETS;Lluvia moderada;15/04/18
IBE0557;SDR;MAD;AIRBUS A319;Lluvia moderada;15/04/18
VLG1591;SDR;BCN;AIRBUS A320;Lluvia moderada;15/04/18
RYR6058;SDR;CRL;BOEING 737-800 WINGLETS;Lluvia moderada;15/04/18
RYR7366;SDR;NRN;BOEING 737-800 WINGLETS;Lluvia moderada;15/04/18
RYR2613;SDR;STN;BOEING 737-800 WINGLETS;Lluvia moderada;15/04/18
IBE0511;LCG;MAD;AIRBUS A320;Cubierto de nubes altas y medias;15/04/18
VLG3133;LCG;LPA;32A;Cubierto de nubes altas y medias;15/04/18
VLG1295;LCG;BCN;AIRBUS A320;Cubierto de nubes altas y medias;15/04/18
TAP1085;LCG;LIS;ATR-72;Cubierto de nubes altas y medias;15/04/18
VLG1293;LCG;BCN;AIRBUS A320;Cubierto de nubes altas y medias;15/04/18
AEA7234;LCG;MAD;EMBRAER ERJ-195;Cubierto de nubes altas y medias;15/04/18
VLG1298;LCG;SVQ;32A;Cubierto de nubes altas y medias;15/04/18
AEA7236;LCG;MAD;EMBRAER ERJ-195;Cubierto de nubes altas y medias;15/04/18
IBE0523;LCG;MAD;AIRBUS A320;Cubierto de nubes altas y medias;15/04/18
VLG7104;LCG;LHR;AIRBUS A320;Cubierto de nubes altas y medias;15/04/18
EVE1605;SVQ;ZAZ;32A;Lluvia débil;15/04/18
AEA2634;LEI;ZAZ;BOEING 737-800 WINGLETS;Despejado;15/04/18
IBE8261;MLN;AGP;ATR-72;Despejado;15/04/18
IBE8789;MLN;MAD;ATR-72;Despejado;15/04/18
IBE8791;MLN;MAD;ATR-72;Despejado;15/04/18
IBE8263;MLN;AGP;ATR-72;Despejado;15/04/18
IBE8793;MLN;MAD;ATR-72;Despejado;15/04/18
IBE8269;MLN;AGP;ATR-72;Despejado;15/04/18
IBE8271;MLN;AGP;ATR-72;Despejado;15/04/18
AEA5004;MLN;AGP;ATR-72;Despejado;15/04/18
IBE8277;MLN;AGP;ATR-72;Despejado;15/04/18
IBS9528;PMI;VLL;AIRBUS A320;Despejado;15/04/18
RYR2199;SVQ;VLL;BOEING 737-800 WINGLETS;Lluvia débil;15/04/18
EVE1127;SVQ;VLL;AIRBUS A320;Lluvia débil;15/04/18
RYR6320;BCN;VLL;BOEING 737-800 WINGLETS;Nubes altas;15/04/18
VLG1584;BCN;VLL;AIRBUS A320;Nubes altas;15/04/18
RYR7752;MAD;RAK;BOEING 737-800 WINGLETS;Lluvia débil;14/04/18
IBE6833;MAD;SCL;AIRBUS A340-600;Lluvia débil;15/04/18
LPE2485;MAD;LIM;BOEING 767-300 WINGLETS;Lluvia débil;15/04/18
LNE1441;MAD;GYE;AIRBUS A330-200;Lluvia débil;15/04/18
MLD854;MAD;KIV;EMBRAER RJ190;Lluvia débil;15/04/18
AUI946;MAD;KBP;BOEING 737-800 WINGLETS;Lluvia débil;15/04/18
AZA059;MAD;FCO;AIRBUS A320;Lluvia débil;15/04/18
KLM1698;MAD;AMS;BOEING 737-800 WINGLETS;Lluvia débil;15/04/18
RYR2913;MAD;TFS;BOEING 737-800 WINGLETS;Lluvia débil;15/04/18
BEL3776;LEI;BRU;AIRBUS A320;Despejado;15/04/18
EZY8164;LEI;LGW;AIRBUS A319;Despejado;15/04/18
IBE8595;LEI;MAD;BOMBARDIER CRJ-1000;Despejado;15/04/18
AEA2634;LEI;ZAZ;BOEING 737-800 WINGLETS;Despejado;15/04/18
IBE8213;LEI;PMI;CANADAIR CRJ-200;Despejado;15/04/18
VLG1252;LEI;BCN;AIRBUS A320;Despejado;15/04/18
IBE8577;LEI;MAD;CANADAIR CRJ-900;Despejado;15/04/18
AEA2888;LEI;BCN;BOEING 737-800 WINGLETS;Despejado;15/04/18
IBE8589;LEI;MAD;CANADAIR CRJ-200;Despejado;15/04/18
IBE8601;LEI;MAD;BOMBARDIER CRJ-1000;Despejado;15/04/18
AEA2648;LEI;BCN;BOEING 737-800 WINGLETS;Despejado;15/04/18
IBE8932;LEI;SVQ;CANADAIR CRJ-200;Despejado;15/04/18
EZY8550;MJV;LGW;AIRBUS A319;Nubes altas;15/04/18
EZY6014;MJV;BRS;AIRBUS A320;Nubes altas;15/04/18
RYR1925;MJV;EMA;BOEING 737-800 WINGLETS;Nubes altas;15/04/18
RYR4253;MJV;FRA;BOEING 737-800 WINGLETS;Nubes altas;15/04/18
EZY8552;MJV;LGW;AIRBUS A319;Nubes altas;15/04/18
RYR1940;MJV;EIN;BOEING 737-800 WINGLETS;Nubes altas;15/04/18
RYR4117;MJV;MAN;BOEING 737-800 WINGLETS;Nubes altas;15/04/18
EXS864;MJV;MAN;BOEING 737-800 WINGLETS;Nubes altas;15/04/18
RYR8027;MJV;STN;BOEING 737-800 WINGLETS;Nubes altas;15/04/18
RYR3453;MJV;LTN;BOEING 737-800 WINGLETS;Nubes altas;15/04/18
RYR7095;MJV;DUB;BOEING 737-800 WINGLETS;Nubes altas;15/04/18
VLG7517;BCN;MSQ;32A;Nubes altas;15/04/18
WZZ6902;BCN;KIV;AIRBUS A320;Nubes altas;15/04/18
VLG7842;BCN;TLV;32A;Nubes altas;15/04/18
VLG8036;BCN;ORY;AIRBUS A319;Nubes altas;15/04/18
THY1852;BCN;IST;BOEING 737-800 WINGLETS;Nubes altas;15/04/18
RYR6341;BCN;FCO;BOEING 737-800 WINGLETS;Nubes altas;15/04/18
AFR1449;BCN;CDG;AIRBUS A320;Nubes altas;15/04/18
RYR2918;BCN;BRU;BOEING 737-800 WINGLETS;Nubes altas;15/04/18
RYR6353;BCN;BGY;BOEING 737-800 WINGLETS;Nubes altas;15/04/18
RYR3063;BCN;TFN;BOEING 737-800 WINGLETS;Nubes altas;15/04/18
KLM1662;BCN;AMS;BOEING 737-700 WINGLETS;Nubes altas;15/04/18
VLG3215;TFN;BCN;32B;Nubes altas;15/04/18
IBS3945;TFN;MAD;AIRBUS A320;Nubes altas;15/04/18
IBB414;TFN;FUE;ATR-42/72;Nubes altas;15/04/18
IBK6378;TFN;MAD;BOEING 737-800 WINGLETS;Nubes altas;15/04/18
AEA9045;TFN;MAD;BOEING 737-800 WINGLETS;Nubes altas;15/04/18
IBB605;TFN;SPC;ATR-42/72;Nubes altas;15/04/18
AEA7007;TFN;BIO;BOEING 737-800 WINGLETS;Nubes altas;15/04/18
CNF412;TFN;SPC;ATR-42/72;Nubes altas;15/04/18
IBB655;TFN;VDE;ATR-72;Nubes altas;15/04/18
IBB607;TFN;SPC;ATR-42/72;Nubes altas;15/04/18
IBB102;TFN;LPA;BOMBARDIER CRJ-1000;Nubes altas;15/04/18
AEA9461;TFN;SPC;ATR-72;Nubes altas;15/04/18
VLG3257;TFN;SVQ;AIRBUS A320;Nubes altas;15/04/18
IBB108;TFN;LPA;ATR-72;Nubes altas;15/04/18
IBE8639;GRX;MAD;BOMBARDIER CRJ-1000;Nubes altas;15/04/18
VLG2011;GRX;BCN;32B;Nubes altas;15/04/18
IBE8641;GRX;MAD;BOMBARDIER CRJ-1000;Nubes altas;15/04/18
EZY2676;GRX;MXP;AIRBUS A319;Nubes altas;15/04/18
VLG2021;GRX;BCN;Sin especificar;Nubes altas;15/04/18
AEA5200;GRX;PMI;EMBRAER ERJ-195;Nubes altas;15/04/18
VLG3932;GRX;PMI;AIRBUS A320;Nubes altas;15/04/18
IBE8645;GRX;MAD;BOMBARDIER CRJ-1000;Nubes altas;15/04/18
ENT513;GRX;ARN;BOEING 737-800 WINGLETS;Nubes altas;15/04/18
ENT574;GRX;ARN;BOEING 737-800;Nubes altas;15/04/18
IBE8649;GRX;MAD;BOMBARDIER CRJ-1000;Nubes altas;15/04/18
VLG2015;GRX;BCN;AIRBUS A320;Nubes altas;15/04/18
BAW3290;GRX;LCY;EMBRAER 190;Nubes altas;15/04/18
VLG2017;GRX;BCN;32B;Nubes altas;15/04/18
IBB655;TFN;VDE;ATR-72;Nubes altas;15/04/18
IBB659;TFN;VDE;ATR-72;Nubes altas;15/04/18
IBB663;TFN;VDE;ATR-72;Nubes altas;15/04/18
IBB365;LPA;VDE;ATR-72;Nubes altas;15/04/18
CNF247;TFN;VDE;ATR-42/72;Nubes altas;15/04/18
IBB673;TFN;VDE;ATR-72;Nubes altas;15/04/18
VOE3410;BIO;VIE;BOEING 717;Llovizna;15/04/18
KLM1684;BIO;AMS;EMBRAER 190;Llovizna;15/04/18
DLH1147;BIO;FRA;32A;Llovizna;15/04/18
VLG2508;BIO;SVQ;32A;Llovizna;15/04/18
VLG3280;BIO;ACE;AIRBUS A320;Llovizna;15/04/18
VLG1431;BIO;BCN;32A;Llovizna;15/04/18
AFR1377;BIO;CDG;EMBRAER 190;Llovizna;15/04/18
TAP1065;BIO;LIS;ATR-42/72;Llovizna;15/04/18
DLH1829;BIO;MUC;AIRBUS A319;Llovizna;15/04/18
VLG3800;BIO;MAH;32A;Llovizna;15/04/18
IBE0435;BIO;MAD;AIRBUS A319;Llovizna;15/04/18
IBE8356;BIO;SCQ;CANADAIR CRJ-200;Llovizna;15/04/18
AEA7156;BIO;MAD;EMBRAER ERJ-195;Llovizna;15/04/18
AUI940;VLC;IFO;EMBRAER 190;Nubes altas;15/04/18
AEA1005;VLC;CDG;BOEING 737-800 WINGLETS;Nubes altas;15/04/18
RYR7222;VLC;SCQ;BOEING 737-800 WINGLETS;Nubes altas;15/04/18
DLH1165;VLC;FRA;AIRBUS A321;Nubes altas;15/04/18
RYR9394;VLC;CRA;BOEING 737-800 WINGLETS;Nubes altas;15/04/18
VLG8152;VLC;ORY;AIRBUS A320;Nubes altas;15/04/18
IBE8840;VLC;SVQ;ATR-72;Nubes altas;15/04/18
RYR8725;VLC;BRI;BOEING 737-800 WINGLETS;Nubes altas;15/04/18
RYR2228;VLC;KRK;BOEING 737-800 WINGLETS;Nubes altas;15/04/18
AEA4004;VLC;PMI;ATR-72;Nubes altas;15/04/18
SWR2141;VLC;ZRH;AIRBUS A320;Nubes altas;15/04/18
RYR2986;VLC;BRU;BOEING 737-800 WINGLETS;Nubes altas;15/04/18
TRA6338;VLC;AMS;BOEING 737-700 WINGLETS;Nubes altas;15/04/18
IBE8993;VLC;MAD;CANADAIR CRJ-900;Nubes altas;15/04/18
AAL8525;VLC;MAD;CANADAIR CRJ-900;Nubes altas;15/04/18
EZY1514;PMI;GVA;32A;Despejado;15/04/18
RYR2052;PMI;MAD;BOEING 737-800 WINGLETS;Despejado;15/04/18
RYR9998;PMI;DUB;BOEING 737-800 WINGLETS;Despejado;14/04/18
IBS3917;PMI;MAD;AIRBUS A320;Despejado;15/04/18
RYR6363;PMI;BCN;BOEING 737-800 WINGLETS;Despejado;15/04/18
IBK6632;PMI;TRF;BOEING 737-800 WINGLETS;Despejado;15/04/18
IBK6650;PMI;ARN;BOEING 737-800 WINGLETS;Despejado;15/04/18
RYR4511;PMI;KRK;BOEING 737-800 WINGLETS;Despejado;15/04/18
IBK6698;PMI;MUC;BOEING 737-800 WINGLETS;Despejado;15/04/18
RYR714;PMI;GOT;BOEING 737-800 WINGLETS;Despejado;15/04/18
RYR111;PMI;SXF;BOEING 737-800 WINGLETS;Despejado;15/04/18
AEA6006;PMI;BCN;EMBRAER ERJ-195;Despejado;15/04/18
VLG3915;PMI;BCN;AIRBUS A320;Despejado;15/04/18
RYR6397;SVQ;BCN;BOEING 737-800 WINGLETS;Lluvia débil;15/04/18
VLG2223;SVQ;BCN;AIRBUS A320;Lluvia débil;15/04/18
RYR5262;SVQ;BVA;BOEING 737-800 WINGLETS;Lluvia débil;15/04/18
VLG3256;SVQ;TFN;AIRBUS A320;Lluvia débil;15/04/18
TAP1101;SVQ;LIS;ATR-42/72;Lluvia débil;15/04/18
RYR2470;SVQ;FKB;BOEING 737-800 WINGLETS;Lluvia débil;15/04/18
VLG2253;SVQ;BCN;AIRBUS A320;Lluvia débil;15/04/18
VLG2507;SVQ;BIO;32A;Lluvia débil;15/04/18
IBS3947;SVQ;MAD;AIRBUS A320;Lluvia débil;15/04/18
TVF3101;SVQ;ORY;BOEING 737-800 WINGLETS;Lluvia débil;15/04/18
VLG2211;SVQ;BCN;AIRBUS A320;Lluvia débil;15/04/18
IBE8841;SVQ;VLC;ATR-72;Lluvia débil;15/04/18
VLG2251;SVQ;BCN;32B;Lluvia débil;15/04/18
VLG8830;SVQ;CDG;AIRBUS A320;Lluvia débil;15/04/18
IBK5420;ALC;HEL;BOEING 737-800 WINGLETS;Nubes altas;15/04/18
VLG7396;ALC;ALG;32A;Nubes altas;15/04/18
IBK5350;ALC;ARN;BOEING 737-800 WINGLETS;Nubes altas;15/04/18
VLG8253;ALC;ORY;32A;Nubes altas;15/04/18
ANE8397;ALC;MAD;BOMBARDIER CRJ-1000;Nubes altas;15/04/18
RYR7522;ALC;EIN;BOEING 737-800 WINGLETS;Nubes altas;15/04/18
VLG7390;ALC;ORN;AIRBUS A320;Nubes altas;15/04/18
VLG1311;ALC;BCN;32A;Nubes altas;15/04/18
RYR4029;ALC;FCO;BOEING 737-800 WINGLETS;Nubes altas;15/04/18
RYR8005;ALC;ABZ;BOEING 737-800 WINGLETS;Nubes altas;15/04/18
RYR2543;ALC;POZ;BOEING 737-800 WINGLETS;Nubes altas;15/04/18
IBK5320;ALC;OSL;BOEING 737-800 WINGLETS;Nubes altas;15/04/18
RYR5578;ALC;EDI;BOEING 737-800 WINGLETS;Nubes altas;15/04/18
IBK5406;ALC;HAJ;BOEING 737-800 WINGLETS;Nubes altas;15/04/18
WZZ4414;ALC;SOF;AIRBUS A320;Nubes altas;15/04/18
VOE2613;ALC;LYS;BOEING 717;Nubes altas;15/04/18
AEA4025;ALC;PMI;ATR-72;Nubes altas;15/04/18
IBE8481;MAH;PMI;BOMBARDIER CRJ-1000;Despejado;15/04/18
AAL8615;MAH;MAD;BOMBARDIER CRJ-1000;Despejado;15/04/18
IBE8951;MAH;MAD;BOMBARDIER CRJ-1000;Despejado;15/04/18
IBE8495;MAH;PMI;ATR-42/72;Despejado;15/04/18
VLG3713;MAH;BCN;AIRBUS A320;Despejado;15/04/18
IBE8483;MAH;PMI;BOMBARDIER CRJ-1000;Despejado;15/04/18
VLG3801;MAH;BIO;32A;Despejado;15/04/18
VLG3715;MAH;BCN;AIRBUS A320;Despejado;15/04/18
IBE8662;MAH;BIO;BOMBARDIER CRJ-1000;Despejado;15/04/18
AEA4532;MAH;PMI;ATR-72;Despejado;15/04/18
IBE8957;MAH;MAD;BOMBARDIER CRJ-1000;Despejado;15/04/18
IBE8499;MAH;PMI;ATR-42/72;Despejado;15/04/18
AEA4530;MAH;PMI;ATR-72;Despejado;15/04/18
IBE8491;MAH;PMI;CANADAIR CRJ-200;Despejado;15/04/18
IBE8493;MAH;PMI;BOMBARDIER CRJ-1000;Despejado;15/04/18
IBE8029;MAH;MAD;CANADAIR CRJ-900;Despejado;15/04/18
RYR6882;MAH;BCN;BOEING 737-800 WINGLETS;Despejado;15/04/18
VLG3709;MAH;BCN;AIRBUS A320;Despejado;15/04/18
RYR4579;SCQ;BGY;BOEING 737-800 WINGLETS;Cubierto de nubes altas y medias;15/04/18
VLG3247;SCQ;TFN;AIRBUS A320;Cubierto de nubes altas y medias;15/04/18
RYR7223;SCQ;VLC;BOEING 737-800 WINGLETS;Cubierto de nubes altas y medias;15/04/18
RYR6333;SCQ;BCN;BOEING 737-800 WINGLETS;Cubierto de nubes altas y medias;15/04/18
EZS1338;SCQ;GVA;AIRBUS A320;Cubierto de nubes altas y medias;15/04/18
IBS3877;SCQ;MAD;AIRBUS A321;Cubierto de nubes altas y medias;15/04/18
IBE8365;SCQ;PMI;CANADAIR CRJ-200;Cubierto de nubes altas y medias;15/04/18
VLG1671;SCQ;BCN;32A;Cubierto de nubes altas y medias;15/04/18
EZS1180;SCQ;BSL;AIRBUS A319;Cubierto de nubes altas y medias;15/04/18
DLH1867;SCQ;MUC;AIRBUS A320;Cubierto de nubes altas y medias;15/04/18
RYR3042;SCQ;SVQ;BOEING 737-800 WINGLETS;Cubierto de nubes altas y medias;15/04/18
RYR8379;SCQ;STN;BOEING 737-800 WINGLETS;Cubierto de nubes altas y medias;15/04/18
VLG1677;SCQ;BCN;AIRBUS A320;Cubierto de nubes altas y medias;15/04/18
VLG2654;SCQ;AGP;AIRBUS A320;Cubierto de nubes altas y medias;15/04/18
RYR8539;SCQ;ALC;BOEING 737-800 WINGLETS;Cubierto de nubes altas y medias;15/04/18
IBS3879;SCQ;MAD;AIRBUS A320;Cubierto de nubes altas y medias;15/04/18
RYR724;SCQ;PMI;BOEING 737-800 WINGLETS;Cubierto de nubes altas y medias;15/04/18
VLG8222;SCQ;CDG;AIRBUS A320;Cubierto de nubes altas y medias;15/04/18
VLG1572;OVD;BCN;AIRBUS A320;Lluvia moderada;15/04/18
VOE3584;OVD;ALC;BOEING 717;Lluvia moderada;15/04/18
IBS3981;OVD;MAD;AIRBUS A320;Lluvia moderada;15/04/18
VLG1574;OVD;BCN;AIRBUS A320;Lluvia moderada;15/04/18
IBE0479;OVD;MAD;32A;Lluvia moderada;15/04/18
EZY3084;OVD;STN;AIRBUS A319;Lluvia moderada;15/04/18
IBE8335;OVD;VLC;ATR-72;Lluvia moderada;15/04/18
IBE0475;OVD;MAD;AIRBUS A321;Lluvia moderada;15/04/18
IBE8332;OVD;PMI;CANADAIR CRJ-200;Lluvia moderada;15/04/18
VLG3865;OVD;PMI;AIRBUS A320;Lluvia moderada;15/04/18
VOE3925;OVD;AGP;BOEING 717;Lluvia moderada;15/04/18
IBE0487;OVD;MAD;AIRBUS A320;Lluvia moderada;15/04/18
VLG1578;OVD;BCN;AIRBUS A320;Lluvia moderada;15/04/18
VOE3831;OVD;SVQ;BOEING 717;Lluvia moderada;15/04/18
TAP1113;OVD;LIS;ATR-72;Lluvia moderada;15/04/18
IBE0481;OVD;MAD;32A;Lluvia moderada;15/04/18
IBE8101;IBZ;PMI;BOMBARDIER CRJ-1000;Nubes altas;15/04/18
RYR3542;IBZ;EIN;BOEING 737-800 WINGLETS;Nubes altas;14/04/18
AEA1701;IBZ;PMI;ATR-72;Nubes altas;15/04/18
EWG3561;IBZ;HAJ;AIRBUS A319;Nubes altas;15/04/18
VLG2455;IBZ;AGP;AIRBUS A320;Nubes altas;15/04/18
RYR8137;IBZ;BCN;BOEING 737-800 WINGLETS;Nubes altas;15/04/18
VLG3541;IBZ;BCN;AIRBUS A320;Nubes altas;15/04/18
RYR5355;IBZ;MAD;BOEING 737-800 WINGLETS;Nubes altas;15/04/18
VLG3434;IBZ;MAD;AIRBUS A320;Nubes altas;15/04/18
EZY2692;IBZ;MXP;32A;Nubes altas;15/04/18
TRA5676;IBZ;AMS;BOEING 737-800 WINGLETS;Nubes altas;15/04/18
IBE8105;IBZ;PMI;CANADAIR CRJ-900;Nubes altas;15/04/18
AEA1703;IBZ;PMI;ATR-72;Nubes altas;15/04/18
TRA5690;IBZ;RTM;BOEING 737-700 WINGLETS;Nubes altas;15/04/18
RYR8333;IBZ;BGY;BOEING 737-800 WINGLETS;Nubes altas;15/04/18
RYR6419;IBZ;NRN;BOEING 737-800 WINGLETS;Nubes altas;15/04/18
VLG3515;IBZ;BCN;32A;Nubes altas;15/04/18
VLG1294;BCN;LCG;AIRBUS A320;Nubes altas;15/04/18
VLG1292;BCN;LCG;AIRBUS A320;Nubes altas;15/04/18
AEA7233;MAD;LCG;EMBRAER ERJ-195;Lluvia débil;15/04/18
LZF441;BIO;LCG;ATR 42-300/320;Llovizna;15/04/18
VLG3132;LPA;LCG;AIRBUS A320;Nubes altas;15/04/18
AEA7235;MAD;LCG;EMBRAER ERJ-195;Lluvia débil;15/04/18
IBE0524;MAD;LCG;AIRBUS A319;Lluvia débil;15/04/18
VLG1299;SVQ;LCG;AIRBUS A320;Lluvia débil;15/04/18
IBS3866;MAD;AGP;32A;Lluvia débil;15/04/18
AEA5035;MAD;AGP;ATR-72;Lluvia débil;15/04/18
IBE8261;MLN;AGP;ATR-72;Despejado;15/04/18
VLG2115;BCN;AGP;32B;Nubes altas;15/04/18
IBE8262;AGP;MLN;ATR-72;Nubes altas;15/04/18
IBE8792;MAD;MLN;ATR-72;Lluvia débil;15/04/18
IBE8790;MAD;MLN;ATR-72;Lluvia débil;15/04/18
IBE8264;AGP;MLN;ATR-72;Nubes altas;15/04/18
IBE8270;AGP;MLN;ATR-72;Nubes altas;15/04/18
AEA5005;AGP;MLN;ATR-72;Nubes altas;15/04/18
IBE8798;MAD;MLN;ATR-72;Lluvia débil;15/04/18
IBE8274;AGP;MLN;ATR-72;Nubes altas;15/04/18
EZS1138;LPA;BSL;AIRBUS A320;Nubes altas;15/04/18
IBK5950;LPA;HAM;BOEING 737-800 WINGLETS;Nubes altas;15/04/18
IBS3835;LPA;MAD;AIRBUS A321;Nubes altas;15/04/18
RYR3804;LPA;MAN;BOEING 737-800 WINGLETS;Nubes altas;15/04/18
RYR2967;LPA;BUD;BOEING 737-800 WINGLETS;Nubes altas;15/04/18
RYR2535;LPA;LBA;BOEING 737-800 WINGLETS;Nubes altas;15/04/18
AEA9403;LPA;TFN;ATR-72;Nubes altas;15/04/18
AEA9431;LPA;FUE;ATR-72;Nubes altas;15/04/18
VLG3001;LPA;BCN;AIRBUS A321;Nubes altas;15/04/18
AEA9018;LPA;MAD;BOEING 737-800 WINGLETS;Nubes altas;15/04/18
IBB500;LPA;ACE;BOMBARDIER CRJ-1000;Nubes altas;15/04/18
IBB200;LPA;FUE;ATR-72;Nubes altas;15/04/18
VLG3184;LPA;ORY;AIRBUS A320;Nubes altas;15/04/18
TVS3705;LPA;CDG;BOEING 737-800 WINGLETS;Nubes altas;15/04/18
RYR1419;LPA;PSA;BOEING 737-800 WINGLETS;Nubes altas;15/04/18
RYR9123;GRO;EIN;BOEING 737-800 WINGLETS;Nubes altas;15/04/18
RYR7083;GRO;OMR;BOEING 737-800 WINGLETS;Nubes altas;15/04/18
RYR9555;GRO;FMM;BOEING 737-800 WINGLETS;Nubes altas;15/04/18
RYR6901;GRO;CRL;BOEING 737-800 WINGLETS;Nubes altas;15/04/18
RYR9305;GRO;LPL;BOEING 737-800 WINGLETS;Nubes altas;15/04/18
RYR9172;GRO;WRO;BOEING 737-800 WINGLETS;Nubes altas;15/04/18
RYR4125;GRO;HHN;BOEING 737-800 WINGLETS;Nubes altas;15/04/18
RYR7037;GRO;DUB;BOEING 737-800 WINGLETS;Nubes altas;15/04/18
RYR9364;GRO;PSR;BOEING 737-800 WINGLETS;Nubes altas;15/04/18
RYR9241;GRO;PSA;BOEING 737-800 WINGLETS;Nubes altas;15/04/18
RYR9803;GRO;STN;BOEING 737-800 WINGLETS;Nubes altas;15/04/18
PBD832;GRO;VKO;BOEING 737-800 WINGLETS;Nubes altas;15/04/18
RYR9211;GRO;FKB;BOEING 737-800 WINGLETS;Nubes altas;15/04/18
RYR9335;GRO;BRS;BOEING 737-800 WINGLETS;Nubes altas;15/04/18
RYR4482;GRO;RIX;BOEING 737-800 WINGLETS;Nubes altas;15/04/18
RYR5122;GRO;POZ;BOEING 737-800 WINGLETS;Nubes altas;15/04/18
RYR9303;GRO;EDI;BOEING 737-800 WINGLETS;Nubes altas;15/04/18
RYR1131;GRO;EMA;BOEING 737-800 WINGLETS;Nubes altas;15/04/18
RYR6903;GRO;CRL;BOEING 737-800 WINGLETS;Nubes altas;15/04/18
RYR6391;GRO;NRN;BOEING 737-800 WINGLETS;Nubes altas;15/04/18
TRA5766;GRO;AMS;BOEING 737-800 WINGLETS;Nubes altas;15/04/18
VLG2486;BCN;EAS;AIRBUS A319;Nubes altas;15/04/18
IBE8316;MAD;EAS;ATR-72;Lluvia débil;15/04/18
IBE8322;MAD;EAS;ATR-72;Lluvia débil;15/04/18
IBE8318;MAD;EAS;ATR-72;Lluvia débil;15/04/18
VLG2488;BCN;EAS;AIRBUS A319;Nubes altas;15/04/18
IBE8326;MAD;EAS;ATR-72;Lluvia débil;15/04/18
IBE8324;MAD;EAS;ATR-72;Lluvia débil;15/04/18
RYR6384;BCN;SDR;BOEING 737-800 WINGLETS;Nubes altas;15/04/18
IBE0554;MAD;SDR;AIRBUS A319;Lluvia débil;15/04/18
IBE0556;MAD;SDR;AIRBUS A319;Lluvia débil;15/04/18
VLG1590;BCN;SDR;AIRBUS A320;Nubes altas;15/04/18
IBE8878;MAD;SDR;CANADAIR CRJ-900;Lluvia débil;15/04/18
VLG6792;TFS;LYS;32A;Nubes altas;15/04/18
RYR1513;TFS;BVA;BOEING 737-800 WINGLETS;Nubes altas;15/04/18
RYR2545;TFS;NCL;BOEING 737-800 WINGLETS;Nubes altas;15/04/18
RYR4514;TFS;KRK;BOEING 737-800 WINGLETS;Nubes altas;15/04/18
IBS3927;TFS;MAD;32A;Nubes altas;15/04/18
RYR2561;TFS;BFS;BOEING 737-800 WINGLETS;Nubes altas;15/04/18
DK1409;TFS;ORB;32B;Nubes altas;15/04/18
IBK6420;TFS;OSL;BOEING 737-800 WINGLETS;Nubes altas;15/04/18
TOM5751;TFS;NWI;BOEING 737-800 WINGLETS;Nubes altas;15/04/18
OLY726;TFS;FUE;AIRBUS A321;Nubes altas;15/04/18
RYR2914;TFS;MAD;BOEING 737-800 WINGLETS;Nubes altas;15/04/18
IBK6450;TFS;ARN;BOEING 737-800 WINGLETS;Nubes altas;15/04/18
ENT951C;TFS;LYS;BOEING 737-800 WINGLETS;Nubes altas;15/04/18
IBK6500;TFS;HAM;BOEING 737-800 WINGLETS;Nubes altas;15/04/18
OLY745;TFS;ZRH;AIRBUS A321;Nubes altas;15/04/18
BEL1652;TFS;BRU;AIRBUS A320;Nubes altas;15/04/18
JAF7114;TFS;BRU;BOEING 737-800 WINGLETS;Nubes altas;15/04/18
EWG253;TFS;CGN;BOEING 737-800 WINGLETS;Nubes altas;15/04/18
JAF7866;TFS;CDG;BOEING 737-800 WINGLETS;Nubes altas;15/04/18
EDW215;TFS;ZRH;AIRBUS A320;Nubes altas;15/04/18
IBB304;SPC;LPA;ATR-72;Nubes altas;15/04/18
CNF413;SPC;TFN;ATR-42/72;Nubes altas;15/04/18
IBB608;SPC;TFN;ATR-72;Nubes altas;15/04/18
TVS2434;SPC;CDG;BOEING 737-800 WINGLETS;Nubes altas;15/04/18
AEA9462;SPC;TFN;ATR-72;Nubes altas;15/04/18
CNF419;SPC;TFN;ATR-42/72;Nubes altas;15/04/18
IBB610;SPC;TFN;ATR-42/72;Nubes altas;15/04/18
AEA9464;SPC;TFN;ATR-72;Nubes altas;15/04/18
IBB620;SPC;TFN;ATR-42/72;Nubes altas;15/04/18
IBB622;SPC;TFN;ATR-72;Nubes altas;15/04/18
IBS3843;SPC;MAD;AIRBUS A320;Nubes altas;15/04/18
IBB630;SPC;TFN;ATR-42/72;Nubes altas;15/04/18
CNF453;SPC;TFN;ATR-72;Nubes altas;15/04/18
IBB312;SPC;LPA;BOMBARDIER CRJ-1000;Nubes altas;15/04/18
DE1407;SPC;FRA;BOEING 757-300 WINGLETS;Nubes altas;15/04/18
IBB632;SPC;TFN;ATR-42/72;Nubes altas;15/04/18
AEA9466;SPC;TFN;ATR-72;Nubes altas;15/04/18
IBB634;SPC;TFN;ATR-72;Nubes altas;15/04/18
IBB636;SPC;TFN;ATR-42/72;Nubes altas;15/04/18
AEA9480;SPC;TFN;ATR-72;Nubes altas;15/04/18
IBB316;SPC;LPA;ATR-42/72;Nubes altas;15/04/18
IBB203;FUE;LPA;ATR-72;Despejado;15/04/18
AEA9432;FUE;LPA;ATR-72;Despejado;15/04/18
IBB415;FUE;TFN;ATR-42/72;Despejado;15/04/18
VLG3147;FUE;AGP;AIRBUS A320;Despejado;15/04/18
ENT898;FUE;CDG;BOEING 737-800;Despejado;15/04/18
ENT893;FUE;LYS;BOEING 737-800;Despejado;15/04/18
CNF804;FUE;LPA;ATR-42/72;Despejado;15/04/18
OLY727;FUE;ZRH;AIRBUS A321;Despejado;15/04/18
TVS3499;FUE;LYS;BOEING 737-800 WINGLETS;Despejado;15/04/18
TVS3427;FUE;RNS;BOEING 737-800 WINGLETS;Despejado;15/04/18
EDW213;FUE;ZRH;AIRBUS A320;Despejado;15/04/18
TRA6706;FUE;AMS;BOEING 737-800 WINGLETS;Despejado;15/04/18
RYR8627;FUE;NRN;BOEING 737-800 WINGLETS;Despejado;15/04/18
EWG1813;FUE;MUC;32A;Despejado;15/04/18
LGL734;FUE;LUX;BOEING 737-800 WINGLETS;Despejado;15/04/18
IBB211;FUE;LPA;ATR-42/72;Despejado;15/04/18
RYR8183;FUE;STN;BOEING 737-800 WINGLETS;Despejado;15/04/18
IBB423;FUE;TFN;ATR-42/72;Despejado;15/04/18
LLC6703;FUE;LYS;AIRBUS A320;Despejado;15/04/18
CNF810;FUE;LPA;ATR-72;Despejado;15/04/18
LLX5572;FUE;DUS;AIRBUS A320;Despejado;15/04/18
RYR3493;ACE;SXF;BOEING 737-800 WINGLETS;Despejado;15/04/18
RYR3812;ACE;LPL;BOEING 737-800 WINGLETS;Despejado;15/04/18
RYR4002;ACE;BGY;BOEING 737-800 WINGLETS;Despejado;15/04/18
IBB501;ACE;LPA;BOMBARDIER CRJ-1000;Despejado;15/04/18
IBB453;ACE;TFN;ATR-42/72;Despejado;15/04/18
CNF704;ACE;LPA;ATR-72;Despejado;15/04/18
VLG3281;ACE;BIO;AIRBUS A320;Despejado;15/04/18
TRA5686;ACE;AMS;BOEING 737-800 WINGLETS;Despejado;15/04/18
RYR1587;ACE;FRA;BOEING 737-800 WINGLETS;Despejado;15/04/18
BEL3788;ACE;BRU;AIRBUS A320;Despejado;15/04/18
LGL742;ACE;LUX;BOEING 737-800 WINGLETS;Despejado;15/04/18
AEA9076;ACE;MAD;BOEING 737-800 WINGLETS;Despejado;15/04/18
TUI2843;ACE;MUC;7S8;Despejado;15/04/18
RYR4896;ACE;BLQ;BOEING 737-800 WINGLETS;Despejado;15/04/18
AEA9448;ACE;LPA;ATR-72;Despejado;15/04/18
TUI2293;ACE;DUS;7S8;Despejado;15/04/18
TUI2189;ACE;HAJ;7S8;Despejado;15/04/18
IBB505;ACE;LPA;BOMBARDIER CRJ-1000;Despejado;15/04/18
TOM6739;ACE;EXT;BOEING 737-800 WINGLETS;Despejado;15/04/18
AEA7308;MAD;VGO;EMBRAER ERJ-195;Lluvia débil;15/04/18
AEA7302;MAD;VGO;EMBRAER ERJ-195;Lluvia débil;15/04/18
IBE0532;MAD;VGO;AIRBUS A319;Lluvia débil;15/04/18
LAV5463;TFN;VGO;BOEING 737-400;Nubes altas;15/04/18
AEA7300;MAD;VGO;EMBRAER ERJ-195;Lluvia débil;15/04/18
IBE0534;MAD;VGO;AIRBUS A320;Lluvia débil;15/04/18
RYR245;BCN;VGO;BOEING 737-800 WINGLETS;Nubes altas;15/04/18
AEA7306;MAD;VGO;EMBRAER ERJ-195;Lluvia débil;15/04/18
RYR6303;FUE;BCN;BOEING 737-800 WINGLETS;Despejado;14/04/18
VLG2017;GRX;BCN;AIRBUS A320;Nubes altas;14/04/18
VLG3523;IBZ;BCN;AIRBUS A320;Nubes altas;14/04/18
VLG3531;IBZ;BCN;32A;Nubes altas;14/04/18
IBE8594;MAD;LEI;BOMBARDIER CRJ-1000;Lluvia débil;15/04/18
AEA2887;BCN;LEI;BOEING 737-800 WINGLETS;Nubes altas;15/04/18
VLG1251;BCN;LEI;AIRBUS A320;Nubes altas;15/04/18
IBE8598;MAD;LEI;CANADAIR CRJ-900;Lluvia débil;15/04/18
AEA2633;ZAZ;LEI;BOEING 737-800 WINGLETS;Nubes altas;15/04/18
IBE8212;PMI;LEI;CANADAIR CRJ-200;Despejado;17/04/18
IBE8592;MAD;LEI;BOMBARDIER CRJ-1000;Lluvia débil;15/04/18
AEA2647;BCN;LEI;BOEING 737-800 WINGLETS;Nubes altas;15/04/18
IBE8588;MAD;LEI;CANADAIR CRJ-200;Lluvia débil;15/04/18
IBE8933;SVQ;LEI;CANADAIR CRJ-200;Lluvia débil;15/04/18
IBE8600;MAD;LEI;BOMBARDIER CRJ-1000;Lluvia débil;15/04/18
AEA7161;MAD;BIO;EMBRAER ERJ-195;Lluvia débil;15/04/18
VLG2608;AGP;BIO;AIRBUS A320;Nubes altas;15/04/18
VLG1418;BCN;BIO;AIRBUS A320;Nubes altas;15/04/18
IBS9522;PMI;BIO;AIRBUS A320;Despejado;15/04/18
VLG1432;BCN;BIO;AIRBUS A320;Nubes altas;15/04/18
VLG2507;SVQ;BIO;32A;Lluvia débil;15/04/18
IBE8693;PMI;BIO;BOMBARDIER CRJ-1000;Despejado;17/04/18
VLG3801;MAH;BIO;32A;Despejado;15/04/18
VLG2010;BCN;GRX;32B;Nubes altas;15/04/18
IBE8640;MAD;GRX;BOMBARDIER CRJ-1000;Lluvia débil;15/04/18
VLG2020;BCN;GRX;AIRBUS A320;Nubes altas;15/04/18
AEA5201;PMI;GRX;EMBRAER ERJ-195;Despejado;15/04/18
VLG3933;PMI;GRX;AIRBUS A320;Despejado;15/04/18
IBE8646;MAD;GRX;BOMBARDIER CRJ-1000;Lluvia débil;15/04/18
IBE8642;MAD;GRX;BOMBARDIER CRJ-1000;Lluvia débil;15/04/18
VLG2014;BCN;GRX;AIRBUS A320;Nubes altas;15/04/18
VLG2016;BCN;GRX;32B;Nubes altas;15/04/18
IBE8648;MAD;GRX;BOMBARDIER CRJ-1000;Lluvia débil;15/04/18
ANE8367;SCQ;PMI;BOMBARDIER CRJ-1000;Despejado;17/04/18
VLG3928;BCN;PMI;AIRBUS A320;Nubes altas;15/04/18
ANE8481;MAH;PMI;BOMBARDIER CRJ-1000;Despejado;17/04/18
ANE8101;IBZ;PMI;BOMBARDIER CRJ-1000;Despejado;17/04/18
VLG3902;BCN;PMI;32B;Nubes altas;15/04/18
IBE0410;MAD;XRY;AIRBUS A320;Lluvia débil;15/04/18
VLG2286;BCN;XRY;AIRBUS A320;Nubes altas;15/04/18
RYR1283;BCN;XRY;BOEING 737-800 WINGLETS;Nubes altas;15/04/18
IBE0404;MAD;XRY;AIRBUS A320;Lluvia débil;15/04/18
IBE0406;MAD;XRY;AIRBUS A319;Lluvia débil;15/04/18
VLG3136;ACE;SCQ;AIRBUS A320;Despejado;14/04/18
RYR7222;VLC;SCQ;BOEING 737-800 WINGLETS;Nubes altas;15/04/18
RYR6332;BCN;SCQ;BOEING 737-800 WINGLETS;Nubes altas;15/04/18
IBS3876;MAD;SCQ;AIRBUS A321;Lluvia débil;15/04/18
IBE8356;BIO;SCQ;CANADAIR CRJ-200;Llovizna;15/04/18
VLG1670;BCN;SCQ;32A;Nubes altas;15/04/18
RYR3041;SVQ;SCQ;BOEING 737-800 WINGLETS;Lluvia débil;15/04/18
VLG3246;TFN;SCQ;AIRBUS A320;Nubes altas;15/04/18
VLG2655;AGP;SCQ;AIRBUS A320;Nubes altas;15/04/18
RYR8538;ALC;SCQ;BOEING 737-800 WINGLETS;Nubes altas;15/04/18
IBS3878;MAD;SCQ;AIRBUS A320;Lluvia débil;15/04/18
VLG1676;BCN;SCQ;AIRBUS A320;Nubes altas;15/04/18
IBE8494;PMI;MAH;ATR-42/72;Despejado;17/04/18
VLG3712;BCN;MAH;AIRBUS A320;Nubes altas;15/04/18
IBE8480;PMI;MAH;BOMBARDIER CRJ-1000;Despejado;17/04/18
VLG3800;BIO;MAH;32A;Llovizna;15/04/18
VLG3714;BCN;MAH;AIRBUS A320;Nubes altas;15/04/18
IBE8482;PMI;MAH;BOMBARDIER CRJ-1000;Despejado;17/04/18
AEA4537;PMI;MAH;ATR-72;Despejado;15/04/18
IBE8956;MAD;MAH;BOMBARDIER CRJ-1000;Lluvia débil;15/04/18
AAL8564;MAD;MAH;BOMBARDIER CRJ-1000;Lluvia débil;15/04/18
IBE8498;PMI;MAH;ATR-42/72;Despejado;17/04/18
IBE8663;BIO;MAH;BOMBARDIER CRJ-1000;Llovizna;15/04/18
AEA4531;PMI;MAH;ATR-72;Despejado;15/04/18
IBE8488;PMI;MAH;CANADAIR CRJ-200;Despejado;17/04/18
RYR6881;BCN;MAH;BOEING 737-800 WINGLETS;Nubes altas;15/04/18
IBE8024;MAD;MAH;CANADAIR CRJ-900;Lluvia débil;15/04/18
VLG3716;BCN;MAH;AIRBUS A320;Nubes altas;15/04/18
VLG3700;BCN;MAH;AIRBUS A320;Nubes altas;15/04/18
VLG1573;BCN;OVD;AIRBUS A320;Nubes altas;15/04/18
IBE8334;VLC;OVD;CANADAIR CRJ-200;Nubes altas;15/04/18
IBE0488;MAD;OVD;AIRBUS A321;Lluvia débil;15/04/18
IBE8333;PMI;OVD;CANADAIR CRJ-200;Despejado;17/04/18
VLG1579;BCN;OVD;AIRBUS A320;Nubes altas;15/04/18
VOE3585;ALC;OVD;BOEING 717;Nubes altas;15/04/18
IBE0476;MAD;OVD;AIRBUS A320;Lluvia débil;15/04/18
VLG3864;PMI;OVD;AIRBUS A320;Despejado;15/04/18
VOE3924;AGP;OVD;BOEING 717;Nubes altas;15/04/18
IBE0480;MAD;OVD;32A;Lluvia débil;15/04/18
IBE0482;MAD;OVD;AIRBUS A320;Lluvia débil;15/04/18
VOE3830;SVQ;OVD;BOEING 717;Lluvia débil;15/04/18
VLG1571;BCN;OVD;AIRBUS A320;Nubes altas;15/04/18
VLG2454;AGP;IBZ;AIRBUS A320;Nubes altas;15/04/18
RYR8136;BCN;IBZ;BOEING 737-800 WINGLETS;Nubes altas;15/04/18
VLG3540;BCN;IBZ;AIRBUS A320;Nubes altas;15/04/18
RYR5354;MAD;IBZ;BOEING 737-800 WINGLETS;Lluvia débil;15/04/18
VLG3447;MAD;IBZ;AIRBUS A320;Lluvia débil;15/04/18
IBE8104;PMI;IBZ;CANADAIR CRJ-900;Despejado;17/04/18
AEA1702;PMI;IBZ;ATR-72;Despejado;15/04/18
VLG3508;BCN;IBZ;32A;Nubes altas;15/04/18
IBE8106;PMI;IBZ;ATR-42/72;Despejado;17/04/18
IBE8430;VLC;IBZ;ATR-72;Nubes altas;15/04/18
AEA4063;MAD;VLC;ATR-72;Lluvia débil;15/04/18
RYR7223;SCQ;VLC;BOEING 737-800 WINGLETS;Cubierto de nubes altas y medias;15/04/18
IBE8841;SVQ;VLC;ATR-72;Lluvia débil;15/04/18
AEA4005;PMI;VLC;ATR-72;Despejado;15/04/18
AEA9403;LPA;TFN;ATR-72;Nubes altas;15/04/18
VLG3256;SVQ;TFN;AIRBUS A320;Lluvia débil;15/04/18
IBB107;LPA;TFN;ATR-72;Nubes altas;15/04/18
VLG3247;SCQ;TFN;AIRBUS A320;Cubierto de nubes altas y medias;15/04/18
RYR3063;BCN;TFN;BOEING 737-800 WINGLETS;Nubes altas;15/04/18
AEA9059;MAD;TFN;AIRBUS A330-200;Lluvia débil;15/04/18
IBB606;SPC;TFN;ATR-42/72;Nubes altas;15/04/18
RYR5278;MAD;TFN;BOEING 737-800 WINGLETS;Lluvia débil;15/04/18
IBB415;FUE;TFN;ATR-42/72;Despejado;15/04/18
IBB453;ACE;TFN;ATR-42/72;Despejado;15/04/18
CNF413;SPC;TFN;ATR-42/72;Nubes altas;15/04/18
IBB119;LPA;TFN;BOMBARDIER CRJ-1000;Nubes altas;15/04/18
IBB608;SPC;TFN;ATR-72;Nubes altas;15/04/18
IBB656;VDE;TFN;ATR-72;Nubes altas;15/04/18
AEA9462;SPC;TFN;ATR-72;Nubes altas;15/04/18
IBB109;LPA;TFN;ATR-72;Nubes altas;15/04/18
IBS3942;MAD;TFN;32A;Lluvia débil;15/04/18
IBB650;GMZ;TFN;ATR-72;Nubes altas;15/04/18
CNF419;SPC;TFN;ATR-42/72;Nubes altas;15/04/18
IBB610;SPC;TFN;ATR-42/72;Nubes altas;15/04/18
IBB6810;LPA;TFN;BOMBARDIER CRJ-1000;Nubes altas;15/04/18
AEA4047;MAD;ALC;ATR-72;Lluvia débil;15/04/18
ANE8390;MAD;ALC;BOMBARDIER CRJ-1000;Despejado;17/04/18
AAL8531;MAD;ALC;BOMBARDIER CRJ-1000;Lluvia débil;15/04/18
VOE3584;OVD;ALC;BOEING 717;Lluvia moderada;15/04/18
VLG2508;BIO;SVQ;32A;Llovizna;15/04/18
IBS3954;MAD;SVQ;32A;Lluvia débil;15/04/18
VLG2212;BCN;SVQ;AIRBUS A320;Nubes altas;15/04/18
IBE8840;VLC;SVQ;ATR-72;Nubes altas;15/04/18
VLG2216;BCN;SVQ;32B;Nubes altas;15/04/18
RYR6396;BCN;SVQ;BOEING 737-800 WINGLETS;Nubes altas;15/04/18
VLG2224;BCN;SVQ;AIRBUS A320;Nubes altas;15/04/18
VLG2252;BCN;SVQ;AIRBUS A320;Nubes altas;15/04/18
VLG3257;TFN;SVQ;AIRBUS A320;Nubes altas;15/04/18
IBS3950;MAD;SVQ;32A;Lluvia débil;15/04/18
EVE1606;ZAZ;SVQ;AIRBUS A320;Nubes altas;15/04/18
RYR3042;SCQ;SVQ;BOEING 737-800 WINGLETS;Cubierto de nubes altas y medias;15/04/18
VLG2510;BIO;SVQ;AIRBUS A320;Llovizna;15/04/18
RYR2913;MAD;TFS;BOEING 737-800 WINGLETS;Lluvia débil;15/04/18
IBB123;LPA;TFS;ATR-72;Nubes altas;15/04/18
AEA9431;LPA;FUE;ATR-72;Nubes altas;15/04/18
IBB200;LPA;FUE;ATR-72;Nubes altas;15/04/18
IBB414;TFN;FUE;ATR-42/72;Nubes altas;15/04/18
VLG3146;AGP;FUE;AIRBUS A320;Nubes altas;15/04/18
CNF803;LPA;FUE;ATR-72;Nubes altas;15/04/18
OLY726;TFS;FUE;AIRBUS A321;Nubes altas;15/04/18
IBB210;LPA;FUE;ATR-72;Nubes altas;15/04/18
IBB422;TFN;FUE;ATR-42/72;Nubes altas;15/04/18
CNF809;LPA;FUE;ATR-72;Nubes altas;15/04/18
RYR2015;MAD;ACE;BOEING 737-800 WINGLETS;Lluvia débil;14/04/18
IBB500;LPA;ACE;BOMBARDIER CRJ-1000;Nubes altas;15/04/18
IBB452;TFN;ACE;ATR-42/72;Nubes altas;15/04/18
CNF703;LPA;ACE;ATR-72;Nubes altas;15/04/18
VLG3280;BIO;ACE;AIRBUS A320;Llovizna;15/04/18
AEA9073;MAD;ACE;BOEING 737-800 WINGLETS;Lluvia débil;15/04/18
AEA9447;LPA;ACE;ATR-72;Nubes altas;15/04/18
IBB510;LPA;ACE;BOMBARDIER CRJ-1000;Nubes altas;15/04/18
IBB605;TFN;SPC;ATR-42/72;Nubes altas;15/04/18
IBB309;LPA;SPC;ATR-72;Nubes altas;15/04/18
CNF412;TFN;SPC;ATR-42/72;Nubes altas;15/04/18
IBB607;TFN;SPC;ATR-42/72;Nubes altas;15/04/18
AEA9461;TFN;SPC;ATR-72;Nubes altas;15/04/18
CNF418;TFN;SPC;ATR-42/72;Nubes altas;15/04/18
IBB615;TFN;SPC;ATR-42/72;Nubes altas;15/04/18
AEA9463;TFN;SPC;ATR-72;Nubes altas;15/04/18
IBB619;TFN;SPC;ATR-42/72;Nubes altas;15/04/18
IBB621;TFN;SPC;ATR-42/72;Nubes altas;15/04/18
IBS3842;MAD;SPC;AIRBUS A320;Lluvia débil;15/04/18
IBB629;TFN;SPC;ATR-42/72;Nubes altas;15/04/18
CNF452;TFN;SPC;ATR-72;Nubes altas;15/04/18
IBB311;LPA;SPC;BOMBARDIER CRJ-1000;Nubes altas;15/04/18
IBB631;TFN;SPC;ATR-42/72;Nubes altas;15/04/18
AEA9465;TFN;SPC;ATR-72;Nubes altas;15/04/18
IBB633;TFN;SPC;ATR-42/72;Nubes altas;15/04/18
IBB623;TFN;SPC;ATR-42/72;Nubes altas;15/04/18
IBB315;LPA;SPC;ATR-72;Nubes altas;15/04/18
AEA9479;TFN;SPC;ATR-72;Nubes altas;15/04/18
IBB637;TFN;SPC;ATR-42/72;Nubes altas;15/04/18
RYR7004;SCQ;LPA;BOEING 737-800 WINGLETS;Cubierto de nubes altas y medias;14/04/18
RYR2011;MAD;LPA;BOEING 737-800 WINGLETS;Lluvia débil;14/04/18
VLG3000;BCN;LPA;32B;Nubes altas;14/04/18
IBB102;TFN;LPA;BOMBARDIER CRJ-1000;Nubes altas;15/04/18
VLG3133;LCG;LPA;32A;Cubierto de nubes altas y medias;15/04/18
IBB203;FUE;LPA;ATR-72;Despejado;15/04/18
AEA9432;FUE;LPA;ATR-72;Despejado;15/04/18
AEA9156;MAD;LPA;BOEING 737-800 WINGLETS;Lluvia débil;15/04/18
IBB501;ACE;LPA;BOMBARDIER CRJ-1000;Despejado;15/04/18
CNF704;ACE;LPA;ATR-72;Despejado;15/04/18
IBB108;TFN;LPA;ATR-72;Nubes altas;15/04/18
RYR5538;VIT;BGY;BOEING 737-800 WINGLETS;Muy nuboso;15/04/18
HTY118;AEI;JCU;AWH;Nubes altas;15/04/18
HTY140;AEI;JCU;AWH;Nubes altas;15/04/18
IBB650;GMZ;TFN;ATR-72;Nubes altas;15/04/18
IBB652;GMZ;TFN;ATR-72;Nubes altas;15/04/18
IBE8331;BJZ;MAD;CANADAIR CRJ-200;Lluvia;15/04/18
IBE8313;BJZ;BCN;BOMBARDIER CRJ-1000;Lluvia;15/04/18
RYR1115;REU;DUB;BOEING 737-800 WINGLETS;Nubes altas;15/04/18
RYR9825;REU;LPL;BOEING 737-800 WINGLETS;Nubes altas;15/04/18
RYR9827;REU;HHN;BOEING 737-800 WINGLETS;Nubes altas;15/04/18
RYR8088;REU;BHX;BOEING 737-800 WINGLETS;Nubes altas;15/04/18
RYR2212;REU;EIN;BOEING 737-800 WINGLETS;Nubes altas;15/04/18
IBS9530;VLL;PMI;AIRBUS A320;Lluvia moderada;15/04/18
RYR2200;VLL;SVQ;BOEING 737-800 WINGLETS;Lluvia moderada;15/04/18
EVE1128;VLL;SVQ;AIRBUS A320;Lluvia moderada;15/04/18
RYR6321;VLL;BCN;BOEING 737-800 WINGLETS;Lluvia moderada;15/04/18
VLG1585;VLL;BCN;AIRBUS A320;Lluvia moderada;15/04/18
RYR4634;ZAZ;BGY;BOEING 737-800 WINGLETS;Nubes altas;15/04/18
EVE1606;ZAZ;SVQ;AIRBUS A320;Nubes altas;15/04/18
AEA2633;ZAZ;LEI;BOEING 737-800 WINGLETS;Nubes altas;15/04/18
RYR2635;ZAZ;STN;BOEING 737-800 WINGLETS;Nubes altas;15/04/18
KRP861;LPA;VIT;FOKKER 100;Despejado;17/04/18
IBB651;TFN;GMZ;ATR-42/72;Nubes altas;15/04/18
IBB653;TFN;GMZ;ATR-42/72;Nubes altas;15/04/18
IBE2244;TFN;GMZ;ATR-72;Despejado;17/04/18
IBB656;VDE;TFN;ATR-72;Nubes altas;15/04/18
IBB662;VDE;TFN;ATR-72;Nubes altas;15/04/18
IBB668;VDE;TFN;ATR-72;Nubes altas;15/04/18
IBB366;VDE;LPA;ATR-72;Nubes altas;15/04/18
CNF248;VDE;TFN;ATR-72;Nubes altas;15/04/18
IBB674;VDE;TFN;ATR-72;Nubes altas;15/04/18
IBE8529;PNA;MAD;BOMBARDIER CRJ-1000;Cubierto de nubes altas y medias;15/04/18
DLH1119;PNA;FRA;AIRBUS A320;Cubierto de nubes altas y medias;15/04/18
IBE8525;PNA;MAD;CANADAIR CRJ-900;Cubierto de nubes altas y medias;15/04/18
IBE8531;PNA;MAD;BOMBARDIER CRJ-1000;Cubierto de nubes altas y medias;15/04/18
HTY227;JCU;AGP;AWH;Nubes altas;15/04/18
HTY117;JCU;AEI;AWH;Nubes altas;15/04/18
HTY139;JCU;AEI;AWH;Nubes altas;15/04/18
HTY259;JCU;AGP;AWH;Nubes altas;15/04/18
HTY117;JCU;AEI;AWH;Nubes altas;15/04/18
HTY139;JCU;AEI;AWH;Nubes altas;15/04/18
IBE8330;MAD;BJZ;CANADAIR CRJ-200;Lluvia débil;15/04/18
IBE8312;BCN;BJZ;BOMBARDIER CRJ-1000;Despejado;17/04/18
IBE8261;MLN;AGP;ATR-72;Despejado;15/04/18
IBE8789;MLN;MAD;ATR-72;Despejado;15/04/18
IBE8791;MLN;MAD;ATR-72;Despejado;15/04/18
IBE8263;MLN;AGP;ATR-72;Despejado;15/04/18
IBE8793;MLN;MAD;ATR-72;Despejado;15/04/18
IBE8269;MLN;AGP;ATR-72;Despejado;15/04/18
IBE8271;MLN;AGP;ATR-72;Despejado;15/04/18
AEA5004;MLN;AGP;ATR-72;Despejado;15/04/18
IBE8277;MLN;AGP;ATR-72;Despejado;15/04/18
IBE8317;EAS;MAD;ATR-72;Abertura de claros;15/04/18
VLG2487;EAS;BCN;AIRBUS A319;Abertura de claros;15/04/18
IBE8319;EAS;MAD;ATR-72;Abertura de claros;15/04/18
IBE8329;EAS;MAD;ATR-72;Abertura de claros;15/04/18
IBE8315;EAS;MAD;ATR-72;Abertura de claros;15/04/18
VLG2489;EAS;BCN;AIRBUS A319;Abertura de claros;15/04/18
IBE8323;EAS;MAD;ATR-72;Abertura de claros;15/04/18
IBS9528;PMI;VLL;AIRBUS A320;Despejado;15/04/18
RYR2199;SVQ;VLL;BOEING 737-800 WINGLETS;Lluvia débil;15/04/18
EVE1127;SVQ;VLL;AIRBUS A320;Lluvia débil;15/04/18
RYR6320;BCN;VLL;BOEING 737-800 WINGLETS;Nubes altas;15/04/18
VLG1584;BCN;VLL;AIRBUS A320;Nubes altas;15/04/18
VOE3410;BIO;VIE;BOEING 717;Llovizna;15/04/18
KLM1684;BIO;AMS;EMBRAER 190;Llovizna;15/04/18
DLH1147;BIO;FRA;32A;Llovizna;15/04/18
VLG2508;BIO;SVQ;32A;Llovizna;15/04/18
VLG1431;BIO;BCN;32A;Llovizna;15/04/18
VLG3280;BIO;ACE;AIRBUS A320;Llovizna;15/04/18
AFR1377;BIO;CDG;EMBRAER 190;Llovizna;15/04/18
TAP1065;BIO;LIS;ATR-42/72;Llovizna;15/04/18
DLH1829;BIO;MUC;AIRBUS A319;Llovizna;15/04/18
VLG3800;BIO;MAH;32A;Llovizna;15/04/18
IBE0435;BIO;MAD;AIRBUS A319;Llovizna;15/04/18
IBE8356;BIO;SCQ;CANADAIR CRJ-200;Llovizna;15/04/18
AEA7156;BIO;MAD;EMBRAER ERJ-195;Llovizna;15/04/18
IBE8524;MAD;PNA;CANADAIR CRJ-900;Lluvia débil;15/04/18
IBE8532;MAD;PNA;BOMBARDIER CRJ-1000;Lluvia débil;15/04/18
IBE8526;MAD;PNA;BOMBARDIER CRJ-1000;Lluvia débil;15/04/18
IBE0407;XRY;MAD;AIRBUS A319;Abertura de claros;15/04/18
EWG575;XRY;CGN;AIRBUS A319;Abertura de claros;15/04/18
JAF7922;XRY;BRU;EMBRAER 190;Abertura de claros;15/04/18
EWG9571;XRY;DUS;32A;Abertura de claros;15/04/18
RYR8397;XRY;STN;BOEING 737-800 WINGLETS;Abertura de claros;15/04/18
IBE0411;XRY;MAD;AIRBUS A320;Abertura de claros;15/04/18
VLG2287;XRY;BCN;AIRBUS A320;Abertura de claros;15/04/18
RYR1284;XRY;BCN;BOEING 737-800 WINGLETS;Abertura de claros;15/04/18
IBE0405;XRY;MAD;AIRBUS A319;Abertura de claros;15/04/18
AEA7311;VGO;MAD;EMBRAER ERJ-195;Lluvia débil;15/04/18
IBE0531;VGO;MAD;AIRBUS A319;Lluvia débil;15/04/18
RYR242;VGO;DUB;BOEING 737-800 WINGLETS;Lluvia débil;15/04/18
RYR7132;VGO;BGY;BOEING 737-800 WINGLETS;Lluvia débil;15/04/18
AEA7315;VGO;MAD;EMBRAER ERJ-195;Lluvia débil;15/04/18
IBE0533;VGO;MAD;AIRBUS A319;Lluvia débil;15/04/18
LAV5464;VGO;TFN;BOEING 737-400;Lluvia débil;15/04/18
TAP1141;VGO;LIS;ATR-72;Lluvia débil;15/04/18
AEA7317;VGO;MAD;EMBRAER ERJ-195;Lluvia débil;15/04/18
RYR7752;MAD;RAK;BOEING 737-800 WINGLETS;Lluvia débil;14/04/18
AUI946;MAD;KBP;BOEING 737-800 WINGLETS;Lluvia débil;15/04/18
AZA059;MAD;FCO;AIRBUS A320;Lluvia débil;15/04/18
KLM1698;MAD;AMS;BOEING 737-800 WINGLETS;Lluvia débil;15/04/18
RYR2913;MAD;TFS;BOEING 737-800 WINGLETS;Lluvia débil;15/04/18
DLH1121;MAD;FRA;AIRBUS A321;Lluvia débil;15/04/18
RYR8368;MAD;BUD;BOEING 737-800 WINGLETS;Lluvia débil;15/04/18
RYR5993;MAD;STN;BOEING 737-800 WINGLETS;Lluvia débil;15/04/18
AFR1401;MAD;CDG;AIRBUS A321;Lluvia débil;15/04/18
BEL3776;LEI;BRU;AIRBUS A320;Despejado;15/04/18
EZY8164;LEI;LGW;AIRBUS A319;Despejado;15/04/18
IBE8595;LEI;MAD;BOMBARDIER CRJ-1000;Despejado;15/04/18
AEA2634;LEI;ZAZ;BOEING 737-800 WINGLETS;Despejado;15/04/18
IBE8213;LEI;PMI;CANADAIR CRJ-200;Despejado;15/04/18
VLG1252;LEI;BCN;AIRBUS A320;Despejado;15/04/18
IBE8577;LEI;MAD;CANADAIR CRJ-900;Despejado;15/04/18
AEA2888;LEI;BCN;BOEING 737-800 WINGLETS;Despejado;15/04/18
IBE8589;LEI;MAD;CANADAIR CRJ-200;Despejado;15/04/18
IBE8601;LEI;MAD;BOMBARDIER CRJ-1000;Despejado;15/04/18
AEA2648;LEI;BCN;BOEING 737-800 WINGLETS;Despejado;15/04/18
IBE8932;LEI;SVQ;CANADAIR CRJ-200;Despejado;15/04/18
IBE0511;LCG;MAD;AIRBUS A320;Cubierto de nubes altas y medias;15/04/18
VLG3133;LCG;LPA;32A;Cubierto de nubes altas y medias;15/04/18
VLG1295;LCG;BCN;AIRBUS A320;Cubierto de nubes altas y medias;15/04/18
TAP1085;LCG;LIS;ATR-72;Cubierto de nubes altas y medias;15/04/18
VLG1293;LCG;BCN;AIRBUS A320;Cubierto de nubes altas y medias;15/04/18
AEA7234;LCG;MAD;EMBRAER ERJ-195;Cubierto de nubes altas y medias;15/04/18
VLG1298;LCG;SVQ;32A;Cubierto de nubes altas y medias;15/04/18
AEA7236;LCG;MAD;EMBRAER ERJ-195;Cubierto de nubes altas y medias;15/04/18
IBE0523;LCG;MAD;AIRBUS A320;Cubierto de nubes altas y medias;15/04/18
VLG7104;LCG;LHR;AIRBUS A320;Cubierto de nubes altas y medias;15/04/18
IBE8639;GRX;MAD;BOMBARDIER CRJ-1000;Nubes altas;15/04/18
VLG2011;GRX;BCN;32B;Nubes altas;15/04/18
IBE8641;GRX;MAD;BOMBARDIER CRJ-1000;Nubes altas;15/04/18
EZY2676;GRX;MXP;AIRBUS A319;Nubes altas;15/04/18
VLG2021;GRX;BCN;Sin especificar;Nubes altas;15/04/18
AEA5200;GRX;PMI;EMBRAER ERJ-195;Nubes altas;15/04/18
VLG3932;GRX;PMI;AIRBUS A320;Nubes altas;15/04/18
IBE8645;GRX;MAD;BOMBARDIER CRJ-1000;Nubes altas;15/04/18
ENT513;GRX;ARN;BOEING 737-800 WINGLETS;Nubes altas;15/04/18
ENT574;GRX;ARN;BOEING 737-800;Nubes altas;15/04/18
IBE8649;GRX;MAD;BOMBARDIER CRJ-1000;Nubes altas;15/04/18
VLG2015;GRX;BCN;AIRBUS A320;Nubes altas;15/04/18
BAW3290;GRX;LCY;EMBRAER 190;Nubes altas;15/04/18
VLG2017;GRX;BCN;32B;Nubes altas;15/04/18
WZZ1480;SDR;WAW;AIRBUS A320;Lluvia moderada;15/04/18
RYR7617;SDR;EDI;BOEING 737-800 WINGLETS;Lluvia moderada;15/04/18
RYR6385;SDR;BCN;BOEING 737-800 WINGLETS;Lluvia moderada;15/04/18
IBE0555;SDR;MAD;AIRBUS A319;Lluvia moderada;15/04/18
RYR9156;SDR;CIA;BOEING 737-800 WINGLETS;Lluvia moderada;15/04/18
RYR7153;SDR;DUB;BOEING 737-800 WINGLETS;Lluvia moderada;15/04/18
IBE0557;SDR;MAD;AIRBUS A319;Lluvia moderada;15/04/18
VLG1591;SDR;BCN;AIRBUS A320;Lluvia moderada;15/04/18
RYR6058;SDR;CRL;BOEING 737-800 WINGLETS;Lluvia moderada;15/04/18
RYR7366;SDR;NRN;BOEING 737-800 WINGLETS;Lluvia moderada;15/04/18
RYR2613;SDR;STN;BOEING 737-800 WINGLETS;Lluvia moderada;15/04/18
WZZ6902;BCN;KIV;AIRBUS A320;Nubes altas;15/04/18
VLG7842;BCN;TLV;32A;Nubes altas;15/04/18
VLG8036;BCN;ORY;AIRBUS A319;Nubes altas;15/04/18
THY1852;BCN;IST;BOEING 737-800 WINGLETS;Nubes altas;15/04/18
RYR6341;BCN;FCO;BOEING 737-800 WINGLETS;Nubes altas;15/04/18
AFR1449;BCN;CDG;AIRBUS A320;Nubes altas;15/04/18
RYR2918;BCN;BRU;BOEING 737-800 WINGLETS;Nubes altas;15/04/18
RYR6353;BCN;BGY;BOEING 737-800 WINGLETS;Nubes altas;15/04/18
RYR3063;BCN;TFN;BOEING 737-800 WINGLETS;Nubes altas;15/04/18
KLM1662;BCN;AMS;BOEING 737-700 WINGLETS;Nubes altas;15/04/18
HTY228;AGP;JCU;AWH;Nubes altas;15/04/18
HTY118;AEI;JCU;AWH;Nubes altas;15/04/18
HTY140;AEI;JCU;AWH;Nubes altas;15/04/18
HTY260;AGP;JCU;AWH;Despejado;17/04/18
EZY8550;MJV;LGW;AIRBUS A319;Nubes altas;15/04/18
EZY6014;MJV;BRS;AIRBUS A320;Nubes altas;15/04/18
RYR1925;MJV;EMA;BOEING 737-800 WINGLETS;Nubes altas;15/04/18
RYR4253;MJV;FRA;BOEING 737-800 WINGLETS;Nubes altas;15/04/18
EZY8552;MJV;LGW;AIRBUS A319;Nubes altas;15/04/18
RYR1940;MJV;EIN;BOEING 737-800 WINGLETS;Nubes altas;15/04/18
RYR4117;MJV;MAN;BOEING 737-800 WINGLETS;Nubes altas;15/04/18
EXS864;MJV;MAN;BOEING 737-800 WINGLETS;Nubes altas;15/04/18
RYR8027;MJV;STN;BOEING 737-800 WINGLETS;Nubes altas;15/04/18
RYR3453;MJV;LTN;BOEING 737-800 WINGLETS;Nubes altas;15/04/18
RYR7095;MJV;DUB;BOEING 737-800 WINGLETS;Nubes altas;15/04/18
AUI940;VLC;IFO;EMBRAER 190;Nubes altas;15/04/18
AEA1005;VLC;CDG;BOEING 737-800 WINGLETS;Nubes altas;15/04/18
RYR7222;VLC;SCQ;BOEING 737-800 WINGLETS;Nubes altas;15/04/18
DLH1165;VLC;FRA;AIRBUS A321;Nubes altas;15/04/18
RYR9394;VLC;CRA;BOEING 737-800 WINGLETS;Nubes altas;15/04/18
VLG8152;VLC;ORY;AIRBUS A320;Nubes altas;15/04/18
IBE8840;VLC;SVQ;ATR-72;Nubes altas;15/04/18
RYR8725;VLC;BRI;BOEING 737-800 WINGLETS;Nubes altas;15/04/18
RYR2228;VLC;KRK;BOEING 737-800 WINGLETS;Nubes altas;15/04/18
AEA4004;VLC;PMI;ATR-72;Nubes altas;15/04/18
SWR2141;VLC;ZRH;AIRBUS A320;Nubes altas;15/04/18
RYR2986;VLC;BRU;BOEING 737-800 WINGLETS;Nubes altas;15/04/18
TRA6338;VLC;AMS;BOEING 737-700 WINGLETS;Nubes altas;15/04/18
IBE8993;VLC;MAD;CANADAIR CRJ-900;Nubes altas;15/04/18
AAL8525;VLC;MAD;CANADAIR CRJ-900;Nubes altas;15/04/18
IBB655;TFN;VDE;ATR-72;Nubes altas;15/04/18
IBB659;TFN;VDE;ATR-72;Nubes altas;15/04/18
IBB663;TFN;VDE;ATR-72;Nubes altas;15/04/18
IBB365;LPA;VDE;ATR-72;Nubes altas;15/04/18
CNF247;TFN;VDE;ATR-42/72;Nubes altas;15/04/18
IBB673;TFN;VDE;ATR-72;Nubes altas;15/04/18
VLG3215;TFN;BCN;32B;Nubes altas;15/04/18
IBS3945;TFN;MAD;AIRBUS A320;Nubes altas;15/04/18
IBB452;TFN;ACE;ATR-42/72;Nubes altas;15/04/18
IBB414;TFN;FUE;ATR-42/72;Nubes altas;15/04/18
IBK6378;TFN;MAD;BOEING 737-800 WINGLETS;Nubes altas;15/04/18
AEA9045;TFN;MAD;BOEING 737-800 WINGLETS;Nubes altas;15/04/18
AEA7007;TFN;BIO;BOEING 737-800 WINGLETS;Nubes altas;15/04/18
IBB605;TFN;SPC;ATR-42/72;Nubes altas;15/04/18
CNF412;TFN;SPC;ATR-42/72;Nubes altas;15/04/18
IBB655;TFN;VDE;ATR-72;Nubes altas;15/04/18
IBB607;TFN;SPC;ATR-42/72;Nubes altas;15/04/18
IBB102;TFN;LPA;BOMBARDIER CRJ-1000;Nubes altas;15/04/18
AEA9461;TFN;SPC;ATR-72;Nubes altas;15/04/18
VLG3257;TFN;SVQ;AIRBUS A320;Nubes altas;15/04/18
IBB108;TFN;LPA;ATR-72;Nubes altas;15/04/18
SAS6002;AGP;ARN;32A;Nubes altas;15/04/18
RYR2575;AGP;EIN;BOEING 737-800 WINGLETS;Nubes altas;14/04/18
AEA1039;AGP;CDG;BOEING 737-800 WINGLETS;Nubes altas;15/04/18
RYR2577;AGP;VST;BOEING 737-800 WINGLETS;Nubes altas;15/04/18
VLG2454;AGP;IBZ;AIRBUS A320;Nubes altas;15/04/18
TAP1137;AGP;LIS;ATR-42/72;Nubes altas;15/04/18
VLG2608;AGP;BIO;AIRBUS A320;Nubes altas;15/04/18
VLG3146;AGP;FUE;AIRBUS A320;Nubes altas;15/04/18
RYR2531;AGP;BLL;BOEING 737-800 WINGLETS;Nubes altas;15/04/18
VLG9013;AGP;TLS;AIRBUS A320;Nubes altas;15/04/18
IBK5070;AGP;CPH;BOEING 737-800 WINGLETS;Nubes altas;15/04/18
VLG2150;AGP;BRU;AIRBUS A320;Nubes altas;15/04/18
IBK5020;AGP;OSL;BOEING 737-800 WINGLETS;Nubes altas;15/04/18
RYR5158;AGP;NCL;BOEING 737-800 WINGLETS;Nubes altas;15/04/18
EZY1514;PMI;GVA;32A;Despejado;15/04/18
EZY3501;PMI;STR;32A;Despejado;15/04/18
RYR9998;PMI;DUB;BOEING 737-800 WINGLETS;Despejado;14/04/18
IBS3917;PMI;MAD;AIRBUS A320;Despejado;15/04/18
RYR6363;PMI;BCN;BOEING 737-800 WINGLETS;Despejado;15/04/18
IBK6632;PMI;TRF;BOEING 737-800 WINGLETS;Despejado;15/04/18
IBK6650;PMI;ARN;BOEING 737-800 WINGLETS;Despejado;15/04/18
RYR4511;PMI;KRK;BOEING 737-800 WINGLETS;Despejado;15/04/18
IBK6698;PMI;MUC;BOEING 737-800 WINGLETS;Despejado;15/04/18
RYR111;PMI;SXF;BOEING 737-800 WINGLETS;Despejado;15/04/18
RYR714;PMI;GOT;BOEING 737-800 WINGLETS;Despejado;15/04/18
AEA6006;PMI;BCN;EMBRAER ERJ-195;Despejado;15/04/18
VLG3915;PMI;BCN;AIRBUS A320;Despejado;15/04/18
VLG2486;BCN;EAS;AIRBUS A319;Nubes altas;15/04/18
IBE8316;MAD;EAS;ATR-72;Lluvia débil;15/04/18
IBE8322;MAD;EAS;ATR-72;Lluvia débil;15/04/18
IBE8318;MAD;EAS;ATR-72;Lluvia débil;15/04/18
VLG2488;BCN;EAS;AIRBUS A319;Nubes altas;15/04/18
IBE8326;MAD;EAS;ATR-72;Lluvia débil;15/04/18
IBE8324;MAD;EAS;ATR-72;Lluvia débil;15/04/18
IBE8262;AGP;MLN;ATR-72;Nubes altas;15/04/18
IBE8792;MAD;MLN;ATR-72;Lluvia débil;15/04/18
IBE8790;MAD;MLN;ATR-72;Lluvia débil;15/04/18
IBE8264;AGP;MLN;ATR-72;Nubes altas;15/04/18
IBE8270;AGP;MLN;ATR-72;Nubes altas;15/04/18
AEA5005;AGP;MLN;ATR-72;Nubes altas;15/04/18
IBE8798;MAD;MLN;ATR-72;Lluvia débil;15/04/18
IBE8274;AGP;MLN;ATR-72;Nubes altas;15/04/18
VLG1572;OVD;BCN;AIRBUS A320;Lluvia moderada;15/04/18
VOE3584;OVD;ALC;BOEING 717;Lluvia moderada;15/04/18
IBS3981;OVD;MAD;AIRBUS A320;Lluvia moderada;15/04/18
VLG1574;OVD;BCN;AIRBUS A320;Lluvia moderada;15/04/18
IBE0479;OVD;MAD;32A;Lluvia moderada;15/04/18
EZY3084;OVD;STN;AIRBUS A319;Lluvia moderada;15/04/18
IBE8335;OVD;VLC;ATR-72;Lluvia moderada;15/04/18
IBE0475;OVD;MAD;AIRBUS A321;Lluvia moderada;15/04/18
IBE8332;OVD;PMI;CANADAIR CRJ-200;Lluvia moderada;15/04/18
VLG3865;OVD;PMI;AIRBUS A320;Lluvia moderada;15/04/18
VOE3925;OVD;AGP;BOEING 717;Lluvia moderada;15/04/18
IBE0487;OVD;MAD;AIRBUS A320;Lluvia moderada;15/04/18
VLG1578;OVD;BCN;AIRBUS A320;Lluvia moderada;15/04/18
VOE3831;OVD;SVQ;BOEING 717;Lluvia moderada;15/04/18
TAP1113;OVD;LIS;ATR-72;Lluvia moderada;15/04/18
IBE0481;OVD;MAD;32A;Lluvia moderada;15/04/18
RYR6397;SVQ;BCN;BOEING 737-800 WINGLETS;Lluvia débil;15/04/18
VLG2223;SVQ;BCN;AIRBUS A320;Lluvia débil;15/04/18
RYR5262;SVQ;BVA;BOEING 737-800 WINGLETS;Lluvia débil;15/04/18
VLG3256;SVQ;TFN;AIRBUS A320;Lluvia débil;15/04/18
TAP1101;SVQ;LIS;ATR-42/72;Lluvia débil;15/04/18
RYR2470;SVQ;FKB;BOEING 737-800 WINGLETS;Lluvia débil;15/04/18
VLG2253;SVQ;BCN;AIRBUS A320;Lluvia débil;15/04/18
VLG2507;SVQ;BIO;32A;Lluvia débil;15/04/18
IBS3947;SVQ;MAD;AIRBUS A320;Lluvia débil;15/04/18
TVF3101;SVQ;ORY;BOEING 737-800 WINGLETS;Lluvia débil;15/04/18
VLG2211;SVQ;BCN;AIRBUS A320;Lluvia débil;15/04/18
IBE8841;SVQ;VLC;ATR-72;Lluvia débil;15/04/18
VLG2251;SVQ;BCN;32B;Lluvia débil;15/04/18
VLG8830;SVQ;CDG;AIRBUS A320;Lluvia débil;15/04/18
IBE8101;IBZ;PMI;BOMBARDIER CRJ-1000;Nubes altas;15/04/18
RYR3542;IBZ;EIN;BOEING 737-800 WINGLETS;Nubes altas;14/04/18
AEA1701;IBZ;PMI;ATR-72;Nubes altas;15/04/18
EWG3561;IBZ;HAJ;AIRBUS A319;Nubes altas;15/04/18
VLG2455;IBZ;AGP;AIRBUS A320;Nubes altas;15/04/18
RYR8137;IBZ;BCN;BOEING 737-800 WINGLETS;Nubes altas;15/04/18
VLG3541;IBZ;BCN;AIRBUS A320;Nubes altas;15/04/18
RYR5355;IBZ;MAD;BOEING 737-800 WINGLETS;Nubes altas;15/04/18
VLG3434;IBZ;MAD;AIRBUS A320;Nubes altas;15/04/18
EZY2692;IBZ;MXP;32A;Nubes altas;15/04/18
TRA5676;IBZ;AMS;BOEING 737-800 WINGLETS;Nubes altas;15/04/18
IBE8105;IBZ;PMI;CANADAIR CRJ-900;Nubes altas;15/04/18
AEA1703;IBZ;PMI;ATR-72;Nubes altas;15/04/18
TRA5690;IBZ;RTM;BOEING 737-700 WINGLETS;Nubes altas;15/04/18
RYR8333;IBZ;BGY;BOEING 737-800 WINGLETS;Nubes altas;15/04/18
RYR6419;IBZ;NRN;BOEING 737-800 WINGLETS;Nubes altas;15/04/18
VLG3515;IBZ;BCN;32A;Nubes altas;15/04/18
EZS1138;LPA;BSL;AIRBUS A320;Nubes altas;15/04/18
IBK5950;LPA;HAM;BOEING 737-800 WINGLETS;Nubes altas;15/04/18
IBS3835;LPA;MAD;AIRBUS A321;Nubes altas;15/04/18
RYR3804;LPA;MAN;BOEING 737-800 WINGLETS;Nubes altas;15/04/18
RYR2967;LPA;BUD;BOEING 737-800 WINGLETS;Nubes altas;15/04/18
RYR2535;LPA;LBA;BOEING 737-800 WINGLETS;Nubes altas;15/04/18
AEA9403;LPA;TFN;ATR-72;Nubes altas;15/04/18
AEA9431;LPA;FUE;ATR-72;Nubes altas;15/04/18
VLG3001;LPA;BCN;AIRBUS A321;Nubes altas;15/04/18
AEA9018;LPA;MAD;BOEING 737-800 WINGLETS;Nubes altas;15/04/18
IBB500;LPA;ACE;BOMBARDIER CRJ-1000;Nubes altas;15/04/18
IBB200;LPA;FUE;ATR-72;Nubes altas;15/04/18
VLG3184;LPA;ORY;AIRBUS A320;Nubes altas;15/04/18
TVS3705;LPA;CDG;BOEING 737-800 WINGLETS;Nubes altas;15/04/18
RYR1419;LPA;PSA;BOEING 737-800 WINGLETS;Nubes altas;15/04/18
IBE0410;MAD;XRY;AIRBUS A320;Lluvia débil;15/04/18
VLG2286;BCN;XRY;AIRBUS A320;Nubes altas;15/04/18
RYR1283;BCN;XRY;BOEING 737-800 WINGLETS;Nubes altas;15/04/18
IBE0404;MAD;XRY;AIRBUS A320;Lluvia débil;15/04/18
IBE0406;MAD;XRY;AIRBUS A319;Lluvia débil;15/04/18
VLG6792;TFS;LYS;32A;Nubes altas;15/04/18
RYR1513;TFS;BVA;BOEING 737-800 WINGLETS;Nubes altas;15/04/18
RYR2545;TFS;NCL;BOEING 737-800 WINGLETS;Nubes altas;15/04/18
RYR4514;TFS;KRK;BOEING 737-800 WINGLETS;Nubes altas;15/04/18
IBS3927;TFS;MAD;32A;Nubes altas;15/04/18
RYR2561;TFS;BFS;BOEING 737-800 WINGLETS;Nubes altas;15/04/18
DK1409;TFS;ORB;32B;Nubes altas;15/04/18
IBK6420;TFS;OSL;BOEING 737-800 WINGLETS;Nubes altas;15/04/18
TOM5751;TFS;NWI;BOEING 737-800 WINGLETS;Nubes altas;15/04/18
OLY726;TFS;FUE;AIRBUS A321;Nubes altas;15/04/18
RYR2914;TFS;MAD;BOEING 737-800 WINGLETS;Nubes altas;15/04/18
IBK6450;TFS;ARN;BOEING 737-800 WINGLETS;Nubes altas;15/04/18
ENT951C;TFS;LYS;BOEING 737-800 WINGLETS;Nubes altas;15/04/18
IBK6500;TFS;HAM;BOEING 737-800 WINGLETS;Nubes altas;15/04/18
OLY745;TFS;ZRH;AIRBUS A321;Nubes altas;15/04/18
BEL1652;TFS;BRU;AIRBUS A320;Nubes altas;15/04/18
JAF7114;TFS;BRU;BOEING 737-800 WINGLETS;Nubes altas;15/04/18
EWG253;TFS;CGN;BOEING 737-800 WINGLETS;Nubes altas;15/04/18
JAF7866;TFS;CDG;BOEING 737-800 WINGLETS;Nubes altas;15/04/18
EDW215;TFS;ZRH;AIRBUS A320;Nubes altas;15/04/18
RYR9123;GRO;EIN;BOEING 737-800 WINGLETS;Nubes altas;15/04/18
RYR7083;GRO;OMR;BOEING 737-800 WINGLETS;Nubes altas;15/04/18
RYR9555;GRO;FMM;BOEING 737-800 WINGLETS;Nubes altas;15/04/18
RYR6901;GRO;CRL;BOEING 737-800 WINGLETS;Nubes altas;15/04/18
RYR9305;GRO;LPL;BOEING 737-800 WINGLETS;Nubes altas;15/04/18
RYR9172;GRO;WRO;BOEING 737-800 WINGLETS;Nubes altas;15/04/18
RYR4125;GRO;HHN;BOEING 737-800 WINGLETS;Nubes altas;15/04/18
RYR7037;GRO;DUB;BOEING 737-800 WINGLETS;Nubes altas;15/04/18
RYR9364;GRO;PSR;BOEING 737-800 WINGLETS;Nubes altas;15/04/18
RYR9241;GRO;PSA;BOEING 737-800 WINGLETS;Nubes altas;15/04/18
RYR9803;GRO;STN;BOEING 737-800 WINGLETS;Nubes altas;15/04/18
PBD832;GRO;VKO;BOEING 737-800 WINGLETS;Nubes altas;15/04/18
RYR9211;GRO;FKB;BOEING 737-800 WINGLETS;Nubes altas;15/04/18
RYR9335;GRO;BRS;BOEING 737-800 WINGLETS;Nubes altas;15/04/18
RYR4482;GRO;RIX;BOEING 737-800 WINGLETS;Nubes altas;15/04/18
RYR5122;GRO;POZ;BOEING 737-800 WINGLETS;Nubes altas;15/04/18
RYR9303;GRO;EDI;BOEING 737-800 WINGLETS;Nubes altas;15/04/18
RYR1131;GRO;EMA;BOEING 737-800 WINGLETS;Nubes altas;15/04/18
RYR6903;GRO;CRL;BOEING 737-800 WINGLETS;Nubes altas;15/04/18
RYR6391;GRO;NRN;BOEING 737-800 WINGLETS;Nubes altas;15/04/18
TRA5766;GRO;AMS;BOEING 737-800 WINGLETS;Nubes altas;15/04/18
IBE8481;MAH;PMI;BOMBARDIER CRJ-1000;Despejado;15/04/18
AAL8615;MAH;MAD;BOMBARDIER CRJ-1000;Despejado;15/04/18
IBE8951;MAH;MAD;BOMBARDIER CRJ-1000;Despejado;15/04/18
IBE8495;MAH;PMI;ATR-42/72;Despejado;15/04/18
VLG3713;MAH;BCN;AIRBUS A320;Despejado;15/04/18
IBE8483;MAH;PMI;BOMBARDIER CRJ-1000;Despejado;15/04/18
VLG3801;MAH;BIO;32A;Despejado;15/04/18
VLG3715;MAH;BCN;AIRBUS A320;Despejado;15/04/18
IBE8662;MAH;BIO;BOMBARDIER CRJ-1000;Despejado;15/04/18
AEA4532;MAH;PMI;ATR-72;Despejado;15/04/18
IBE8957;MAH;MAD;BOMBARDIER CRJ-1000;Despejado;15/04/18
IBE8499;MAH;PMI;ATR-42/72;Despejado;15/04/18
AEA4530;MAH;PMI;ATR-72;Despejado;15/04/18
IBE8491;MAH;PMI;CANADAIR CRJ-200;Despejado;15/04/18
IBE8493;MAH;PMI;BOMBARDIER CRJ-1000;Despejado;15/04/18
RYR6882;MAH;BCN;BOEING 737-800 WINGLETS;Despejado;15/04/18
IBE8029;MAH;MAD;CANADAIR CRJ-900;Despejado;15/04/18
VLG3709;MAH;BCN;AIRBUS A320;Despejado;15/04/18
RYR4579;SCQ;BGY;BOEING 737-800 WINGLETS;Cubierto de nubes altas y medias;15/04/18
VLG3247;SCQ;TFN;AIRBUS A320;Cubierto de nubes altas y medias;15/04/18
RYR7223;SCQ;VLC;BOEING 737-800 WINGLETS;Cubierto de nubes altas y medias;15/04/18
RYR6333;SCQ;BCN;BOEING 737-800 WINGLETS;Cubierto de nubes altas y medias;15/04/18
EZS1338;SCQ;GVA;AIRBUS A320;Cubierto de nubes altas y medias;15/04/18
IBS3877;SCQ;MAD;AIRBUS A321;Cubierto de nubes altas y medias;15/04/18
IBE8365;SCQ;PMI;CANADAIR CRJ-200;Cubierto de nubes altas y medias;15/04/18
VLG1671;SCQ;BCN;32A;Cubierto de nubes altas y medias;15/04/18
EZS1180;SCQ;BSL;AIRBUS A319;Cubierto de nubes altas y medias;15/04/18
DLH1867;SCQ;MUC;AIRBUS A320;Cubierto de nubes altas y medias;15/04/18
RYR3042;SCQ;SVQ;BOEING 737-800 WINGLETS;Cubierto de nubes altas y medias;15/04/18
RYR8379;SCQ;STN;BOEING 737-800 WINGLETS;Cubierto de nubes altas y medias;15/04/18
VLG1677;SCQ;BCN;AIRBUS A320;Cubierto de nubes altas y medias;15/04/18
VLG2654;SCQ;AGP;AIRBUS A320;Cubierto de nubes altas y medias;15/04/18
RYR8539;SCQ;ALC;BOEING 737-800 WINGLETS;Cubierto de nubes altas y medias;15/04/18
IBS3879;SCQ;MAD;AIRBUS A320;Cubierto de nubes altas y medias;15/04/18
RYR724;SCQ;PMI;BOEING 737-800 WINGLETS;Cubierto de nubes altas y medias;15/04/18
VLG8222;SCQ;CDG;AIRBUS A320;Cubierto de nubes altas y medias;15/04/18
RYR3493;ACE;SXF;BOEING 737-800 WINGLETS;Despejado;15/04/18
RYR3812;ACE;LPL;BOEING 737-800 WINGLETS;Despejado;15/04/18
RYR4002;ACE;BGY;BOEING 737-800 WINGLETS;Despejado;15/04/18
IBB501;ACE;LPA;BOMBARDIER CRJ-1000;Despejado;15/04/18
IBB453;ACE;TFN;ATR-42/72;Despejado;15/04/18
CNF704;ACE;LPA;ATR-72;Despejado;15/04/18
VLG3281;ACE;BIO;AIRBUS A320;Despejado;15/04/18
TRA5686;ACE;AMS;BOEING 737-800 WINGLETS;Despejado;15/04/18
RYR1587;ACE;FRA;BOEING 737-800 WINGLETS;Despejado;15/04/18
BEL3788;ACE;BRU;AIRBUS A320;Despejado;15/04/18
LGL742;ACE;LUX;BOEING 737-800 WINGLETS;Despejado;15/04/18
AEA9076;ACE;MAD;BOEING 737-800 WINGLETS;Despejado;15/04/18
TUI2843;ACE;MUC;7S8;Despejado;15/04/18
RYR4896;ACE;BLQ;BOEING 737-800 WINGLETS;Despejado;15/04/18
AEA9448;ACE;LPA;ATR-72;Despejado;15/04/18
TUI2293;ACE;DUS;7S8;Despejado;15/04/18
TUI2189;ACE;HAJ;7S8;Despejado;15/04/18
IBB505;ACE;LPA;BOMBARDIER CRJ-1000;Despejado;15/04/18
TOM6739;ACE;EXT;BOEING 737-800 WINGLETS;Despejado;15/04/18
IBK5420;ALC;HEL;BOEING 737-800 WINGLETS;Nubes altas;15/04/18
VLG7396;ALC;ALG;32A;Nubes altas;15/04/18
IBK5350;ALC;ARN;BOEING 737-800 WINGLETS;Nubes altas;15/04/18
VLG8253;ALC;ORY;32A;Nubes altas;15/04/18
ANE8397;ALC;MAD;BOMBARDIER CRJ-1000;Nubes altas;15/04/18
RYR7522;ALC;EIN;BOEING 737-800 WINGLETS;Nubes altas;15/04/18
VLG7390;ALC;ORN;AIRBUS A320;Nubes altas;15/04/18
VLG1311;ALC;BCN;32A;Nubes altas;15/04/18
RYR4029;ALC;FCO;BOEING 737-800 WINGLETS;Nubes altas;15/04/18
RYR8005;ALC;ABZ;BOEING 737-800 WINGLETS;Nubes altas;15/04/18
RYR2543;ALC;POZ;BOEING 737-800 WINGLETS;Nubes altas;15/04/18
IBK5320;ALC;OSL;BOEING 737-800 WINGLETS;Nubes altas;15/04/18
RYR5578;ALC;EDI;BOEING 737-800 WINGLETS;Nubes altas;15/04/18
IBK5406;ALC;HAJ;BOEING 737-800 WINGLETS;Nubes altas;15/04/18
WZZ4414;ALC;SOF;AIRBUS A320;Nubes altas;15/04/18
VOE2613;ALC;LYS;BOEING 717;Nubes altas;15/04/18
AEA4025;ALC;PMI;ATR-72;Nubes altas;15/04/18
VLG1294;BCN;LCG;AIRBUS A320;Nubes altas;15/04/18
VLG1292;BCN;LCG;AIRBUS A320;Nubes altas;15/04/18
AEA7233;MAD;LCG;EMBRAER ERJ-195;Lluvia débil;15/04/18
LZF441;BIO;LCG;ATR 42-300/320;Llovizna;15/04/18
VLG3132;LPA;LCG;AIRBUS A320;Nubes altas;15/04/18
AEA7235;MAD;LCG;EMBRAER ERJ-195;Lluvia débil;15/04/18
IBE0524;MAD;LCG;AIRBUS A319;Lluvia débil;15/04/18
VLG1299;SVQ;LCG;AIRBUS A320;Lluvia débil;15/04/18
VLG2010;BCN;GRX;32B;Nubes altas;15/04/18
IBE8640;MAD;GRX;BOMBARDIER CRJ-1000;Lluvia débil;15/04/18
VLG2020;BCN;GRX;AIRBUS A320;Nubes altas;15/04/18
AEA5201;PMI;GRX;EMBRAER ERJ-195;Despejado;15/04/18
VLG3933;PMI;GRX;AIRBUS A320;Despejado;15/04/18
IBE8646;MAD;GRX;BOMBARDIER CRJ-1000;Lluvia débil;15/04/18
IBE8642;MAD;GRX;BOMBARDIER CRJ-1000;Lluvia débil;15/04/18
VLG2014;BCN;GRX;AIRBUS A320;Nubes altas;15/04/18
VLG2016;BCN;GRX;32B;Nubes altas;15/04/18
IBE8648;MAD;GRX;BOMBARDIER CRJ-1000;Lluvia débil;15/04/18
IBE8594;MAD;LEI;BOMBARDIER CRJ-1000;Lluvia débil;15/04/18
AEA2887;BCN;LEI;BOEING 737-800 WINGLETS;Nubes altas;15/04/18
VLG1251;BCN;LEI;AIRBUS A320;Nubes altas;15/04/18
IBE8598;MAD;LEI;CANADAIR CRJ-900;Lluvia débil;15/04/18
AEA2633;ZAZ;LEI;BOEING 737-800 WINGLETS;Nubes altas;15/04/18
IBE8212;PMI;LEI;CANADAIR CRJ-200;Despejado;17/04/18
IBE8592;MAD;LEI;BOMBARDIER CRJ-1000;Lluvia débil;15/04/18
AEA2647;BCN;LEI;BOEING 737-800 WINGLETS;Nubes altas;15/04/18
IBE8588;MAD;LEI;CANADAIR CRJ-200;Lluvia débil;15/04/18
IBE8933;SVQ;LEI;CANADAIR CRJ-200;Lluvia débil;15/04/18
IBE8600;MAD;LEI;BOMBARDIER CRJ-1000;Lluvia débil;15/04/18
RYR6384;BCN;SDR;BOEING 737-800 WINGLETS;Nubes altas;15/04/18
IBE0554;MAD;SDR;AIRBUS A319;Lluvia débil;15/04/18
IBE0556;MAD;SDR;AIRBUS A319;Lluvia débil;15/04/18
VLG1590;BCN;SDR;AIRBUS A320;Nubes altas;15/04/18
IBE8878;MAD;SDR;CANADAIR CRJ-900;Lluvia débil;15/04/18
IBB606;SPC;TFN;ATR-42/72;Nubes altas;15/04/18
IBB304;SPC;LPA;ATR-72;Nubes altas;15/04/18
CNF413;SPC;TFN;ATR-42/72;Nubes altas;15/04/18
IBB608;SPC;TFN;ATR-72;Nubes altas;15/04/18
TVS2434;SPC;CDG;BOEING 737-800 WINGLETS;Nubes altas;15/04/18
AEA9462;SPC;TFN;ATR-72;Nubes altas;15/04/18
CNF419;SPC;TFN;ATR-42/72;Nubes altas;15/04/18
IBB610;SPC;TFN;ATR-42/72;Nubes altas;15/04/18
AEA9464;SPC;TFN;ATR-72;Nubes altas;15/04/18
IBB620;SPC;TFN;ATR-42/72;Nubes altas;15/04/18
IBB622;SPC;TFN;ATR-72;Nubes altas;15/04/18
IBS3843;SPC;MAD;AIRBUS A320;Nubes altas;15/04/18
IBB630;SPC;TFN;ATR-42/72;Nubes altas;15/04/18
CNF453;SPC;TFN;ATR-72;Nubes altas;15/04/18
IBB312;SPC;LPA;BOMBARDIER CRJ-1000;Nubes altas;15/04/18
DE1407;SPC;FRA;BOEING 757-300 WINGLETS;Nubes altas;15/04/18
IBB632;SPC;TFN;ATR-42/72;Nubes altas;15/04/18
AEA9466;SPC;TFN;ATR-72;Nubes altas;15/04/18
IBB634;SPC;TFN;ATR-72;Nubes altas;15/04/18
IBB636;SPC;TFN;ATR-42/72;Nubes altas;15/04/18
AEA9480;SPC;TFN;ATR-72;Nubes altas;15/04/18
IBB316;SPC;LPA;ATR-42/72;Nubes altas;15/04/18
AEA7308;MAD;VGO;EMBRAER ERJ-195;Lluvia débil;15/04/18
AEA7302;MAD;VGO;EMBRAER ERJ-195;Lluvia débil;15/04/18
LAV5463;TFN;VGO;BOEING 737-400;Nubes altas;15/04/18
AEA7300;MAD;VGO;EMBRAER ERJ-195;Lluvia débil;15/04/18
IBE0534;MAD;VGO;AIRBUS A320;Lluvia débil;15/04/18
RYR245;BCN;VGO;BOEING 737-800 WINGLETS;Nubes altas;15/04/18
AEA7306;MAD;VGO;EMBRAER ERJ-195;Lluvia débil;15/04/18
IBB203;FUE;LPA;ATR-72;Despejado;15/04/18
AEA9432;FUE;LPA;ATR-72;Despejado;15/04/18
IBB415;FUE;TFN;ATR-42/72;Despejado;15/04/18
VLG3147;FUE;AGP;AIRBUS A320;Despejado;15/04/18
ENT898;FUE;CDG;BOEING 737-800;Despejado;15/04/18
ENT893;FUE;LYS;BOEING 737-800;Despejado;15/04/18
CNF804;FUE;LPA;ATR-42/72;Despejado;15/04/18
OLY727;FUE;ZRH;AIRBUS A321;Despejado;15/04/18
TVS3499;FUE;LYS;BOEING 737-800 WINGLETS;Despejado;15/04/18
TVS3427;FUE;RNS;BOEING 737-800 WINGLETS;Despejado;15/04/18
EDW213;FUE;ZRH;AIRBUS A320;Despejado;15/04/18
TRA6706;FUE;AMS;BOEING 737-800 WINGLETS;Despejado;15/04/18
RYR8627;FUE;NRN;BOEING 737-800 WINGLETS;Despejado;15/04/18
EWG1813;FUE;MUC;32A;Despejado;15/04/18
LGL734;FUE;LUX;BOEING 737-800 WINGLETS;Despejado;15/04/18
IBB211;FUE;LPA;ATR-42/72;Despejado;15/04/18
RYR8183;FUE;STN;BOEING 737-800 WINGLETS;Despejado;15/04/18
IBB423;FUE;TFN;ATR-42/72;Despejado;15/04/18
LLC6703;FUE;LYS;AIRBUS A320;Despejado;15/04/18
CNF810;FUE;LPA;ATR-72;Despejado;15/04/18
LLX5572;FUE;DUS;AIRBUS A320;Despejado;15/04/18
AEA4063;MAD;VLC;ATR-72;Lluvia débil;15/04/18
RYR7223;SCQ;VLC;BOEING 737-800 WINGLETS;Cubierto de nubes altas y medias;15/04/18
IBE8841;SVQ;VLC;ATR-72;Lluvia débil;15/04/18
AEA4005;PMI;VLC;ATR-72;Despejado;15/04/18
AEA7161;MAD;BIO;EMBRAER ERJ-195;Lluvia débil;15/04/18
VLG2608;AGP;BIO;AIRBUS A320;Nubes altas;15/04/18
VLG1418;BCN;BIO;AIRBUS A320;Nubes altas;15/04/18
IBS9522;PMI;BIO;AIRBUS A320;Despejado;15/04/18
VLG1432;BCN;BIO;AIRBUS A320;Nubes altas;15/04/18
VLG2507;SVQ;BIO;32A;Lluvia débil;15/04/18
IBE8693;PMI;BIO;BOMBARDIER CRJ-1000;Despejado;17/04/18
VLG3801;MAH;BIO;32A;Despejado;15/04/18
RYR6363;PMI;BCN;BOEING 737-800 WINGLETS;Despejado;15/04/18
ANE8367;SCQ;PMI;BOMBARDIER CRJ-1000;Despejado;17/04/18
VLG3928;BCN;PMI;AIRBUS A320;Nubes altas;15/04/18
ANE8481;MAH;PMI;BOMBARDIER CRJ-1000;Despejado;17/04/18
ANE8101;IBZ;PMI;BOMBARDIER CRJ-1000;Despejado;17/04/18
VLG3902;BCN;PMI;32B;Nubes altas;15/04/18
AEA1701;IBZ;PMI;ATR-72;Nubes altas;15/04/18
VLG1573;BCN;OVD;AIRBUS A320;Nubes altas;15/04/18
IBE8334;VLC;OVD;CANADAIR CRJ-200;Nubes altas;15/04/18
IBE0488;MAD;OVD;AIRBUS A321;Lluvia débil;15/04/18
IBE8333;PMI;OVD;CANADAIR CRJ-200;Despejado;17/04/18
VLG1579;BCN;OVD;AIRBUS A320;Nubes altas;15/04/18
VOE3585;ALC;OVD;BOEING 717;Nubes altas;15/04/18
IBE0476;MAD;OVD;AIRBUS A320;Lluvia débil;15/04/18
VLG3864;PMI;OVD;AIRBUS A320;Despejado;15/04/18
VOE3924;AGP;OVD;BOEING 717;Nubes altas;15/04/18
IBE0480;MAD;OVD;32A;Lluvia débil;15/04/18
IBE0482;MAD;OVD;AIRBUS A320;Lluvia débil;15/04/18
VOE3830;SVQ;OVD;BOEING 717;Lluvia débil;15/04/18
VLG1571;BCN;OVD;AIRBUS A320;Nubes altas;15/04/18
RYR7222;VLC;SCQ;BOEING 737-800 WINGLETS;Nubes altas;15/04/18
RYR6332;BCN;SCQ;BOEING 737-800 WINGLETS;Nubes altas;15/04/18
IBS3876;MAD;SCQ;AIRBUS A321;Lluvia débil;15/04/18
IBE8356;BIO;SCQ;CANADAIR CRJ-200;Llovizna;15/04/18
VLG1670;BCN;SCQ;32A;Nubes altas;15/04/18
RYR3041;SVQ;SCQ;BOEING 737-800 WINGLETS;Lluvia débil;15/04/18
VLG3246;TFN;SCQ;AIRBUS A320;Nubes altas;15/04/18
VLG2655;AGP;SCQ;AIRBUS A320;Nubes altas;15/04/18
RYR8538;ALC;SCQ;BOEING 737-800 WINGLETS;Nubes altas;15/04/18
IBS3878;MAD;SCQ;AIRBUS A320;Lluvia débil;15/04/18
VLG1676;BCN;SCQ;AIRBUS A320;Nubes altas;15/04/18
AEA2629;BCN;SCQ;BOEING 737-800 WINGLETS;Nubes altas;15/04/18
VLG1672;BCN;SCQ;AIRBUS A320;Nubes altas;15/04/18
AEA9403;LPA;TFN;ATR-72;Nubes altas;15/04/18
VLG3256;SVQ;TFN;AIRBUS A320;Lluvia débil;15/04/18
IBB107;LPA;TFN;ATR-72;Nubes altas;15/04/18
VLG3247;SCQ;TFN;AIRBUS A320;Cubierto de nubes altas y medias;15/04/18
RYR3063;BCN;TFN;BOEING 737-800 WINGLETS;Nubes altas;15/04/18
AEA9059;MAD;TFN;AIRBUS A330-200;Lluvia débil;15/04/18
IBB606;SPC;TFN;ATR-42/72;Nubes altas;15/04/18
IBB415;FUE;TFN;ATR-42/72;Despejado;15/04/18
RYR5278;MAD;TFN;BOEING 737-800 WINGLETS;Lluvia débil;15/04/18
IBB453;ACE;TFN;ATR-42/72;Despejado;15/04/18
CNF413;SPC;TFN;ATR-42/72;Nubes altas;15/04/18
IBB608;SPC;TFN;ATR-72;Nubes altas;15/04/18
IBB119;LPA;TFN;BOMBARDIER CRJ-1000;Nubes altas;15/04/18
IBB656;VDE;TFN;ATR-72;Nubes altas;15/04/18
AEA9462;SPC;TFN;ATR-72;Nubes altas;15/04/18
IBB109;LPA;TFN;ATR-72;Nubes altas;15/04/18
IBS3942;MAD;TFN;32A;Lluvia débil;15/04/18
IBB650;GMZ;TFN;ATR-72;Nubes altas;15/04/18
CNF419;SPC;TFN;ATR-42/72;Nubes altas;15/04/18
IBB610;SPC;TFN;ATR-42/72;Nubes altas;15/04/18
IBB6810;LPA;TFN;BOMBARDIER CRJ-1000;Nubes altas;15/04/18
IBS3866;MAD;AGP;32A;Lluvia débil;15/04/18
AEA5035;MAD;AGP;ATR-72;Lluvia débil;15/04/18
IBE8261;MLN;AGP;ATR-72;Despejado;15/04/18
VLG2115;BCN;AGP;32B;Nubes altas;15/04/18
VLG2454;AGP;IBZ;AIRBUS A320;Nubes altas;15/04/18
RYR8136;BCN;IBZ;BOEING 737-800 WINGLETS;Nubes altas;15/04/18
VLG3540;BCN;IBZ;AIRBUS A320;Nubes altas;15/04/18
RYR5354;MAD;IBZ;BOEING 737-800 WINGLETS;Lluvia débil;15/04/18
VLG3447;MAD;IBZ;AIRBUS A320;Lluvia débil;15/04/18
IBE8104;PMI;IBZ;CANADAIR CRJ-900;Despejado;17/04/18
AEA1702;PMI;IBZ;ATR-72;Despejado;15/04/18
VLG3508;BCN;IBZ;32A;Nubes altas;15/04/18
IBE8106;PMI;IBZ;ATR-42/72;Despejado;17/04/18
IBE8430;VLC;IBZ;ATR-72;Nubes altas;15/04/18
RYR2913;MAD;TFS;BOEING 737-800 WINGLETS;Lluvia débil;15/04/18
IBB123;LPA;TFS;ATR-72;Nubes altas;15/04/18
IBB102;TFN;LPA;BOMBARDIER CRJ-1000;Nubes altas;15/04/18
VLG3133;LCG;LPA;32A;Cubierto de nubes altas y medias;15/04/18
IBB203;FUE;LPA;ATR-72;Despejado;15/04/18
AEA9432;FUE;LPA;ATR-72;Despejado;15/04/18
AEA9156;MAD;LPA;BOEING 737-800 WINGLETS;Lluvia débil;15/04/18
IBB501;ACE;LPA;BOMBARDIER CRJ-1000;Despejado;15/04/18
CNF704;ACE;LPA;ATR-72;Despejado;15/04/18
IBB108;TFN;LPA;ATR-72;Nubes altas;15/04/18
IBB304;SPC;LPA;ATR-72;Nubes altas;15/04/18
CNF804;FUE;LPA;ATR-42/72;Despejado;15/04/18
IBE8494;PMI;MAH;ATR-42/72;Despejado;17/04/18
VLG3712;BCN;MAH;AIRBUS A320;Nubes altas;15/04/18
IBE8480;PMI;MAH;BOMBARDIER CRJ-1000;Despejado;17/04/18
VLG3800;BIO;MAH;32A;Llovizna;15/04/18
VLG3714;BCN;MAH;AIRBUS A320;Nubes altas;15/04/18
IBE8482;PMI;MAH;BOMBARDIER CRJ-1000;Despejado;17/04/18
AEA4537;PMI;MAH;ATR-72;Despejado;15/04/18
IBE8956;MAD;MAH;BOMBARDIER CRJ-1000;Lluvia débil;15/04/18
AAL8564;MAD;MAH;BOMBARDIER CRJ-1000;Lluvia débil;15/04/18
IBE8498;PMI;MAH;ATR-42/72;Despejado;17/04/18
IBE8663;BIO;MAH;BOMBARDIER CRJ-1000;Llovizna;15/04/18
AEA4531;PMI;MAH;ATR-72;Despejado;15/04/18
IBE8488;PMI;MAH;CANADAIR CRJ-200;Despejado;17/04/18
RYR6881;BCN;MAH;BOEING 737-800 WINGLETS;Nubes altas;15/04/18
IBE8024;MAD;MAH;CANADAIR CRJ-900;Lluvia débil;15/04/18
VLG3716;BCN;MAH;AIRBUS A320;Nubes altas;15/04/18
VLG3700;BCN;MAH;AIRBUS A320;Nubes altas;15/04/18
IBB500;LPA;ACE;BOMBARDIER CRJ-1000;Nubes altas;15/04/18
IBB452;TFN;ACE;ATR-42/72;Nubes altas;15/04/18
CNF703;LPA;ACE;ATR-72;Nubes altas;15/04/18
VLG3280;BIO;ACE;AIRBUS A320;Llovizna;15/04/18
AEA9073;MAD;ACE;BOEING 737-800 WINGLETS;Lluvia débil;15/04/18
AEA9447;LPA;ACE;ATR-72;Nubes altas;15/04/18
IBB510;LPA;ACE;BOMBARDIER CRJ-1000;Nubes altas;15/04/18
AEA4047;MAD;ALC;ATR-72;Lluvia débil;15/04/18
ANE8390;MAD;ALC;BOMBARDIER CRJ-1000;Despejado;17/04/18
AAL8531;MAD;ALC;BOMBARDIER CRJ-1000;Lluvia débil;15/04/18
VOE3584;OVD;ALC;BOEING 717;Lluvia moderada;15/04/18
VLG2508;BIO;SVQ;32A;Llovizna;15/04/18
IBS3954;MAD;SVQ;32A;Lluvia débil;15/04/18
VLG2212;BCN;SVQ;AIRBUS A320;Nubes altas;15/04/18
IBE8840;VLC;SVQ;ATR-72;Nubes altas;15/04/18
VLG2216;BCN;SVQ;32B;Nubes altas;15/04/18
RYR6396;BCN;SVQ;BOEING 737-800 WINGLETS;Nubes altas;15/04/18
VLG2224;BCN;SVQ;AIRBUS A320;Nubes altas;15/04/18
VLG2252;BCN;SVQ;AIRBUS A320;Nubes altas;15/04/18
VLG3257;TFN;SVQ;AIRBUS A320;Nubes altas;15/04/18
IBS3950;MAD;SVQ;32A;Lluvia débil;15/04/18
EVE1606;ZAZ;SVQ;AIRBUS A320;Nubes altas;15/04/18
RYR3042;SCQ;SVQ;BOEING 737-800 WINGLETS;Cubierto de nubes altas y medias;15/04/18
VLG2510;BIO;SVQ;AIRBUS A320;Llovizna;15/04/18
IBB605;TFN;SPC;ATR-42/72;Nubes altas;15/04/18
IBB309;LPA;SPC;ATR-72;Nubes altas;15/04/18
CNF412;TFN;SPC;ATR-42/72;Nubes altas;15/04/18
IBB607;TFN;SPC;ATR-42/72;Nubes altas;15/04/18
AEA9461;TFN;SPC;ATR-72;Nubes altas;15/04/18
CNF418;TFN;SPC;ATR-42/72;Nubes altas;15/04/18
IBB615;TFN;SPC;ATR-42/72;Nubes altas;15/04/18
AEA9463;TFN;SPC;ATR-72;Nubes altas;15/04/18
IBB619;TFN;SPC;ATR-42/72;Nubes altas;15/04/18
IBB621;TFN;SPC;ATR-42/72;Nubes altas;15/04/18
IBS3842;MAD;SPC;AIRBUS A320;Lluvia débil;15/04/18
IBB629;TFN;SPC;ATR-42/72;Nubes altas;15/04/18
CNF452;TFN;SPC;ATR-72;Nubes altas;15/04/18
IBB311;LPA;SPC;BOMBARDIER CRJ-1000;Nubes altas;15/04/18
IBB631;TFN;SPC;ATR-42/72;Nubes altas;15/04/18
AEA9465;TFN;SPC;ATR-72;Nubes altas;15/04/18
IBB633;TFN;SPC;ATR-42/72;Nubes altas;15/04/18
IBB623;TFN;SPC;ATR-42/72;Nubes altas;15/04/18
IBB315;LPA;SPC;ATR-72;Nubes altas;15/04/18
AEA9479;TFN;SPC;ATR-72;Nubes altas;15/04/18
IBB637;TFN;SPC;ATR-42/72;Nubes altas;15/04/18
AEA9431;LPA;FUE;ATR-72;Nubes altas;15/04/18
IBB200;LPA;FUE;ATR-72;Nubes altas;15/04/18
IBB414;TFN;FUE;ATR-42/72;Nubes altas;15/04/18
VLG3146;AGP;FUE;AIRBUS A320;Nubes altas;15/04/18
CNF803;LPA;FUE;ATR-72;Nubes altas;15/04/18
OLY726;TFS;FUE;AIRBUS A321;Nubes altas;15/04/18
IBB210;LPA;FUE;ATR-72;Nubes altas;15/04/18
IBB422;TFN;FUE;ATR-42/72;Nubes altas;15/04/18
CNF809;LPA;FUE;ATR-72;Nubes altas;15/04/18
RYR5538;VIT;BGY;BOEING 737-800 WINGLETS;Muy nuboso;15/04/18
HTY118;AEI;JCU;AWH;Nubes altas;15/04/18
HTY140;AEI;JCU;AWH;Nubes altas;15/04/18
IBE8331;BJZ;MAD;CANADAIR CRJ-200;Lluvia;15/04/18
IBE8313;BJZ;BCN;BOMBARDIER CRJ-1000;Lluvia;15/04/18
IBB650;GMZ;TFN;ATR-72;Nubes altas;15/04/18
IBB652;GMZ;TFN;ATR-72;Nubes altas;15/04/18
HTY117;JCU;AEI;AWH;Nubes altas;15/04/18
HTY139;JCU;AEI;AWH;Nubes altas;15/04/18
IBE8529;PNA;MAD;BOMBARDIER CRJ-1000;Cubierto de nubes altas y medias;15/04/18
DLH1119;PNA;FRA;AIRBUS A320;Cubierto de nubes altas y medias;15/04/18
IBE8525;PNA;MAD;CANADAIR CRJ-900;Cubierto de nubes altas y medias;15/04/18
IBE8531;PNA;MAD;BOMBARDIER CRJ-1000;Cubierto de nubes altas y medias;15/04/18
HTY227;JCU;AGP;AWH;Nubes altas;15/04/18
HTY117;JCU;AEI;AWH;Nubes altas;15/04/18
HTY139;JCU;AEI;AWH;Nubes altas;15/04/18
HTY259;JCU;AGP;AWH;Nubes altas;15/04/18
RYR1115;REU;DUB;BOEING 737-800 WINGLETS;Nubes altas;15/04/18
RYR9825;REU;LPL;BOEING 737-800 WINGLETS;Nubes altas;15/04/18
RYR9827;REU;HHN;BOEING 737-800 WINGLETS;Nubes altas;15/04/18
RYR8088;REU;BHX;BOEING 737-800 WINGLETS;Nubes altas;15/04/18
RYR2212;REU;EIN;BOEING 737-800 WINGLETS;Nubes altas;15/04/18
RYR4634;ZAZ;BGY;BOEING 737-800 WINGLETS;Nubes altas;15/04/18
EVE1606;ZAZ;SVQ;AIRBUS A320;Nubes altas;15/04/18
AEA2633;ZAZ;LEI;BOEING 737-800 WINGLETS;Nubes altas;15/04/18
RYR2635;ZAZ;STN;BOEING 737-800 WINGLETS;Nubes altas;15/04/18
IBS9530;VLL;PMI;AIRBUS A320;Lluvia moderada;15/04/18
RYR2200;VLL;SVQ;BOEING 737-800 WINGLETS;Lluvia moderada;15/04/18
EVE1128;VLL;SVQ;AIRBUS A320;Lluvia moderada;15/04/18
RYR6321;VLL;BCN;BOEING 737-800 WINGLETS;Lluvia moderada;15/04/18
VLG1585;VLL;BCN;AIRBUS A320;Lluvia moderada;15/04/18
IBB651;TFN;GMZ;ATR-42/72;Nubes altas;15/04/18
IBB653;TFN;GMZ;ATR-42/72;Nubes altas;15/04/18
IBE2244;TFN;GMZ;ATR-72;Despejado;17/04/18
IBE8317;EAS;MAD;ATR-72;Abertura de claros;15/04/18
VLG2487;EAS;BCN;AIRBUS A319;Abertura de claros;15/04/18
IBE8319;EAS;MAD;ATR-72;Abertura de claros;15/04/18
IBE8315;EAS;MAD;ATR-72;Abertura de claros;15/04/18
VLG2489;EAS;BCN;AIRBUS A319;Abertura de claros;15/04/18
IBE8323;EAS;MAD;ATR-72;Abertura de claros;15/04/18
IBE8330;MAD;BJZ;CANADAIR CRJ-200;Lluvia débil;15/04/18
IBE8312;BCN;BJZ;BOMBARDIER CRJ-1000;Despejado;17/04/18
EVE1605;SVQ;ZAZ;32A;Lluvia débil;15/04/18
AEA2634;LEI;ZAZ;BOEING 737-800 WINGLETS;Despejado;15/04/18
IBE8261;MLN;AGP;ATR-72;Despejado;15/04/18
IBE8789;MLN;MAD;ATR-72;Despejado;15/04/18
IBE8791;MLN;MAD;ATR-72;Despejado;15/04/18
IBE8263;MLN;AGP;ATR-72;Despejado;15/04/18
IBE8793;MLN;MAD;ATR-72;Despejado;15/04/18
IBE8269;MLN;AGP;ATR-72;Despejado;15/04/18
IBE8271;MLN;AGP;ATR-72;Despejado;15/04/18
AEA5004;MLN;AGP;ATR-72;Despejado;15/04/18
IBE8277;MLN;AGP;ATR-72;Despejado;15/04/18
IBE0511;LCG;MAD;AIRBUS A320;Cubierto de nubes altas y medias;15/04/18
VLG3133;LCG;LPA;32A;Cubierto de nubes altas y medias;15/04/18
VLG1295;LCG;BCN;AIRBUS A320;Cubierto de nubes altas y medias;15/04/18
TAP1085;LCG;LIS;ATR-72;Cubierto de nubes altas y medias;15/04/18
VLG1293;LCG;BCN;AIRBUS A320;Cubierto de nubes altas y medias;15/04/18
AEA7234;LCG;MAD;EMBRAER ERJ-195;Cubierto de nubes altas y medias;15/04/18
VLG1298;LCG;SVQ;32A;Cubierto de nubes altas y medias;15/04/18
AEA7236;LCG;MAD;EMBRAER ERJ-195;Cubierto de nubes altas y medias;15/04/18
IBE0523;LCG;MAD;AIRBUS A320;Cubierto de nubes altas y medias;15/04/18
VLG7104;LCG;LHR;AIRBUS A320;Cubierto de nubes altas y medias;15/04/18
IBE0407;XRY;MAD;AIRBUS A319;Abertura de claros;15/04/18
EWG575;XRY;CGN;AIRBUS A319;Abertura de claros;15/04/18
JAF7922;XRY;BRU;EMBRAER 190;Abertura de claros;15/04/18
EWG9571;XRY;DUS;32A;Abertura de claros;15/04/18
RYR8397;XRY;STN;BOEING 737-800 WINGLETS;Abertura de claros;15/04/18
IBE0411;XRY;MAD;AIRBUS A320;Abertura de claros;15/04/18
VLG2287;XRY;BCN;AIRBUS A320;Abertura de claros;15/04/18
RYR1284;XRY;BCN;BOEING 737-800 WINGLETS;Abertura de claros;15/04/18
IBE0405;XRY;MAD;AIRBUS A319;Abertura de claros;15/04/18
IBB655;TFN;VDE;ATR-72;Nubes altas;15/04/18
IBB659;TFN;VDE;ATR-72;Nubes altas;15/04/18
IBB663;TFN;VDE;ATR-72;Nubes altas;15/04/18
IBB365;LPA;VDE;ATR-72;Nubes altas;15/04/18
CNF247;TFN;VDE;ATR-42/72;Nubes altas;15/04/18
IBB673;TFN;VDE;ATR-72;Nubes altas;15/04/18
IBS9528;PMI;VLL;AIRBUS A320;Despejado;15/04/18
RYR2199;SVQ;VLL;BOEING 737-800 WINGLETS;Lluvia débil;15/04/18
EVE1127;SVQ;VLL;AIRBUS A320;Lluvia débil;15/04/18
RYR6320;BCN;VLL;BOEING 737-800 WINGLETS;Nubes altas;15/04/18
VLG1584;BCN;VLL;AIRBUS A320;Nubes altas;15/04/18
VLG8036;BCN;ORY;AIRBUS A319;Nubes altas;15/04/18
RYR6341;BCN;FCO;BOEING 737-800 WINGLETS;Nubes altas;15/04/18
AFR1449;BCN;CDG;AIRBUS A320;Nubes altas;15/04/18
RYR2918;BCN;BRU;BOEING 737-800 WINGLETS;Nubes altas;15/04/18
RYR6353;BCN;BGY;BOEING 737-800 WINGLETS;Nubes altas;15/04/18
RYR3063;BCN;TFN;BOEING 737-800 WINGLETS;Nubes altas;15/04/18
KLM1662;BCN;AMS;BOEING 737-700 WINGLETS;Nubes altas;15/04/18
WZZ1480;SDR;WAW;AIRBUS A320;Lluvia moderada;15/04/18
RYR7617;SDR;EDI;BOEING 737-800 WINGLETS;Lluvia moderada;15/04/18
RYR6385;SDR;BCN;BOEING 737-800 WINGLETS;Lluvia moderada;15/04/18
IBE0555;SDR;MAD;AIRBUS A319;Lluvia moderada;15/04/18
RYR9156;SDR;CIA;BOEING 737-800 WINGLETS;Lluvia moderada;15/04/18
RYR7153;SDR;DUB;BOEING 737-800 WINGLETS;Lluvia moderada;15/04/18
IBE0557;SDR;MAD;AIRBUS A319;Lluvia moderada;15/04/18
VLG1591;SDR;BCN;AIRBUS A320;Lluvia moderada;15/04/18
RYR6058;SDR;CRL;BOEING 737-800 WINGLETS;Lluvia moderada;15/04/18
RYR7366;SDR;NRN;BOEING 737-800 WINGLETS;Lluvia moderada;15/04/18
RYR2613;SDR;STN;BOEING 737-800 WINGLETS;Lluvia moderada;15/04/18
AUI946;MAD;KBP;BOEING 737-800 WINGLETS;Lluvia débil;15/04/18
AZA059;MAD;FCO;AIRBUS A320;Lluvia débil;15/04/18
KLM1698;MAD;AMS;BOEING 737-800 WINGLETS;Lluvia débil;15/04/18
RYR2913;MAD;TFS;BOEING 737-800 WINGLETS;Lluvia débil;15/04/18
DLH1121;MAD;FRA;AIRBUS A321;Lluvia débil;15/04/18
RYR8368;MAD;BUD;BOEING 737-800 WINGLETS;Lluvia débil;15/04/18
RYR5993;MAD;STN;BOEING 737-800 WINGLETS;Lluvia débil;15/04/18
AFR1401;MAD;CDG;AIRBUS A321;Lluvia débil;15/04/18
BEL3776;LEI;BRU;AIRBUS A320;Despejado;15/04/18
EZY8164;LEI;LGW;AIRBUS A319;Despejado;15/04/18
IBE8595;LEI;MAD;BOMBARDIER CRJ-1000;Despejado;15/04/18
AEA2634;LEI;ZAZ;BOEING 737-800 WINGLETS;Despejado;15/04/18
IBE8213;LEI;PMI;CANADAIR CRJ-200;Despejado;15/04/18
VLG1252;LEI;BCN;AIRBUS A320;Despejado;15/04/18
IBE8577;LEI;MAD;CANADAIR CRJ-900;Despejado;15/04/18
AEA2888;LEI;BCN;BOEING 737-800 WINGLETS;Despejado;15/04/18
IBE8589;LEI;MAD;CANADAIR CRJ-200;Despejado;15/04/18
IBE8601;LEI;MAD;BOMBARDIER CRJ-1000;Despejado;15/04/18
AEA2648;LEI;BCN;BOEING 737-800 WINGLETS;Despejado;15/04/18
IBE8932;LEI;SVQ;CANADAIR CRJ-200;Despejado;15/04/18
IBE8524;MAD;PNA;CANADAIR CRJ-900;Lluvia débil;15/04/18
IBE8532;MAD;PNA;BOMBARDIER CRJ-1000;Lluvia débil;15/04/18
IBE8526;MAD;PNA;BOMBARDIER CRJ-1000;Lluvia débil;15/04/18
HTY228;AGP;JCU;AWH;Nubes altas;15/04/18
HTY118;AEI;JCU;AWH;Nubes altas;15/04/18
HTY140;AEI;JCU;AWH;Nubes altas;15/04/18
HTY260;AGP;JCU;AWH;Despejado;17/04/18
AEA7311;VGO;MAD;EMBRAER ERJ-195;Lluvia débil;15/04/18
IBE0531;VGO;MAD;AIRBUS A319;Lluvia débil;15/04/18
RYR242;VGO;DUB;BOEING 737-800 WINGLETS;Lluvia débil;15/04/18
RYR7132;VGO;BGY;BOEING 737-800 WINGLETS;Lluvia débil;15/04/18
AEA7315;VGO;MAD;EMBRAER ERJ-195;Lluvia débil;15/04/18
IBE0533;VGO;MAD;AIRBUS A319;Lluvia débil;15/04/18
LAV5464;VGO;TFN;BOEING 737-400;Lluvia débil;15/04/18
TAP1141;VGO;LIS;ATR-72;Lluvia débil;15/04/18
AEA7317;VGO;MAD;EMBRAER ERJ-195;Lluvia débil;15/04/18
VLG2486;BCN;EAS;AIRBUS A319;Nubes altas;15/04/18
IBE8316;MAD;EAS;ATR-72;Lluvia débil;15/04/18
IBE8322;MAD;EAS;ATR-72;Lluvia débil;15/04/18
IBE8318;MAD;EAS;ATR-72;Lluvia débil;15/04/18
VLG2488;BCN;EAS;AIRBUS A319;Nubes altas;15/04/18
IBE8326;MAD;EAS;ATR-72;Lluvia débil;15/04/18
IBE8324;MAD;EAS;ATR-72;Lluvia débil;15/04/18
VOE3410;BIO;VIE;BOEING 717;Llovizna;15/04/18
KLM1684;BIO;AMS;EMBRAER 190;Llovizna;15/04/18
DLH1147;BIO;FRA;32A;Llovizna;15/04/18
VLG2508;BIO;SVQ;32A;Llovizna;15/04/18
VLG1431;BIO;BCN;32A;Llovizna;15/04/18
VLG3280;BIO;ACE;AIRBUS A320;Llovizna;15/04/18
AFR1377;BIO;CDG;EMBRAER 190;Llovizna;15/04/18
TAP1065;BIO;LIS;ATR-42/72;Llovizna;15/04/18
DLH1829;BIO;MUC;AIRBUS A319;Llovizna;15/04/18
VLG3800;BIO;MAH;32A;Llovizna;15/04/18
IBE0435;BIO;MAD;AIRBUS A319;Llovizna;15/04/18
IBE8356;BIO;SCQ;CANADAIR CRJ-200;Llovizna;15/04/18
AEA7156;BIO;MAD;EMBRAER ERJ-195;Llovizna;15/04/18
EZY8550;MJV;LGW;AIRBUS A319;Nubes altas;15/04/18
EZY6014;MJV;BRS;AIRBUS A320;Nubes altas;15/04/18
RYR1925;MJV;EMA;BOEING 737-800 WINGLETS;Nubes altas;15/04/18
RYR4253;MJV;FRA;BOEING 737-800 WINGLETS;Nubes altas;15/04/18
EZY8552;MJV;LGW;AIRBUS A319;Nubes altas;15/04/18
RYR1940;MJV;EIN;BOEING 737-800 WINGLETS;Nubes altas;15/04/18
RYR4117;MJV;MAN;BOEING 737-800 WINGLETS;Nubes altas;15/04/18
EXS864;MJV;MAN;BOEING 737-800 WINGLETS;Nubes altas;15/04/18
RYR8027;MJV;STN;BOEING 737-800 WINGLETS;Nubes altas;15/04/18
RYR3453;MJV;LTN;BOEING 737-800 WINGLETS;Nubes altas;15/04/18
RYR7095;MJV;DUB;BOEING 737-800 WINGLETS;Nubes altas;15/04/18
SAS6002;AGP;ARN;32A;Nubes altas;15/04/18
RYR2575;AGP;EIN;BOEING 737-800 WINGLETS;Nubes altas;14/04/18
AEA1039;AGP;CDG;BOEING 737-800 WINGLETS;Nubes altas;15/04/18
RYR2577;AGP;VST;BOEING 737-800 WINGLETS;Nubes altas;15/04/18
VLG2454;AGP;IBZ;AIRBUS A320;Nubes altas;15/04/18
TAP1137;AGP;LIS;ATR-42/72;Nubes altas;15/04/18
VLG2608;AGP;BIO;AIRBUS A320;Nubes altas;15/04/18
RYR2531;AGP;BLL;BOEING 737-800 WINGLETS;Nubes altas;15/04/18
VLG9013;AGP;TLS;AIRBUS A320;Nubes altas;15/04/18
IBK5070;AGP;CPH;BOEING 737-800 WINGLETS;Nubes altas;15/04/18
VLG2150;AGP;BRU;AIRBUS A320;Nubes altas;15/04/18
IBK5020;AGP;OSL;BOEING 737-800 WINGLETS;Nubes altas;15/04/18
RYR5158;AGP;NCL;BOEING 737-800 WINGLETS;Nubes altas;15/04/18
AEA1005;VLC;CDG;BOEING 737-800 WINGLETS;Nubes altas;15/04/18
RYR7222;VLC;SCQ;BOEING 737-800 WINGLETS;Nubes altas;15/04/18
DLH1165;VLC;FRA;AIRBUS A321;Nubes altas;15/04/18
RYR9394;VLC;CRA;BOEING 737-800 WINGLETS;Nubes altas;15/04/18
VLG8152;VLC;ORY;AIRBUS A320;Nubes altas;15/04/18
IBE8840;VLC;SVQ;ATR-72;Nubes altas;15/04/18
RYR8725;VLC;BRI;BOEING 737-800 WINGLETS;Nubes altas;15/04/18
RYR2228;VLC;KRK;BOEING 737-800 WINGLETS;Nubes altas;15/04/18
AEA4004;VLC;PMI;ATR-72;Nubes altas;15/04/18
SWR2141;VLC;ZRH;AIRBUS A320;Nubes altas;15/04/18
RYR2986;VLC;BRU;BOEING 737-800 WINGLETS;Nubes altas;15/04/18
TRA6338;VLC;AMS;BOEING 737-700 WINGLETS;Nubes altas;15/04/18
IBE8993;VLC;MAD;CANADAIR CRJ-900;Nubes altas;15/04/18
IBE8262;AGP;MLN;ATR-72;Nubes altas;15/04/18
IBE8792;MAD;MLN;ATR-72;Lluvia débil;15/04/18
IBE8790;MAD;MLN;ATR-72;Lluvia débil;15/04/18
IBE8264;AGP;MLN;ATR-72;Nubes altas;15/04/18
IBE8270;AGP;MLN;ATR-72;Nubes altas;15/04/18
AEA5005;AGP;MLN;ATR-72;Nubes altas;15/04/18
IBE8798;MAD;MLN;ATR-72;Lluvia débil;15/04/18
IBE8274;AGP;MLN;ATR-72;Nubes altas;15/04/18
RYR6397;SVQ;BCN;BOEING 737-800 WINGLETS;Lluvia débil;15/04/18
VLG2223;SVQ;BCN;AIRBUS A320;Lluvia débil;15/04/18
RYR5262;SVQ;BVA;BOEING 737-800 WINGLETS;Lluvia débil;15/04/18
VLG3256;SVQ;TFN;AIRBUS A320;Lluvia débil;15/04/18
TAP1101;SVQ;LIS;ATR-42/72;Lluvia débil;15/04/18
RYR2470;SVQ;FKB;BOEING 737-800 WINGLETS;Lluvia débil;15/04/18
VLG2253;SVQ;BCN;AIRBUS A320;Lluvia débil;15/04/18
VLG2507;SVQ;BIO;32A;Lluvia débil;15/04/18
IBS3947;SVQ;MAD;AIRBUS A320;Lluvia débil;15/04/18
TVF3101;SVQ;ORY;BOEING 737-800 WINGLETS;Lluvia débil;15/04/18
VLG2211;SVQ;BCN;AIRBUS A320;Lluvia débil;15/04/18
IBE8841;SVQ;VLC;ATR-72;Lluvia débil;15/04/18
VLG2251;SVQ;BCN;32B;Lluvia débil;15/04/18
VLG8830;SVQ;CDG;AIRBUS A320;Lluvia débil;15/04/18
EZY1514;PMI;GVA;32A;Despejado;15/04/18
EZY3501;PMI;STR;32A;Despejado;15/04/18
RYR9998;PMI;DUB;BOEING 737-800 WINGLETS;Despejado;14/04/18
RYR2052;PMI;MAD;BOEING 737-800 WINGLETS;Despejado;15/04/18
IBS3917;PMI;MAD;AIRBUS A320;Despejado;15/04/18
RYR6363;PMI;BCN;BOEING 737-800 WINGLETS;Despejado;15/04/18
IBK6632;PMI;TRF;BOEING 737-800 WINGLETS;Despejado;15/04/18
IBK6650;PMI;ARN;BOEING 737-800 WINGLETS;Despejado;15/04/18
RYR4511;PMI;KRK;BOEING 737-800 WINGLETS;Despejado;15/04/18
IBK6698;PMI;MUC;BOEING 737-800 WINGLETS;Despejado;15/04/18
RYR714;PMI;GOT;BOEING 737-800 WINGLETS;Despejado;15/04/18
RYR111;PMI;SXF;BOEING 737-800 WINGLETS;Despejado;15/04/18
VLG3915;PMI;BCN;AIRBUS A320;Despejado;15/04/18
AEA6006;PMI;BCN;EMBRAER ERJ-195;Despejado;15/04/18
IBE8639;GRX;MAD;BOMBARDIER CRJ-1000;Nubes altas;15/04/18
VLG2011;GRX;BCN;32B;Nubes altas;15/04/18
IBE8641;GRX;MAD;BOMBARDIER CRJ-1000;Nubes altas;15/04/18
EZY2676;GRX;MXP;AIRBUS A319;Nubes altas;15/04/18
VLG2021;GRX;BCN;Sin especificar;Nubes altas;15/04/18
AEA5200;GRX;PMI;EMBRAER ERJ-195;Nubes altas;15/04/18
VLG3932;GRX;PMI;AIRBUS A320;Nubes altas;15/04/18
IBE8645;GRX;MAD;BOMBARDIER CRJ-1000;Nubes altas;15/04/18
ENT513;GRX;ARN;BOEING 737-800 WINGLETS;Nubes altas;15/04/18
ENT574;GRX;ARN;BOEING 737-800;Nubes altas;15/04/18
IBE8649;GRX;MAD;BOMBARDIER CRJ-1000;Nubes altas;15/04/18
VLG2015;GRX;BCN;AIRBUS A320;Nubes altas;15/04/18
BAW3290;GRX;LCY;EMBRAER 190;Nubes altas;15/04/18
VLG2017;GRX;BCN;32B;Nubes altas;15/04/18
IBE8481;MAH;PMI;BOMBARDIER CRJ-1000;Despejado;15/04/18
AAL8615;MAH;MAD;BOMBARDIER CRJ-1000;Despejado;15/04/18
IBE8951;MAH;MAD;BOMBARDIER CRJ-1000;Despejado;15/04/18
IBE8495;MAH;PMI;ATR-42/72;Despejado;15/04/18
VLG3713;MAH;BCN;AIRBUS A320;Despejado;15/04/18
IBE8483;MAH;PMI;BOMBARDIER CRJ-1000;Despejado;15/04/18
VLG3801;MAH;BIO;32A;Despejado;15/04/18
VLG3715;MAH;BCN;AIRBUS A320;Despejado;15/04/18
IBE8662;MAH;BIO;BOMBARDIER CRJ-1000;Despejado;15/04/18
AEA4532;MAH;PMI;ATR-72;Despejado;15/04/18
IBE8957;MAH;MAD;BOMBARDIER CRJ-1000;Despejado;15/04/18
AEA4530;MAH;PMI;ATR-72;Despejado;15/04/18
IBE8491;MAH;PMI;CANADAIR CRJ-200;Despejado;15/04/18
IBE8493;MAH;PMI;BOMBARDIER CRJ-1000;Despejado;15/04/18
IBE8029;MAH;MAD;CANADAIR CRJ-900;Despejado;15/04/18
RYR6882;MAH;BCN;BOEING 737-800 WINGLETS;Despejado;15/04/18
VLG3709;MAH;BCN;AIRBUS A320;Despejado;15/04/18
VLG6792;TFS;LYS;32A;Nubes altas;15/04/18
RYR1513;TFS;BVA;BOEING 737-800 WINGLETS;Nubes altas;15/04/18
RYR2545;TFS;NCL;BOEING 737-800 WINGLETS;Nubes altas;15/04/18
RYR4514;TFS;KRK;BOEING 737-800 WINGLETS;Nubes altas;15/04/18
IBS3927;TFS;MAD;32A;Nubes altas;15/04/18
RYR2561;TFS;BFS;BOEING 737-800 WINGLETS;Nubes altas;15/04/18
DK1409;TFS;ORB;32B;Nubes altas;15/04/18
IBK6420;TFS;OSL;BOEING 737-800 WINGLETS;Nubes altas;15/04/18
TOM5751;TFS;NWI;BOEING 737-800 WINGLETS;Nubes altas;15/04/18
OLY726;TFS;FUE;AIRBUS A321;Nubes altas;15/04/18
RYR2914;TFS;MAD;BOEING 737-800 WINGLETS;Nubes altas;15/04/18
IBK6450;TFS;ARN;BOEING 737-800 WINGLETS;Nubes altas;15/04/18
ENT951C;TFS;LYS;BOEING 737-800 WINGLETS;Nubes altas;15/04/18
IBK6500;TFS;HAM;BOEING 737-800 WINGLETS;Nubes altas;15/04/18
OLY745;TFS;ZRH;AIRBUS A321;Nubes altas;15/04/18
BEL1652;TFS;BRU;AIRBUS A320;Nubes altas;15/04/18
JAF7114;TFS;BRU;BOEING 737-800 WINGLETS;Nubes altas;15/04/18
EWG253;TFS;CGN;BOEING 737-800 WINGLETS;Nubes altas;15/04/18
JAF7866;TFS;CDG;BOEING 737-800 WINGLETS;Nubes altas;15/04/18
EDW215;TFS;ZRH;AIRBUS A320;Nubes altas;15/04/18
VLG1294;BCN;LCG;AIRBUS A320;Nubes altas;15/04/18
VLG1292;BCN;LCG;AIRBUS A320;Nubes altas;15/04/18
AEA7233;MAD;LCG;EMBRAER ERJ-195;Lluvia débil;15/04/18
LZF441;BIO;LCG;ATR 42-300/320;Llovizna;15/04/18
VLG3132;LPA;LCG;AIRBUS A320;Nubes altas;15/04/18
AEA7235;MAD;LCG;EMBRAER ERJ-195;Lluvia débil;15/04/18
IBE0524;MAD;LCG;AIRBUS A319;Lluvia débil;15/04/18
VLG1299;SVQ;LCG;AIRBUS A320;Lluvia débil;15/04/18
VLG1572;OVD;BCN;AIRBUS A320;Lluvia moderada;15/04/18
VOE3584;OVD;ALC;BOEING 717;Lluvia moderada;15/04/18
IBS3981;OVD;MAD;AIRBUS A320;Lluvia moderada;15/04/18
VLG1574;OVD;BCN;AIRBUS A320;Lluvia moderada;15/04/18
EZY3084;OVD;STN;AIRBUS A319;Lluvia moderada;15/04/18
IBE8335;OVD;VLC;CANADAIR CRJ-200;Lluvia moderada;15/04/18
IBE0475;OVD;MAD;AIRBUS A321;Lluvia moderada;15/04/18
IBE8332;OVD;PMI;CANADAIR CRJ-200;Lluvia moderada;15/04/18
VLG3865;OVD;PMI;AIRBUS A320;Lluvia moderada;15/04/18
VOE3925;OVD;AGP;BOEING 717;Lluvia moderada;15/04/18
IBE0487;OVD;MAD;AIRBUS A321;Lluvia moderada;15/04/18
VLG1578;OVD;BCN;AIRBUS A320;Lluvia moderada;15/04/18
VOE3831;OVD;SVQ;BOEING 717;Lluvia moderada;15/04/18
TAP1113;OVD;LIS;ATR-72;Lluvia moderada;15/04/18
IBE0481;OVD;MAD;32A;Lluvia moderada;15/04/18
RYR3493;ACE;SXF;BOEING 737-800 WINGLETS;Despejado;15/04/18
RYR3812;ACE;LPL;BOEING 737-800 WINGLETS;Despejado;15/04/18
RYR4002;ACE;BGY;BOEING 737-800 WINGLETS;Despejado;15/04/18
IBB501;ACE;LPA;BOMBARDIER CRJ-1000;Despejado;15/04/18
IBB453;ACE;TFN;ATR-42/72;Despejado;15/04/18
CNF704;ACE;LPA;ATR-72;Despejado;15/04/18
VLG3281;ACE;BIO;AIRBUS A320;Despejado;15/04/18
TRA5686;ACE;AMS;BOEING 737-800 WINGLETS;Despejado;15/04/18
RYR1587;ACE;FRA;BOEING 737-800 WINGLETS;Despejado;15/04/18
BEL3788;ACE;BRU;AIRBUS A320;Despejado;15/04/18
LGL742;ACE;LUX;BOEING 737-800 WINGLETS;Despejado;15/04/18
AEA9076;ACE;MAD;BOEING 737-800 WINGLETS;Despejado;15/04/18
TUI2843;ACE;MUC;7S8;Despejado;15/04/18
RYR4896;ACE;BLQ;BOEING 737-800 WINGLETS;Despejado;15/04/18
AEA9448;ACE;LPA;ATR-72;Despejado;15/04/18
TUI2293;ACE;DUS;7S8;Despejado;15/04/18
TUI2189;ACE;HAJ;7S8;Despejado;15/04/18
IBB505;ACE;LPA;BOMBARDIER CRJ-1000;Despejado;15/04/18
TOM6739;ACE;EXT;BOEING 737-800 WINGLETS;Despejado;15/04/18
IBE8101;IBZ;PMI;BOMBARDIER CRJ-1000;Nubes altas;15/04/18
RYR3542;IBZ;EIN;BOEING 737-800 WINGLETS;Nubes altas;14/04/18
AEA1701;IBZ;PMI;ATR-72;Nubes altas;15/04/18
EWG3561;IBZ;HAJ;AIRBUS A319;Nubes altas;15/04/18
VLG2455;IBZ;AGP;AIRBUS A320;Nubes altas;15/04/18
RYR8137;IBZ;BCN;BOEING 737-800 WINGLETS;Nubes altas;15/04/18
VLG3541;IBZ;BCN;AIRBUS A320;Nubes altas;15/04/18
RYR5355;IBZ;MAD;BOEING 737-800 WINGLETS;Nubes altas;15/04/18
VLG3434;IBZ;MAD;AIRBUS A320;Nubes altas;15/04/18
EZY2692;IBZ;MXP;32A;Nubes altas;15/04/18
TRA5676;IBZ;AMS;BOEING 737-800 WINGLETS;Nubes altas;15/04/18
IBE8105;IBZ;PMI;CANADAIR CRJ-900;Nubes altas;15/04/18
AEA1703;IBZ;PMI;ATR-72;Nubes altas;15/04/18
TRA5690;IBZ;RTM;BOEING 737-700 WINGLETS;Nubes altas;15/04/18
RYR8333;IBZ;BGY;BOEING 737-800 WINGLETS;Nubes altas;15/04/18
RYR6419;IBZ;NRN;BOEING 737-800 WINGLETS;Nubes altas;15/04/18
VLG3515;IBZ;BCN;32A;Nubes altas;15/04/18
RYR4579;SCQ;BGY;BOEING 737-800 WINGLETS;Cubierto de nubes altas y medias;15/04/18
VLG3247;SCQ;TFN;AIRBUS A320;Cubierto de nubes altas y medias;15/04/18
RYR7223;SCQ;VLC;BOEING 737-800 WINGLETS;Cubierto de nubes altas y medias;15/04/18
RYR6333;SCQ;BCN;BOEING 737-800 WINGLETS;Cubierto de nubes altas y medias;15/04/18
EZS1338;SCQ;GVA;AIRBUS A320;Cubierto de nubes altas y medias;15/04/18
IBS3877;SCQ;MAD;AIRBUS A321;Cubierto de nubes altas y medias;15/04/18
IBE8365;SCQ;PMI;CANADAIR CRJ-200;Cubierto de nubes altas y medias;15/04/18
VLG1671;SCQ;BCN;32A;Cubierto de nubes altas y medias;15/04/18
EZS1180;SCQ;BSL;AIRBUS A319;Cubierto de nubes altas y medias;15/04/18
DLH1867;SCQ;MUC;AIRBUS A320;Cubierto de nubes altas y medias;15/04/18
RYR3042;SCQ;SVQ;BOEING 737-800 WINGLETS;Cubierto de nubes altas y medias;15/04/18
RYR8379;SCQ;STN;BOEING 737-800 WINGLETS;Cubierto de nubes altas y medias;15/04/18
VLG1677;SCQ;BCN;AIRBUS A320;Cubierto de nubes altas y medias;15/04/18
VLG2654;SCQ;AGP;AIRBUS A320;Cubierto de nubes altas y medias;15/04/18
RYR8539;SCQ;ALC;BOEING 737-800 WINGLETS;Cubierto de nubes altas y medias;15/04/18
IBS3879;SCQ;MAD;AIRBUS A320;Cubierto de nubes altas y medias;15/04/18
RYR724;SCQ;PMI;BOEING 737-800 WINGLETS;Cubierto de nubes altas y medias;15/04/18
VLG8222;SCQ;CDG;AIRBUS A320;Cubierto de nubes altas y medias;15/04/18
IBK5420;ALC;HEL;BOEING 737-800 WINGLETS;Nubes altas;15/04/18
VLG7396;ALC;ALG;32A;Nubes altas;15/04/18
IBK5350;ALC;ARN;BOEING 737-800 WINGLETS;Nubes altas;15/04/18
VLG8253;ALC;ORY;32A;Nubes altas;15/04/18
ANE8397;ALC;MAD;BOMBARDIER CRJ-1000;Nubes altas;15/04/18
RYR7522;ALC;EIN;BOEING 737-800 WINGLETS;Nubes altas;15/04/18
VLG1311;ALC;BCN;32A;Nubes altas;15/04/18
VLG7390;ALC;ORN;AIRBUS A320;Nubes altas;15/04/18
RYR4029;ALC;FCO;BOEING 737-800 WINGLETS;Nubes altas;15/04/18
IBK5320;ALC;OSL;BOEING 737-800 WINGLETS;Nubes altas;15/04/18
RYR2543;ALC;POZ;BOEING 737-800 WINGLETS;Nubes altas;15/04/18
RYR8005;ALC;ABZ;BOEING 737-800 WINGLETS;Nubes altas;15/04/18
RYR5578;ALC;EDI;BOEING 737-800 WINGLETS;Nubes altas;15/04/18
IBK5406;ALC;HAJ;BOEING 737-800 WINGLETS;Nubes altas;15/04/18
WZZ4414;ALC;SOF;AIRBUS A320;Nubes altas;15/04/18
VOE2613;ALC;LYS;BOEING 717;Nubes altas;15/04/18
AEA4025;ALC;PMI;ATR-72;Nubes altas;15/04/18
RYR6384;BCN;SDR;BOEING 737-800 WINGLETS;Nubes altas;15/04/18
IBE0554;MAD;SDR;AIRBUS A319;Lluvia débil;15/04/18
IBE0556;MAD;SDR;AIRBUS A319;Lluvia débil;15/04/18
VLG1590;BCN;SDR;AIRBUS A320;Nubes altas;15/04/18
IBE8878;MAD;SDR;CANADAIR CRJ-900;Lluvia débil;15/04/18
IBB102;TFN;LPA;BOMBARDIER CRJ-1000;Nubes altas;15/04/18
VLG3133;LCG;LPA;32A;Cubierto de nubes altas y medias;15/04/18
IBB203;FUE;LPA;ATR-72;Despejado;15/04/18
AEA9432;FUE;LPA;ATR-72;Despejado;15/04/18
AEA9156;MAD;LPA;BOEING 737-800 WINGLETS;Lluvia débil;15/04/18
IBB501;ACE;LPA;BOMBARDIER CRJ-1000;Despejado;15/04/18
CNF704;ACE;LPA;ATR-72;Despejado;15/04/18
IBB108;TFN;LPA;ATR-72;Nubes altas;15/04/18
IBB304;SPC;LPA;ATR-72;Nubes altas;15/04/18
CNF804;FUE;LPA;ATR-42/72;Despejado;15/04/18
RYR6363;PMI;BCN;BOEING 737-800 WINGLETS;Despejado;15/04/18
AEA6006;PMI;BCN;EMBRAER ERJ-195;Despejado;15/04/18
IBE0410;MAD;XRY;AIRBUS A320;Lluvia débil;15/04/18
VLG2286;BCN;XRY;AIRBUS A320;Nubes altas;15/04/18
RYR1283;BCN;XRY;BOEING 737-800 WINGLETS;Nubes altas;15/04/18
IBE0404;MAD;XRY;AIRBUS A320;Lluvia débil;15/04/18
IBE0406;MAD;XRY;AIRBUS A319;Lluvia débil;15/04/18
AEA9403;LPA;TFN;ATR-72;Nubes altas;15/04/18
VLG3256;SVQ;TFN;AIRBUS A320;Lluvia débil;15/04/18
IBB107;LPA;TFN;ATR-72;Nubes altas;15/04/18
VLG3247;SCQ;TFN;AIRBUS A320;Cubierto de nubes altas y medias;15/04/18
RYR3063;BCN;TFN;BOEING 737-800 WINGLETS;Nubes altas;15/04/18
AEA9059;MAD;TFN;AIRBUS A330-200;Lluvia débil;15/04/18
IBB606;SPC;TFN;ATR-42/72;Nubes altas;15/04/18
IBB415;FUE;TFN;ATR-42/72;Despejado;15/04/18
RYR5278;MAD;TFN;BOEING 737-800 WINGLETS;Lluvia débil;15/04/18
IBB453;ACE;TFN;ATR-42/72;Despejado;15/04/18
CNF413;SPC;TFN;ATR-42/72;Nubes altas;15/04/18
IBB608;SPC;TFN;ATR-72;Nubes altas;15/04/18
IBB119;LPA;TFN;BOMBARDIER CRJ-1000;Nubes altas;15/04/18
IBB656;VDE;TFN;ATR-72;Nubes altas;15/04/18
AEA9462;SPC;TFN;ATR-72;Nubes altas;15/04/18
IBB109;LPA;TFN;ATR-72;Nubes altas;15/04/18
IBS3942;MAD;TFN;32A;Lluvia débil;15/04/18
IBB650;GMZ;TFN;ATR-72;Nubes altas;15/04/18
CNF419;SPC;TFN;ATR-42/72;Nubes altas;15/04/18
IBB610;SPC;TFN;ATR-42/72;Nubes altas;15/04/18
IBB6810;LPA;TFN;BOMBARDIER CRJ-1000;Nubes altas;15/04/18
AEA7308;MAD;VGO;EMBRAER ERJ-195;Lluvia débil;15/04/18
AEA7302;MAD;VGO;EMBRAER ERJ-195;Lluvia débil;15/04/18
IBE0532;MAD;VGO;AIRBUS A319;Lluvia débil;15/04/18
LAV5463;TFN;VGO;BOEING 737-400;Nubes altas;15/04/18
AEA7300;MAD;VGO;EMBRAER ERJ-195;Lluvia débil;15/04/18
IBE0534;MAD;VGO;AIRBUS A320;Lluvia débil;15/04/18
RYR245;BCN;VGO;BOEING 737-800 WINGLETS;Nubes altas;15/04/18
AEA7306;MAD;VGO;EMBRAER ERJ-195;Lluvia débil;15/04/18
IBB605;TFN;SPC;ATR-42/72;Nubes altas;15/04/18
IBB309;LPA;SPC;ATR-72;Nubes altas;15/04/18
CNF412;TFN;SPC;ATR-42/72;Nubes altas;15/04/18
IBB607;TFN;SPC;ATR-42/72;Nubes altas;15/04/18
AEA9461;TFN;SPC;ATR-72;Nubes altas;15/04/18
CNF418;TFN;SPC;ATR-42/72;Nubes altas;15/04/18
IBB615;TFN;SPC;ATR-42/72;Nubes altas;15/04/18
AEA9463;TFN;SPC;ATR-72;Nubes altas;15/04/18
IBB619;TFN;SPC;ATR-42/72;Nubes altas;15/04/18
IBB621;TFN;SPC;ATR-42/72;Nubes altas;15/04/18
IBS3842;MAD;SPC;AIRBUS A320;Lluvia débil;15/04/18
IBB629;TFN;SPC;ATR-42/72;Nubes altas;15/04/18
CNF452;TFN;SPC;ATR-72;Nubes altas;15/04/18
IBB311;LPA;SPC;BOMBARDIER CRJ-1000;Nubes altas;15/04/18
IBB631;TFN;SPC;ATR-42/72;Nubes altas;15/04/18
AEA9465;TFN;SPC;ATR-72;Nubes altas;15/04/18
IBB633;TFN;SPC;ATR-42/72;Nubes altas;15/04/18
IBB623;TFN;SPC;ATR-42/72;Nubes altas;15/04/18
IBB315;LPA;SPC;ATR-72;Nubes altas;15/04/18
AEA9479;TFN;SPC;ATR-72;Nubes altas;15/04/18
IBB637;TFN;SPC;ATR-42/72;Nubes altas;15/04/18
RYR9123;GRO;EIN;BOEING 737-800 WINGLETS;Nubes altas;15/04/18
RYR7083;GRO;OMR;BOEING 737-800 WINGLETS;Nubes altas;15/04/18
RYR9555;GRO;FMM;BOEING 737-800 WINGLETS;Nubes altas;15/04/18
RYR6901;GRO;CRL;BOEING 737-800 WINGLETS;Nubes altas;15/04/18
RYR9305;GRO;LPL;BOEING 737-800 WINGLETS;Nubes altas;15/04/18
RYR9172;GRO;WRO;BOEING 737-800 WINGLETS;Nubes altas;15/04/18
RYR4125;GRO;HHN;BOEING 737-800 WINGLETS;Nubes altas;15/04/18
RYR7037;GRO;DUB;BOEING 737-800 WINGLETS;Nubes altas;15/04/18
RYR9364;GRO;PSR;BOEING 737-800 WINGLETS;Nubes altas;15/04/18
RYR9241;GRO;PSA;BOEING 737-800 WINGLETS;Nubes altas;15/04/18
RYR9803;GRO;STN;BOEING 737-800 WINGLETS;Nubes altas;15/04/18
PBD832;GRO;VKO;BOEING 737-800 WINGLETS;Nubes altas;15/04/18
RYR9211;GRO;FKB;BOEING 737-800 WINGLETS;Nubes altas;15/04/18
RYR9335;GRO;BRS;BOEING 737-800 WINGLETS;Nubes altas;15/04/18
RYR4482;GRO;RIX;BOEING 737-800 WINGLETS;Nubes altas;15/04/18
RYR5122;GRO;POZ;BOEING 737-800 WINGLETS;Nubes altas;15/04/18
RYR9303;GRO;EDI;BOEING 737-800 WINGLETS;Nubes altas;15/04/18
RYR1131;GRO;EMA;BOEING 737-800 WINGLETS;Nubes altas;15/04/18
RYR6903;GRO;CRL;BOEING 737-800 WINGLETS;Nubes altas;15/04/18
RYR6391;GRO;NRN;BOEING 737-800 WINGLETS;Nubes altas;15/04/18
TRA5766;GRO;AMS;BOEING 737-800 WINGLETS;Nubes altas;15/04/18
IBB203;FUE;LPA;ATR-72;Despejado;15/04/18
AEA9432;FUE;LPA;ATR-72;Despejado;15/04/18
IBB415;FUE;TFN;ATR-42/72;Despejado;15/04/18
VLG3147;FUE;AGP;AIRBUS A320;Despejado;15/04/18
ENT898;FUE;CDG;BOEING 737-800;Despejado;15/04/18
ENT893;FUE;LYS;BOEING 737-800;Despejado;15/04/18
CNF804;FUE;LPA;ATR-42/72;Despejado;15/04/18
OLY727;FUE;ZRH;AIRBUS A321;Despejado;15/04/18
TVS3499;FUE;LYS;BOEING 737-800 WINGLETS;Despejado;15/04/18
TVS3427;FUE;RNS;BOEING 737-800 WINGLETS;Despejado;15/04/18
EDW213;FUE;ZRH;AIRBUS A320;Despejado;15/04/18
TRA6706;FUE;AMS;BOEING 737-800 WINGLETS;Despejado;15/04/18
RYR8627;FUE;NRN;BOEING 737-800 WINGLETS;Despejado;15/04/18
EWG1813;FUE;MUC;32A;Despejado;15/04/18
LGL734;FUE;LUX;BOEING 737-800 WINGLETS;Despejado;15/04/18
IBB211;FUE;LPA;ATR-42/72;Despejado;15/04/18
RYR8183;FUE;STN;BOEING 737-800 WINGLETS;Despejado;15/04/18
IBB423;FUE;TFN;ATR-42/72;Despejado;15/04/18
LLC6703;FUE;LYS;AIRBUS A320;Despejado;15/04/18
CNF810;FUE;LPA;ATR-72;Despejado;15/04/18
LLX5572;FUE;DUS;AIRBUS A320;Despejado;15/04/18
IBE8594;MAD;LEI;BOMBARDIER CRJ-1000;Lluvia débil;15/04/18
AEA2887;BCN;LEI;BOEING 737-800 WINGLETS;Nubes altas;15/04/18
VLG1251;BCN;LEI;AIRBUS A320;Nubes altas;15/04/18
IBE8598;MAD;LEI;CANADAIR CRJ-900;Lluvia débil;15/04/18
AEA2633;ZAZ;LEI;BOEING 737-800 WINGLETS;Nubes altas;15/04/18
IBE8212;PMI;LEI;CANADAIR CRJ-200;Despejado;17/04/18
IBE8592;MAD;LEI;BOMBARDIER CRJ-1000;Lluvia débil;15/04/18
AEA2647;BCN;LEI;BOEING 737-800 WINGLETS;Nubes altas;15/04/18
IBE8588;MAD;LEI;CANADAIR CRJ-200;Lluvia débil;15/04/18
IBE8933;SVQ;LEI;CANADAIR CRJ-200;Lluvia débil;15/04/18
IBE8600;MAD;LEI;BOMBARDIER CRJ-1000;Lluvia débil;15/04/18
VLG2010;BCN;GRX;32B;Nubes altas;15/04/18
IBE8640;MAD;GRX;BOMBARDIER CRJ-1000;Lluvia débil;15/04/18
VLG2020;BCN;GRX;AIRBUS A320;Nubes altas;15/04/18
AEA5201;PMI;GRX;EMBRAER ERJ-195;Despejado;15/04/18
VLG3933;PMI;GRX;AIRBUS A320;Despejado;15/04/18
IBE8646;MAD;GRX;BOMBARDIER CRJ-1000;Lluvia débil;15/04/18
IBE8642;MAD;GRX;BOMBARDIER CRJ-1000;Lluvia débil;15/04/18
VLG2014;BCN;GRX;AIRBUS A320;Nubes altas;15/04/18
VLG2016;BCN;GRX;32B;Nubes altas;15/04/18
IBE8648;MAD;GRX;BOMBARDIER CRJ-1000;Lluvia débil;15/04/18
IBE8494;PMI;MAH;ATR-42/72;Despejado;17/04/18
VLG3712;BCN;MAH;AIRBUS A320;Nubes altas;15/04/18
IBE8480;PMI;MAH;BOMBARDIER CRJ-1000;Despejado;17/04/18
VLG3800;BIO;MAH;32A;Llovizna;15/04/18
VLG3714;BCN;MAH;AIRBUS A320;Nubes altas;15/04/18
IBE8482;PMI;MAH;BOMBARDIER CRJ-1000;Despejado;17/04/18
AEA4537;PMI;MAH;ATR-72;Despejado;15/04/18
IBE8956;MAD;MAH;BOMBARDIER CRJ-1000;Lluvia débil;15/04/18
AAL8564;MAD;MAH;BOMBARDIER CRJ-1000;Lluvia débil;15/04/18
IBE8498;PMI;MAH;ATR-42/72;Despejado;17/04/18
IBE8663;BIO;MAH;BOMBARDIER CRJ-1000;Llovizna;15/04/18
AEA4531;PMI;MAH;ATR-72;Despejado;15/04/18
IBE8488;PMI;MAH;CANADAIR CRJ-200;Despejado;17/04/18
RYR6881;BCN;MAH;BOEING 737-800 WINGLETS;Nubes altas;15/04/18
IBE8024;MAD;MAH;CANADAIR CRJ-900;Lluvia débil;15/04/18
VLG3716;BCN;MAH;AIRBUS A320;Nubes altas;15/04/18
VLG3700;BCN;MAH;AIRBUS A320;Nubes altas;15/04/18
VLG1573;BCN;OVD;AIRBUS A320;Nubes altas;15/04/18
IBE8334;VLC;OVD;CANADAIR CRJ-200;Nubes altas;15/04/18
IBE0488;MAD;OVD;AIRBUS A321;Lluvia débil;15/04/18
IBE8333;PMI;OVD;CANADAIR CRJ-200;Despejado;17/04/18
VLG1579;BCN;OVD;AIRBUS A320;Nubes altas;15/04/18
VOE3585;ALC;OVD;BOEING 717;Nubes altas;15/04/18
IBE0476;MAD;OVD;AIRBUS A320;Lluvia débil;15/04/18
VLG3864;PMI;OVD;AIRBUS A320;Despejado;15/04/18
VOE3924;AGP;OVD;BOEING 717;Nubes altas;15/04/18
IBE0480;MAD;OVD;32A;Lluvia débil;15/04/18
IBE0482;MAD;OVD;AIRBUS A320;Lluvia débil;15/04/18
VOE3830;SVQ;OVD;BOEING 717;Lluvia débil;15/04/18
VLG1571;BCN;OVD;AIRBUS A320;Nubes altas;15/04/18
AEA7161;MAD;BIO;EMBRAER ERJ-195;Lluvia débil;15/04/18
VLG2608;AGP;BIO;AIRBUS A320;Nubes altas;15/04/18
VLG1418;BCN;BIO;AIRBUS A320;Nubes altas;15/04/18
IBS9522;PMI;BIO;AIRBUS A320;Despejado;15/04/18
VLG1432;BCN;BIO;AIRBUS A320;Nubes altas;15/04/18
VLG2507;SVQ;BIO;32A;Lluvia débil;15/04/18
IBE8693;PMI;BIO;BOMBARDIER CRJ-1000;Despejado;17/04/18
VLG3801;MAH;BIO;32A;Despejado;15/04/18
VLG2508;BIO;SVQ;32A;Llovizna;15/04/18
IBS3954;MAD;SVQ;32A;Lluvia débil;15/04/18
VLG2212;BCN;SVQ;AIRBUS A320;Nubes altas;15/04/18
IBE8840;VLC;SVQ;ATR-72;Nubes altas;15/04/18
VLG2216;BCN;SVQ;32B;Nubes altas;15/04/18
RYR6396;BCN;SVQ;BOEING 737-800 WINGLETS;Nubes altas;15/04/18
VLG2224;BCN;SVQ;AIRBUS A320;Nubes altas;15/04/18
VLG2252;BCN;SVQ;AIRBUS A320;Nubes altas;15/04/18
VLG3257;TFN;SVQ;AIRBUS A320;Nubes altas;15/04/18
IBS3950;MAD;SVQ;32A;Lluvia débil;15/04/18
EVE1606;ZAZ;SVQ;AIRBUS A320;Nubes altas;15/04/18
RYR3042;SCQ;SVQ;BOEING 737-800 WINGLETS;Cubierto de nubes altas y medias;15/04/18
VLG2510;BIO;SVQ;AIRBUS A320;Llovizna;15/04/18
AEA4063;MAD;VLC;ATR-72;Lluvia débil;15/04/18
RYR7223;SCQ;VLC;BOEING 737-800 WINGLETS;Cubierto de nubes altas y medias;15/04/18
IBE8841;SVQ;VLC;ATR-72;Lluvia débil;15/04/18
AEA4005;PMI;VLC;ATR-72;Despejado;15/04/18
VLG3928;BCN;PMI;AIRBUS A320;Nubes altas;15/04/18
ANE8481;MAH;PMI;BOMBARDIER CRJ-1000;Despejado;17/04/18
ANE8101;IBZ;PMI;BOMBARDIER CRJ-1000;Despejado;17/04/18
VLG3902;BCN;PMI;32B;Nubes altas;15/04/18
AEA1701;IBZ;PMI;ATR-72;Nubes altas;15/04/18
RYR7222;VLC;SCQ;BOEING 737-800 WINGLETS;Nubes altas;15/04/18
RYR6332;BCN;SCQ;BOEING 737-800 WINGLETS;Nubes altas;15/04/18
IBS3876;MAD;SCQ;AIRBUS A321;Lluvia débil;15/04/18
IBE8356;BIO;SCQ;CANADAIR CRJ-200;Llovizna;15/04/18
VLG1670;BCN;SCQ;32A;Nubes altas;15/04/18
RYR3041;SVQ;SCQ;BOEING 737-800 WINGLETS;Lluvia débil;15/04/18
VLG3246;TFN;SCQ;AIRBUS A320;Nubes altas;15/04/18
VLG2655;AGP;SCQ;AIRBUS A320;Nubes altas;15/04/18
RYR8538;ALC;SCQ;BOEING 737-800 WINGLETS;Nubes altas;15/04/18
IBS3878;MAD;SCQ;AIRBUS A320;Lluvia débil;15/04/18
VLG1676;BCN;SCQ;AIRBUS A320;Nubes altas;15/04/18
AEA2629;BCN;SCQ;BOEING 737-800 WINGLETS;Nubes altas;15/04/18
VLG1672;BCN;SCQ;AIRBUS A320;Nubes altas;15/04/18
IBS3866;MAD;AGP;32A;Lluvia débil;15/04/18
AEA5035;MAD;AGP;ATR-72;Lluvia débil;15/04/18
IBE8261;MLN;AGP;ATR-72;Despejado;15/04/18
VLG2115;BCN;AGP;32B;Nubes altas;15/04/18
VLG2455;IBZ;AGP;AIRBUS A320;Nubes altas;15/04/18
IBB500;LPA;ACE;BOMBARDIER CRJ-1000;Nubes altas;15/04/18
IBB452;TFN;ACE;ATR-42/72;Nubes altas;15/04/18
CNF703;LPA;ACE;ATR-72;Nubes altas;15/04/18
VLG3280;BIO;ACE;AIRBUS A320;Llovizna;15/04/18
AEA9073;MAD;ACE;BOEING 737-800 WINGLETS;Lluvia débil;15/04/18
AEA9447;LPA;ACE;ATR-72;Nubes altas;15/04/18
IBB510;LPA;ACE;BOMBARDIER CRJ-1000;Nubes altas;15/04/18
AEA4047;MAD;ALC;ATR-72;Lluvia débil;15/04/18
ANE8390;MAD;ALC;BOMBARDIER CRJ-1000;Despejado;17/04/18
VOE3584;OVD;ALC;BOEING 717;Lluvia moderada;15/04/18
AEA9431;LPA;FUE;ATR-72;Nubes altas;15/04/18
IBB200;LPA;FUE;ATR-72;Nubes altas;15/04/18
IBB414;TFN;FUE;ATR-42/72;Nubes altas;15/04/18
VLG3146;AGP;FUE;AIRBUS A320;Nubes altas;15/04/18
CNF803;LPA;FUE;ATR-72;Nubes altas;15/04/18
OLY726;TFS;FUE;AIRBUS A321;Nubes altas;15/04/18
IBB210;LPA;FUE;ATR-72;Nubes altas;15/04/18
IBB422;TFN;FUE;ATR-42/72;Nubes altas;15/04/18
CNF809;LPA;FUE;ATR-72;Nubes altas;15/04/18
RYR2913;MAD;TFS;BOEING 737-800 WINGLETS;Lluvia débil;15/04/18
IBB123;LPA;TFS;ATR-72;Nubes altas;15/04/18
VLG2454;AGP;IBZ;AIRBUS A320;Nubes altas;15/04/18
RYR8136;BCN;IBZ;BOEING 737-800 WINGLETS;Nubes altas;15/04/18
VLG3540;BCN;IBZ;AIRBUS A320;Nubes altas;15/04/18
RYR5354;MAD;IBZ;BOEING 737-800 WINGLETS;Lluvia débil;15/04/18
VLG3447;MAD;IBZ;AIRBUS A320;Lluvia débil;15/04/18
IBE8104;PMI;IBZ;CANADAIR CRJ-900;Despejado;17/04/18
AEA1702;PMI;IBZ;ATR-72;Despejado;15/04/18
VLG3508;BCN;IBZ;32A;Nubes altas;15/04/18
IBE8106;PMI;IBZ;ATR-42/72;Despejado;17/04/18
IBE8430;VLC;IBZ;ATR-72;Nubes altas;15/04/18
RYR5538;VIT;BGY;BOEING 737-800 WINGLETS;Muy nuboso;15/04/18
IBE8331;BJZ;MAD;CANADAIR CRJ-200;Lluvia;15/04/18
IBE8313;BJZ;BCN;BOMBARDIER CRJ-1000;Lluvia;15/04/18
IBB650;GMZ;TFN;ATR-72;Nubes altas;15/04/18
IBB652;GMZ;TFN;ATR-72;Nubes altas;15/04/18
HTY118;AEI;JCU;AWH;Nubes altas;15/04/18
HTY140;AEI;JCU;AWH;Nubes altas;15/04/18
HTY117;JCU;AEI;AWH;Nubes altas;15/04/18
HTY139;JCU;AEI;AWH;Nubes altas;15/04/18
RYR1115;REU;DUB;BOEING 737-800 WINGLETS;Nubes altas;15/04/18
RYR9825;REU;LPL;BOEING 737-800 WINGLETS;Nubes altas;15/04/18
RYR9827;REU;HHN;BOEING 737-800 WINGLETS;Nubes altas;15/04/18
RYR8088;REU;BHX;BOEING 737-800 WINGLETS;Nubes altas;15/04/18
RYR2212;REU;EIN;BOEING 737-800 WINGLETS;Nubes altas;15/04/18
IBS9530;VLL;PMI;AIRBUS A320;Lluvia moderada;15/04/18
RYR2200;VLL;SVQ;BOEING 737-800 WINGLETS;Lluvia moderada;15/04/18
EVE1128;VLL;SVQ;AIRBUS A320;Lluvia moderada;15/04/18
RYR6321;VLL;BCN;BOEING 737-800 WINGLETS;Lluvia moderada;15/04/18
VLG1585;VLL;BCN;AIRBUS A320;Lluvia moderada;15/04/18
RYR4634;ZAZ;BGY;BOEING 737-800 WINGLETS;Nubes altas;15/04/18
EVE1606;ZAZ;SVQ;AIRBUS A320;Nubes altas;15/04/18
AEA2633;ZAZ;LEI;BOEING 737-800 WINGLETS;Nubes altas;15/04/18
RYR2635;ZAZ;STN;BOEING 737-800 WINGLETS;Nubes altas;15/04/18
IBE8330;MAD;BJZ;CANADAIR CRJ-200;Lluvia débil;15/04/18
IBE8312;BCN;BJZ;BOMBARDIER CRJ-1000;Despejado;17/04/18
IBB651;TFN;GMZ;ATR-42/72;Nubes altas;15/04/18
IBB653;TFN;GMZ;ATR-42/72;Nubes altas;15/04/18
IBE2244;TFN;GMZ;ATR-72;Despejado;17/04/18
IBB656;VDE;TFN;ATR-72;Nubes altas;15/04/18
IBB662;VDE;TFN;ATR-72;Nubes altas;15/04/18
IBB668;VDE;TFN;ATR-72;Nubes altas;15/04/18
IBB366;VDE;LPA;ATR-72;Nubes altas;15/04/18
CNF248;VDE;TFN;ATR-72;Nubes altas;15/04/18
IBB674;VDE;TFN;ATR-72;Nubes altas;15/04/18
HTY227;JCU;AGP;AWH;Nubes altas;15/04/18
HTY117;JCU;AEI;AWH;Nubes altas;15/04/18
HTY139;JCU;AEI;AWH;Nubes altas;15/04/18
HTY259;JCU;AGP;AWH;Nubes altas;15/04/18
IBE8529;PNA;MAD;BOMBARDIER CRJ-1000;Cubierto de nubes altas y medias;15/04/18
DLH1119;PNA;FRA;AIRBUS A320;Cubierto de nubes altas y medias;15/04/18
IBE8525;PNA;MAD;CANADAIR CRJ-900;Cubierto de nubes altas y medias;15/04/18
IBE8531;PNA;MAD;BOMBARDIER CRJ-1000;Cubierto de nubes altas y medias;15/04/18
AZA059;MAD;FCO;AIRBUS A320;Lluvia débil;15/04/18
KLM1698;MAD;AMS;BOEING 737-800 WINGLETS;Lluvia débil;15/04/18
RYR2913;MAD;TFS;BOEING 737-800 WINGLETS;Lluvia débil;15/04/18
DLH1121;MAD;FRA;AIRBUS A321;Lluvia débil;15/04/18
RYR8368;MAD;BUD;BOEING 737-800 WINGLETS;Lluvia débil;15/04/18
RYR5993;MAD;STN;BOEING 737-800 WINGLETS;Lluvia débil;15/04/18
AFR1401;MAD;CDG;AIRBUS A321;Lluvia débil;15/04/18
AEA7311;VGO;MAD;EMBRAER ERJ-195;Lluvia débil;15/04/18
IBE0531;VGO;MAD;AIRBUS A319;Lluvia débil;15/04/18
RYR7132;VGO;BGY;BOEING 737-800 WINGLETS;Lluvia débil;15/04/18
AEA7315;VGO;MAD;EMBRAER ERJ-195;Lluvia débil;15/04/18
IBE0533;VGO;MAD;AIRBUS A319;Lluvia débil;15/04/18
LAV5464;VGO;TFN;BOEING 737-400;Lluvia débil;15/04/18
TAP1141;VGO;LIS;ATR-72;Lluvia débil;15/04/18
AEA7317;VGO;MAD;EMBRAER ERJ-195;Lluvia débil;15/04/18
IBE8261;MLN;AGP;ATR-72;Despejado;15/04/18
IBE8789;MLN;MAD;ATR-72;Despejado;15/04/18
IBE8791;MLN;MAD;ATR-72;Despejado;15/04/18
IBE8263;MLN;AGP;ATR-72;Despejado;15/04/18
IBE8793;MLN;MAD;ATR-72;Despejado;15/04/18
IBE8269;MLN;AGP;ATR-72;Despejado;15/04/18
IBE8271;MLN;AGP;ATR-72;Despejado;15/04/18
AEA5004;MLN;AGP;ATR-72;Despejado;15/04/18
IBE8277;MLN;AGP;ATR-72;Despejado;15/04/18
VLG8036;BCN;ORY;AIRBUS A319;Nubes altas;15/04/18
THY1852;BCN;IST;BOEING 737-800 WINGLETS;Nubes altas;15/04/18
RYR6341;BCN;FCO;BOEING 737-800 WINGLETS;Nubes altas;15/04/18
AFR1449;BCN;CDG;AIRBUS A320;Nubes altas;15/04/18
RYR2918;BCN;BRU;BOEING 737-800 WINGLETS;Nubes altas;15/04/18
RYR6353;BCN;BGY;BOEING 737-800 WINGLETS;Nubes altas;15/04/18
RYR3063;BCN;TFN;BOEING 737-800 WINGLETS;Nubes altas;15/04/18
KLM1662;BCN;AMS;BOEING 737-700 WINGLETS;Nubes altas;15/04/18
IBE8317;EAS;MAD;ATR-72;Abertura de claros;15/04/18
VLG2487;EAS;BCN;AIRBUS A319;Abertura de claros;15/04/18
IBE8319;EAS;MAD;ATR-72;Abertura de claros;15/04/18
IBE8329;EAS;MAD;ATR-72;Abertura de claros;15/04/18
IBE8315;EAS;MAD;ATR-72;Abertura de claros;15/04/18
VLG2489;EAS;BCN;AIRBUS A319;Abertura de claros;15/04/18
IBE8323;EAS;MAD;ATR-72;Abertura de claros;15/04/18
HTY228;AGP;JCU;AWH;Nubes altas;15/04/18
HTY118;AEI;JCU;AWH;Nubes altas;15/04/18
HTY140;AEI;JCU;AWH;Nubes altas;15/04/18
HTY260;AGP;JCU;AWH;Despejado;17/04/18
EVE1605;SVQ;ZAZ;32A;Lluvia débil;15/04/18
AEA2634;LEI;ZAZ;BOEING 737-800 WINGLETS;Despejado;15/04/18
IBE0407;XRY;MAD;AIRBUS A319;Abertura de claros;15/04/18
EWG575;XRY;CGN;AIRBUS A319;Abertura de claros;15/04/18
JAF7922;XRY;BRU;EMBRAER 190;Abertura de claros;15/04/18
EWG9571;XRY;DUS;32A;Abertura de claros;15/04/18
RYR8397;XRY;STN;BOEING 737-800 WINGLETS;Abertura de claros;15/04/18
IBE0411;XRY;MAD;AIRBUS A320;Abertura de claros;15/04/18
VLG2287;XRY;BCN;AIRBUS A320;Abertura de claros;15/04/18
RYR1284;XRY;BCN;BOEING 737-800 WINGLETS;Abertura de claros;15/04/18
IBE0405;XRY;MAD;AIRBUS A319;Abertura de claros;15/04/18
IBS9528;PMI;VLL;AIRBUS A320;Despejado;15/04/18
RYR2199;SVQ;VLL;BOEING 737-800 WINGLETS;Lluvia débil;15/04/18
EVE1127;SVQ;VLL;AIRBUS A320;Lluvia débil;15/04/18
RYR6320;BCN;VLL;BOEING 737-800 WINGLETS;Nubes altas;15/04/18
VLG1584;BCN;VLL;AIRBUS A320;Nubes altas;15/04/18
IBE0511;LCG;MAD;AIRBUS A320;Cubierto de nubes altas y medias;15/04/18
VLG3133;LCG;LPA;32A;Cubierto de nubes altas y medias;15/04/18
VLG1295;LCG;BCN;AIRBUS A320;Cubierto de nubes altas y medias;15/04/18
TAP1085;LCG;LIS;ATR-72;Cubierto de nubes altas y medias;15/04/18
VLG1293;LCG;BCN;32A;Cubierto de nubes altas y medias;15/04/18
AEA7234;LCG;MAD;EMBRAER ERJ-195;Cubierto de nubes altas y medias;15/04/18
VLG1298;LCG;SVQ;32A;Cubierto de nubes altas y medias;15/04/18
AEA7236;LCG;MAD;EMBRAER ERJ-195;Cubierto de nubes altas y medias;15/04/18
IBE0523;LCG;MAD;AIRBUS A320;Cubierto de nubes altas y medias;15/04/18
VLG7104;LCG;LHR;AIRBUS A320;Cubierto de nubes altas y medias;15/04/18
RYR6397;SVQ;BCN;BOEING 737-800 WINGLETS;Lluvia débil;15/04/18
VLG2223;SVQ;BCN;AIRBUS A320;Lluvia débil;15/04/18
RYR5262;SVQ;BVA;BOEING 737-800 WINGLETS;Lluvia débil;15/04/18
VLG3256;SVQ;TFN;AIRBUS A320;Lluvia débil;15/04/18
TAP1101;SVQ;LIS;ATR-42/72;Lluvia débil;15/04/18
RYR2470;SVQ;FKB;BOEING 737-800 WINGLETS;Lluvia débil;15/04/18
VLG2253;SVQ;BCN;AIRBUS A320;Lluvia débil;15/04/18
VLG2507;SVQ;BIO;32A;Lluvia débil;15/04/18
IBS3947;SVQ;MAD;AIRBUS A320;Lluvia débil;15/04/18
TVF3101;SVQ;ORY;BOEING 737-800 WINGLETS;Lluvia débil;15/04/18
VLG2211;SVQ;BCN;AIRBUS A320;Lluvia débil;15/04/18
IBE8841;SVQ;VLC;ATR-72;Lluvia débil;15/04/18
VLG2251;SVQ;BCN;32B;Lluvia débil;15/04/18
VLG8830;SVQ;CDG;AIRBUS A320;Lluvia débil;15/04/18
IBE8524;MAD;PNA;CANADAIR CRJ-900;Lluvia débil;15/04/18
IBE8532;MAD;PNA;BOMBARDIER CRJ-1000;Lluvia débil;15/04/18
IBE8526;MAD;PNA;BOMBARDIER CRJ-1000;Lluvia débil;15/04/18
EZY1514;PMI;GVA;32A;Despejado;15/04/18
EZY3501;PMI;STR;32A;Despejado;15/04/18
RYR9998;PMI;DUB;BOEING 737-800 WINGLETS;Despejado;14/04/18
RYR2052;PMI;MAD;BOEING 737-800 WINGLETS;Despejado;15/04/18
IBS3917;PMI;MAD;AIRBUS A320;Despejado;15/04/18
RYR6363;PMI;BCN;BOEING 737-800 WINGLETS;Despejado;15/04/18
IBK6632;PMI;TRF;BOEING 737-800 WINGLETS;Despejado;15/04/18
IBK6650;PMI;ARN;BOEING 737-800 WINGLETS;Despejado;15/04/18
RYR4511;PMI;KRK;BOEING 737-800 WINGLETS;Despejado;15/04/18
IBK6698;PMI;MUC;BOEING 737-800 WINGLETS;Despejado;15/04/18
RYR111;PMI;SXF;BOEING 737-800 WINGLETS;Despejado;15/04/18
RYR714;PMI;GOT;BOEING 737-800 WINGLETS;Despejado;15/04/18
AEA6006;PMI;BCN;EMBRAER ERJ-195;Despejado;15/04/18
VLG3915;PMI;BCN;AIRBUS A320;Despejado;15/04/18
WZZ1480;SDR;WAW;AIRBUS A320;Lluvia moderada;15/04/18
RYR7617;SDR;EDI;BOEING 737-800 WINGLETS;Lluvia moderada;15/04/18
IBE0555;SDR;MAD;AIRBUS A319;Lluvia moderada;15/04/18
RYR9156;SDR;CIA;BOEING 737-800 WINGLETS;Lluvia moderada;15/04/18
RYR7153;SDR;DUB;BOEING 737-800 WINGLETS;Lluvia moderada;15/04/18
IBE0557;SDR;MAD;AIRBUS A319;Lluvia moderada;15/04/18
VLG1591;SDR;BCN;AIRBUS A320;Lluvia moderada;15/04/18
RYR6058;SDR;CRL;BOEING 737-800 WINGLETS;Lluvia moderada;15/04/18
RYR7366;SDR;NRN;BOEING 737-800 WINGLETS;Lluvia moderada;15/04/18
RYR2613;SDR;STN;BOEING 737-800 WINGLETS;Lluvia moderada;15/04/18
VOE3410;BIO;VIE;BOEING 717;Llovizna;15/04/18
KLM1684;BIO;AMS;EMBRAER 190;Llovizna;15/04/18
DLH1147;BIO;FRA;32A;Llovizna;15/04/18
VLG2508;BIO;SVQ;32A;Llovizna;15/04/18
VLG3280;BIO;ACE;AIRBUS A320;Llovizna;15/04/18
VLG1431;BIO;BCN;32A;Llovizna;15/04/18
AFR1377;BIO;CDG;EMBRAER 190;Llovizna;15/04/18
TAP1065;BIO;LIS;ATR-42/72;Llovizna;15/04/18
DLH1829;BIO;MUC;AIRBUS A319;Llovizna;15/04/18
VLG3800;BIO;MAH;32A;Llovizna;15/04/18
IBE0435;BIO;MAD;AIRBUS A319;Llovizna;15/04/18
IBE8356;BIO;SCQ;CANADAIR CRJ-200;Llovizna;15/04/18
AEA7156;BIO;MAD;EMBRAER ERJ-195;Llovizna;15/04/18
BEL3776;LEI;BRU;AIRBUS A320;Despejado;15/04/18
EZY8164;LEI;LGW;AIRBUS A319;Despejado;15/04/18
IBE8595;LEI;MAD;BOMBARDIER CRJ-1000;Despejado;15/04/18
AEA2634;LEI;ZAZ;BOEING 737-800 WINGLETS;Despejado;15/04/18
IBE8213;LEI;PMI;CANADAIR CRJ-200;Despejado;15/04/18
VLG1252;LEI;BCN;AIRBUS A320;Despejado;15/04/18
IBE8577;LEI;MAD;CANADAIR CRJ-900;Despejado;15/04/18
AEA2888;LEI;BCN;BOEING 737-800 WINGLETS;Despejado;15/04/18
IBE8589;LEI;MAD;CANADAIR CRJ-200;Despejado;15/04/18
IBE8601;LEI;MAD;BOMBARDIER CRJ-1000;Despejado;15/04/18
AEA2648;LEI;BCN;BOEING 737-800 WINGLETS;Despejado;15/04/18
IBE8932;LEI;SVQ;CANADAIR CRJ-200;Despejado;15/04/18
EZY8550;MJV;LGW;AIRBUS A319;Nubes altas;15/04/18
EZY6014;MJV;BRS;AIRBUS A320;Nubes altas;15/04/18
RYR1925;MJV;EMA;BOEING 737-800 WINGLETS;Nubes altas;15/04/18
RYR4253;MJV;FRA;BOEING 737-800 WINGLETS;Nubes altas;15/04/18
EZY8552;MJV;LGW;AIRBUS A319;Nubes altas;15/04/18
RYR1940;MJV;EIN;BOEING 737-800 WINGLETS;Nubes altas;15/04/18
RYR4117;MJV;MAN;BOEING 737-800 WINGLETS;Nubes altas;15/04/18
EXS864;MJV;MAN;BOEING 737-800 WINGLETS;Nubes altas;15/04/18
RYR8027;MJV;STN;BOEING 737-800 WINGLETS;Nubes altas;15/04/18
RYR3453;MJV;LTN;BOEING 737-800 WINGLETS;Nubes altas;15/04/18
RYR7095;MJV;DUB;BOEING 737-800 WINGLETS;Nubes altas;15/04/18
SAS6002;AGP;ARN;32A;Nubes altas;15/04/18
RYR2575;AGP;EIN;BOEING 737-800 WINGLETS;Nubes altas;15/04/18
AEA1039;AGP;CDG;BOEING 737-800 WINGLETS;Nubes altas;15/04/18
RYR2577;AGP;VST;BOEING 737-800 WINGLETS;Nubes altas;15/04/18
VLG2454;AGP;IBZ;AIRBUS A320;Nubes altas;15/04/18
TAP1137;AGP;LIS;ATR-42/72;Nubes altas;15/04/18
VLG3146;AGP;FUE;AIRBUS A320;Nubes altas;15/04/18
VLG2608;AGP;BIO;AIRBUS A320;Nubes altas;15/04/18
RYR2531;AGP;BLL;BOEING 737-800 WINGLETS;Nubes altas;15/04/18
VLG9013;AGP;TLS;AIRBUS A320;Nubes altas;15/04/18
IBK5070;AGP;CPH;BOEING 737-800 WINGLETS;Nubes altas;15/04/18
VLG2150;AGP;BRU;AIRBUS A320;Nubes altas;15/04/18
RYR5158;AGP;NCL;BOEING 737-800 WINGLETS;Nubes altas;15/04/18
IBK5020;AGP;OSL;BOEING 737-800 WINGLETS;Nubes altas;15/04/18
IBK5420;ALC;HEL;BOEING 737-800 WINGLETS;Nubes altas;15/04/18
VLG7396;ALC;ALG;32A;Nubes altas;15/04/18
IBK5350;ALC;ARN;BOEING 737-800 WINGLETS;Nubes altas;15/04/18
VLG8253;ALC;ORY;32A;Nubes altas;15/04/18
ANE8397;ALC;MAD;BOMBARDIER CRJ-1000;Nubes altas;15/04/18
RYR7522;ALC;EIN;BOEING 737-800 WINGLETS;Nubes altas;15/04/18
VLG7390;ALC;ORN;AIRBUS A320;Nubes altas;15/04/18
VLG1311;ALC;BCN;32A;Nubes altas;15/04/18
RYR4029;ALC;FCO;BOEING 737-800 WINGLETS;Nubes altas;15/04/18
RYR8005;ALC;ABZ;BOEING 737-800 WINGLETS;Nubes altas;15/04/18
RYR2543;ALC;POZ;BOEING 737-800 WINGLETS;Nubes altas;15/04/18
IBK5320;ALC;OSL;BOEING 737-800 WINGLETS;Nubes altas;15/04/18
RYR5578;ALC;EDI;BOEING 737-800 WINGLETS;Nubes altas;15/04/18
IBK5406;ALC;HAJ;BOEING 737-800 WINGLETS;Nubes altas;15/04/18
WZZ4414;ALC;SOF;AIRBUS A320;Nubes altas;15/04/18
VOE2613;ALC;LYS;BOEING 717;Nubes altas;15/04/18
AEA4025;ALC;PMI;ATR-72;Nubes altas;15/04/18
AEA1005;VLC;CDG;BOEING 737-800 WINGLETS;Nubes altas;15/04/18
RYR7222;VLC;SCQ;BOEING 737-800 WINGLETS;Nubes altas;15/04/18
DLH1165;VLC;FRA;AIRBUS A321;Nubes altas;15/04/18
RYR9394;VLC;CRA;BOEING 737-800 WINGLETS;Nubes altas;15/04/18
VLG8152;VLC;ORY;AIRBUS A320;Nubes altas;15/04/18
IBE8840;VLC;SVQ;ATR-72;Nubes altas;15/04/18
RYR8725;VLC;BRI;BOEING 737-800 WINGLETS;Nubes altas;15/04/18
RYR2228;VLC;KRK;BOEING 737-800 WINGLETS;Nubes altas;15/04/18
AEA4004;VLC;PMI;ATR-72;Nubes altas;15/04/18
SWR2141;VLC;ZRH;AIRBUS A320;Nubes altas;15/04/18
RYR2986;VLC;BRU;BOEING 737-800 WINGLETS;Nubes altas;15/04/18
TRA6338;VLC;AMS;BOEING 737-700 WINGLETS;Nubes altas;15/04/18
IBE8993;VLC;MAD;CANADAIR CRJ-900;Nubes altas;15/04/18
VLG2486;BCN;EAS;AIRBUS A319;Nubes altas;15/04/18
IBE8316;MAD;EAS;ATR-72;Lluvia débil;15/04/18
IBE8322;MAD;EAS;ATR-72;Lluvia débil;15/04/18
IBE8318;MAD;EAS;ATR-72;Lluvia débil;15/04/18
VLG2488;BCN;EAS;AIRBUS A319;Nubes altas;15/04/18
IBE8326;MAD;EAS;ATR-72;Lluvia débil;15/04/18
IBE8324;MAD;EAS;ATR-72;Lluvia débil;15/04/18
IBE8262;AGP;MLN;ATR-72;Nubes altas;15/04/18
IBE8792;MAD;MLN;ATR-72;Lluvia débil;15/04/18
IBE8790;MAD;MLN;ATR-72;Lluvia débil;15/04/18
IBE8264;AGP;MLN;ATR-72;Nubes altas;15/04/18
IBE8270;AGP;MLN;ATR-72;Nubes altas;15/04/18
AEA5005;AGP;MLN;ATR-72;Nubes altas;15/04/18
IBE8798;MAD;MLN;ATR-72;Lluvia débil;15/04/18
IBE8274;AGP;MLN;ATR-72;Nubes altas;15/04/18
IBE8101;IBZ;PMI;BOMBARDIER CRJ-1000;Nubes altas;15/04/18
RYR3542;IBZ;EIN;BOEING 737-800 WINGLETS;Nubes altas;15/04/18
AEA1701;IBZ;PMI;ATR-72;Nubes altas;15/04/18
EWG3561;IBZ;HAJ;AIRBUS A319;Nubes altas;15/04/18
VLG2455;IBZ;AGP;AIRBUS A320;Nubes altas;15/04/18
RYR8137;IBZ;BCN;BOEING 737-800 WINGLETS;Nubes altas;15/04/18
VLG3541;IBZ;BCN;AIRBUS A320;Nubes altas;15/04/18
RYR5355;IBZ;MAD;BOEING 737-800 WINGLETS;Nubes altas;15/04/18
VLG3434;IBZ;MAD;AIRBUS A320;Nubes altas;15/04/18
EZY2692;IBZ;MXP;32A;Nubes altas;15/04/18
TRA5676;IBZ;AMS;BOEING 737-800 WINGLETS;Nubes altas;15/04/18
IBE8105;IBZ;PMI;CANADAIR CRJ-900;Nubes altas;15/04/18
AEA1703;IBZ;PMI;ATR-72;Nubes altas;15/04/18
TRA5690;IBZ;RTM;BOEING 737-700 WINGLETS;Nubes altas;15/04/18
RYR8333;IBZ;BGY;BOEING 737-800 WINGLETS;Nubes altas;15/04/18
RYR6419;IBZ;NRN;BOEING 737-800 WINGLETS;Nubes altas;15/04/18
VLG3515;IBZ;BCN;32A;Nubes altas;15/04/18
IBE8639;GRX;MAD;BOMBARDIER CRJ-1000;Nubes altas;15/04/18
VLG2011;GRX;BCN;32B;Nubes altas;15/04/18
IBE8641;GRX;MAD;BOMBARDIER CRJ-1000;Nubes altas;15/04/18
EZY2676;GRX;MXP;AIRBUS A319;Nubes altas;15/04/18
VLG2021;GRX;BCN;32A;Nubes altas;15/04/18
AEA5200;GRX;PMI;EMBRAER ERJ-195;Nubes altas;15/04/18
VLG3932;GRX;PMI;AIRBUS A320;Nubes altas;15/04/18
IBE8645;GRX;MAD;BOMBARDIER CRJ-1000;Nubes altas;15/04/18
ENT513;GRX;ARN;BOEING 737-800 WINGLETS;Nubes altas;15/04/18
ENT574;GRX;ARN;BOEING 737-800;Nubes altas;15/04/18
IBE8649;GRX;MAD;BOMBARDIER CRJ-1000;Nubes altas;15/04/18
VLG2015;GRX;BCN;AIRBUS A320;Nubes altas;15/04/18
BAW3290;GRX;LCY;EMBRAER 190;Nubes altas;15/04/18
VLG2017;GRX;BCN;32B;Nubes altas;15/04/18
VLG1572;OVD;BCN;AIRBUS A320;Lluvia moderada;15/04/18
VOE3584;OVD;ALC;BOEING 717;Lluvia moderada;15/04/18
IBS3981;OVD;MAD;AIRBUS A320;Lluvia moderada;15/04/18
VLG1574;OVD;BCN;AIRBUS A320;Lluvia moderada;15/04/18
IBE0479;OVD;MAD;32A;Lluvia moderada;15/04/18
EZY3084;OVD;STN;AIRBUS A319;Lluvia moderada;15/04/18
IBE8335;OVD;VLC;CANADAIR CRJ-200;Lluvia moderada;15/04/18
IBE0475;OVD;MAD;AIRBUS A321;Lluvia moderada;15/04/18
IBE8332;OVD;PMI;CANADAIR CRJ-200;Lluvia moderada;15/04/18
VLG3865;OVD;PMI;AIRBUS A320;Lluvia moderada;15/04/18
VOE3925;OVD;AGP;BOEING 717;Lluvia moderada;15/04/18
IBE0487;OVD;MAD;AIRBUS A321;Lluvia moderada;15/04/18
VLG1578;OVD;BCN;AIRBUS A320;Lluvia moderada;15/04/18
VOE3831;OVD;SVQ;BOEING 717;Lluvia moderada;15/04/18
TAP1113;OVD;LIS;ATR-72;Lluvia moderada;15/04/18
IBE0481;OVD;MAD;32A;Lluvia moderada;15/04/18
RYR4579;SCQ;BGY;BOEING 737-800 WINGLETS;Cubierto de nubes altas y medias;15/04/18
VLG3247;SCQ;TFN;AIRBUS A320;Cubierto de nubes altas y medias;15/04/18
RYR7223;SCQ;VLC;BOEING 737-800 WINGLETS;Cubierto de nubes altas y medias;15/04/18
RYR6333;SCQ;BCN;BOEING 737-800 WINGLETS;Cubierto de nubes altas y medias;15/04/18
EZS1338;SCQ;GVA;AIRBUS A320;Cubierto de nubes altas y medias;15/04/18
IBS3877;SCQ;MAD;AIRBUS A321;Cubierto de nubes altas y medias;15/04/18
IBE8365;SCQ;PMI;CANADAIR CRJ-200;Cubierto de nubes altas y medias;15/04/18
VLG1671;SCQ;BCN;32A;Cubierto de nubes altas y medias;15/04/18
EZS1180;SCQ;BSL;AIRBUS A319;Cubierto de nubes altas y medias;15/04/18
DLH1867;SCQ;MUC;AIRBUS A320;Cubierto de nubes altas y medias;15/04/18
RYR3042;SCQ;SVQ;BOEING 737-800 WINGLETS;Cubierto de nubes altas y medias;15/04/18
RYR8379;SCQ;STN;BOEING 737-800 WINGLETS;Cubierto de nubes altas y medias;15/04/18
VLG1677;SCQ;BCN;AIRBUS A320;Cubierto de nubes altas y medias;15/04/18
VLG2654;SCQ;AGP;AIRBUS A320;Cubierto de nubes altas y medias;15/04/18
RYR8539;SCQ;ALC;BOEING 737-800 WINGLETS;Cubierto de nubes altas y medias;15/04/18
IBS3879;SCQ;MAD;AIRBUS A320;Cubierto de nubes altas y medias;15/04/18
RYR724;SCQ;PMI;BOEING 737-800 WINGLETS;Cubierto de nubes altas y medias;15/04/18
VLG8222;SCQ;CDG;AIRBUS A320;Cubierto de nubes altas y medias;15/04/18
IBB655;TFN;VDE;ATR-72;Nubes altas;15/04/18
IBB659;TFN;VDE;ATR-72;Nubes altas;15/04/18
IBB663;TFN;VDE;ATR-72;Nubes altas;15/04/18
IBB365;LPA;VDE;ATR-72;Nubes altas;15/04/18
CNF247;TFN;VDE;ATR-42/72;Nubes altas;15/04/18
IBB673;TFN;VDE;ATR-72;Nubes altas;15/04/18
VLG3215;TFN;BCN;32B;Nubes altas;15/04/18
IBS3945;TFN;MAD;AIRBUS A320;Nubes altas;15/04/18
IBB452;TFN;ACE;ATR-42/72;Nubes altas;15/04/18
IBB414;TFN;FUE;ATR-42/72;Nubes altas;15/04/18
IBK6378;TFN;MAD;BOEING 737-800 WINGLETS;Nubes altas;15/04/18
AEA9045;TFN;MAD;BOEING 737-800 WINGLETS;Nubes altas;15/04/18
AEA7007;TFN;BIO;BOEING 737-800 WINGLETS;Nubes altas;15/04/18
IBB605;TFN;SPC;ATR-42/72;Nubes altas;15/04/18
CNF412;TFN;SPC;ATR-42/72;Nubes altas;15/04/18
IBB655;TFN;VDE;ATR-72;Nubes altas;15/04/18
IBB607;TFN;SPC;ATR-42/72;Nubes altas;15/04/18
IBB102;TFN;LPA;BOMBARDIER CRJ-1000;Nubes altas;15/04/18
AEA9461;TFN;SPC;ATR-72;Nubes altas;15/04/18
VLG3257;TFN;SVQ;AIRBUS A320;Nubes altas;15/04/18
IBB108;TFN;LPA;ATR-72;Nubes altas;15/04/18
RYR3493;ACE;SXF;BOEING 737-800 WINGLETS;Despejado;15/04/18
RYR3812;ACE;LPL;BOEING 737-800 WINGLETS;Despejado;15/04/18
RYR4002;ACE;BGY;BOEING 737-800 WINGLETS;Despejado;15/04/18
IBB501;ACE;LPA;BOMBARDIER CRJ-1000;Despejado;15/04/18
IBB453;ACE;TFN;ATR-42/72;Despejado;15/04/18
CNF704;ACE;LPA;ATR-72;Despejado;15/04/18
VLG3281;ACE;BIO;AIRBUS A320;Despejado;15/04/18
TRA5686;ACE;AMS;BOEING 737-800 WINGLETS;Despejado;15/04/18
RYR1587;ACE;FRA;BOEING 737-800 WINGLETS;Despejado;15/04/18
BEL3788;ACE;BRU;AIRBUS A320;Despejado;15/04/18
LGL742;ACE;LUX;BOEING 737-800 WINGLETS;Despejado;15/04/18
AEA9076;ACE;MAD;BOEING 737-800 WINGLETS;Despejado;15/04/18
TUI2843;ACE;MUC;7S8;Despejado;15/04/18
RYR4896;ACE;BLQ;BOEING 737-800 WINGLETS;Despejado;15/04/18
AEA9448;ACE;LPA;ATR-72;Despejado;15/04/18
TUI2293;ACE;DUS;7S8;Despejado;15/04/18
TUI2189;ACE;HAJ;7S8;Despejado;15/04/18
IBB505;ACE;LPA;BOMBARDIER CRJ-1000;Despejado;15/04/18
TOM6739;ACE;EXT;BOEING 737-800 WINGLETS;Despejado;15/04/18
IBK5950;LPA;HAM;BOEING 737-800 WINGLETS;Nubes altas;15/04/18
IBS3835;LPA;MAD;AIRBUS A321;Nubes altas;15/04/18
RYR3804;LPA;MAN;BOEING 737-800 WINGLETS;Nubes altas;15/04/18
RYR2535;LPA;LBA;BOEING 737-800 WINGLETS;Nubes altas;15/04/18
AEA9403;LPA;TFN;ATR-72;Nubes altas;15/04/18
AEA9431;LPA;FUE;ATR-72;Nubes altas;15/04/18
VLG3001;LPA;BCN;AIRBUS A321;Nubes altas;15/04/18
AEA9018;LPA;MAD;BOEING 737-800 WINGLETS;Nubes altas;15/04/18
IBB500;LPA;ACE;BOMBARDIER CRJ-1000;Nubes altas;15/04/18
IBB200;LPA;FUE;ATR-72;Nubes altas;15/04/18
VLG3184;LPA;ORY;AIRBUS A320;Nubes altas;15/04/18
TVS3705;LPA;CDG;BOEING 737-800 WINGLETS;Nubes altas;15/04/18
RYR1419;LPA;PSA;BOEING 737-800 WINGLETS;Nubes altas;15/04/18
IBK5804;LPA;MAD;BOEING 737-800 WINGLETS;Nubes altas;15/04/18
AEA7308;MAD;VGO;EMBRAER ERJ-195;Lluvia débil;15/04/18
IBE0532;MAD;VGO;AIRBUS A319;Lluvia débil;15/04/18
LAV5463;TFN;VGO;BOEING 737-400;Nubes altas;15/04/18
AEA7300;MAD;VGO;EMBRAER ERJ-195;Lluvia débil;15/04/18
IBE0534;MAD;VGO;AIRBUS A319;Lluvia débil;15/04/18
RYR245;BCN;VGO;BOEING 737-800 WINGLETS;Nubes altas;15/04/18
AEA7306;MAD;VGO;EMBRAER ERJ-195;Lluvia débil;15/04/18
IBE0410;MAD;XRY;AIRBUS A320;Lluvia débil;15/04/18
VLG2286;BCN;XRY;AIRBUS A320;Nubes altas;15/04/18
RYR1283;BCN;XRY;BOEING 737-800 WINGLETS;Nubes altas;15/04/18
IBE0404;MAD;XRY;AIRBUS A319;Lluvia débil;15/04/18
IBE0406;MAD;XRY;AIRBUS A319;Lluvia débil;15/04/18
RYR6363;PMI;BCN;BOEING 737-800 WINGLETS;Despejado;15/04/18
AEA6006;PMI;BCN;EMBRAER ERJ-195;Despejado;15/04/18
VLG6792;TFS;LYS;32A;Nubes altas;15/04/18
RYR1513;TFS;BVA;BOEING 737-800 WINGLETS;Nubes altas;15/04/18
RYR2545;TFS;NCL;BOEING 737-800 WINGLETS;Nubes altas;15/04/18
RYR4514;TFS;KRK;BOEING 737-800 WINGLETS;Nubes altas;15/04/18
IBS3927;TFS;MAD;32A;Nubes altas;15/04/18
RYR2561;TFS;BFS;BOEING 737-800 WINGLETS;Nubes altas;15/04/18
DK1409;TFS;ORB;32B;Nubes altas;15/04/18
IBK6420;TFS;OSL;BOEING 737-800 WINGLETS;Nubes altas;15/04/18
TOM5751;TFS;NWI;BOEING 737-800 WINGLETS;Nubes altas;15/04/18
OLY726;TFS;FUE;AIRBUS A321;Nubes altas;15/04/18
RYR2914;TFS;MAD;BOEING 737-800 WINGLETS;Nubes altas;15/04/18
IBK6450;TFS;ARN;BOEING 737-800 WINGLETS;Nubes altas;15/04/18
ENT951C;TFS;LYS;BOEING 737-800 WINGLETS;Nubes altas;15/04/18
IBK6500;TFS;HAM;BOEING 737-800 WINGLETS;Nubes altas;15/04/18
OLY745;TFS;ZRH;AIRBUS A321;Nubes altas;15/04/18
BEL1652;TFS;BRU;AIRBUS A320;Nubes altas;15/04/18
JAF7114;TFS;BRU;BOEING 737-800 WINGLETS;Nubes altas;15/04/18
EWG253;TFS;CGN;BOEING 737-800 WINGLETS;Nubes altas;15/04/18
JAF7866;TFS;CDG;BOEING 737-800 WINGLETS;Nubes altas;15/04/18
EDW215;TFS;ZRH;AIRBUS A320;Nubes altas;15/04/18
RYR6384;BCN;SDR;BOEING 737-800 WINGLETS;Nubes altas;15/04/18
IBE0554;MAD;SDR;AIRBUS A319;Lluvia débil;15/04/18
IBE0556;MAD;SDR;AIRBUS A319;Lluvia débil;15/04/18
VLG1590;BCN;SDR;AIRBUS A320;Nubes altas;15/04/18
IBE8878;MAD;SDR;CANADAIR CRJ-900;Lluvia débil;15/04/18
VLG1294;BCN;LCG;AIRBUS A320;Nubes altas;15/04/18
VLG1292;BCN;LCG;32A;Nubes altas;15/04/18
AEA7233;MAD;LCG;EMBRAER ERJ-195;Lluvia débil;15/04/18
LZF441;BIO;LCG;ATR 42-300/320;Llovizna;15/04/18
VLG3132;LPA;LCG;AIRBUS A320;Nubes altas;15/04/18
AEA7235;MAD;LCG;EMBRAER ERJ-195;Lluvia débil;15/04/18
IBE0524;MAD;LCG;AIRBUS A319;Lluvia débil;15/04/18
VLG1299;SVQ;LCG;AIRBUS A320;Lluvia débil;15/04/18
IBB606;SPC;TFN;ATR-42/72;Nubes altas;15/04/18
IBB304;SPC;LPA;ATR-72;Nubes altas;15/04/18
CNF413;SPC;TFN;ATR-42/72;Nubes altas;15/04/18
IBB608;SPC;TFN;ATR-72;Nubes altas;15/04/18
TVS2434;SPC;CDG;BOEING 737-800 WINGLETS;Nubes altas;15/04/18
AEA9462;SPC;TFN;ATR-72;Nubes altas;15/04/18
CNF419;SPC;TFN;ATR-42/72;Nubes altas;15/04/18
IBB610;SPC;TFN;ATR-42/72;Nubes altas;15/04/18
AEA9464;SPC;TFN;ATR-72;Nubes altas;15/04/18
IBB620;SPC;TFN;ATR-42/72;Nubes altas;15/04/18
IBB622;SPC;TFN;ATR-72;Nubes altas;15/04/18
IBS3843;SPC;MAD;AIRBUS A320;Nubes altas;15/04/18
IBB630;SPC;TFN;ATR-42/72;Nubes altas;15/04/18
CNF453;SPC;TFN;ATR-72;Nubes altas;15/04/18
IBB312;SPC;LPA;BOMBARDIER CRJ-1000;Nubes altas;15/04/18
DE1407;SPC;FRA;BOEING 757-300 WINGLETS;Nubes altas;15/04/18
IBB632;SPC;TFN;ATR-42/72;Nubes altas;15/04/18
AEA9466;SPC;TFN;ATR-72;Nubes altas;15/04/18
IBB634;SPC;TFN;ATR-72;Nubes altas;15/04/18
IBB636;SPC;TFN;ATR-42/72;Nubes altas;15/04/18
AEA9480;SPC;TFN;ATR-72;Nubes altas;15/04/18
IBB316;SPC;LPA;ATR-42/72;Nubes altas;15/04/18
AEA7161;MAD;BIO;EMBRAER ERJ-195;Lluvia débil;15/04/18
VLG2608;AGP;BIO;AIRBUS A320;Nubes altas;15/04/18
VLG1418;BCN;BIO;AIRBUS A320;Nubes altas;15/04/18
IBS9522;PMI;BIO;AIRBUS A320;Despejado;15/04/18
VLG1432;BCN;BIO;AIRBUS A320;Nubes altas;15/04/18
VLG2507;SVQ;BIO;32A;Lluvia débil;15/04/18
IBE8693;PMI;BIO;BOMBARDIER CRJ-1000;Despejado;17/04/18
VLG3801;MAH;BIO;32A;Despejado;15/04/18
RYR9123;GRO;EIN;BOEING 737-800 WINGLETS;Nubes altas;15/04/18
RYR7083;GRO;OMR;BOEING 737-800 WINGLETS;Nubes altas;15/04/18
RYR9555;GRO;FMM;BOEING 737-800 WINGLETS;Nubes altas;15/04/18
RYR6901;GRO;CRL;BOEING 737-800 WINGLETS;Nubes altas;15/04/18
RYR9305;GRO;LPL;BOEING 737-800 WINGLETS;Nubes altas;15/04/18
RYR9172;GRO;WRO;BOEING 737-800 WINGLETS;Nubes altas;15/04/18
RYR4125;GRO;HHN;BOEING 737-800 WINGLETS;Nubes altas;15/04/18
RYR7037;GRO;DUB;BOEING 737-800 WINGLETS;Nubes altas;15/04/18
RYR9364;GRO;PSR;BOEING 737-800 WINGLETS;Nubes altas;15/04/18
RYR9241;GRO;PSA;BOEING 737-800 WINGLETS;Nubes altas;15/04/18
RYR9803;GRO;STN;BOEING 737-800 WINGLETS;Nubes altas;15/04/18
PBD832;GRO;VKO;BOEING 737-800 WINGLETS;Nubes altas;15/04/18
RYR9211;GRO;FKB;BOEING 737-800 WINGLETS;Nubes altas;15/04/18
RYR9335;GRO;BRS;BOEING 737-800 WINGLETS;Nubes altas;15/04/18
RYR4482;GRO;RIX;BOEING 737-800 WINGLETS;Nubes altas;15/04/18
RYR5122;GRO;POZ;BOEING 737-800 WINGLETS;Nubes altas;15/04/18
RYR9303;GRO;EDI;BOEING 737-800 WINGLETS;Nubes altas;15/04/18
RYR1131;GRO;EMA;BOEING 737-800 WINGLETS;Nubes altas;15/04/18
RYR6903;GRO;CRL;BOEING 737-800 WINGLETS;Nubes altas;15/04/18
RYR6391;GRO;NRN;BOEING 737-800 WINGLETS;Nubes altas;15/04/18
TRA5766;GRO;AMS;BOEING 737-800 WINGLETS;Nubes altas;15/04/18
IBE8481;MAH;PMI;BOMBARDIER CRJ-1000;Despejado;15/04/18
AAL8615;MAH;MAD;BOMBARDIER CRJ-1000;Despejado;15/04/18
IBE8951;MAH;MAD;BOMBARDIER CRJ-1000;Despejado;15/04/18
IBE8495;MAH;PMI;ATR-42/72;Despejado;15/04/18
VLG3713;MAH;BCN;AIRBUS A320;Despejado;15/04/18
IBE8483;MAH;PMI;BOMBARDIER CRJ-1000;Despejado;15/04/18
VLG3801;MAH;BIO;32A;Despejado;15/04/18
VLG3715;MAH;BCN;AIRBUS A320;Despejado;15/04/18
IBE8662;MAH;BIO;BOMBARDIER CRJ-1000;Despejado;15/04/18
AEA4532;MAH;PMI;ATR-72;Despejado;15/04/18
IBE8957;MAH;MAD;BOMBARDIER CRJ-1000;Despejado;15/04/18
IBE8499;MAH;PMI;ATR-42/72;Despejado;15/04/18
AEA4530;MAH;PMI;ATR-72;Despejado;15/04/18
IBE8491;MAH;PMI;CANADAIR CRJ-200;Despejado;15/04/18
IBE8493;MAH;PMI;BOMBARDIER CRJ-1000;Despejado;15/04/18
RYR6882;MAH;BCN;BOEING 737-800 WINGLETS;Despejado;15/04/18
IBE8029;MAH;MAD;CANADAIR CRJ-900;Despejado;15/04/18
VLG3709;MAH;BCN;AIRBUS A320;Despejado;15/04/18
VLG2010;BCN;GRX;32B;Nubes altas;15/04/18
IBE8640;MAD;GRX;BOMBARDIER CRJ-1000;Lluvia débil;15/04/18
VLG2020;BCN;GRX;32A;Nubes altas;15/04/18
AEA5201;PMI;GRX;EMBRAER ERJ-195;Despejado;15/04/18
VLG3933;PMI;GRX;AIRBUS A320;Despejado;15/04/18
IBE8646;MAD;GRX;BOMBARDIER CRJ-1000;Lluvia débil;15/04/18
IBE8642;MAD;GRX;BOMBARDIER CRJ-1000;Lluvia débil;15/04/18
VLG2014;BCN;GRX;AIRBUS A320;Nubes altas;15/04/18
VLG2016;BCN;GRX;32B;Nubes altas;15/04/18
IBE8648;MAD;GRX;BOMBARDIER CRJ-1000;Lluvia débil;15/04/18
IBB203;FUE;LPA;ATR-72;Despejado;15/04/18
AEA9432;FUE;LPA;ATR-72;Despejado;15/04/18
IBB415;FUE;TFN;ATR-42/72;Despejado;15/04/18
VLG3147;FUE;AGP;AIRBUS A320;Despejado;15/04/18
ENT898;FUE;CDG;BOEING 737-800;Despejado;15/04/18
ENT893;FUE;LYS;BOEING 737-800;Despejado;15/04/18
CNF804;FUE;LPA;ATR-42/72;Despejado;15/04/18
OLY727;FUE;ZRH;AIRBUS A321;Despejado;15/04/18
TVS3499;FUE;LYS;BOEING 737-800 WINGLETS;Despejado;15/04/18
TVS3427;FUE;RNS;BOEING 737-800 WINGLETS;Despejado;15/04/18
EDW213;FUE;ZRH;AIRBUS A320;Despejado;15/04/18
TRA6706;FUE;AMS;BOEING 737-800 WINGLETS;Despejado;15/04/18
RYR8627;FUE;NRN;BOEING 737-800 WINGLETS;Despejado;15/04/18
EWG1813;FUE;MUC;32A;Despejado;15/04/18
LGL734;FUE;LUX;BOEING 737-800 WINGLETS;Despejado;15/04/18
IBB211;FUE;LPA;ATR-42/72;Despejado;15/04/18
RYR8183;FUE;STN;BOEING 737-800 WINGLETS;Despejado;15/04/18
IBB423;FUE;TFN;ATR-42/72;Despejado;15/04/18
LLC6703;FUE;LYS;AIRBUS A320;Despejado;15/04/18
CNF810;FUE;LPA;ATR-72;Despejado;15/04/18
LLX5572;FUE;DUS;AIRBUS A320;Despejado;15/04/18
VLG3928;BCN;PMI;AIRBUS A320;Nubes altas;15/04/18
ANE8481;MAH;PMI;BOMBARDIER CRJ-1000;Despejado;17/04/18
ANE8101;IBZ;PMI;BOMBARDIER CRJ-1000;Despejado;17/04/18
VLG3902;BCN;PMI;32B;Nubes altas;15/04/18
AEA1701;IBZ;PMI;ATR-72;Nubes altas;15/04/18
IBE8594;MAD;LEI;BOMBARDIER CRJ-1000;Lluvia débil;15/04/18
AEA2887;BCN;LEI;BOEING 737-800 WINGLETS;Nubes altas;15/04/18
VLG1251;BCN;LEI;AIRBUS A320;Nubes altas;15/04/18
IBE8598;MAD;LEI;CANADAIR CRJ-900;Lluvia débil;15/04/18
AEA2633;ZAZ;LEI;BOEING 737-800 WINGLETS;Nubes altas;15/04/18
IBE8212;PMI;LEI;CANADAIR CRJ-200;Despejado;17/04/18
IBE8592;MAD;LEI;BOMBARDIER CRJ-1000;Lluvia débil;15/04/18
AEA2647;BCN;LEI;BOEING 737-800 WINGLETS;Nubes altas;15/04/18
IBE8588;MAD;LEI;CANADAIR CRJ-200;Lluvia débil;15/04/18
IBE8933;SVQ;LEI;CANADAIR CRJ-200;Lluvia débil;15/04/18
IBE8600;MAD;LEI;BOMBARDIER CRJ-1000;Lluvia débil;15/04/18
VLG2454;AGP;IBZ;AIRBUS A320;Nubes altas;15/04/18
RYR8136;BCN;IBZ;BOEING 737-800 WINGLETS;Nubes altas;15/04/18
VLG3540;BCN;IBZ;AIRBUS A320;Nubes altas;15/04/18
RYR5354;MAD;IBZ;BOEING 737-800 WINGLETS;Lluvia débil;15/04/18
VLG3447;MAD;IBZ;AIRBUS A320;Lluvia débil;15/04/18
IBE8104;PMI;IBZ;CANADAIR CRJ-900;Despejado;17/04/18
AEA1702;PMI;IBZ;ATR-72;Despejado;15/04/18
VLG3508;BCN;IBZ;32A;Nubes altas;15/04/18
IBE8106;PMI;IBZ;ATR-42/72;Despejado;17/04/18
IBE8430;VLC;IBZ;ATR-72;Nubes altas;15/04/18
IBB500;LPA;ACE;BOMBARDIER CRJ-1000;Nubes altas;15/04/18
IBB452;TFN;ACE;ATR-42/72;Nubes altas;15/04/18
CNF703;LPA;ACE;ATR-72;Nubes altas;15/04/18
AEA9073;MAD;ACE;BOEING 737-800 WINGLETS;Lluvia débil;15/04/18
AEA9447;LPA;ACE;ATR-72;Nubes altas;15/04/18
IBB510;LPA;ACE;BOMBARDIER CRJ-1000;Nubes altas;15/04/18
AEA9403;LPA;TFN;ATR-72;Nubes altas;15/04/18
VLG3256;SVQ;TFN;AIRBUS A320;Lluvia débil;15/04/18
IBB107;LPA;TFN;ATR-72;Nubes altas;15/04/18
VLG3247;SCQ;TFN;AIRBUS A320;Cubierto de nubes altas y medias;15/04/18
RYR3063;BCN;TFN;BOEING 737-800 WINGLETS;Nubes altas;15/04/18
AEA9059;MAD;TFN;AIRBUS A330-200;Lluvia débil;15/04/18
IBB606;SPC;TFN;ATR-42/72;Nubes altas;15/04/18
RYR5278;MAD;TFN;BOEING 737-800 WINGLETS;Lluvia débil;15/04/18
IBB415;FUE;TFN;ATR-42/72;Despejado;15/04/18
IBB453;ACE;TFN;ATR-42/72;Despejado;15/04/18
CNF413;SPC;TFN;ATR-42/72;Nubes altas;15/04/18
IBB608;SPC;TFN;ATR-72;Nubes altas;15/04/18
IBB119;LPA;TFN;BOMBARDIER CRJ-1000;Nubes altas;15/04/18
IBB656;VDE;TFN;ATR-72;Nubes altas;15/04/18
AEA9462;SPC;TFN;ATR-72;Nubes altas;15/04/18
IBB109;LPA;TFN;ATR-72;Nubes altas;15/04/18
IBS3942;MAD;TFN;32A;Lluvia débil;15/04/18
IBB650;GMZ;TFN;ATR-72;Nubes altas;15/04/18
CNF419;SPC;TFN;ATR-42/72;Nubes altas;15/04/18
IBB6810;LPA;TFN;BOMBARDIER CRJ-1000;Nubes altas;15/04/18
IBB610;SPC;TFN;ATR-42/72;Nubes altas;15/04/18
AEA4047;MAD;ALC;ATR-72;Lluvia débil;15/04/18
ANE8390;MAD;ALC;BOMBARDIER CRJ-1000;Despejado;17/04/18
VOE3584;OVD;ALC;BOEING 717;Lluvia moderada;15/04/18
RYR7222;VLC;SCQ;BOEING 737-800 WINGLETS;Nubes altas;15/04/18
RYR6332;BCN;SCQ;BOEING 737-800 WINGLETS;Nubes altas;15/04/18
IBS3876;MAD;SCQ;AIRBUS A321;Lluvia débil;15/04/18
IBE8356;BIO;SCQ;CANADAIR CRJ-200;Llovizna;15/04/18
VLG1670;BCN;SCQ;32A;Nubes altas;15/04/18
RYR3041;SVQ;SCQ;BOEING 737-800 WINGLETS;Lluvia débil;15/04/18
VLG3246;TFN;SCQ;AIRBUS A320;Nubes altas;15/04/18
VLG2655;AGP;SCQ;AIRBUS A320;Nubes altas;15/04/18
RYR8538;ALC;SCQ;BOEING 737-800 WINGLETS;Nubes altas;15/04/18
IBS3878;MAD;SCQ;AIRBUS A320;Lluvia débil;15/04/18
VLG1676;BCN;SCQ;AIRBUS A320;Nubes altas;15/04/18
AEA2629;BCN;SCQ;BOEING 737-800 WINGLETS;Nubes altas;15/04/18
VLG1672;BCN;SCQ;32A;Nubes altas;15/04/18
AEA4063;MAD;VLC;ATR-72;Lluvia débil;15/04/18
RYR7223;SCQ;VLC;BOEING 737-800 WINGLETS;Cubierto de nubes altas y medias;15/04/18
IBE8841;SVQ;VLC;ATR-72;Lluvia débil;15/04/18
AEA4005;PMI;VLC;ATR-72;Despejado;15/04/18
IBB102;TFN;LPA;BOMBARDIER CRJ-1000;Nubes altas;15/04/18
VLG3133;LCG;LPA;32A;Cubierto de nubes altas y medias;15/04/18
IBB203;FUE;LPA;ATR-72;Despejado;15/04/18
AEA9432;FUE;LPA;ATR-72;Despejado;15/04/18
AEA9156;MAD;LPA;BOEING 737-800 WINGLETS;Lluvia débil;15/04/18
IBB501;ACE;LPA;BOMBARDIER CRJ-1000;Despejado;15/04/18
CNF704;ACE;LPA;ATR-72;Despejado;15/04/18
IBB108;TFN;LPA;ATR-72;Nubes altas;15/04/18
IBB304;SPC;LPA;ATR-72;Nubes altas;15/04/18
CNF804;FUE;LPA;ATR-42/72;Despejado;15/04/18
IBB605;TFN;SPC;ATR-42/72;Nubes altas;15/04/18
IBB309;LPA;SPC;ATR-72;Nubes altas;15/04/18
CNF412;TFN;SPC;ATR-42/72;Nubes altas;15/04/18
IBB607;TFN;SPC;ATR-42/72;Nubes altas;15/04/18
AEA9461;TFN;SPC;ATR-72;Nubes altas;15/04/18
CNF418;TFN;SPC;ATR-42/72;Nubes altas;15/04/18
IBB615;TFN;SPC;ATR-42/72;Nubes altas;15/04/18
AEA9463;TFN;SPC;ATR-72;Nubes altas;15/04/18
IBB619;TFN;SPC;ATR-42/72;Nubes altas;15/04/18
IBB621;TFN;SPC;ATR-42/72;Nubes altas;15/04/18
IBS3842;MAD;SPC;AIRBUS A320;Lluvia débil;15/04/18
IBB629;TFN;SPC;ATR-42/72;Nubes altas;15/04/18
CNF452;TFN;SPC;ATR-72;Nubes altas;15/04/18
IBB311;LPA;SPC;BOMBARDIER CRJ-1000;Nubes altas;15/04/18
IBB631;TFN;SPC;ATR-42/72;Nubes altas;15/04/18
AEA9465;TFN;SPC;ATR-72;Nubes altas;15/04/18
IBB633;TFN;SPC;ATR-42/72;Nubes altas;15/04/18
IBB623;TFN;SPC;ATR-42/72;Nubes altas;15/04/18
IBB315;LPA;SPC;ATR-72;Nubes altas;15/04/18
AEA9479;TFN;SPC;ATR-72;Nubes altas;15/04/18
IBB637;TFN;SPC;ATR-42/72;Nubes altas;15/04/18
IBS3866;MAD;AGP;32A;Lluvia débil;15/04/18
AEA5035;MAD;AGP;ATR-72;Lluvia débil;15/04/18
IBE8261;MLN;AGP;ATR-72;Despejado;15/04/18
VLG2115;BCN;AGP;32B;Nubes altas;15/04/18
VLG2455;IBZ;AGP;AIRBUS A320;Nubes altas;15/04/18
VLG1573;BCN;OVD;AIRBUS A320;Nubes altas;15/04/18
IBE8334;VLC;OVD;CANADAIR CRJ-200;Nubes altas;15/04/18
IBE0488;MAD;OVD;AIRBUS A321;Lluvia débil;15/04/18
IBE8333;PMI;OVD;CANADAIR CRJ-200;Despejado;17/04/18
VLG1579;BCN;OVD;AIRBUS A320;Nubes altas;15/04/18
VOE3585;ALC;OVD;BOEING 717;Nubes altas;15/04/18
IBE0476;MAD;OVD;AIRBUS A320;Lluvia débil;15/04/18
VLG3864;PMI;OVD;AIRBUS A320;Despejado;15/04/18
VOE3924;AGP;OVD;BOEING 717;Nubes altas;15/04/18
IBE0480;MAD;OVD;AIRBUS A320;Lluvia débil;15/04/18
IBE0482;MAD;OVD;AIRBUS A320;Lluvia débil;15/04/18
VOE3830;SVQ;OVD;BOEING 717;Lluvia débil;15/04/18
VLG1571;BCN;OVD;AIRBUS A320;Nubes altas;15/04/18
VLG2508;BIO;SVQ;32A;Llovizna;15/04/18
IBS3954;MAD;SVQ;32A;Lluvia débil;15/04/18
VLG2212;BCN;SVQ;AIRBUS A320;Nubes altas;15/04/18
IBE8840;VLC;SVQ;ATR-72;Nubes altas;15/04/18
VLG2216;BCN;SVQ;32B;Nubes altas;15/04/18
RYR6396;BCN;SVQ;BOEING 737-800 WINGLETS;Nubes altas;15/04/18
VLG2224;BCN;SVQ;AIRBUS A320;Nubes altas;15/04/18
VLG2252;BCN;SVQ;AIRBUS A320;Nubes altas;15/04/18
VLG3257;TFN;SVQ;AIRBUS A320;Nubes altas;15/04/18
IBS3950;MAD;SVQ;32A;Lluvia débil;15/04/18
EVE1606;ZAZ;SVQ;AIRBUS A320;Nubes altas;15/04/18
RYR3042;SCQ;SVQ;BOEING 737-800 WINGLETS;Cubierto de nubes altas y medias;15/04/18
VLG2510;BIO;SVQ;AIRBUS A320;Llovizna;15/04/18
AEA9431;LPA;FUE;ATR-72;Nubes altas;15/04/18
IBB200;LPA;FUE;ATR-72;Nubes altas;15/04/18
IBB414;TFN;FUE;ATR-42/72;Nubes altas;15/04/18
VLG3146;AGP;FUE;AIRBUS A320;Nubes altas;15/04/18
CNF803;LPA;FUE;ATR-72;Nubes altas;15/04/18
OLY726;TFS;FUE;AIRBUS A321;Nubes altas;15/04/18
IBB210;LPA;FUE;ATR-72;Nubes altas;15/04/18
IBB422;TFN;FUE;ATR-42/72;Nubes altas;15/04/18
CNF809;LPA;FUE;ATR-72;Nubes altas;15/04/18
IBE8494;PMI;MAH;ATR-42/72;Despejado;17/04/18
VLG3712;BCN;MAH;AIRBUS A320;Nubes altas;15/04/18
IBE8480;PMI;MAH;BOMBARDIER CRJ-1000;Despejado;17/04/18
VLG3800;BIO;MAH;32A;Llovizna;15/04/18
VLG3714;BCN;MAH;AIRBUS A320;Nubes altas;15/04/18
IBE8482;PMI;MAH;BOMBARDIER CRJ-1000;Despejado;17/04/18
AEA4537;PMI;MAH;ATR-72;Despejado;15/04/18
IBE8956;MAD;MAH;BOMBARDIER CRJ-1000;Lluvia débil;15/04/18
AAL8564;MAD;MAH;BOMBARDIER CRJ-1000;Lluvia débil;15/04/18
IBE8498;PMI;MAH;ATR-42/72;Despejado;17/04/18
IBE8663;BIO;MAH;BOMBARDIER CRJ-1000;Llovizna;15/04/18
AEA4531;PMI;MAH;ATR-72;Despejado;15/04/18
IBE8488;PMI;MAH;CANADAIR CRJ-200;Despejado;17/04/18
RYR6881;BCN;MAH;BOEING 737-800 WINGLETS;Nubes altas;15/04/18
IBE8024;MAD;MAH;CANADAIR CRJ-900;Lluvia débil;15/04/18
VLG3716;BCN;MAH;AIRBUS A320;Nubes altas;15/04/18
VLG3700;BCN;MAH;AIRBUS A320;Nubes altas;15/04/18
RYR2913;MAD;TFS;BOEING 737-800 WINGLETS;Lluvia débil;15/04/18
IBB123;LPA;TFS;ATR-72;Nubes altas;15/04/18
IBB650;GMZ;TFN;ATR-72;Nubes altas;15/04/18
IBB652;GMZ;TFN;ATR-72;Nubes altas;15/04/18
RYR4634;ZAZ;BGY;BOEING 737-800 WINGLETS;Nubes altas;15/04/18
EVE1606;ZAZ;SVQ;32A;Nubes altas;15/04/18
AEA2633;ZAZ;LEI;BOEING 737-800 WINGLETS;Nubes altas;15/04/18
RYR2635;ZAZ;STN;BOEING 737-800 WINGLETS;Nubes altas;15/04/18
RYR5538;VIT;BGY;BOEING 737-800 WINGLETS;Muy nuboso;15/04/18
IBE8331;BJZ;MAD;CANADAIR CRJ-200;Lluvia;15/04/18
IBE8313;BJZ;BCN;BOMBARDIER CRJ-1000;Lluvia;15/04/18
IBB656;VDE;TFN;ATR-72;Nubes altas;15/04/18
IBB662;VDE;TFN;ATR-72;Nubes altas;15/04/18
IBB668;VDE;TFN;ATR-72;Nubes altas;15/04/18
IBB366;VDE;LPA;ATR-72;Nubes altas;15/04/18
CNF248;VDE;TFN;ATR-72;Nubes altas;15/04/18
IBB674;VDE;TFN;ATR-72;Nubes altas;15/04/18
HTY118;AEI;JCU;AWH;Nubes altas;15/04/18
HTY140;AEI;JCU;AWH;Nubes altas;15/04/18
HTY227;JCU;AGP;AWH;Nubes altas;15/04/18
HTY117;JCU;AEI;AWH;Nubes altas;15/04/18
HTY139;JCU;AEI;AWH;Nubes altas;15/04/18
HTY259;JCU;AGP;AWH;Nubes altas;15/04/18
IBE8312;BCN;BJZ;BOMBARDIER CRJ-1000;Despejado;17/04/18
IBE8529;PNA;MAD;BOMBARDIER CRJ-1000;Cubierto de nubes altas y medias;15/04/18
DLH1119;PNA;FRA;AIRBUS A320;Cubierto de nubes altas y medias;15/04/18
IBE8525;PNA;MAD;CANADAIR CRJ-900;Cubierto de nubes altas y medias;15/04/18
IBE8531;PNA;MAD;BOMBARDIER CRJ-1000;Cubierto de nubes altas y medias;15/04/18
IBB651;TFN;GMZ;ATR-42/72;Nubes altas;15/04/18
IBB653;TFN;GMZ;ATR-42/72;Nubes altas;15/04/18
IBE2244;TFN;GMZ;ATR-72;Despejado;17/04/18
EVE1605;SVQ;ZAZ;32A;Lluvia débil;15/04/18
AEA2634;LEI;ZAZ;BOEING 737-800 WINGLETS;Despejado;15/04/18
HTY117;JCU;AEI;AWH;Nubes altas;15/04/18
HTY139;JCU;AEI;AWH;Nubes altas;15/04/18
RYR1115;REU;DUB;BOEING 737-800 WINGLETS;Nubes altas;15/04/18
RYR9825;REU;LPL;BOEING 737-800 WINGLETS;Nubes altas;15/04/18
RYR9827;REU;HHN;BOEING 737-800 WINGLETS;Nubes altas;15/04/18
RYR8088;REU;BHX;BOEING 737-800 WINGLETS;Nubes altas;15/04/18
RYR2212;REU;EIN;BOEING 737-800 WINGLETS;Nubes altas;15/04/18
IBS9530;VLL;PMI;AIRBUS A320;Lluvia moderada;15/04/18
RYR2200;VLL;SVQ;BOEING 737-800 WINGLETS;Lluvia moderada;15/04/18
EVE1128;VLL;SVQ;32A;Lluvia moderada;15/04/18
RYR6321;VLL;BCN;BOEING 737-800 WINGLETS;Lluvia moderada;15/04/18
VLG1585;VLL;BCN;AIRBUS A320;Lluvia moderada;15/04/18
AZA059;MAD;FCO;AIRBUS A320;Lluvia débil;15/04/18
KLM1698;MAD;AMS;BOEING 737-800 WINGLETS;Lluvia débil;15/04/18
RYR2913;MAD;TFS;BOEING 737-800 WINGLETS;Lluvia débil;15/04/18
DLH1121;MAD;FRA;AIRBUS A321;Lluvia débil;15/04/18
RYR8368;MAD;BUD;BOEING 737-800 WINGLETS;Lluvia débil;15/04/18
RYR5993;MAD;STN;BOEING 737-800 WINGLETS;Lluvia débil;15/04/18
AFR1401;MAD;CDG;AIRBUS A321;Lluvia débil;15/04/18
AEA7311;VGO;MAD;EMBRAER ERJ-195;Lluvia débil;15/04/18
IBE0531;VGO;MAD;AIRBUS A319;Lluvia débil;15/04/18
RYR242;VGO;DUB;BOEING 737-800 WINGLETS;Lluvia débil;15/04/18
RYR7132;VGO;BGY;BOEING 737-800 WINGLETS;Lluvia débil;15/04/18
AEA7315;VGO;MAD;EMBRAER ERJ-195;Lluvia débil;15/04/18
IBE0533;VGO;MAD;AIRBUS A319;Lluvia débil;15/04/18
LAV5464;VGO;TFN;BOEING 737-400;Lluvia débil;15/04/18
TAP1141;VGO;LIS;ATR-72;Lluvia débil;15/04/18
AEA7317;VGO;MAD;EMBRAER ERJ-195;Lluvia débil;15/04/18
BEL3776;LEI;BRU;AIRBUS A320;Despejado;15/04/18
EZY8164;LEI;LGW;AIRBUS A319;Despejado;15/04/18
IBE8595;LEI;MAD;BOMBARDIER CRJ-1000;Despejado;15/04/18
AEA2634;LEI;ZAZ;BOEING 737-800 WINGLETS;Despejado;15/04/18
IBE8213;LEI;PMI;CANADAIR CRJ-200;Despejado;15/04/18
VLG1252;LEI;BCN;AIRBUS A320;Despejado;15/04/18
IBE8577;LEI;MAD;CANADAIR CRJ-900;Despejado;15/04/18
AEA2888;LEI;BCN;BOEING 737-800 WINGLETS;Despejado;15/04/18
IBE8589;LEI;MAD;CANADAIR CRJ-200;Despejado;15/04/18
IBE8601;LEI;MAD;BOMBARDIER CRJ-1000;Despejado;15/04/18
AEA2648;LEI;BCN;BOEING 737-800 WINGLETS;Despejado;15/04/18
IBE8932;LEI;SVQ;CANADAIR CRJ-200;Despejado;15/04/18
IBE8317;EAS;MAD;ATR-72;Abertura de claros;15/04/18
VLG2487;EAS;BCN;AIRBUS A319;Abertura de claros;15/04/18
IBE8319;EAS;MAD;ATR-72;Abertura de claros;15/04/18
IBE8329;EAS;MAD;ATR-72;Abertura de claros;15/04/18
IBE8315;EAS;MAD;ATR-72;Abertura de claros;15/04/18
VLG2489;EAS;BCN;AIRBUS A319;Abertura de claros;15/04/18
IBE8323;EAS;MAD;ATR-72;Abertura de claros;15/04/18
VLG8036;BCN;ORY;AIRBUS A319;Nubes altas;15/04/18
THY1852;BCN;IST;BOEING 737-800 WINGLETS;Nubes altas;15/04/18
RYR6341;BCN;FCO;BOEING 737-800 WINGLETS;Nubes altas;15/04/18
AFR1449;BCN;CDG;AIRBUS A320;Nubes altas;15/04/18
RYR2918;BCN;BRU;BOEING 737-800 WINGLETS;Nubes altas;15/04/18
RYR3063;BCN;TFN;BOEING 737-800 WINGLETS;Nubes altas;15/04/18
RYR6353;BCN;BGY;BOEING 737-800 WINGLETS;Nubes altas;15/04/18
KLM1662;BCN;AMS;BOEING 737-700 WINGLETS;Nubes altas;15/04/18
HTY228;AGP;JCU;AWH;Nubes altas;15/04/18
HTY118;AEI;JCU;AWH;Nubes altas;15/04/18
HTY140;AEI;JCU;AWH;Nubes altas;15/04/18
HTY260;AGP;JCU;AWH;Despejado;17/04/18
IBE8261;MLN;AGP;ATR-72;Despejado;15/04/18
IBE8789;MLN;MAD;ATR-72;Despejado;15/04/18
IBE8791;MLN;MAD;ATR-72;Despejado;15/04/18
IBE8263;MLN;AGP;ATR-72;Despejado;15/04/18
IBE8793;MLN;MAD;ATR-72;Despejado;15/04/18
IBE8269;MLN;AGP;ATR-72;Despejado;15/04/18
IBE8271;MLN;AGP;ATR-72;Despejado;15/04/18
AEA5004;MLN;AGP;ATR-72;Despejado;15/04/18
IBE8277;MLN;AGP;ATR-72;Despejado;15/04/18
IBE0511;LCG;MAD;AIRBUS A320;Cubierto de nubes altas y medias;15/04/18
VLG3133;LCG;LPA;32A;Cubierto de nubes altas y medias;15/04/18
VLG1295;LCG;BCN;AIRBUS A320;Cubierto de nubes altas y medias;15/04/18
TAP1085;LCG;LIS;ATR-72;Cubierto de nubes altas y medias;15/04/18
VLG1293;LCG;BCN;32A;Cubierto de nubes altas y medias;15/04/18
AEA7234;LCG;MAD;EMBRAER ERJ-195;Cubierto de nubes altas y medias;15/04/18
VLG1298;LCG;SVQ;32A;Cubierto de nubes altas y medias;15/04/18
AEA7236;LCG;MAD;EMBRAER ERJ-195;Cubierto de nubes altas y medias;15/04/18
IBE0523;LCG;MAD;AIRBUS A320;Cubierto de nubes altas y medias;15/04/18
VLG7104;LCG;LHR;AIRBUS A320;Cubierto de nubes altas y medias;15/04/18
IBE8524;MAD;PNA;CANADAIR CRJ-900;Lluvia débil;15/04/18
IBE8532;MAD;PNA;BOMBARDIER CRJ-1000;Lluvia débil;15/04/18
IBE8526;MAD;PNA;BOMBARDIER CRJ-1000;Lluvia débil;15/04/18
IBK5950;LPA;HAM;BOEING 737-800 WINGLETS;Nubes altas;15/04/18
IBS3835;LPA;MAD;AIRBUS A321;Nubes altas;15/04/18
RYR3804;LPA;MAN;BOEING 737-800 WINGLETS;Nubes altas;15/04/18
RYR2967;LPA;BUD;BOEING 737-800 WINGLETS;Nubes altas;15/04/18
RYR2535;LPA;LBA;BOEING 737-800 WINGLETS;Nubes altas;15/04/18
AEA9403;LPA;TFN;ATR-72;Nubes altas;15/04/18
AEA9431;LPA;FUE;ATR-72;Nubes altas;15/04/18
VLG3001;LPA;BCN;AIRBUS A321;Nubes altas;15/04/18
AEA9018;LPA;MAD;BOEING 737-800 WINGLETS;Nubes altas;15/04/18
IBB500;LPA;ACE;BOMBARDIER CRJ-1000;Nubes altas;15/04/18
IBB200;LPA;FUE;ATR-72;Nubes altas;15/04/18
VLG3184;LPA;ORY;AIRBUS A320;Nubes altas;15/04/18
TVS3705;LPA;CDG;BOEING 737-800 WINGLETS;Nubes altas;15/04/18
RYR1419;LPA;PSA;BOEING 737-800 WINGLETS;Nubes altas;15/04/18
IBK5804;LPA;MAD;BOEING 737-800 WINGLETS;Nubes altas;15/04/18
IBE0407;XRY;MAD;AIRBUS A319;Abertura de claros;15/04/18
EWG575;XRY;CGN;AIRBUS A319;Abertura de claros;15/04/18
JAF7922;XRY;BRU;EMBRAER 190;Abertura de claros;15/04/18
EWG9571;XRY;DUS;32A;Abertura de claros;15/04/18
RYR8397;XRY;STN;BOEING 737-800 WINGLETS;Abertura de claros;15/04/18
IBE0411;XRY;MAD;AIRBUS A320;Abertura de claros;15/04/18
VLG2287;XRY;BCN;AIRBUS A320;Abertura de claros;15/04/18
RYR1284;XRY;BCN;BOEING 737-800 WINGLETS;Abertura de claros;15/04/18
IBE0405;XRY;MAD;AIRBUS A319;Abertura de claros;15/04/18
AEA1005;VLC;CDG;BOEING 737-800 WINGLETS;Nubes altas;15/04/18
RYR7222;VLC;SCQ;BOEING 737-800 WINGLETS;Nubes altas;15/04/18
DLH1165;VLC;FRA;AIRBUS A321;Nubes altas;15/04/18
RYR9394;VLC;CRA;BOEING 737-800 WINGLETS;Nubes altas;15/04/18
VLG8152;VLC;ORY;AIRBUS A320;Nubes altas;15/04/18
IBE8840;VLC;SVQ;ATR-72;Nubes altas;15/04/18
RYR8725;VLC;BRI;BOEING 737-800 WINGLETS;Nubes altas;15/04/18
RYR2228;VLC;KRK;BOEING 737-800 WINGLETS;Nubes altas;15/04/18
AEA4004;VLC;PMI;ATR-72;Nubes altas;15/04/18
SWR2141;VLC;ZRH;AIRBUS A320;Nubes altas;15/04/18
RYR2986;VLC;BRU;BOEING 737-800 WINGLETS;Nubes altas;15/04/18
TRA6338;VLC;AMS;BOEING 737-700 WINGLETS;Nubes altas;15/04/18
IBE8993;VLC;MAD;CANADAIR CRJ-900;Nubes altas;15/04/18
WZZ1480;SDR;WAW;AIRBUS A320;Lluvia moderada;15/04/18
RYR7617;SDR;EDI;BOEING 737-800 WINGLETS;Lluvia moderada;15/04/18
RYR6385;SDR;BCN;BOEING 737-800 WINGLETS;Lluvia moderada;15/04/18
IBE0555;SDR;MAD;AIRBUS A319;Lluvia moderada;15/04/18
RYR9156;SDR;CIA;BOEING 737-800 WINGLETS;Lluvia moderada;15/04/18
RYR7153;SDR;DUB;BOEING 737-800 WINGLETS;Lluvia moderada;15/04/18
IBE0557;SDR;MAD;AIRBUS A319;Lluvia moderada;15/04/18
VLG1591;SDR;BCN;AIRBUS A320;Lluvia moderada;15/04/18
RYR6058;SDR;CRL;BOEING 737-800 WINGLETS;Lluvia moderada;15/04/18
RYR7366;SDR;NRN;BOEING 737-800 WINGLETS;Lluvia moderada;15/04/18
RYR2613;SDR;STN;BOEING 737-800 WINGLETS;Lluvia moderada;15/04/18
IBB655;TFN;VDE;ATR-72;Nubes altas;15/04/18
IBB659;TFN;VDE;ATR-72;Nubes altas;15/04/18
IBB663;TFN;VDE;ATR-72;Nubes altas;15/04/18
IBB365;LPA;VDE;ATR-72;Nubes altas;15/04/18
CNF247;TFN;VDE;ATR-42/72;Nubes altas;15/04/18
IBB673;TFN;VDE;ATR-72;Nubes altas;15/04/18
EZY8550;MJV;LGW;AIRBUS A319;Nubes altas;15/04/18
EZY6014;MJV;BRS;AIRBUS A320;Nubes altas;15/04/18
RYR1925;MJV;EMA;BOEING 737-800 WINGLETS;Nubes altas;15/04/18
RYR4253;MJV;FRA;BOEING 737-800 WINGLETS;Nubes altas;15/04/18
EZY8552;MJV;LGW;AIRBUS A319;Nubes altas;15/04/18
RYR1940;MJV;EIN;BOEING 737-800 WINGLETS;Nubes altas;15/04/18
RYR4117;MJV;MAN;BOEING 737-800 WINGLETS;Nubes altas;15/04/18
EXS864;MJV;MAN;BOEING 737-800 WINGLETS;Nubes altas;15/04/18
RYR8027;MJV;STN;BOEING 737-800 WINGLETS;Nubes altas;15/04/18
RYR3453;MJV;LTN;BOEING 737-800 WINGLETS;Nubes altas;15/04/18
RYR7095;MJV;DUB;BOEING 737-800 WINGLETS;Nubes altas;15/04/18
RYR6397;SVQ;BCN;BOEING 737-800 WINGLETS;Lluvia débil;15/04/18
VLG2223;SVQ;BCN;AIRBUS A320;Lluvia débil;15/04/18
RYR5262;SVQ;BVA;BOEING 737-800 WINGLETS;Lluvia débil;15/04/18
VLG3256;SVQ;TFN;AIRBUS A320;Lluvia débil;15/04/18
TAP1101;SVQ;LIS;ATR-42/72;Lluvia débil;15/04/18
RYR2470;SVQ;FKB;BOEING 737-800 WINGLETS;Lluvia débil;15/04/18
VLG2253;SVQ;BCN;AIRBUS A320;Lluvia débil;15/04/18
VLG2507;SVQ;BIO;32A;Lluvia débil;15/04/18
IBS3947;SVQ;MAD;AIRBUS A320;Lluvia débil;15/04/18
TVF3101;SVQ;ORY;BOEING 737-800 WINGLETS;Lluvia débil;15/04/18
VLG2211;SVQ;BCN;AIRBUS A320;Lluvia débil;15/04/18
IBE8841;SVQ;VLC;ATR-72;Lluvia débil;15/04/18
VLG2251;SVQ;BCN;32B;Lluvia débil;15/04/18
VLG8830;SVQ;CDG;AIRBUS A320;Lluvia débil;15/04/18
IBS9528;PMI;VLL;AIRBUS A320;Despejado;15/04/18
RYR2199;SVQ;VLL;BOEING 737-800 WINGLETS;Lluvia débil;15/04/18
EVE1127;SVQ;VLL;32A;Lluvia débil;15/04/18
RYR6320;BCN;VLL;BOEING 737-800 WINGLETS;Nubes altas;15/04/18
VLG1584;BCN;VLL;AIRBUS A320;Nubes altas;15/04/18
IBE8101;IBZ;PMI;BOMBARDIER CRJ-1000;Nubes altas;15/04/18
RYR3542;IBZ;EIN;BOEING 737-800 WINGLETS;Nubes altas;15/04/18
AEA1701;IBZ;PMI;ATR-72;Nubes altas;15/04/18
EWG3561;IBZ;HAJ;AIRBUS A319;Nubes altas;15/04/18
VLG2455;IBZ;AGP;AIRBUS A320;Nubes altas;15/04/18
RYR8137;IBZ;BCN;BOEING 737-800 WINGLETS;Nubes altas;15/04/18
VLG3541;IBZ;BCN;AIRBUS A320;Nubes altas;15/04/18
RYR5355;IBZ;MAD;BOEING 737-800 WINGLETS;Nubes altas;15/04/18
VLG3434;IBZ;MAD;AIRBUS A320;Nubes altas;15/04/18
EZY2692;IBZ;MXP;32A;Nubes altas;15/04/18
TRA5676;IBZ;AMS;BOEING 737-800 WINGLETS;Nubes altas;15/04/18
IBE8105;IBZ;PMI;CANADAIR CRJ-900;Nubes altas;15/04/18
AEA1703;IBZ;PMI;ATR-72;Nubes altas;15/04/18
TRA5690;IBZ;RTM;BOEING 737-700 WINGLETS;Nubes altas;15/04/18
RYR8333;IBZ;BGY;BOEING 737-800 WINGLETS;Nubes altas;15/04/18
RYR6419;IBZ;NRN;BOEING 737-800 WINGLETS;Nubes altas;15/04/18
VLG3515;IBZ;BCN;32A;Nubes altas;15/04/18
SAS6002;AGP;ARN;32A;Nubes altas;15/04/18
RYR2575;AGP;EIN;BOEING 737-800 WINGLETS;Nubes altas;15/04/18
AEA1039;AGP;CDG;BOEING 737-800 WINGLETS;Nubes altas;15/04/18
RYR2577;AGP;VST;BOEING 737-800 WINGLETS;Nubes altas;15/04/18
VLG2454;AGP;IBZ;AIRBUS A320;Nubes altas;15/04/18
TAP1137;AGP;LIS;ATR-42/72;Nubes altas;15/04/18
VLG2608;AGP;BIO;AIRBUS A320;Nubes altas;15/04/18
VLG3146;AGP;FUE;AIRBUS A320;Nubes altas;15/04/18
RYR2531;AGP;BLL;BOEING 737-800 WINGLETS;Nubes altas;15/04/18
VLG9013;AGP;TLS;AIRBUS A320;Nubes altas;15/04/18
IBK5070;AGP;CPH;BOEING 737-800 WINGLETS;Nubes altas;15/04/18
VLG2150;AGP;BRU;AIRBUS A320;Nubes altas;15/04/18
IBK5020;AGP;OSL;BOEING 737-800 WINGLETS;Nubes altas;15/04/18
RYR5158;AGP;NCL;BOEING 737-800 WINGLETS;Nubes altas;15/04/18
VLG1572;OVD;BCN;AIRBUS A320;Lluvia moderada;15/04/18
VOE3584;OVD;ALC;BOEING 717;Lluvia moderada;15/04/18
IBS3981;OVD;MAD;AIRBUS A320;Lluvia moderada;15/04/18
VLG1574;OVD;BCN;AIRBUS A320;Lluvia moderada;15/04/18
IBE0479;OVD;MAD;32A;Lluvia moderada;15/04/18
EZY3084;OVD;STN;AIRBUS A319;Lluvia moderada;15/04/18
IBE8335;OVD;VLC;CANADAIR CRJ-200;Lluvia moderada;15/04/18
IBE0475;OVD;MAD;AIRBUS A321;Lluvia moderada;15/04/18
IBE8332;OVD;PMI;CANADAIR CRJ-200;Lluvia moderada;15/04/18
VLG3865;OVD;PMI;AIRBUS A320;Lluvia moderada;15/04/18
VOE3925;OVD;AGP;BOEING 717;Lluvia moderada;15/04/18
IBE0487;OVD;MAD;AIRBUS A321;Lluvia moderada;15/04/18
VLG1578;OVD;BCN;AIRBUS A320;Lluvia moderada;15/04/18
VOE3831;OVD;SVQ;BOEING 717;Lluvia moderada;15/04/18
TAP1113;OVD;LIS;ATR-72;Lluvia moderada;15/04/18
IBE0481;OVD;MAD;32A;Lluvia moderada;15/04/18
VLG3215;TFN;BCN;32B;Nubes altas;15/04/18
IBS3945;TFN;MAD;AIRBUS A320;Nubes altas;15/04/18
IBB414;TFN;FUE;ATR-42/72;Nubes altas;15/04/18
IBB452;TFN;ACE;ATR-42/72;Nubes altas;15/04/18
IBK6378;TFN;MAD;BOEING 737-800 WINGLETS;Nubes altas;15/04/18
AEA9045;TFN;MAD;BOEING 737-800 WINGLETS;Nubes altas;15/04/18
IBB605;TFN;SPC;ATR-42/72;Nubes altas;15/04/18
AEA7007;TFN;BIO;BOEING 737-800 WINGLETS;Nubes altas;15/04/18
CNF412;TFN;SPC;ATR-42/72;Nubes altas;15/04/18
IBB655;TFN;VDE;ATR-72;Nubes altas;15/04/18
IBB102;TFN;LPA;BOMBARDIER CRJ-1000;Nubes altas;15/04/18
IBB607;TFN;SPC;ATR-42/72;Nubes altas;15/04/18
AEA9461;TFN;SPC;ATR-72;Nubes altas;15/04/18
VLG3257;TFN;SVQ;AIRBUS A320;Nubes altas;15/04/18
IBB108;TFN;LPA;ATR-72;Nubes altas;15/04/18
VOE3410;BIO;VIE;BOEING 717;Llovizna;15/04/18
KLM1684;BIO;AMS;EMBRAER 190;Llovizna;15/04/18
DLH1147;BIO;FRA;32A;Llovizna;15/04/18
VLG2508;BIO;SVQ;32A;Llovizna;15/04/18
VLG3280;BIO;ACE;AIRBUS A320;Llovizna;15/04/18
VLG1431;BIO;BCN;32A;Llovizna;15/04/18
AFR1377;BIO;CDG;EMBRAER 190;Llovizna;15/04/18
TAP1065;BIO;LIS;ATR-42/72;Llovizna;15/04/18
DLH1829;BIO;MUC;AIRBUS A319;Llovizna;15/04/18
VLG3800;BIO;MAH;32A;Llovizna;15/04/18
IBE0435;BIO;MAD;AIRBUS A319;Llovizna;15/04/18
IBE8356;BIO;SCQ;CANADAIR CRJ-200;Llovizna;15/04/18
AEA7156;BIO;MAD;EMBRAER ERJ-195;Llovizna;15/04/18
VLG2486;BCN;EAS;AIRBUS A319;Nubes altas;15/04/18
IBE8316;MAD;EAS;ATR-72;Lluvia débil;15/04/18
IBE8322;MAD;EAS;ATR-72;Lluvia débil;15/04/18
IBE8318;MAD;EAS;ATR-72;Lluvia débil;15/04/18
VLG2488;BCN;EAS;AIRBUS A319;Nubes altas;15/04/18
IBE8326;MAD;EAS;ATR-72;Lluvia débil;15/04/18
IBE8324;MAD;EAS;ATR-72;Lluvia débil;15/04/18
AEA7308;MAD;VGO;EMBRAER ERJ-195;Lluvia débil;15/04/18
AEA7302;MAD;VGO;EMBRAER ERJ-195;Lluvia débil;15/04/18
IBE0532;MAD;VGO;AIRBUS A319;Lluvia débil;15/04/18
LAV5463;TFN;VGO;BOEING 737-400;Nubes altas;15/04/18
AEA7300;MAD;VGO;EMBRAER ERJ-195;Lluvia débil;15/04/18
IBE0534;MAD;VGO;AIRBUS A319;Lluvia débil;15/04/18
RYR245;BCN;VGO;BOEING 737-800 WINGLETS;Nubes altas;15/04/18
AEA7306;MAD;VGO;EMBRAER ERJ-195;Lluvia débil;15/04/18
RYR9123;GRO;EIN;BOEING 737-800 WINGLETS;Nubes altas;15/04/18
RYR7083;GRO;OMR;BOEING 737-800 WINGLETS;Nubes altas;15/04/18
RYR9555;GRO;FMM;BOEING 737-800 WINGLETS;Nubes altas;15/04/18
RYR6901;GRO;CRL;BOEING 737-800 WINGLETS;Nubes altas;15/04/18
RYR9305;GRO;LPL;BOEING 737-800 WINGLETS;Nubes altas;15/04/18
RYR9172;GRO;WRO;BOEING 737-800 WINGLETS;Nubes altas;15/04/18
RYR4125;GRO;HHN;BOEING 737-800 WINGLETS;Nubes altas;15/04/18
RYR7037;GRO;DUB;BOEING 737-800 WINGLETS;Nubes altas;15/04/18
RYR9364;GRO;PSR;BOEING 737-800 WINGLETS;Nubes altas;15/04/18
RYR9241;GRO;PSA;BOEING 737-800 WINGLETS;Nubes altas;15/04/18
RYR9803;GRO;STN;BOEING 737-800 WINGLETS;Nubes altas;15/04/18
PBD832;GRO;VKO;BOEING 737-800 WINGLETS;Nubes altas;15/04/18
RYR9211;GRO;FKB;BOEING 737-800 WINGLETS;Nubes altas;15/04/18
RYR9335;GRO;BRS;BOEING 737-800 WINGLETS;Nubes altas;15/04/18
RYR4482;GRO;RIX;BOEING 737-800 WINGLETS;Nubes altas;15/04/18
RYR5122;GRO;POZ;BOEING 737-800 WINGLETS;Nubes altas;15/04/18
RYR9303;GRO;EDI;BOEING 737-800 WINGLETS;Nubes altas;15/04/18
RYR1131;GRO;EMA;BOEING 737-800 WINGLETS;Nubes altas;15/04/18
RYR6903;GRO;CRL;BOEING 737-800 WINGLETS;Nubes altas;15/04/18
RYR6391;GRO;NRN;BOEING 737-800 WINGLETS;Nubes altas;15/04/18
TRA5766;GRO;AMS;BOEING 737-800 WINGLETS;Nubes altas;15/04/18
IBE8262;AGP;MLN;ATR-72;Nubes altas;15/04/18
IBE8792;MAD;MLN;ATR-72;Lluvia débil;15/04/18
IBE8790;MAD;MLN;ATR-72;Lluvia débil;15/04/18
IBE8264;AGP;MLN;ATR-72;Nubes altas;15/04/18
IBE8270;AGP;MLN;ATR-72;Nubes altas;15/04/18
AEA5005;AGP;MLN;ATR-72;Nubes altas;15/04/18
IBE8798;MAD;MLN;ATR-72;Lluvia débil;15/04/18
IBE8274;AGP;MLN;ATR-72;Nubes altas;15/04/18
EZY1514;PMI;GVA;32A;Despejado;15/04/18
EZY3501;PMI;STR;32A;Despejado;15/04/18
RYR9998;PMI;DUB;BOEING 737-800 WINGLETS;Despejado;14/04/18
RYR2052;PMI;MAD;BOEING 737-800 WINGLETS;Despejado;15/04/18
IBS3917;PMI;MAD;AIRBUS A320;Despejado;15/04/18
RYR6363;PMI;BCN;BOEING 737-800 WINGLETS;Despejado;15/04/18
IBK6632;PMI;TRF;BOEING 737-800 WINGLETS;Despejado;15/04/18
IBK6650;PMI;ARN;BOEING 737-800 WINGLETS;Despejado;15/04/18
RYR4511;PMI;KRK;BOEING 737-800 WINGLETS;Despejado;15/04/18
IBK6698;PMI;MUC;BOEING 737-800 WINGLETS;Despejado;15/04/18
RYR111;PMI;SXF;BOEING 737-800 WINGLETS;Despejado;15/04/18
RYR714;PMI;GOT;BOEING 737-800 WINGLETS;Despejado;15/04/18
AEA6006;PMI;BCN;EMBRAER ERJ-195;Despejado;15/04/18
VLG3915;PMI;BCN;AIRBUS A320;Despejado;15/04/18
RYR4579;SCQ;BGY;BOEING 737-800 WINGLETS;Cubierto de nubes altas y medias;15/04/18
VLG3247;SCQ;TFN;AIRBUS A320;Cubierto de nubes altas y medias;15/04/18
RYR7223;SCQ;VLC;BOEING 737-800 WINGLETS;Cubierto de nubes altas y medias;15/04/18
RYR6333;SCQ;BCN;BOEING 737-800 WINGLETS;Cubierto de nubes altas y medias;15/04/18
EZS1338;SCQ;GVA;AIRBUS A320;Cubierto de nubes altas y medias;15/04/18
IBS3877;SCQ;MAD;AIRBUS A321;Cubierto de nubes altas y medias;15/04/18
IBE8365;SCQ;PMI;CANADAIR CRJ-200;Cubierto de nubes altas y medias;15/04/18
VLG1671;SCQ;BCN;32A;Cubierto de nubes altas y medias;15/04/18
EZS1180;SCQ;BSL;AIRBUS A319;Cubierto de nubes altas y medias;15/04/18
DLH1867;SCQ;MUC;AIRBUS A320;Cubierto de nubes altas y medias;15/04/18
RYR3042;SCQ;SVQ;BOEING 737-800 WINGLETS;Cubierto de nubes altas y medias;15/04/18
RYR8379;SCQ;STN;BOEING 737-800 WINGLETS;Cubierto de nubes altas y medias;15/04/18
VLG1677;SCQ;BCN;AIRBUS A320;Cubierto de nubes altas y medias;15/04/18
VLG2654;SCQ;AGP;AIRBUS A320;Cubierto de nubes altas y medias;15/04/18
RYR8539;SCQ;ALC;BOEING 737-800 WINGLETS;Cubierto de nubes altas y medias;15/04/18
IBS3879;SCQ;MAD;AIRBUS A320;Cubierto de nubes altas y medias;15/04/18
RYR724;SCQ;PMI;BOEING 737-800 WINGLETS;Cubierto de nubes altas y medias;15/04/18
VLG8222;SCQ;CDG;AIRBUS A320;Cubierto de nubes altas y medias;15/04/18
VLG6792;TFS;LYS;32A;Nubes altas;15/04/18
RYR1513;TFS;BVA;BOEING 737-800 WINGLETS;Nubes altas;15/04/18
RYR2545;TFS;NCL;BOEING 737-800 WINGLETS;Nubes altas;15/04/18
RYR4514;TFS;KRK;BOEING 737-800 WINGLETS;Nubes altas;15/04/18
IBS3927;TFS;MAD;32A;Nubes altas;15/04/18
RYR2561;TFS;BFS;BOEING 737-800 WINGLETS;Nubes altas;15/04/18
DK1409;TFS;ORB;32B;Nubes altas;15/04/18
IBK6420;TFS;OSL;BOEING 737-800 WINGLETS;Nubes altas;15/04/18
TOM5751;TFS;NWI;BOEING 737-800 WINGLETS;Nubes altas;15/04/18
OLY726;TFS;FUE;AIRBUS A321;Nubes altas;15/04/18
RYR2914;TFS;MAD;BOEING 737-800 WINGLETS;Nubes altas;15/04/18
IBK6450;TFS;ARN;BOEING 737-800 WINGLETS;Nubes altas;15/04/18
ENT951C;TFS;LYS;BOEING 737-800 WINGLETS;Nubes altas;15/04/18
IBK6500;TFS;HAM;BOEING 737-800 WINGLETS;Nubes altas;15/04/18
OLY745;TFS;ZRH;AIRBUS A321;Nubes altas;15/04/18
BEL1652;TFS;BRU;AIRBUS A320;Nubes altas;15/04/18
JAF7114;TFS;BRU;BOEING 737-800 WINGLETS;Nubes altas;15/04/18
EWG253;TFS;CGN;BOEING 737-800 WINGLETS;Nubes altas;15/04/18
JAF7866;TFS;CDG;BOEING 737-800 WINGLETS;Nubes altas;15/04/18
EDW215;TFS;ZRH;AIRBUS A320;Nubes altas;15/04/18
IBE8639;GRX;MAD;BOMBARDIER CRJ-1000;Nubes altas;15/04/18
VLG2011;GRX;BCN;32B;Nubes altas;15/04/18
IBE8641;GRX;MAD;BOMBARDIER CRJ-1000;Nubes altas;15/04/18
EZY2676;GRX;MXP;AIRBUS A319;Nubes altas;15/04/18
VLG2021;GRX;BCN;32A;Nubes altas;15/04/18
AEA5200;GRX;PMI;EMBRAER ERJ-195;Nubes altas;15/04/18
VLG3932;GRX;PMI;AIRBUS A320;Nubes altas;15/04/18
IBE8645;GRX;MAD;BOMBARDIER CRJ-1000;Nubes altas;15/04/18
ENT513;GRX;ARN;BOEING 737-800 WINGLETS;Nubes altas;15/04/18
ENT574;GRX;ARN;BOEING 737-800;Nubes altas;15/04/18
IBE8649;GRX;MAD;BOMBARDIER CRJ-1000;Nubes altas;15/04/18
VLG2015;GRX;BCN;AIRBUS A320;Nubes altas;15/04/18
BAW3290;GRX;LCY;EMBRAER 190;Nubes altas;15/04/18
VLG2017;GRX;BCN;32B;Nubes altas;15/04/18
IBB606;SPC;TFN;ATR-42/72;Nubes altas;15/04/18
IBB304;SPC;LPA;ATR-72;Nubes altas;15/04/18
CNF413;SPC;TFN;ATR-42/72;Nubes altas;15/04/18
IBB608;SPC;TFN;ATR-72;Nubes altas;15/04/18
TVS2434;SPC;CDG;BOEING 737-800 WINGLETS;Nubes altas;15/04/18
AEA9462;SPC;TFN;ATR-72;Nubes altas;15/04/18
CNF419;SPC;TFN;ATR-42/72;Nubes altas;15/04/18
IBB610;SPC;TFN;ATR-42/72;Nubes altas;15/04/18
AEA9464;SPC;TFN;ATR-72;Nubes altas;15/04/18
IBB620;SPC;TFN;ATR-42/72;Nubes altas;15/04/18
IBB622;SPC;TFN;ATR-72;Nubes altas;15/04/18
IBS3843;SPC;MAD;AIRBUS A320;Nubes altas;15/04/18
IBB630;SPC;TFN;ATR-42/72;Nubes altas;15/04/18
CNF453;SPC;TFN;ATR-72;Nubes altas;15/04/18
IBB312;SPC;LPA;BOMBARDIER CRJ-1000;Nubes altas;15/04/18
DE1407;SPC;FRA;BOEING 757-300 WINGLETS;Nubes altas;15/04/18
IBB632;SPC;TFN;ATR-42/72;Nubes altas;15/04/18
AEA9466;SPC;TFN;ATR-72;Nubes altas;15/04/18
IBB634;SPC;TFN;ATR-72;Nubes altas;15/04/18
IBB636;SPC;TFN;ATR-42/72;Nubes altas;15/04/18
AEA9480;SPC;TFN;ATR-72;Nubes altas;15/04/18
IBB316;SPC;LPA;ATR-42/72;Nubes altas;15/04/18
RYR6384;BCN;SDR;BOEING 737-800 WINGLETS;Nubes altas;15/04/18
IBE0554;MAD;SDR;AIRBUS A319;Lluvia débil;15/04/18
IBE0556;MAD;SDR;AIRBUS A319;Lluvia débil;15/04/18
VLG1590;BCN;SDR;AIRBUS A320;Nubes altas;15/04/18
IBE8878;MAD;SDR;CANADAIR CRJ-900;Lluvia débil;15/04/18
IBK5420;ALC;HEL;BOEING 737-800 WINGLETS;Nubes altas;15/04/18
VLG7396;ALC;ALG;32A;Nubes altas;15/04/18
IBK5350;ALC;ARN;BOEING 737-800 WINGLETS;Nubes altas;15/04/18
VLG8253;ALC;ORY;32A;Nubes altas;15/04/18
ANE8397;ALC;MAD;BOMBARDIER CRJ-1000;Nubes altas;15/04/18
RYR7522;ALC;EIN;BOEING 737-800 WINGLETS;Nubes altas;15/04/18
VLG1311;ALC;BCN;32A;Nubes altas;15/04/18
VLG7390;ALC;ORN;AIRBUS A320;Nubes altas;15/04/18
RYR4029;ALC;FCO;BOEING 737-800 WINGLETS;Nubes altas;15/04/18
RYR8005;ALC;ABZ;BOEING 737-800 WINGLETS;Nubes altas;15/04/18
RYR2543;ALC;POZ;BOEING 737-800 WINGLETS;Nubes altas;15/04/18
IBK5320;ALC;OSL;BOEING 737-800 WINGLETS;Nubes altas;15/04/18
RYR5578;ALC;EDI;BOEING 737-800 WINGLETS;Nubes altas;15/04/18
IBK5406;ALC;HAJ;BOEING 737-800 WINGLETS;Nubes altas;15/04/18
WZZ4414;ALC;SOF;AIRBUS A320;Nubes altas;15/04/18
AEA4025;ALC;PMI;ATR-72;Nubes altas;15/04/18
VOE2613;ALC;LYS;BOEING 717;Nubes altas;15/04/18
RYR6363;PMI;BCN;BOEING 737-800 WINGLETS;Despejado;15/04/18
AEA6006;PMI;BCN;EMBRAER ERJ-195;Despejado;15/04/18
VLG3915;PMI;BCN;AIRBUS A320;Despejado;15/04/18
IBE8594;MAD;LEI;BOMBARDIER CRJ-1000;Lluvia débil;15/04/18
AEA2887;BCN;LEI;BOEING 737-800 WINGLETS;Nubes altas;15/04/18
VLG1251;BCN;LEI;AIRBUS A320;Nubes altas;15/04/18
IBE8598;MAD;LEI;CANADAIR CRJ-900;Lluvia débil;15/04/18
AEA2633;ZAZ;LEI;BOEING 737-800 WINGLETS;Nubes altas;15/04/18
IBE8212;PMI;LEI;CANADAIR CRJ-200;Despejado;17/04/18
IBE8592;MAD;LEI;BOMBARDIER CRJ-1000;Lluvia débil;15/04/18
AEA2647;BCN;LEI;BOEING 737-800 WINGLETS;Nubes altas;15/04/18
IBE8588;MAD;LEI;CANADAIR CRJ-200;Lluvia débil;15/04/18
IBE8933;SVQ;LEI;CANADAIR CRJ-200;Lluvia débil;15/04/18
IBE8600;MAD;LEI;BOMBARDIER CRJ-1000;Lluvia débil;15/04/18
IBE0410;MAD;XRY;AIRBUS A320;Lluvia débil;15/04/18
VLG2286;BCN;XRY;AIRBUS A320;Nubes altas;15/04/18
RYR1283;BCN;XRY;BOEING 737-800 WINGLETS;Nubes altas;15/04/18
IBE0404;MAD;XRY;AIRBUS A319;Lluvia débil;15/04/18
IBE0406;MAD;XRY;AIRBUS A319;Lluvia débil;15/04/18
RYR3493;ACE;SXF;BOEING 737-800 WINGLETS;Despejado;15/04/18
RYR3812;ACE;LPL;BOEING 737-800 WINGLETS;Despejado;15/04/18
RYR4002;ACE;BGY;BOEING 737-800 WINGLETS;Despejado;15/04/18
IBB501;ACE;LPA;BOMBARDIER CRJ-1000;Despejado;15/04/18
IBB453;ACE;TFN;ATR-42/72;Despejado;15/04/18
CNF704;ACE;LPA;ATR-72;Despejado;15/04/18
VLG3281;ACE;BIO;AIRBUS A320;Despejado;15/04/18
TRA5686;ACE;AMS;BOEING 737-800 WINGLETS;Despejado;15/04/18
RYR1587;ACE;FRA;BOEING 737-800 WINGLETS;Despejado;15/04/18
BEL3788;ACE;BRU;AIRBUS A320;Despejado;15/04/18
LGL742;ACE;LUX;BOEING 737-800 WINGLETS;Despejado;15/04/18
AEA9076;ACE;MAD;BOEING 737-800 WINGLETS;Despejado;15/04/18
TUI2843;ACE;MUC;7S8;Despejado;15/04/18
RYR4896;ACE;BLQ;BOEING 737-800 WINGLETS;Despejado;15/04/18
AEA9448;ACE;LPA;ATR-72;Despejado;15/04/18
TUI2293;ACE;DUS;BOEING 737-800 WINGLETS;Despejado;15/04/18
TUI2189;ACE;HAJ;7S8;Despejado;15/04/18
IBB505;ACE;LPA;BOMBARDIER CRJ-1000;Despejado;15/04/18
TOM6739;ACE;EXT;BOEING 737-800 WINGLETS;Despejado;15/04/18
VLG1294;BCN;LCG;AIRBUS A320;Nubes altas;15/04/18
VLG1292;BCN;LCG;32A;Nubes altas;15/04/18
AEA7233;MAD;LCG;EMBRAER ERJ-195;Lluvia débil;15/04/18
LZF441;BIO;LCG;ATR 42-300/320;Llovizna;15/04/18
VLG3132;LPA;LCG;AIRBUS A320;Nubes altas;15/04/18
AEA7235;MAD;LCG;EMBRAER ERJ-195;Lluvia débil;15/04/18
IBE0524;MAD;LCG;AIRBUS A319;Lluvia débil;15/04/18
VLG1299;SVQ;LCG;AIRBUS A320;Lluvia débil;15/04/18
IBE8481;MAH;PMI;BOMBARDIER CRJ-1000;Despejado;15/04/18
IBE8951;MAH;MAD;BOMBARDIER CRJ-1000;Despejado;15/04/18
AAL8615;MAH;MAD;BOMBARDIER CRJ-1000;Despejado;15/04/18
IBE8495;MAH;PMI;ATR-42/72;Despejado;15/04/18
VLG3713;MAH;BCN;AIRBUS A320;Despejado;15/04/18
IBE8483;MAH;PMI;BOMBARDIER CRJ-1000;Despejado;15/04/18
VLG3801;MAH;BIO;32A;Despejado;15/04/18
VLG3715;MAH;BCN;AIRBUS A320;Despejado;15/04/18
IBE8662;MAH;BIO;BOMBARDIER CRJ-1000;Despejado;15/04/18
AEA4532;MAH;PMI;ATR-72;Despejado;15/04/18
IBE8957;MAH;MAD;BOMBARDIER CRJ-1000;Despejado;15/04/18
IBE8499;MAH;PMI;ATR-42/72;Despejado;15/04/18
AEA4530;MAH;PMI;ATR-72;Despejado;15/04/18
IBE8491;MAH;PMI;CANADAIR CRJ-200;Despejado;15/04/18
IBE8493;MAH;PMI;BOMBARDIER CRJ-1000;Despejado;15/04/18
RYR6882;MAH;BCN;BOEING 737-800 WINGLETS;Despejado;15/04/18
IBE8029;MAH;MAD;CANADAIR CRJ-900;Despejado;15/04/18
VLG3709;MAH;BCN;AIRBUS A320;Despejado;15/04/18
IBB203;FUE;LPA;ATR-72;Despejado;15/04/18
AEA9432;FUE;LPA;ATR-72;Despejado;15/04/18
IBB415;FUE;TFN;ATR-42/72;Despejado;15/04/18
VLG3147;FUE;AGP;AIRBUS A320;Despejado;15/04/18
ENT898;FUE;CDG;BOEING 737-800;Despejado;15/04/18
ENT893;FUE;LYS;BOEING 737-800;Despejado;15/04/18
CNF804;FUE;LPA;ATR-42/72;Despejado;15/04/18
OLY727;FUE;ZRH;AIRBUS A321;Despejado;15/04/18
TVS3499;FUE;LYS;BOEING 737-800 WINGLETS;Despejado;15/04/18
TVS3427;FUE;RNS;BOEING 737-800 WINGLETS;Despejado;15/04/18
EDW213;FUE;ZRH;AIRBUS A320;Despejado;15/04/18
TRA6706;FUE;AMS;BOEING 737-800 WINGLETS;Despejado;15/04/18
RYR8627;FUE;NRN;BOEING 737-800 WINGLETS;Despejado;15/04/18
EWG1813;FUE;MUC;32A;Despejado;15/04/18
LGL734;FUE;LUX;BOEING 737-800 WINGLETS;Despejado;15/04/18
IBB211;FUE;LPA;ATR-42/72;Despejado;15/04/18
RYR8183;FUE;STN;BOEING 737-800 WINGLETS;Despejado;15/04/18
IBB423;FUE;TFN;ATR-42/72;Despejado;15/04/18
LLC6703;FUE;LYS;AIRBUS A320;Despejado;15/04/18
CNF810;FUE;LPA;ATR-72;Despejado;15/04/18
LLX5572;FUE;DUS;AIRBUS A320;Despejado;15/04/18
AEA7161;MAD;BIO;EMBRAER ERJ-195;Lluvia débil;15/04/18
VLG2608;AGP;BIO;AIRBUS A320;Nubes altas;15/04/18
VLG1418;BCN;BIO;AIRBUS A320;Nubes altas;15/04/18
IBS9522;PMI;BIO;AIRBUS A320;Despejado;15/04/18
VLG1432;BCN;BIO;AIRBUS A320;Nubes altas;15/04/18
VLG2507;SVQ;BIO;32A;Lluvia débil;15/04/18
IBE8693;PMI;BIO;BOMBARDIER CRJ-1000;Despejado;17/04/18
VLG3801;MAH;BIO;32A;Despejado;15/04/18
AEA4063;MAD;VLC;ATR-72;Lluvia débil;15/04/18
RYR7223;SCQ;VLC;BOEING 737-800 WINGLETS;Cubierto de nubes altas y medias;15/04/18
IBE8841;SVQ;VLC;ATR-72;Lluvia débil;15/04/18
AEA4005;PMI;VLC;ATR-72;Despejado;15/04/18
IBS3866;MAD;AGP;32A;Lluvia débil;15/04/18
AEA5035;MAD;AGP;ATR-72;Lluvia débil;15/04/18
IBE8261;MLN;AGP;ATR-72;Despejado;15/04/18
VLG2115;BCN;AGP;32B;Nubes altas;15/04/18
VLG2455;IBZ;AGP;AIRBUS A320;Nubes altas;15/04/18
IBB102;TFN;LPA;BOMBARDIER CRJ-1000;Nubes altas;15/04/18
VLG3133;LCG;LPA;32A;Cubierto de nubes altas y medias;15/04/18
IBB203;FUE;LPA;ATR-72;Despejado;15/04/18
AEA9432;FUE;LPA;ATR-72;Despejado;15/04/18
AEA9156;MAD;LPA;BOEING 737-800 WINGLETS;Lluvia débil;15/04/18
IBB501;ACE;LPA;BOMBARDIER CRJ-1000;Despejado;15/04/18
CNF704;ACE;LPA;ATR-72;Despejado;15/04/18
IBB108;TFN;LPA;ATR-72;Nubes altas;15/04/18
IBB304;SPC;LPA;ATR-72;Nubes altas;15/04/18
CNF804;FUE;LPA;ATR-42/72;Despejado;15/04/18
VLG2010;BCN;GRX;32B;Nubes altas;15/04/18
IBE8640;MAD;GRX;BOMBARDIER CRJ-1000;Lluvia débil;15/04/18
VLG2020;BCN;GRX;32A;Nubes altas;15/04/18
AEA5201;PMI;GRX;EMBRAER ERJ-195;Despejado;15/04/18
VLG3933;PMI;GRX;AIRBUS A320;Despejado;15/04/18
IBE8646;MAD;GRX;BOMBARDIER CRJ-1000;Lluvia débil;15/04/18
IBE8642;MAD;GRX;BOMBARDIER CRJ-1000;Lluvia débil;15/04/18
VLG2014;BCN;GRX;AIRBUS A320;Nubes altas;15/04/18
VLG2016;BCN;GRX;32B;Nubes altas;15/04/18
IBE8648;MAD;GRX;BOMBARDIER CRJ-1000;Lluvia débil;15/04/18
VLG2454;AGP;IBZ;AIRBUS A320;Nubes altas;15/04/18
RYR8136;BCN;IBZ;BOEING 737-800 WINGLETS;Nubes altas;15/04/18
VLG3540;BCN;IBZ;AIRBUS A320;Nubes altas;15/04/18
RYR5354;MAD;IBZ;BOEING 737-800 WINGLETS;Lluvia débil;15/04/18
VLG3447;MAD;IBZ;AIRBUS A320;Lluvia débil;15/04/18
IBE8104;PMI;IBZ;CANADAIR CRJ-900;Despejado;17/04/18
AEA1702;PMI;IBZ;ATR-72;Despejado;15/04/18
VLG3508;BCN;IBZ;32A;Nubes altas;15/04/18
IBE8106;PMI;IBZ;ATR-42/72;Despejado;17/04/18
IBE8430;VLC;IBZ;ATR-72;Nubes altas;15/04/18
VLG1573;BCN;OVD;AIRBUS A320;Nubes altas;15/04/18
IBE8334;VLC;OVD;CANADAIR CRJ-200;Nubes altas;15/04/18
IBE0488;MAD;OVD;AIRBUS A321;Lluvia débil;15/04/18
IBE8333;PMI;OVD;CANADAIR CRJ-200;Despejado;17/04/18
VLG1579;BCN;OVD;AIRBUS A320;Nubes altas;15/04/18
VOE3585;ALC;OVD;BOEING 717;Nubes altas;15/04/18
IBE0476;MAD;OVD;AIRBUS A320;Lluvia débil;15/04/18
VLG3864;PMI;OVD;AIRBUS A320;Despejado;15/04/18
VOE3924;AGP;OVD;BOEING 717;Nubes altas;15/04/18
IBE0480;MAD;OVD;AIRBUS A320;Lluvia débil;15/04/18
IBE0482;MAD;OVD;AIRBUS A320;Lluvia débil;15/04/18
VOE3830;SVQ;OVD;BOEING 717;Lluvia débil;15/04/18
VLG1571;BCN;OVD;AIRBUS A320;Nubes altas;15/04/18
VLG3928;BCN;PMI;AIRBUS A320;Nubes altas;15/04/18
ANE8101;IBZ;PMI;BOMBARDIER CRJ-1000;Despejado;17/04/18
ANE8481;MAH;PMI;BOMBARDIER CRJ-1000;Despejado;17/04/18
VLG3902;BCN;PMI;32B;Nubes altas;15/04/18
AEA1701;IBZ;PMI;ATR-72;Nubes altas;15/04/18
IBE8494;PMI;MAH;ATR-42/72;Despejado;17/04/18
VLG3712;BCN;MAH;AIRBUS A320;Nubes altas;15/04/18
IBE8480;PMI;MAH;BOMBARDIER CRJ-1000;Despejado;17/04/18
VLG3800;BIO;MAH;32A;Llovizna;15/04/18
VLG3714;BCN;MAH;AIRBUS A320;Nubes altas;15/04/18
IBE8482;PMI;MAH;BOMBARDIER CRJ-1000;Despejado;17/04/18
AEA4537;PMI;MAH;ATR-72;Despejado;15/04/18
IBE8956;MAD;MAH;BOMBARDIER CRJ-1000;Lluvia débil;15/04/18
AAL8564;MAD;MAH;BOMBARDIER CRJ-1000;Lluvia débil;15/04/18
IBE8498;PMI;MAH;ATR-42/72;Despejado;17/04/18
IBE8663;BIO;MAH;BOMBARDIER CRJ-1000;Llovizna;15/04/18
AEA4531;PMI;MAH;ATR-72;Despejado;15/04/18
IBE8488;PMI;MAH;CANADAIR CRJ-200;Despejado;17/04/18
RYR6881;BCN;MAH;BOEING 737-800 WINGLETS;Nubes altas;15/04/18
IBE8024;MAD;MAH;CANADAIR CRJ-900;Lluvia débil;15/04/18
VLG3716;BCN;MAH;AIRBUS A320;Nubes altas;15/04/18
VLG3700;BCN;MAH;AIRBUS A320;Nubes altas;15/04/18
RYR7222;VLC;SCQ;BOEING 737-800 WINGLETS;Nubes altas;15/04/18
RYR6332;BCN;SCQ;BOEING 737-800 WINGLETS;Nubes altas;15/04/18
IBS3876;MAD;SCQ;AIRBUS A321;Lluvia débil;15/04/18
IBE8356;BIO;SCQ;CANADAIR CRJ-200;Llovizna;15/04/18
VLG1670;BCN;SCQ;32A;Nubes altas;15/04/18
RYR3041;SVQ;SCQ;BOEING 737-800 WINGLETS;Lluvia débil;15/04/18
VLG3246;TFN;SCQ;AIRBUS A320;Nubes altas;15/04/18
VLG2655;AGP;SCQ;AIRBUS A320;Nubes altas;15/04/18
RYR8538;ALC;SCQ;BOEING 737-800 WINGLETS;Nubes altas;15/04/18
IBS3878;MAD;SCQ;AIRBUS A320;Lluvia débil;15/04/18
VLG1676;BCN;SCQ;AIRBUS A320;Nubes altas;15/04/18
AEA2629;BCN;SCQ;BOEING 737-800 WINGLETS;Nubes altas;15/04/18
VLG1672;BCN;SCQ;32A;Nubes altas;15/04/18
RYR2913;MAD;TFS;BOEING 737-800 WINGLETS;Lluvia débil;15/04/18
IBB123;LPA;TFS;ATR-72;Nubes altas;15/04/18
IBB500;LPA;ACE;BOMBARDIER CRJ-1000;Nubes altas;15/04/18
IBB452;TFN;ACE;ATR-42/72;Nubes altas;15/04/18
CNF703;LPA;ACE;ATR-72;Nubes altas;15/04/18
VLG3280;BIO;ACE;AIRBUS A320;Llovizna;15/04/18
AEA9073;MAD;ACE;BOEING 737-800 WINGLETS;Lluvia débil;15/04/18
AEA9447;LPA;ACE;ATR-72;Nubes altas;15/04/18
IBB510;LPA;ACE;BOMBARDIER CRJ-1000;Nubes altas;15/04/18
IBB605;TFN;SPC;ATR-42/72;Nubes altas;15/04/18
IBB309;LPA;SPC;ATR-72;Nubes altas;15/04/18
CNF412;TFN;SPC;ATR-42/72;Nubes altas;15/04/18
IBB607;TFN;SPC;ATR-42/72;Nubes altas;15/04/18
AEA9461;TFN;SPC;ATR-72;Nubes altas;15/04/18
CNF418;TFN;SPC;ATR-42/72;Nubes altas;15/04/18
IBB615;TFN;SPC;ATR-42/72;Nubes altas;15/04/18
AEA9463;TFN;SPC;ATR-72;Nubes altas;15/04/18
IBB619;TFN;SPC;ATR-42/72;Nubes altas;15/04/18
IBB621;TFN;SPC;ATR-42/72;Nubes altas;15/04/18
IBS3842;MAD;SPC;AIRBUS A320;Lluvia débil;15/04/18
IBB629;TFN;SPC;ATR-42/72;Nubes altas;15/04/18
CNF452;TFN;SPC;ATR-72;Nubes altas;15/04/18
IBB311;LPA;SPC;BOMBARDIER CRJ-1000;Nubes altas;15/04/18
IBB631;TFN;SPC;ATR-42/72;Nubes altas;15/04/18
AEA9465;TFN;SPC;ATR-72;Nubes altas;15/04/18
IBB633;TFN;SPC;ATR-42/72;Nubes altas;15/04/18
IBB623;TFN;SPC;ATR-42/72;Nubes altas;15/04/18
IBB315;LPA;SPC;ATR-72;Nubes altas;15/04/18
AEA9479;TFN;SPC;ATR-72;Nubes altas;15/04/18
IBB637;TFN;SPC;ATR-42/72;Nubes altas;15/04/18
AEA9431;LPA;FUE;ATR-72;Nubes altas;15/04/18
IBB200;LPA;FUE;ATR-72;Nubes altas;15/04/18
IBB414;TFN;FUE;ATR-42/72;Nubes altas;15/04/18
VLG3146;AGP;FUE;AIRBUS A320;Nubes altas;15/04/18
CNF803;LPA;FUE;ATR-72;Nubes altas;15/04/18
OLY726;TFS;FUE;AIRBUS A321;Nubes altas;15/04/18
IBB210;LPA;FUE;ATR-72;Nubes altas;15/04/18
IBB422;TFN;FUE;ATR-42/72;Nubes altas;15/04/18
CNF809;LPA;FUE;ATR-72;Nubes altas;15/04/18
VLG2508;BIO;SVQ;32A;Llovizna;15/04/18
IBS3954;MAD;SVQ;32A;Lluvia débil;15/04/18
VLG2212;BCN;SVQ;AIRBUS A320;Nubes altas;15/04/18
IBE8840;VLC;SVQ;ATR-72;Nubes altas;15/04/18
VLG2216;BCN;SVQ;32B;Nubes altas;15/04/18
RYR6396;BCN;SVQ;BOEING 737-800 WINGLETS;Nubes altas;15/04/18
VLG2224;BCN;SVQ;AIRBUS A320;Nubes altas;15/04/18
VLG2252;BCN;SVQ;AIRBUS A320;Nubes altas;15/04/18
VLG3257;TFN;SVQ;AIRBUS A320;Nubes altas;15/04/18
IBS3950;MAD;SVQ;32A;Lluvia débil;15/04/18
EVE1606;ZAZ;SVQ;32A;Nubes altas;15/04/18
RYR3042;SCQ;SVQ;BOEING 737-800 WINGLETS;Cubierto de nubes altas y medias;15/04/18
VLG2510;BIO;SVQ;AIRBUS A320;Llovizna;15/04/18
AEA9403;LPA;TFN;ATR-72;Nubes altas;15/04/18
VLG3256;SVQ;TFN;AIRBUS A320;Lluvia débil;15/04/18
IBB107;LPA;TFN;ATR-72;Nubes altas;15/04/18
VLG3247;SCQ;TFN;AIRBUS A320;Cubierto de nubes altas y medias;15/04/18
RYR3063;BCN;TFN;BOEING 737-800 WINGLETS;Nubes altas;15/04/18
AEA9059;MAD;TFN;AIRBUS A330-200;Lluvia débil;15/04/18
IBB606;SPC;TFN;ATR-42/72;Nubes altas;15/04/18
IBB415;FUE;TFN;ATR-42/72;Despejado;15/04/18
RYR5278;MAD;TFN;BOEING 737-800 WINGLETS;Lluvia débil;15/04/18
IBB453;ACE;TFN;ATR-42/72;Despejado;15/04/18
CNF413;SPC;TFN;ATR-42/72;Nubes altas;15/04/18
IBB608;SPC;TFN;ATR-72;Nubes altas;15/04/18
IBB119;LPA;TFN;BOMBARDIER CRJ-1000;Nubes altas;15/04/18
IBB656;VDE;TFN;ATR-72;Nubes altas;15/04/18
AEA9462;SPC;TFN;ATR-72;Nubes altas;15/04/18
IBB109;LPA;TFN;ATR-72;Nubes altas;15/04/18
IBS3942;MAD;TFN;32A;Lluvia débil;15/04/18
IBB650;GMZ;TFN;ATR-72;Nubes altas;15/04/18
CNF419;SPC;TFN;ATR-42/72;Nubes altas;15/04/18
IBB610;SPC;TFN;ATR-42/72;Nubes altas;15/04/18
IBB6810;LPA;TFN;BOMBARDIER CRJ-1000;Nubes altas;15/04/18
AEA4047;MAD;ALC;ATR-72;Lluvia débil;15/04/18
ANE8390;MAD;ALC;BOMBARDIER CRJ-1000;Despejado;17/04/18
VOE3584;OVD;ALC;BOEING 717;Lluvia moderada;15/04/18
RYR5538;VIT;BGY;BOEING 737-800 WINGLETS;Abertura de claros;15/04/18
HTY118;AEI;JCU;AWH;Despejado;15/04/18
HTY140;AEI;JCU;AWH;Despejado;15/04/18
IBE8331;BJZ;MAD;CANADAIR CRJ-200;Chubascos dispersos;15/04/18
IBE8313;BJZ;BCN;BOMBARDIER CRJ-1000;Chubascos dispersos;15/04/18
HTY117;JCU;AEI;AWH;Nubes altas;15/04/18
HTY139;JCU;AEI;AWH;Nubes altas;15/04/18
IBE8330;MAD;BJZ;CANADAIR CRJ-200;Nubes altas;15/04/18
IBE8312;BCN;BJZ;BOMBARDIER CRJ-1000;Despejado;17/04/18
AZA059;MAD;FCO;AIRBUS A320;Nubes altas;15/04/18
KLM1698;MAD;AMS;BOEING 737-800 WINGLETS;Nubes altas;15/04/18
RYR2913;MAD;TFS;BOEING 737-800 WINGLETS;Nubes altas;15/04/18
DLH1121;MAD;FRA;AIRBUS A321;Nubes altas;15/04/18
RYR8368;MAD;BUD;BOEING 737-800 WINGLETS;Nubes altas;15/04/18
RYR5993;MAD;STN;BOEING 737-800 WINGLETS;Nubes altas;15/04/18
AFR1401;MAD;CDG;AIRBUS A321;Nubes altas;15/04/18
IBB650;GMZ;TFN;ATR-72;Nubes altas;15/04/18
IBB652;GMZ;TFN;ATR-72;Nubes altas;15/04/18
IBE0407;XRY;MAD;AIRBUS A319;Nubes altas;15/04/18
EWG575;XRY;CGN;AIRBUS A319;Nubes altas;15/04/18
JAF7922;XRY;BRU;EMBRAER 190;Nubes altas;15/04/18
EWG9571;XRY;DUS;32A;Nubes altas;15/04/18
RYR8397;XRY;STN;BOEING 737-800 WINGLETS;Nubes altas;15/04/18
IBE0411;XRY;MAD;AIRBUS A320;Nubes altas;15/04/18
VLG2287;XRY;BCN;AIRBUS A320;Nubes altas;15/04/18
IBE0405;XRY;MAD;AIRBUS A319;Nubes altas;15/04/18
IBE0407;XRY;MAD;AIRBUS A319;Nubes altas;16/04/18
IBB651;TFN;GMZ;ATR-42/72;Despejado;15/04/18
IBB653;TFN;GMZ;ATR-42/72;Despejado;15/04/18
IBE2244;TFN;GMZ;ATR-72;Despejado;17/04/18
WZZ1480;SDR;WAW;AIRBUS A320;Chubascos dispersos;15/04/18
RYR7617;SDR;EDI;BOEING 737-800 WINGLETS;Chubascos dispersos;15/04/18
RYR6385;SDR;BCN;BOEING 737-800 WINGLETS;Chubascos dispersos;15/04/18
IBE0555;SDR;MAD;AIRBUS A319;Chubascos dispersos;15/04/18
RYR9156;SDR;CIA;BOEING 737-800 WINGLETS;Chubascos dispersos;15/04/18
RYR7153;SDR;DUB;BOEING 737-800 WINGLETS;Chubascos dispersos;15/04/18
IBE0557;SDR;MAD;AIRBUS A319;Chubascos dispersos;15/04/18
VLG1591;SDR;BCN;AIRBUS A320;Chubascos dispersos;15/04/18
RYR6058;SDR;CRL;BOEING 737-800 WINGLETS;Chubascos dispersos;15/04/18
RYR7366;SDR;NRN;BOEING 737-800 WINGLETS;Chubascos dispersos;15/04/18
RYR2613;SDR;STN;BOEING 737-800 WINGLETS;Chubascos dispersos;15/04/18
IBE8529;PNA;MAD;BOMBARDIER CRJ-1000;Nubosidad variable;15/04/18
IBE8525;PNA;MAD;CANADAIR CRJ-900;Nubosidad variable;15/04/18
IBE8531;PNA;MAD;BOMBARDIER CRJ-1000;Nubosidad variable;15/04/18
IBE8529;PNA;MAD;BOMBARDIER CRJ-1000;Nubosidad variable;16/04/18
RYR4634;ZAZ;BGY;BOEING 737-800 WINGLETS;Nubes altas;15/04/18
EVE1606;ZAZ;SVQ;32A;Nubes altas;15/04/18
AEA2633;ZAZ;LEI;BOEING 737-800 WINGLETS;Nubes altas;15/04/18
RYR2635;ZAZ;STN;BOEING 737-800 WINGLETS;Nubes altas;15/04/18
HTY227;JCU;AGP;AWH;Nubes altas;15/04/18
HTY117;JCU;AEI;AWH;Nubes altas;15/04/18
HTY139;JCU;AEI;AWH;Nubes altas;15/04/18
HTY259;JCU;AGP;AWH;Nubes altas;15/04/18
VLG8036;BCN;ORY;AIRBUS A319;Despejado;15/04/18
THY1852;BCN;IST;BOEING 737-800 WINGLETS;Despejado;15/04/18
RYR6341;BCN;FCO;BOEING 737-800 WINGLETS;Despejado;15/04/18
AFR1449;BCN;CDG;AIRBUS A320;Despejado;15/04/18
RYR2918;BCN;BRU;BOEING 737-800 WINGLETS;Despejado;15/04/18
RYR6353;BCN;BGY;BOEING 737-800 WINGLETS;Despejado;15/04/18
RYR3063;BCN;TFN;BOEING 737-800 WINGLETS;Despejado;15/04/18
KLM1662;BCN;AMS;BOEING 737-700 WINGLETS;Despejado;15/04/18
IBS9530;VLL;PMI;AIRBUS A320;Chubascos dispersos;15/04/18
RYR2200;VLL;SVQ;BOEING 737-800 WINGLETS;Chubascos dispersos;15/04/18
EVE1128;VLL;SVQ;32A;Chubascos dispersos;15/04/18
RYR6321;VLL;BCN;BOEING 737-800 WINGLETS;Chubascos dispersos;15/04/18
VLG1585;VLL;BCN;AIRBUS A320;Chubascos dispersos;15/04/18
RYR1115;REU;DUB;BOEING 737-800 WINGLETS;Despejado;15/04/18
RYR9825;REU;LPL;BOEING 737-800 WINGLETS;Despejado;15/04/18
RYR9827;REU;HHN;BOEING 737-800 WINGLETS;Despejado;15/04/18
RYR8088;REU;BHX;BOEING 737-800 WINGLETS;Despejado;15/04/18
RYR2212;REU;EIN;BOEING 737-800 WINGLETS;Despejado;15/04/18
AEA7311;VGO;MAD;EMBRAER ERJ-195;Lluvia;15/04/18
IBE0531;VGO;MAD;AIRBUS A319;Lluvia;15/04/18
RYR242;VGO;DUB;BOEING 737-800 WINGLETS;Lluvia;15/04/18
RYR7132;VGO;BGY;BOEING 737-800 WINGLETS;Lluvia;15/04/18
AEA7315;VGO;MAD;EMBRAER ERJ-195;Lluvia;15/04/18
IBE0533;VGO;MAD;AIRBUS A319;Lluvia;15/04/18
LAV5464;VGO;TFN;BOEING 737-400;Lluvia;15/04/18
TAP1141;VGO;LIS;ATR-72;Lluvia;15/04/18
AEA7317;VGO;MAD;EMBRAER ERJ-195;Lluvia;15/04/18
IBE8262;AGP;MLN;ATR-72;Despejado;15/04/18
IBE8792;MAD;MLN;ATR-72;Nubes altas;15/04/18
IBE8790;MAD;MLN;ATR-72;Nubes altas;15/04/18
IBE8264;AGP;MLN;ATR-72;Despejado;15/04/18
IBE8270;AGP;MLN;ATR-72;Despejado;15/04/18
AEA5005;AGP;MLN;ATR-72;Despejado;15/04/18
IBE8798;MAD;MLN;ATR-72;Nubes altas;15/04/18
IBE8274;AGP;MLN;ATR-72;Despejado;15/04/18
IBE0410;MAD;XRY;AIRBUS A320;Nubes altas;15/04/18
VLG2286;BCN;XRY;AIRBUS A320;Despejado;15/04/18
RYR1283;BCN;XRY;BOEING 737-800 WINGLETS;Despejado;15/04/18
IBE0404;MAD;XRY;AIRBUS A319;Nubes altas;15/04/18
IBE0406;MAD;XRY;AIRBUS A319;Nubes altas;15/04/18
EVE1605;SVQ;ZAZ;32A;Nubes altas;15/04/18
AEA2634;LEI;ZAZ;BOEING 737-800 WINGLETS;Despejado;15/04/18
IBE8529;PNA;MAD;BOMBARDIER CRJ-1000;Nubosidad variable;15/04/18
SAS6002;AGP;ARN;32A;Despejado;15/04/18
RYR2575;AGP;EIN;BOEING 737-800 WINGLETS;Despejado;15/04/18
AEA1039;AGP;CDG;BOEING 737-800 WINGLETS;Despejado;15/04/18
RYR2577;AGP;VST;BOEING 737-800 WINGLETS;Despejado;15/04/18
VLG2454;AGP;IBZ;AIRBUS A320;Despejado;15/04/18
TAP1137;AGP;LIS;ATR-42/72;Despejado;15/04/18
VLG2608;AGP;BIO;AIRBUS A320;Despejado;15/04/18
VLG3146;AGP;FUE;AIRBUS A320;Despejado;15/04/18
RYR2531;AGP;BLL;BOEING 737-800 WINGLETS;Despejado;15/04/18
VLG9013;AGP;TLS;AIRBUS A320;Despejado;15/04/18
IBK5070;AGP;CPH;BOEING 737-800 WINGLETS;Despejado;15/04/18
VLG2150;AGP;BRU;AIRBUS A320;Despejado;15/04/18
IBK5020;AGP;OSL;BOEING 737-800 WINGLETS;Despejado;15/04/18
RYR5158;AGP;NCL;BOEING 737-800 WINGLETS;Despejado;15/04/18
IBE8524;MAD;PNA;CANADAIR CRJ-900;Nubes altas;15/04/18
IBE8532;MAD;PNA;BOMBARDIER CRJ-1000;Nubes altas;15/04/18
IBE8526;MAD;PNA;BOMBARDIER CRJ-1000;Nubes altas;15/04/18
IBE0511;LCG;MAD;AIRBUS A320;Lluvia;15/04/18
VLG3133;LCG;LPA;32A;Lluvia;15/04/18
VLG1295;LCG;BCN;AIRBUS A320;Lluvia;15/04/18
TAP1085;LCG;LIS;ATR-72;Lluvia;15/04/18
VLG1293;LCG;BCN;32A;Lluvia;15/04/18
AEA7234;LCG;MAD;EMBRAER ERJ-195;Lluvia;15/04/18
VLG1298;LCG;SVQ;32A;Lluvia;15/04/18
AEA7236;LCG;MAD;EMBRAER ERJ-195;Lluvia;15/04/18
IBE0523;LCG;MAD;AIRBUS A320;Lluvia;15/04/18
VLG7104;LCG;LHR;AIRBUS A320;Lluvia;15/04/18
EZY1514;PMI;GVA;32A;Nubes altas;15/04/18
EZY3501;PMI;STR;32A;Nubes altas;15/04/18
RYR9998;PMI;DUB;BOEING 737-800 WINGLETS;Nubes altas;15/04/18
RYR2052;PMI;MAD;BOEING 737-800 WINGLETS;Nubes altas;15/04/18
IBS3917;PMI;MAD;AIRBUS A320;Nubes altas;15/04/18
RYR6363;PMI;BCN;BOEING 737-800 WINGLETS;Nubes altas;15/04/18
IBK6632;PMI;TRF;BOEING 737-800 WINGLETS;Nubes altas;15/04/18
IBK6650;PMI;ARN;BOEING 737-800 WINGLETS;Nubes altas;15/04/18
RYR4511;PMI;KRK;BOEING 737-800 WINGLETS;Nubes altas;15/04/18
IBK6698;PMI;MUC;BOEING 737-800 WINGLETS;Nubes altas;15/04/18
RYR111;PMI;SXF;BOEING 737-800 WINGLETS;Nubes altas;15/04/18
RYR714;PMI;GOT;BOEING 737-800 WINGLETS;Nubes altas;15/04/18
AEA6006;PMI;BCN;EMBRAER ERJ-195;Nubes altas;15/04/18
VLG3915;PMI;BCN;AIRBUS A320;Nubes altas;15/04/18
IBE8639;GRX;MAD;BOMBARDIER CRJ-1000;Nubes altas;15/04/18
VLG2011;GRX;BCN;32B;Nubes altas;15/04/18
IBE8641;GRX;MAD;BOMBARDIER CRJ-1000;Nubes altas;15/04/18
EZY2676;GRX;MXP;AIRBUS A319;Nubes altas;15/04/18
VLG2021;GRX;BCN;32A;Nubes altas;15/04/18
AEA5200;GRX;PMI;EMBRAER ERJ-195;Nubes altas;15/04/18
VLG3932;GRX;PMI;AIRBUS A320;Nubes altas;15/04/18
IBE8645;GRX;MAD;BOMBARDIER CRJ-1000;Nubes altas;15/04/18
ENT513;GRX;ARN;BOEING 737-800 WINGLETS;Nubes altas;15/04/18
ENT574;GRX;ARN;BOEING 737-800;Nubes altas;15/04/18
IBE8649;GRX;MAD;BOMBARDIER CRJ-1000;Nubes altas;15/04/18
VLG2015;GRX;BCN;AIRBUS A320;Nubes altas;15/04/18
BAW3290;GRX;LCY;EMBRAER 190;Nubes altas;15/04/18
VLG2017;GRX;BCN;32B;Nubes altas;15/04/18
IBE8639;GRX;MAD;BOMBARDIER CRJ-1000;Nubes altas;16/04/18
AEA1005;VLC;CDG;BOEING 737-800 WINGLETS;Despejado;15/04/18
RYR7222;VLC;SCQ;BOEING 737-800 WINGLETS;Despejado;15/04/18
DLH1165;VLC;FRA;AIRBUS A321;Despejado;15/04/18
RYR9394;VLC;CRA;BOEING 737-800 WINGLETS;Despejado;15/04/18
VLG8152;VLC;ORY;AIRBUS A320;Despejado;15/04/18
IBE8840;VLC;SVQ;ATR-72;Despejado;15/04/18
RYR8725;VLC;BRI;BOEING 737-800 WINGLETS;Despejado;15/04/18
RYR2228;VLC;KRK;BOEING 737-800 WINGLETS;Despejado;15/04/18
AEA4004;VLC;PMI;ATR-72;Despejado;15/04/18
SWR2141;VLC;ZRH;AIRBUS A320;Despejado;15/04/18
RYR2986;VLC;BRU;BOEING 737-800 WINGLETS;Despejado;15/04/18
TRA6338;VLC;AMS;BOEING 737-700 WINGLETS;Despejado;15/04/18
IBE8993;VLC;MAD;CANADAIR CRJ-900;Despejado;15/04/18
EZY8550;MJV;LGW;AIRBUS A319;Despejado;15/04/18
EZY6014;MJV;BRS;AIRBUS A320;Despejado;15/04/18
RYR1925;MJV;EMA;BOEING 737-800 WINGLETS;Despejado;15/04/18
RYR4253;MJV;FRA;BOEING 737-800 WINGLETS;Despejado;15/04/18
EZY8552;MJV;LGW;AIRBUS A319;Despejado;15/04/18
RYR1940;MJV;EIN;BOEING 737-800 WINGLETS;Despejado;15/04/18
RYR4117;MJV;MAN;BOEING 737-800 WINGLETS;Despejado;15/04/18
EXS864;MJV;MAN;BOEING 737-800 WINGLETS;Despejado;15/04/18
RYR8027;MJV;STN;BOEING 737-800 WINGLETS;Despejado;15/04/18
RYR3453;MJV;LTN;BOEING 737-800 WINGLETS;Despejado;15/04/18
RYR7095;MJV;DUB;BOEING 737-800 WINGLETS;Despejado;15/04/18
HTY228;AGP;JCU;AWH;Despejado;15/04/18
HTY118;AEI;JCU;AWH;Despejado;15/04/18
HTY140;AEI;JCU;AWH;Despejado;15/04/18
HTY260;AGP;JCU;AWH;Despejado;17/04/18
RYR6384;BCN;SDR;BOEING 737-800 WINGLETS;Despejado;15/04/18
IBE0554;MAD;SDR;AIRBUS A319;Nubes altas;15/04/18
IBE0556;MAD;SDR;AIRBUS A319;Nubes altas;15/04/18
VLG1590;BCN;SDR;AIRBUS A320;Despejado;15/04/18
IBE8878;MAD;SDR;CANADAIR CRJ-900;Nubes altas;15/04/18
IBK5420;ALC;HEL;BOEING 737-800 WINGLETS;Despejado;15/04/18
VLG7396;ALC;ALG;32A;Despejado;15/04/18
IBK5350;ALC;ARN;BOEING 737-800 WINGLETS;Despejado;15/04/18
VLG8253;ALC;ORY;32A;Despejado;15/04/18
ANE8397;ALC;MAD;BOMBARDIER CRJ-1000;Despejado;15/04/18
RYR7522;ALC;EIN;BOEING 737-800 WINGLETS;Despejado;15/04/18
VLG7390;ALC;ORN;AIRBUS A320;Despejado;15/04/18
VLG1311;ALC;BCN;32A;Despejado;15/04/18
RYR4029;ALC;FCO;BOEING 737-800 WINGLETS;Despejado;15/04/18
IBK5320;ALC;OSL;BOEING 737-800 WINGLETS;Despejado;15/04/18
RYR8005;ALC;ABZ;BOEING 737-800 WINGLETS;Despejado;15/04/18
RYR2543;ALC;POZ;BOEING 737-800 WINGLETS;Despejado;15/04/18
RYR5578;ALC;EDI;BOEING 737-800 WINGLETS;Despejado;15/04/18
IBK5406;ALC;HAJ;BOEING 737-800 WINGLETS;Despejado;15/04/18
WZZ4414;ALC;SOF;AIRBUS A320;Despejado;15/04/18
VOE2613;ALC;LYS;BOEING 717;Despejado;15/04/18
AEA4025;ALC;PMI;ATR-72;Despejado;15/04/18
IBE8101;IBZ;PMI;BOMBARDIER CRJ-1000;Nubes altas;15/04/18
RYR3542;IBZ;EIN;BOEING 737-800 WINGLETS;Nubes altas;15/04/18
AEA1701;IBZ;PMI;ATR-72;Nubes altas;15/04/18
EWG3561;IBZ;HAJ;AIRBUS A319;Nubes altas;15/04/18
VLG2455;IBZ;AGP;AIRBUS A320;Nubes altas;15/04/18
RYR8137;IBZ;BCN;BOEING 737-800 WINGLETS;Nubes altas;15/04/18
VLG3541;IBZ;BCN;AIRBUS A320;Nubes altas;15/04/18
RYR5355;IBZ;MAD;BOEING 737-800 WINGLETS;Nubes altas;15/04/18
VLG3434;IBZ;MAD;AIRBUS A320;Nubes altas;15/04/18
EZY2692;IBZ;MXP;32A;Nubes altas;15/04/18
TRA5676;IBZ;AMS;BOEING 737-800 WINGLETS;Nubes altas;15/04/18
IBE8105;IBZ;PMI;CANADAIR CRJ-900;Nubes altas;15/04/18
TRA5690;IBZ;RTM;BOEING 737-700 WINGLETS;Nubes altas;15/04/18
RYR8333;IBZ;BGY;BOEING 737-800 WINGLETS;Nubes altas;15/04/18
RYR6419;IBZ;NRN;BOEING 737-800 WINGLETS;Nubes altas;15/04/18
VLG3515;IBZ;BCN;32A;Nubes altas;15/04/18
RYR6397;SVQ;BCN;BOEING 737-800 WINGLETS;Nubes altas;15/04/18
VLG2223;SVQ;BCN;AIRBUS A320;Nubes altas;15/04/18
RYR5262;SVQ;BVA;BOEING 737-800 WINGLETS;Nubes altas;15/04/18
VLG3256;SVQ;TFN;AIRBUS A320;Nubes altas;15/04/18
TAP1101;SVQ;LIS;ATR-42/72;Nubes altas;15/04/18
RYR2470;SVQ;FKB;BOEING 737-800 WINGLETS;Nubes altas;15/04/18
VLG2253;SVQ;BCN;AIRBUS A320;Nubes altas;15/04/18
VLG2507;SVQ;BIO;32A;Nubes altas;15/04/18
IBS3947;SVQ;MAD;AIRBUS A320;Nubes altas;15/04/18
TVF3101;SVQ;ORY;BOEING 737-800 WINGLETS;Nubes altas;15/04/18
VLG2211;SVQ;BCN;AIRBUS A320;Nubes altas;15/04/18
IBE8841;SVQ;VLC;ATR-72;Nubes altas;15/04/18
VLG2251;SVQ;BCN;32B;Nubes altas;15/04/18
VLG8830;SVQ;CDG;AIRBUS A320;Nubes altas;15/04/18
IBK5950;LPA;HAM;BOEING 737-800 WINGLETS;Cubierto de nubes altas y medias;15/04/18
IBS3835;LPA;MAD;AIRBUS A321;Cubierto de nubes altas y medias;15/04/18
RYR3804;LPA;MAN;BOEING 737-800 WINGLETS;Cubierto de nubes altas y medias;15/04/18
RYR2967;LPA;BUD;BOEING 737-800 WINGLETS;Cubierto de nubes altas y medias;15/04/18
RYR2535;LPA;LBA;BOEING 737-800 WINGLETS;Cubierto de nubes altas y medias;15/04/18
AEA9403;LPA;TFN;ATR-72;Cubierto de nubes altas y medias;15/04/18
AEA9431;LPA;FUE;ATR-72;Cubierto de nubes altas y medias;15/04/18
VLG3001;LPA;BCN;AIRBUS A321;Cubierto de nubes altas y medias;15/04/18
AEA9018;LPA;MAD;BOEING 737-800 WINGLETS;Cubierto de nubes altas y medias;15/04/18
IBB500;LPA;ACE;BOMBARDIER CRJ-1000;Cubierto de nubes altas y medias;15/04/18
IBB200;LPA;FUE;ATR-72;Cubierto de nubes altas y medias;15/04/18
VLG3184;LPA;ORY;AIRBUS A320;Cubierto de nubes altas y medias;15/04/18
TVS3705;LPA;CDG;BOEING 737-800 WINGLETS;Cubierto de nubes altas y medias;15/04/18
RYR1419;LPA;PSA;BOEING 737-800 WINGLETS;Cubierto de nubes altas y medias;15/04/18
IBK5804;LPA;MAD;BOEING 737-800 WINGLETS;Cubierto de nubes altas y medias;15/04/18
IBE8317;EAS;MAD;ATR-72;Nubes altas;15/04/18
VLG2487;EAS;BCN;AIRBUS A319;Nubes altas;15/04/18
IBE8319;EAS;MAD;ATR-72;Nubes altas;15/04/18
IBE8329;EAS;MAD;ATR-72;Nubes altas;15/04/18
IBE8315;EAS;MAD;ATR-72;Nubes altas;15/04/18
VLG2489;EAS;BCN;AIRBUS A319;Nubes altas;15/04/18
IBE8323;EAS;MAD;ATR-72;Nubes altas;15/04/18
IBB656;VDE;TFN;ATR-72;Nubes altas;15/04/18
IBB662;VDE;TFN;ATR-72;Nubes altas;15/04/18
IBB668;VDE;TFN;ATR-72;Nubes altas;15/04/18
IBB366;VDE;LPA;ATR-72;Nubes altas;15/04/18
CNF248;VDE;TFN;ATR-72;Nubes altas;15/04/18
IBB674;VDE;TFN;ATR-72;Nubes altas;15/04/18
IBS9528;PMI;VLL;AIRBUS A320;Nubes altas;15/04/18
RYR2199;SVQ;VLL;BOEING 737-800 WINGLETS;Nubes altas;15/04/18
EVE1127;SVQ;VLL;32A;Nubes altas;15/04/18
RYR6320;BCN;VLL;BOEING 737-800 WINGLETS;Despejado;15/04/18
VLG1584;BCN;VLL;AIRBUS A320;Despejado;15/04/18
IBB606;SPC;TFN;ATR-42/72;Cubierto de nubes altas y medias;15/04/18
IBB304;SPC;LPA;ATR-72;Cubierto de nubes altas y medias;15/04/18
CNF413;SPC;TFN;ATR-42/72;Cubierto de nubes altas y medias;15/04/18
IBB608;SPC;TFN;ATR-72;Cubierto de nubes altas y medias;15/04/18
TVS2434;SPC;CDG;BOEING 737-800 WINGLETS;Cubierto de nubes altas y medias;15/04/18
AEA9462;SPC;TFN;ATR-72;Cubierto de nubes altas y medias;15/04/18
CNF419;SPC;TFN;ATR-42/72;Cubierto de nubes altas y medias;15/04/18
IBB610;SPC;TFN;ATR-42/72;Cubierto de nubes altas y medias;15/04/18
AEA9464;SPC;TFN;ATR-72;Cubierto de nubes altas y medias;15/04/18
IBB620;SPC;TFN;ATR-42/72;Cubierto de nubes altas y medias;15/04/18
IBB622;SPC;TFN;ATR-72;Cubierto de nubes altas y medias;15/04/18
IBS3843;SPC;MAD;AIRBUS A320;Cubierto de nubes altas y medias;15/04/18
IBB630;SPC;TFN;ATR-42/72;Cubierto de nubes altas y medias;15/04/18
CNF453;SPC;TFN;ATR-72;Cubierto de nubes altas y medias;15/04/18
IBB312;SPC;LPA;BOMBARDIER CRJ-1000;Cubierto de nubes altas y medias;15/04/18
DE1407;SPC;FRA;BOEING 757-300 WINGLETS;Cubierto de nubes altas y medias;15/04/18
IBB632;SPC;TFN;ATR-42/72;Cubierto de nubes altas y medias;15/04/18
AEA9466;SPC;TFN;ATR-72;Cubierto de nubes altas y medias;15/04/18
IBB634;SPC;TFN;ATR-72;Cubierto de nubes altas y medias;15/04/18
IBB636;SPC;TFN;ATR-42/72;Cubierto de nubes altas y medias;15/04/18
AEA9480;SPC;TFN;ATR-72;Cubierto de nubes altas y medias;15/04/18
IBB316;SPC;LPA;ATR-42/72;Cubierto de nubes altas y medias;15/04/18
VLG2486;BCN;EAS;AIRBUS A319;Despejado;15/04/18
IBE8316;MAD;EAS;ATR-72;Nubes altas;15/04/18
IBE8322;MAD;EAS;ATR-72;Nubes altas;15/04/18
IBE8318;MAD;EAS;ATR-72;Nubes altas;15/04/18
VLG2488;BCN;EAS;AIRBUS A319;Despejado;15/04/18
IBE8326;MAD;EAS;ATR-72;Nubes altas;15/04/18
IBE8324;MAD;EAS;ATR-72;Nubes altas;15/04/18
RYR4579;SCQ;BGY;BOEING 737-800 WINGLETS;Lluvia;15/04/18
VLG3247;SCQ;TFN;AIRBUS A320;Lluvia;15/04/18
RYR7223;SCQ;VLC;BOEING 737-800 WINGLETS;Lluvia;15/04/18
RYR6333;SCQ;BCN;BOEING 737-800 WINGLETS;Lluvia;15/04/18
EZS1338;SCQ;GVA;AIRBUS A320;Lluvia;15/04/18
IBS3877;SCQ;MAD;AIRBUS A321;Lluvia;15/04/18
IBE8365;SCQ;PMI;CANADAIR CRJ-200;Lluvia;15/04/18
VLG1671;SCQ;BCN;32A;Lluvia;15/04/18
EZS1180;SCQ;BSL;AIRBUS A319;Lluvia;15/04/18
DLH1867;SCQ;MUC;AIRBUS A320;Lluvia;15/04/18
RYR3042;SCQ;SVQ;BOEING 737-800 WINGLETS;Lluvia;15/04/18
RYR8379;SCQ;STN;BOEING 737-800 WINGLETS;Lluvia;15/04/18
VLG1677;SCQ;BCN;AIRBUS A320;Lluvia;15/04/18
VLG2654;SCQ;AGP;AIRBUS A320;Lluvia;15/04/18
RYR8539;SCQ;ALC;BOEING 737-800 WINGLETS;Lluvia;15/04/18
IBS3879;SCQ;MAD;AIRBUS A320;Lluvia;15/04/18
RYR724;SCQ;PMI;BOEING 737-800 WINGLETS;Lluvia;15/04/18
VLG8222;SCQ;CDG;AIRBUS A320;Lluvia;15/04/18
VLG1294;BCN;LCG;AIRBUS A320;Despejado;15/04/18
VLG1292;BCN;LCG;32A;Despejado;15/04/18
AEA7233;MAD;LCG;EMBRAER ERJ-195;Nubes altas;15/04/18
LZF441;BIO;LCG;ATR 42-300/320;Nubosidad variable;15/04/18
VLG3132;LPA;LCG;AIRBUS A320;Cubierto de nubes altas y medias;15/04/18
AEA7235;MAD;LCG;EMBRAER ERJ-195;Nubes altas;15/04/18
IBE0524;MAD;LCG;AIRBUS A319;Nubes altas;15/04/18
VLG3215;TFN;BCN;32B;Despejado;15/04/18
IBS3945;TFN;MAD;AIRBUS A320;Despejado;15/04/18
IBB452;TFN;ACE;ATR-42/72;Despejado;15/04/18
IBB414;TFN;FUE;ATR-42/72;Despejado;15/04/18
IBK6378;TFN;MAD;BOEING 737-800 WINGLETS;Despejado;15/04/18
AEA9045;TFN;MAD;BOEING 737-800 WINGLETS;Despejado;15/04/18
AEA7007;TFN;BIO;BOEING 737-800 WINGLETS;Despejado;15/04/18
IBB605;TFN;SPC;ATR-42/72;Despejado;15/04/18
CNF412;TFN;SPC;ATR-42/72;Despejado;15/04/18
IBB655;TFN;VDE;ATR-72;Despejado;15/04/18
IBB607;TFN;SPC;ATR-42/72;Despejado;15/04/18
IBB102;TFN;LPA;BOMBARDIER CRJ-1000;Despejado;15/04/18
AEA9461;TFN;SPC;ATR-72;Despejado;15/04/18
VLG3257;TFN;SVQ;AIRBUS A320;Despejado;15/04/18
IBB108;TFN;LPA;ATR-72;Despejado;15/04/18
RYR6363;PMI;BCN;BOEING 737-800 WINGLETS;Nubes altas;15/04/18
AEA6006;PMI;BCN;EMBRAER ERJ-195;Nubes altas;15/04/18
VLG3915;PMI;BCN;AIRBUS A320;Nubes altas;15/04/18
VLG1311;ALC;BCN;32A;Despejado;15/04/18
VLG1431;BIO;BCN;32A;Nubosidad variable;15/04/18
VOE3410;BIO;VIE;BOEING 717;Nubosidad variable;15/04/18
KLM1684;BIO;AMS;EMBRAER 190;Nubosidad variable;15/04/18
DLH1147;BIO;FRA;32A;Nubosidad variable;15/04/18
VLG2508;BIO;SVQ;32A;Nubosidad variable;15/04/18
VLG1431;BIO;BCN;32A;Nubosidad variable;15/04/18
VLG3280;BIO;ACE;AIRBUS A320;Nubosidad variable;15/04/18
AFR1377;BIO;CDG;EMBRAER 190;Nubosidad variable;15/04/18
TAP1065;BIO;LIS;ATR-42/72;Nubosidad variable;15/04/18
DLH1829;BIO;MUC;AIRBUS A319;Nubosidad variable;15/04/18
VLG3800;BIO;MAH;32A;Nubosidad variable;15/04/18
IBE0435;BIO;MAD;AIRBUS A319;Nubosidad variable;15/04/18
IBE8356;BIO;SCQ;CANADAIR CRJ-200;Nubosidad variable;15/04/18
AEA7156;BIO;MAD;EMBRAER ERJ-195;Nubosidad variable;15/04/18
RYR3493;ACE;SXF;BOEING 737-800 WINGLETS;Nubes altas;15/04/18
RYR3812;ACE;LPL;BOEING 737-800 WINGLETS;Nubes altas;15/04/18
RYR4002;ACE;BGY;BOEING 737-800 WINGLETS;Nubes altas;15/04/18
IBB501;ACE;LPA;BOMBARDIER CRJ-1000;Nubes altas;15/04/18
IBB453;ACE;TFN;ATR-42/72;Nubes altas;15/04/18
CNF704;ACE;LPA;ATR-72;Nubes altas;15/04/18
VLG3281;ACE;BIO;AIRBUS A320;Nubes altas;15/04/18
TRA5686;ACE;AMS;BOEING 737-800 WINGLETS;Nubes altas;15/04/18
RYR1587;ACE;FRA;BOEING 737-800 WINGLETS;Nubes altas;15/04/18
BEL3788;ACE;BRU;AIRBUS A320;Nubes altas;15/04/18
LGL742;ACE;LUX;BOEING 737-800 WINGLETS;Nubes altas;15/04/18
AEA9076;ACE;MAD;BOEING 737-800 WINGLETS;Nubes altas;15/04/18
TUI2843;ACE;MUC;BOEING 737-800 WINGLETS;Nubes altas;15/04/18
RYR4896;ACE;BLQ;BOEING 737-800 WINGLETS;Nubes altas;15/04/18
AEA9448;ACE;LPA;ATR-72;Nubes altas;15/04/18
TUI2293;ACE;DUS;BOEING 737-800 WINGLETS;Nubes altas;15/04/18
TUI2189;ACE;HAJ;BOEING 737-800 WINGLETS;Nubes altas;15/04/18
IBB505;ACE;LPA;BOMBARDIER CRJ-1000;Nubes altas;15/04/18
TOM6739;ACE;EXT;BOEING 737-800 WINGLETS;Nubes altas;15/04/18
IBE8481;MAH;PMI;BOMBARDIER CRJ-1000;Abertura de claros;15/04/18
IBE8951;MAH;MAD;BOMBARDIER CRJ-1000;Abertura de claros;15/04/18
AAL8615;MAH;MAD;BOMBARDIER CRJ-1000;Abertura de claros;15/04/18
IBE8495;MAH;PMI;ATR-42/72;Abertura de claros;15/04/18
VLG3713;MAH;BCN;AIRBUS A320;Abertura de claros;15/04/18
IBE8483;MAH;PMI;BOMBARDIER CRJ-1000;Abertura de claros;15/04/18
VLG3801;MAH;BIO;32A;Abertura de claros;15/04/18
VLG3715;MAH;BCN;AIRBUS A320;Abertura de claros;15/04/18
IBE8662;MAH;BIO;BOMBARDIER CRJ-1000;Abertura de claros;15/04/18
AEA4532;MAH;PMI;ATR-72;Abertura de claros;15/04/18
IBE8957;MAH;MAD;BOMBARDIER CRJ-1000;Abertura de claros;15/04/18
IBE8499;MAH;PMI;ATR-42/72;Abertura de claros;15/04/18
AEA4530;MAH;PMI;ATR-72;Abertura de claros;15/04/18
IBE8491;MAH;PMI;CANADAIR CRJ-200;Abertura de claros;15/04/18
IBE8493;MAH;PMI;BOMBARDIER CRJ-1000;Abertura de claros;15/04/18
RYR6882;MAH;BCN;BOEING 737-800 WINGLETS;Abertura de claros;15/04/18
IBE8029;MAH;MAD;CANADAIR CRJ-900;Abertura de claros;15/04/18
VLG3709;MAH;BCN;AIRBUS A320;Abertura de claros;15/04/18
VLG1572;OVD;BCN;AIRBUS A320;Cubierto de nubes altas y medias;15/04/18
VOE3584;OVD;ALC;BOEING 717;Cubierto de nubes altas y medias;15/04/18
IBS3981;OVD;MAD;AIRBUS A320;Cubierto de nubes altas y medias;15/04/18
VLG1574;OVD;BCN;AIRBUS A320;Cubierto de nubes altas y medias;15/04/18
IBE0479;OVD;MAD;32A;Cubierto de nubes altas y medias;15/04/18
EZY3084;OVD;STN;AIRBUS A319;Cubierto de nubes altas y medias;15/04/18
IBE8335;OVD;VLC;CANADAIR CRJ-200;Cubierto de nubes altas y medias;15/04/18
IBE0475;OVD;MAD;AIRBUS A321;Cubierto de nubes altas y medias;15/04/18
IBE8332;OVD;PMI;CANADAIR CRJ-200;Cubierto de nubes altas y medias;15/04/18
VLG3865;OVD;PMI;AIRBUS A320;Cubierto de nubes altas y medias;15/04/18
VOE3925;OVD;AGP;BOEING 717;Cubierto de nubes altas y medias;15/04/18
IBE0487;OVD;MAD;AIRBUS A321;Cubierto de nubes altas y medias;15/04/18
VLG1578;OVD;BCN;AIRBUS A320;Cubierto de nubes altas y medias;15/04/18
VOE3831;OVD;SVQ;BOEING 717;Cubierto de nubes altas y medias;15/04/18
TAP1113;OVD;LIS;ATR-72;Cubierto de nubes altas y medias;15/04/18
IBE0481;OVD;MAD;32A;Cubierto de nubes altas y medias;15/04/18
IBB655;TFN;VDE;ATR-72;Despejado;15/04/18
IBB659;TFN;VDE;ATR-72;Despejado;15/04/18
IBB663;TFN;VDE;ATR-72;Despejado;15/04/18
IBB365;LPA;VDE;ATR-72;Cubierto de nubes altas y medias;15/04/18
CNF247;TFN;VDE;ATR-42/72;Despejado;15/04/18
IBB673;TFN;VDE;ATR-72;Despejado;15/04/18
RYR9123;GRO;EIN;BOEING 737-800 WINGLETS;Nubes altas;15/04/18
RYR7083;GRO;OMR;BOEING 737-800 WINGLETS;Nubes altas;15/04/18
RYR9555;GRO;FMM;BOEING 737-800 WINGLETS;Nubes altas;15/04/18
RYR6901;GRO;CRL;BOEING 737-800 WINGLETS;Nubes altas;15/04/18
RYR9305;GRO;LPL;BOEING 737-800 WINGLETS;Nubes altas;15/04/18
RYR9172;GRO;WRO;BOEING 737-800 WINGLETS;Nubes altas;15/04/18
RYR4125;GRO;HHN;BOEING 737-800 WINGLETS;Nubes altas;15/04/18
RYR7037;GRO;DUB;BOEING 737-800 WINGLETS;Nubes altas;15/04/18
RYR9364;GRO;PSR;BOEING 737-800 WINGLETS;Nubes altas;15/04/18
RYR9241;GRO;PSA;BOEING 737-800 WINGLETS;Nubes altas;15/04/18
RYR9803;GRO;STN;BOEING 737-800 WINGLETS;Nubes altas;15/04/18
PBD832;GRO;VKO;BOEING 737-800 WINGLETS;Nubes altas;15/04/18
RYR9211;GRO;FKB;BOEING 737-800 WINGLETS;Nubes altas;15/04/18
RYR9335;GRO;BRS;BOEING 737-800 WINGLETS;Nubes altas;15/04/18
RYR4482;GRO;RIX;BOEING 737-800 WINGLETS;Nubes altas;15/04/18
RYR5122;GRO;POZ;BOEING 737-800 WINGLETS;Nubes altas;15/04/18
RYR9303;GRO;EDI;BOEING 737-800 WINGLETS;Nubes altas;15/04/18
RYR1131;GRO;EMA;BOEING 737-800 WINGLETS;Nubes altas;15/04/18
RYR6903;GRO;CRL;BOEING 737-800 WINGLETS;Nubes altas;15/04/18
RYR6391;GRO;NRN;BOEING 737-800 WINGLETS;Nubes altas;15/04/18
TRA5766;GRO;AMS;BOEING 737-800 WINGLETS;Nubes altas;15/04/18
RYR2201;GRO;KRK;BOEING 737-800 WINGLETS;Nubes altas;16/04/18
RYR9026;GRO;BTS;BOEING 737-800 WINGLETS;Nubes altas;16/04/18
RYR6901;GRO;CRL;BOEING 737-800 WINGLETS;Nubes altas;16/04/18
IBB203;FUE;LPA;ATR-72;Nubes altas;15/04/18
AEA9432;FUE;LPA;ATR-72;Nubes altas;15/04/18
IBB415;FUE;TFN;ATR-42/72;Nubes altas;15/04/18
VLG3147;FUE;AGP;AIRBUS A320;Nubes altas;15/04/18
ENT898;FUE;CDG;BOEING 737-800;Nubes altas;15/04/18
ENT893;FUE;LYS;BOEING 737-800;Nubes altas;15/04/18
CNF804;FUE;LPA;ATR-42/72;Nubes altas;15/04/18
OLY727;FUE;ZRH;AIRBUS A321;Nubes altas;15/04/18
TVS3499;FUE;LYS;BOEING 737-800 WINGLETS;Nubes altas;15/04/18
TVS3427;FUE;RNS;BOEING 737-800 WINGLETS;Nubes altas;15/04/18
EDW213;FUE;ZRH;AIRBUS A320;Nubes altas;15/04/18
TRA6706;FUE;AMS;BOEING 737-800 WINGLETS;Nubes altas;15/04/18
RYR8627;FUE;NRN;BOEING 737-800 WINGLETS;Nubes altas;15/04/18
EWG1813;FUE;MUC;32A;Nubes altas;15/04/18
LGL734;FUE;LUX;BOEING 737-800 WINGLETS;Nubes altas;15/04/18
IBB211;FUE;LPA;ATR-42/72;Nubes altas;15/04/18
RYR8183;FUE;STN;BOEING 737-800 WINGLETS;Nubes altas;15/04/18
IBB423;FUE;TFN;ATR-42/72;Nubes altas;15/04/18
LLC6703;FUE;LYS;AIRBUS A320;Nubes altas;15/04/18
CNF810;FUE;LPA;ATR-72;Nubes altas;15/04/18
LLX5572;FUE;DUS;AIRBUS A320;Nubes altas;15/04/18
AEA4063;MAD;VLC;ATR-72;Nubes altas;15/04/18
RYR7223;SCQ;VLC;BOEING 737-800 WINGLETS;Lluvia;15/04/18
IBE8841;SVQ;VLC;ATR-72;Nubes altas;15/04/18
AEA4005;PMI;VLC;ATR-72;Nubes altas;15/04/18
BEL3776;LEI;BRU;AIRBUS A320;Despejado;15/04/18
EZY8164;LEI;LGW;AIRBUS A319;Despejado;15/04/18
IBE8595;LEI;MAD;BOMBARDIER CRJ-1000;Despejado;15/04/18
AEA2634;LEI;ZAZ;BOEING 737-800 WINGLETS;Despejado;15/04/18
IBE8213;LEI;PMI;CANADAIR CRJ-200;Despejado;15/04/18
VLG1252;LEI;BCN;AIRBUS A320;Despejado;15/04/18
IBE8577;LEI;MAD;CANADAIR CRJ-900;Despejado;15/04/18
AEA2888;LEI;BCN;BOEING 737-800 WINGLETS;Despejado;15/04/18
IBE8589;LEI;MAD;CANADAIR CRJ-200;Despejado;15/04/18
IBE8601;LEI;MAD;BOMBARDIER CRJ-1000;Despejado;15/04/18
AEA2648;LEI;BCN;BOEING 737-800 WINGLETS;Despejado;15/04/18
IBE8932;LEI;SVQ;CANADAIR CRJ-200;Despejado;15/04/18
IBE8930;LEI;SVQ;CANADAIR CRJ-200;Despejado;16/04/18
IBE8603;LEI;MAD;BOMBARDIER CRJ-1000;Despejado;16/04/18
AEA4047;MAD;ALC;ATR-72;Nubes altas;15/04/18
ANE8390;MAD;ALC;BOMBARDIER CRJ-1000;Despejado;17/04/18
VOE3584;OVD;ALC;BOEING 717;Cubierto de nubes altas y medias;15/04/18
AEA7161;MAD;BIO;EMBRAER ERJ-195;Nubes altas;15/04/18
VLG2608;AGP;BIO;AIRBUS A320;Despejado;15/04/18
VLG1418;BCN;BIO;AIRBUS A320;Despejado;15/04/18
IBS9522;PMI;BIO;AIRBUS A320;Nubes altas;15/04/18
VLG1432;BCN;BIO;AIRBUS A320;Despejado;15/04/18
VLG2507;SVQ;BIO;32A;Nubes altas;15/04/18
IBE8693;PMI;BIO;BOMBARDIER CRJ-1000;Despejado;17/04/18
VLG3801;MAH;BIO;32A;Abertura de claros;15/04/18
VLG2010;BCN;GRX;32B;Despejado;15/04/18
IBE8640;MAD;GRX;BOMBARDIER CRJ-1000;Nubes altas;15/04/18
VLG2020;BCN;GRX;32A;Despejado;15/04/18
AEA5201;PMI;GRX;EMBRAER ERJ-195;Nubes altas;15/04/18
VLG3933;PMI;GRX;AIRBUS A320;Nubes altas;15/04/18
IBE8646;MAD;GRX;BOMBARDIER CRJ-1000;Nubes altas;15/04/18
IBE8642;MAD;GRX;BOMBARDIER CRJ-1000;Nubes altas;15/04/18
VLG2014;BCN;GRX;AIRBUS A320;Despejado;15/04/18
VLG2016;BCN;GRX;32B;Despejado;15/04/18
IBE8648;MAD;GRX;BOMBARDIER CRJ-1000;Nubes altas;15/04/18
VLG6792;TFS;LYS;32A;Despejado;15/04/18
RYR2545;TFS;NCL;BOEING 737-800 WINGLETS;Despejado;15/04/18
RYR1513;TFS;BVA;BOEING 737-800 WINGLETS;Despejado;15/04/18
RYR4514;TFS;KRK;BOEING 737-800 WINGLETS;Despejado;15/04/18
IBS3927;TFS;MAD;32A;Despejado;15/04/18
RYR2561;TFS;BFS;BOEING 737-800 WINGLETS;Despejado;15/04/18
DK1409;TFS;ORB;32B;Despejado;15/04/18
IBK6420;TFS;OSL;BOEING 737-800 WINGLETS;Despejado;15/04/18
TOM5751;TFS;NWI;BOEING 737-800 WINGLETS;Despejado;15/04/18
OLY726;TFS;FUE;AIRBUS A321;Despejado;15/04/18
RYR2914;TFS;MAD;BOEING 737-800 WINGLETS;Despejado;15/04/18
IBK6450;TFS;ARN;BOEING 737-800 WINGLETS;Despejado;15/04/18
ENT951C;TFS;LYS;BOEING 737-800 WINGLETS;Despejado;15/04/18
IBK6500;TFS;HAM;BOEING 737-800 WINGLETS;Despejado;15/04/18
OLY745;TFS;ZRH;AIRBUS A321;Despejado;15/04/18
BEL1652;TFS;BRU;AIRBUS A320;Despejado;15/04/18
JAF7114;TFS;BRU;BOEING 737-800 WINGLETS;Despejado;15/04/18
JAF7866;TFS;CDG;BOEING 737-800 WINGLETS;Despejado;15/04/18
EWG253;TFS;CGN;BOEING 737-800 WINGLETS;Despejado;15/04/18
EDW215;TFS;ZRH;AIRBUS A320;Despejado;15/04/18
VLG3928;BCN;PMI;AIRBUS A320;Despejado;15/04/18
ANE8481;MAH;PMI;BOMBARDIER CRJ-1000;Despejado;17/04/18
ANE8101;IBZ;PMI;BOMBARDIER CRJ-1000;Despejado;17/04/18
VLG3902;BCN;PMI;32B;Despejado;15/04/18
AEA1701;IBZ;PMI;ATR-72;Nubes altas;15/04/18
VLG2454;AGP;IBZ;AIRBUS A320;Despejado;15/04/18
RYR8136;BCN;IBZ;BOEING 737-800 WINGLETS;Despejado;15/04/18
VLG3540;BCN;IBZ;AIRBUS A320;Despejado;15/04/18
RYR5354;MAD;IBZ;BOEING 737-800 WINGLETS;Nubes altas;15/04/18
VLG3447;MAD;IBZ;AIRBUS A320;Nubes altas;15/04/18
IBE8104;PMI;IBZ;BOMBARDIER CRJ-1000;Despejado;17/04/18
AEA1702;PMI;IBZ;ATR-72;Nubes altas;15/04/18
VLG3508;BCN;IBZ;32A;Despejado;15/04/18
IBE8106;PMI;IBZ;ATR-42/72;Despejado;17/04/18
IBS3866;MAD;AGP;32A;Nubes altas;15/04/18
AEA5035;MAD;AGP;ATR-72;Nubes altas;15/04/18
IBE8261;MLN;AGP;ATR-72;Despejado;15/04/18
VLG2115;BCN;AGP;32B;Despejado;15/04/18
VLG2455;IBZ;AGP;AIRBUS A320;Nubes altas;15/04/18
RYR7222;VLC;SCQ;BOEING 737-800 WINGLETS;Despejado;15/04/18
RYR6332;BCN;SCQ;BOEING 737-800 WINGLETS;Despejado;15/04/18
IBS3876;MAD;SCQ;AIRBUS A321;Nubes altas;15/04/18
IBE8356;BIO;SCQ;CANADAIR CRJ-200;Nubosidad variable;15/04/18
VLG1670;BCN;SCQ;32A;Despejado;15/04/18
RYR3041;SVQ;SCQ;BOEING 737-800 WINGLETS;Nubes altas;15/04/18
VLG3246;TFN;SCQ;AIRBUS A320;Despejado;15/04/18
VLG2655;AGP;SCQ;AIRBUS A320;Despejado;15/04/18
RYR8538;ALC;SCQ;BOEING 737-800 WINGLETS;Despejado;15/04/18
IBS3878;MAD;SCQ;AIRBUS A320;Nubes altas;15/04/18
VLG1676;BCN;SCQ;AIRBUS A320;Despejado;15/04/18
AEA2629;BCN;SCQ;BOEING 737-800 WINGLETS;Despejado;15/04/18
VLG1672;BCN;SCQ;32A;Despejado;15/04/18
VLG2508;BIO;SVQ;32A;Nubosidad variable;15/04/18
IBS3954;MAD;SVQ;32A;Nubes altas;15/04/18
VLG2212;BCN;SVQ;AIRBUS A320;Despejado;15/04/18
IBE8840;VLC;SVQ;ATR-72;Despejado;15/04/18
VLG2216;BCN;SVQ;32B;Despejado;15/04/18
RYR6396;BCN;SVQ;BOEING 737-800 WINGLETS;Despejado;15/04/18
VLG2224;BCN;SVQ;AIRBUS A320;Despejado;15/04/18
VLG2252;BCN;SVQ;AIRBUS A320;Despejado;15/04/18
VLG3257;TFN;SVQ;AIRBUS A320;Despejado;15/04/18
IBS3950;MAD;SVQ;32A;Nubes altas;15/04/18
EVE1606;ZAZ;SVQ;32A;Nubes altas;15/04/18
RYR3042;SCQ;SVQ;BOEING 737-800 WINGLETS;Lluvia;15/04/18
VLG2510;BIO;SVQ;AIRBUS A320;Nubosidad variable;15/04/18
IBB102;TFN;LPA;BOMBARDIER CRJ-1000;Despejado;15/04/18
VLG3133;LCG;LPA;32A;Lluvia;15/04/18
IBB203;FUE;LPA;ATR-72;Nubes altas;15/04/18
AEA9432;FUE;LPA;ATR-72;Nubes altas;15/04/18
AEA9156;MAD;LPA;BOEING 737-800 WINGLETS;Nubes altas;15/04/18
IBB501;ACE;LPA;BOMBARDIER CRJ-1000;Nubes altas;15/04/18
CNF704;ACE;LPA;ATR-72;Nubes altas;15/04/18
IBB108;TFN;LPA;ATR-72;Despejado;15/04/18
IBB304;SPC;LPA;ATR-72;Cubierto de nubes altas y medias;15/04/18
CNF804;FUE;LPA;ATR-42/72;Nubes altas;15/04/18
VLG1573;BCN;OVD;AIRBUS A320;Despejado;15/04/18
IBE8334;VLC;OVD;CANADAIR CRJ-200;Despejado;15/04/18
IBE0488;MAD;OVD;AIRBUS A321;Nubes altas;15/04/18
IBE8333;PMI;OVD;CANADAIR CRJ-200;Despejado;17/04/18
VLG1579;BCN;OVD;AIRBUS A320;Despejado;15/04/18
VOE3585;ALC;OVD;BOEING 717;Despejado;15/04/18
IBE0476;MAD;OVD;AIRBUS A320;Nubes altas;15/04/18
VLG3864;PMI;OVD;AIRBUS A320;Nubes altas;15/04/18
VOE3924;AGP;OVD;BOEING 717;Despejado;15/04/18
IBE0480;MAD;OVD;AIRBUS A320;Nubes altas;15/04/18
IBE0482;MAD;OVD;AIRBUS A320;Nubes altas;15/04/18
VOE3830;SVQ;OVD;BOEING 717;Nubes altas;15/04/18
VLG1571;BCN;OVD;AIRBUS A320;Despejado;15/04/18
IBE8594;MAD;LEI;BOMBARDIER CRJ-1000;Nubes altas;15/04/18
AEA2887;BCN;LEI;BOEING 737-800 WINGLETS;Despejado;15/04/18
VLG1251;BCN;LEI;AIRBUS A320;Despejado;15/04/18
IBE8598;MAD;LEI;CANADAIR CRJ-900;Nubes altas;15/04/18
AEA2633;ZAZ;LEI;BOEING 737-800 WINGLETS;Nubes altas;15/04/18
IBE8212;PMI;LEI;CANADAIR CRJ-200;Despejado;17/04/18
IBE8592;MAD;LEI;BOMBARDIER CRJ-1000;Nubes altas;15/04/18
AEA2647;BCN;LEI;BOEING 737-800 WINGLETS;Despejado;15/04/18
IBE8588;MAD;LEI;CANADAIR CRJ-200;Nubes altas;15/04/18
IBE8933;SVQ;LEI;CANADAIR CRJ-200;Nubes altas;15/04/18
IBE8600;MAD;LEI;BOMBARDIER CRJ-1000;Nubes altas;15/04/18
IBE8494;PMI;MAH;ATR-42/72;Despejado;17/04/18
VLG3712;BCN;MAH;AIRBUS A320;Despejado;15/04/18
IBE8480;PMI;MAH;BOMBARDIER CRJ-1000;Despejado;17/04/18
VLG3800;BIO;MAH;32A;Nubosidad variable;15/04/18
VLG3714;BCN;MAH;AIRBUS A320;Despejado;15/04/18
IBE8482;PMI;MAH;BOMBARDIER CRJ-1000;Despejado;17/04/18
AEA4537;PMI;MAH;ATR-72;Nubes altas;15/04/18
IBE8956;MAD;MAH;BOMBARDIER CRJ-1000;Nubes altas;15/04/18
AAL8564;MAD;MAH;BOMBARDIER CRJ-1000;Nubes altas;15/04/18
IBE8498;PMI;MAH;ATR-42/72;Despejado;17/04/18
IBE8663;BIO;MAH;BOMBARDIER CRJ-1000;Nubosidad variable;15/04/18
AEA4531;PMI;MAH;ATR-72;Nubes altas;15/04/18
IBE8488;PMI;MAH;CANADAIR CRJ-200;Despejado;17/04/18
IBE8024;MAD;MAH;CANADAIR CRJ-900;Nubes altas;15/04/18
RYR6881;BCN;MAH;BOEING 737-800 WINGLETS;Despejado;15/04/18
VLG3716;BCN;MAH;AIRBUS A320;Despejado;15/04/18
VLG3700;BCN;MAH;AIRBUS A320;Despejado;15/04/18
IBB500;LPA;ACE;BOMBARDIER CRJ-1000;Cubierto de nubes altas y medias;15/04/18
IBB452;TFN;ACE;ATR-42/72;Despejado;15/04/18
CNF703;LPA;ACE;ATR-72;Cubierto de nubes altas y medias;15/04/18
VLG3280;BIO;ACE;AIRBUS A320;Nubosidad variable;15/04/18
AEA9073;MAD;ACE;BOEING 737-800 WINGLETS;Nubes altas;15/04/18
AEA9447;LPA;ACE;ATR-72;Cubierto de nubes altas y medias;15/04/18
IBB510;LPA;ACE;BOMBARDIER CRJ-1000;Cubierto de nubes altas y medias;15/04/18
IBB605;TFN;SPC;ATR-42/72;Despejado;15/04/18
IBB309;LPA;SPC;ATR-72;Cubierto de nubes altas y medias;15/04/18
CNF412;TFN;SPC;ATR-42/72;Despejado;15/04/18
IBB607;TFN;SPC;ATR-42/72;Despejado;15/04/18
AEA9461;TFN;SPC;ATR-72;Despejado;15/04/18
CNF418;TFN;SPC;ATR-42/72;Despejado;15/04/18
IBB615;TFN;SPC;ATR-42/72;Despejado;15/04/18
AEA9463;TFN;SPC;ATR-72;Despejado;15/04/18
IBB619;TFN;SPC;ATR-42/72;Despejado;15/04/18
IBB621;TFN;SPC;ATR-42/72;Despejado;15/04/18
IBS3842;MAD;SPC;AIRBUS A320;Nubes altas;15/04/18
IBB629;TFN;SPC;ATR-42/72;Despejado;15/04/18
CNF452;TFN;SPC;ATR-72;Despejado;15/04/18
IBB311;LPA;SPC;BOMBARDIER CRJ-1000;Cubierto de nubes altas y medias;15/04/18
IBB631;TFN;SPC;ATR-42/72;Despejado;15/04/18
AEA9465;TFN;SPC;ATR-72;Despejado;15/04/18
IBB633;TFN;SPC;ATR-42/72;Despejado;15/04/18
IBB623;TFN;SPC;ATR-42/72;Despejado;15/04/18
IBB315;LPA;SPC;ATR-72;Cubierto de nubes altas y medias;15/04/18
AEA9479;TFN;SPC;ATR-72;Despejado;15/04/18
IBB637;TFN;SPC;ATR-42/72;Despejado;15/04/18
AEA9403;LPA;TFN;ATR-72;Cubierto de nubes altas y medias;15/04/18
VLG3256;SVQ;TFN;AIRBUS A320;Nubes altas;15/04/18
IBB107;LPA;TFN;ATR-72;Cubierto de nubes altas y medias;15/04/18
VLG3247;SCQ;TFN;AIRBUS A320;Lluvia;15/04/18
RYR3063;BCN;TFN;BOEING 737-800 WINGLETS;Despejado;15/04/18
AEA9059;MAD;TFN;AIRBUS A330-200;Nubes altas;15/04/18
IBB606;SPC;TFN;ATR-42/72;Cubierto de nubes altas y medias;15/04/18
IBB415;FUE;TFN;ATR-42/72;Nubes altas;15/04/18
RYR5278;MAD;TFN;BOEING 737-800 WINGLETS;Nubes altas;15/04/18
IBB453;ACE;TFN;ATR-42/72;Nubes altas;15/04/18
CNF413;SPC;TFN;ATR-42/72;Cubierto de nubes altas y medias;15/04/18
IBB608;SPC;TFN;ATR-72;Cubierto de nubes altas y medias;15/04/18
IBB119;LPA;TFN;BOMBARDIER CRJ-1000;Cubierto de nubes altas y medias;15/04/18
IBB656;VDE;TFN;ATR-72;Nubes altas;15/04/18
AEA9462;SPC;TFN;ATR-72;Cubierto de nubes altas y medias;15/04/18
IBB109;LPA;TFN;ATR-72;Cubierto de nubes altas y medias;15/04/18
IBS3942;MAD;TFN;32A;Nubes altas;15/04/18
IBB650;GMZ;TFN;ATR-72;Nubes altas;15/04/18
CNF419;SPC;TFN;ATR-42/72;Cubierto de nubes altas y medias;15/04/18
IBB610;SPC;TFN;ATR-42/72;Cubierto de nubes altas y medias;15/04/18
IBB6810;LPA;TFN;BOMBARDIER CRJ-1000;Cubierto de nubes altas y medias;15/04/18
AEA9431;LPA;FUE;ATR-72;Cubierto de nubes altas y medias;15/04/18
IBB200;LPA;FUE;ATR-72;Cubierto de nubes altas y medias;15/04/18
IBB414;TFN;FUE;ATR-42/72;Despejado;15/04/18
VLG3146;AGP;FUE;AIRBUS A320;Despejado;15/04/18
CNF803;LPA;FUE;ATR-72;Cubierto de nubes altas y medias;15/04/18
OLY726;TFS;FUE;AIRBUS A321;Despejado;15/04/18
IBB210;LPA;FUE;ATR-72;Cubierto de nubes altas y medias;15/04/18
IBB422;TFN;FUE;ATR-42/72;Despejado;15/04/18
CNF809;LPA;FUE;ATR-72;Cubierto de nubes altas y medias;15/04/18
RYR2913;MAD;TFS;BOEING 737-800 WINGLETS;Nubes altas;15/04/18
IBB123;LPA;TFS;ATR-72;Cubierto de nubes altas y medias;15/04/18
RYR5538;VIT;BGY;BOEING 737-800 WINGLETS;Abertura de claros;15/04/18
IBB650;GMZ;TFN;ATR-72;Nubes altas;15/04/18
IBB652;GMZ;TFN;ATR-72;Nubes altas;15/04/18
RYR1115;REU;DUB;BOEING 737-800 WINGLETS;Despejado;15/04/18
RYR9825;REU;LPL;BOEING 737-800 WINGLETS;Despejado;15/04/18
RYR9827;REU;HHN;BOEING 737-800 WINGLETS;Despejado;15/04/18
RYR8088;REU;BHX;BOEING 737-800 WINGLETS;Despejado;15/04/18
RYR2212;REU;EIN;BOEING 737-800 WINGLETS;Despejado;15/04/18
IBS9530;VLL;PMI;AIRBUS A320;Chubascos dispersos;15/04/18
RYR2200;VLL;SVQ;BOEING 737-800 WINGLETS;Chubascos dispersos;15/04/18
EVE1128;VLL;SVQ;32A;Chubascos dispersos;15/04/18
RYR6321;VLL;BCN;BOEING 737-800 WINGLETS;Chubascos dispersos;15/04/18
VLG1585;VLL;BCN;AIRBUS A320;Chubascos dispersos;15/04/18
IBE8331;BJZ;MAD;CANADAIR CRJ-200;Chubascos dispersos;15/04/18
IBE8313;BJZ;BCN;BOMBARDIER CRJ-1000;Chubascos dispersos;15/04/18
DLH1119;PNA;FRA;AIRBUS A320;Nubosidad variable;15/04/18
IBE8525;PNA;MAD;CANADAIR CRJ-900;Nubosidad variable;15/04/18
IBE8531;PNA;MAD;BOMBARDIER CRJ-1000;Nubosidad variable;15/04/18
IBE8529;PNA;MAD;BOMBARDIER CRJ-1000;Nubosidad variable;16/04/18
RYR4634;ZAZ;BGY;BOEING 737-800 WINGLETS;Nubes altas;15/04/18
EVE1606;ZAZ;SVQ;32A;Nubes altas;15/04/18
AEA2633;ZAZ;LEI;BOEING 737-800 WINGLETS;Nubes altas;15/04/18
RYR2635;ZAZ;STN;BOEING 737-800 WINGLETS;Nubes altas;15/04/18
HTY118;AEI;JCU;AWH;Despejado;15/04/18
HTY140;AEI;JCU;AWH;Despejado;15/04/18
HTY102;AEI;JCU;AWH;Despejado;16/04/18
IBE8317;EAS;MAD;ATR-72;Nubes altas;15/04/18
VLG2487;EAS;BCN;AIRBUS A319;Nubes altas;15/04/18
IBE8319;EAS;MAD;ATR-72;Nubes altas;15/04/18
IBE8329;EAS;MAD;ATR-72;Nubes altas;15/04/18
IBE8315;EAS;MAD;ATR-72;Nubes altas;15/04/18
VLG2489;EAS;BCN;AIRBUS A319;Nubes altas;15/04/18
IBE8323;EAS;MAD;ATR-72;Nubes altas;15/04/18
IBE8317;EAS;MAD;ATR-72;Nubes altas;16/04/18
IBB656;VDE;TFN;ATR-72;Nubes altas;15/04/18
IBB662;VDE;TFN;ATR-72;Nubes altas;15/04/18
IBB668;VDE;TFN;ATR-72;Nubes altas;15/04/18
IBB366;VDE;LPA;ATR-72;Nubes altas;15/04/18
CNF248;VDE;TFN;ATR-72;Nubes altas;15/04/18
IBB674;VDE;TFN;ATR-72;Nubes altas;15/04/18
IBE8330;MAD;BJZ;CANADAIR CRJ-200;Nubes altas;15/04/18
IBE8312;BCN;BJZ;BOMBARDIER CRJ-1000;Despejado;17/04/18
RYR2918;BCN;BRU;BOEING 737-800 WINGLETS;Despejado;15/04/18
KLM1662;BCN;AMS;BOEING 737-700 WINGLETS;Despejado;15/04/18
RYR9811;BCN;STN;BOEING 737-800 WINGLETS;Despejado;15/04/18
RYR2744;BCN;VNO;BOEING 737-800 WINGLETS;Despejado;15/04/18
AZA075;BCN;FCO;AIRBUS A320;Despejado;15/04/18
SWR1951;BCN;ZRH;AIRBUS A321;Despejado;15/04/18
KTK7756;BCN;DME;BOEING 737-800 WINGLETS;Despejado;15/04/18
HTY227;JCU;AGP;AWH;Nubes altas;15/04/18
HTY117;JCU;AEI;AWH;Nubes altas;15/04/18
HTY139;JCU;AEI;AWH;Nubes altas;15/04/18
HTY259;JCU;AGP;AWH;Nubes altas;15/04/18
HTY101;JCU;AEI;AWH;Nubes altas;16/04/18
HTY221;JCU;AGP;AWH;Nubes altas;16/04/18
IBB651;TFN;GMZ;ATR-42/72;Despejado;15/04/18
IBB653;TFN;GMZ;ATR-42/72;Despejado;15/04/18
IBE2244;TFN;GMZ;ATR-72;Despejado;17/04/18
IBS9528;PMI;VLL;AIRBUS A320;Nubes altas;15/04/18
RYR2199;SVQ;VLL;BOEING 737-800 WINGLETS;Nubes altas;15/04/18
EVE1127;SVQ;VLL;32A;Nubes altas;15/04/18
RYR6320;BCN;VLL;BOEING 737-800 WINGLETS;Despejado;15/04/18
VLG1584;BCN;VLL;AIRBUS A320;Despejado;15/04/18
EVE1605;SVQ;ZAZ;32A;Nubes altas;15/04/18
AEA2634;LEI;ZAZ;BOEING 737-800 WINGLETS;Despejado;15/04/18
IBE0511;LCG;MAD;AIRBUS A320;Lluvia;15/04/18
VLG3133;LCG;LPA;32A;Lluvia;15/04/18
VLG1295;LCG;BCN;AIRBUS A320;Lluvia;15/04/18
TAP1085;LCG;LIS;ATR-72;Lluvia;15/04/18
VLG1293;LCG;BCN;32A;Lluvia;15/04/18
AEA7234;LCG;MAD;EMBRAER ERJ-195;Lluvia;15/04/18
VLG1298;LCG;SVQ;32A;Lluvia;15/04/18
AEA7236;LCG;MAD;EMBRAER ERJ-195;Lluvia;15/04/18
IBE0523;LCG;MAD;AIRBUS A320;Lluvia;15/04/18
VLG7104;LCG;LHR;AIRBUS A320;Lluvia;15/04/18
HTY117;JCU;AEI;AWH;Nubes altas;15/04/18
HTY139;JCU;AEI;AWH;Nubes altas;15/04/18
HTY101;JCU;AEI;AWH;Nubes altas;16/04/18
IBE8524;MAD;PNA;CANADAIR CRJ-900;Nubes altas;15/04/18
IBE8532;MAD;PNA;BOMBARDIER CRJ-1000;Nubes altas;15/04/18
IBE8526;MAD;PNA;BOMBARDIER CRJ-1000;Nubes altas;15/04/18
IBE0407;XRY;MAD;AIRBUS A319;Nubes altas;15/04/18
EWG575;XRY;CGN;AIRBUS A319;Nubes altas;15/04/18
JAF7922;XRY;BRU;EMBRAER 190;Nubes altas;15/04/18
EWG9571;XRY;DUS;32A;Nubes altas;15/04/18
RYR8397;XRY;STN;BOEING 737-800 WINGLETS;Nubes altas;15/04/18
IBE0411;XRY;MAD;AIRBUS A320;Nubes altas;15/04/18
VLG2287;XRY;BCN;AIRBUS A320;Nubes altas;15/04/18
RYR1284;XRY;BCN;BOEING 737-800 WINGLETS;Nubes altas;15/04/18
IBE0405;XRY;MAD;AIRBUS A319;Nubes altas;15/04/18
IBE0407;XRY;MAD;AIRBUS A319;Nubes altas;16/04/18
IBE8261;MLN;AGP;ATR-72;Despejado;15/04/18
IBE8789;MLN;MAD;ATR-72;Despejado;15/04/18
IBE8791;MLN;MAD;ATR-72;Despejado;15/04/18
IBE8263;MLN;AGP;ATR-72;Despejado;15/04/18
IBE8793;MLN;MAD;ATR-72;Despejado;15/04/18
IBE8269;MLN;AGP;ATR-72;Despejado;15/04/18
IBE8271;MLN;AGP;ATR-72;Despejado;15/04/18
AEA5004;MLN;AGP;ATR-72;Despejado;15/04/18
IBE8277;MLN;AGP;ATR-72;Despejado;15/04/18
IBE8261;MLN;AGP;ATR-72;Despejado;16/04/18
RYR2052;PMI;MAD;BOEING 737-800 WINGLETS;Nubes altas;15/04/18
RYR9998;PMI;DUB;BOEING 737-800 WINGLETS;Nubes altas;15/04/18
IBS3917;PMI;MAD;AIRBUS A320;Nubes altas;15/04/18
IBK6650;PMI;ARN;BOEING 737-800 WINGLETS;Nubes altas;15/04/18
IBK6632;PMI;TRF;BOEING 737-800 WINGLETS;Nubes altas;15/04/18
RYR6363;PMI;BCN;BOEING 737-800 WINGLETS;Nubes altas;15/04/18
RYR4511;PMI;KRK;BOEING 737-800 WINGLETS;Nubes altas;15/04/18
RYR714;PMI;GOT;BOEING 737-800 WINGLETS;Nubes altas;15/04/18
RYR111;PMI;SXF;BOEING 737-800 WINGLETS;Nubes altas;15/04/18
IBK6698;PMI;MUC;BOEING 737-800 WINGLETS;Nubes altas;15/04/18
VLG3915;PMI;BCN;AIRBUS A320;Nubes altas;15/04/18
AEA6006;PMI;BCN;EMBRAER ERJ-195;Nubes altas;15/04/18
WZZ1480;SDR;WAW;AIRBUS A320;Chubascos dispersos;15/04/18
RYR7617;SDR;EDI;BOEING 737-800 WINGLETS;Chubascos dispersos;15/04/18
RYR6385;SDR;BCN;BOEING 737-800 WINGLETS;Chubascos dispersos;15/04/18
IBE0555;SDR;MAD;AIRBUS A319;Chubascos dispersos;15/04/18
RYR9156;SDR;CIA;BOEING 737-800 WINGLETS;Chubascos dispersos;15/04/18
RYR7153;SDR;DUB;BOEING 737-800 WINGLETS;Chubascos dispersos;15/04/18
IBE0557;SDR;MAD;AIRBUS A319;Chubascos dispersos;15/04/18
VLG1591;SDR;BCN;AIRBUS A320;Chubascos dispersos;15/04/18
RYR6058;SDR;CRL;BOEING 737-800 WINGLETS;Chubascos dispersos;15/04/18
RYR7366;SDR;NRN;BOEING 737-800 WINGLETS;Chubascos dispersos;15/04/18
RYR2613;SDR;STN;BOEING 737-800 WINGLETS;Chubascos dispersos;15/04/18
IBE8861;SDR;MAD;CANADAIR CRJ-900;Chubascos dispersos;16/04/18
VLG2010;BCN;GRX;32B;Despejado;15/04/18
IBE8640;MAD;GRX;BOMBARDIER CRJ-1000;Nubes altas;15/04/18
VLG2020;BCN;GRX;32A;Despejado;15/04/18
AEA5201;PMI;GRX;EMBRAER ERJ-195;Nubes altas;15/04/18
VLG3933;PMI;GRX;AIRBUS A320;Nubes altas;15/04/18
IBE8646;MAD;GRX;BOMBARDIER CRJ-1000;Nubes altas;15/04/18
IBE8642;MAD;GRX;BOMBARDIER CRJ-1000;Nubes altas;15/04/18
VLG2014;BCN;GRX;AIRBUS A320;Despejado;15/04/18
VLG2016;BCN;GRX;32B;Despejado;15/04/18
IBE8648;MAD;GRX;BOMBARDIER CRJ-1000;Nubes altas;15/04/18
AEA7311;VGO;MAD;EMBRAER ERJ-195;Lluvia;15/04/18
IBE0531;VGO;MAD;AIRBUS A319;Lluvia;15/04/18
RYR242;VGO;DUB;BOEING 737-800 WINGLETS;Lluvia;15/04/18
RYR7132;VGO;BGY;BOEING 737-800 WINGLETS;Lluvia;15/04/18
AEA7315;VGO;MAD;EMBRAER ERJ-195;Lluvia;15/04/18
IBE0533;VGO;MAD;AIRBUS A319;Lluvia;15/04/18
LAV5464;VGO;TFN;BOEING 737-400;Lluvia;15/04/18
TAP1141;VGO;LIS;ATR-72;Lluvia;15/04/18
AEA7317;VGO;MAD;EMBRAER ERJ-195;Lluvia;15/04/18
EZY8550;MJV;LGW;AIRBUS A319;Despejado;15/04/18
EZY6014;MJV;BRS;AIRBUS A320;Despejado;15/04/18
RYR1925;MJV;EMA;BOEING 737-800 WINGLETS;Despejado;15/04/18
RYR4253;MJV;FRA;BOEING 737-800 WINGLETS;Despejado;15/04/18
EZY8552;MJV;LGW;AIRBUS A319;Despejado;15/04/18
RYR1940;MJV;EIN;BOEING 737-800 WINGLETS;Despejado;15/04/18
RYR4117;MJV;MAN;BOEING 737-800 WINGLETS;Despejado;15/04/18
EXS864;MJV;MAN;BOEING 737-800 WINGLETS;Despejado;15/04/18
RYR8027;MJV;STN;BOEING 737-800 WINGLETS;Despejado;15/04/18
RYR3453;MJV;LTN;BOEING 737-800 WINGLETS;Despejado;15/04/18
RYR7095;MJV;DUB;BOEING 737-800 WINGLETS;Despejado;15/04/18
HTY228;AGP;JCU;AWH;Despejado;15/04/18
HTY118;AEI;JCU;AWH;Despejado;15/04/18
HTY140;AEI;JCU;AWH;Despejado;15/04/18
HTY260;AGP;JCU;AWH;Despejado;17/04/18
HTY102;AEI;JCU;AWH;Despejado;16/04/18
VLG2486;BCN;EAS;AIRBUS A319;Despejado;15/04/18
IBE8316;MAD;EAS;ATR-72;Nubes altas;15/04/18
IBE8322;MAD;EAS;ATR-72;Nubes altas;15/04/18
IBE8318;MAD;EAS;ATR-72;Nubes altas;15/04/18
VLG2488;BCN;EAS;AIRBUS A319;Despejado;15/04/18
IBE8326;MAD;EAS;ATR-72;Nubes altas;15/04/18
IBE8324;MAD;EAS;ATR-72;Nubes altas;15/04/18
IBB655;TFN;VDE;ATR-72;Despejado;15/04/18
IBB659;TFN;VDE;ATR-72;Despejado;15/04/18
IBB663;TFN;VDE;ATR-72;Despejado;15/04/18
IBB365;LPA;VDE;ATR-72;Cubierto de nubes altas y medias;15/04/18
CNF247;TFN;VDE;ATR-42/72;Despejado;15/04/18
IBB673;TFN;VDE;ATR-72;Despejado;15/04/18
IBK5950;LPA;HAM;BOEING 737-800 WINGLETS;Cubierto de nubes altas y medias;15/04/18
IBS3835;LPA;MAD;AIRBUS A321;Cubierto de nubes altas y medias;15/04/18
RYR3804;LPA;MAN;BOEING 737-800 WINGLETS;Cubierto de nubes altas y medias;15/04/18
RYR2967;LPA;BUD;BOEING 737-800 WINGLETS;Cubierto de nubes altas y medias;15/04/18
RYR2535;LPA;LBA;BOEING 737-800 WINGLETS;Cubierto de nubes altas y medias;15/04/18
AEA9403;LPA;TFN;ATR-72;Cubierto de nubes altas y medias;15/04/18
AEA9431;LPA;FUE;ATR-72;Cubierto de nubes altas y medias;15/04/18
VLG3001;LPA;BCN;AIRBUS A321;Cubierto de nubes altas y medias;15/04/18
AEA9018;LPA;MAD;BOEING 737-800 WINGLETS;Cubierto de nubes altas y medias;15/04/18
IBB500;LPA;ACE;BOMBARDIER CRJ-1000;Cubierto de nubes altas y medias;15/04/18
IBB200;LPA;FUE;ATR-72;Cubierto de nubes altas y medias;15/04/18
VLG3184;LPA;ORY;AIRBUS A320;Cubierto de nubes altas y medias;15/04/18
TVS3705;LPA;CDG;BOEING 737-800 WINGLETS;Cubierto de nubes altas y medias;15/04/18
RYR1419;LPA;PSA;BOEING 737-800 WINGLETS;Cubierto de nubes altas y medias;15/04/18
IBK5804;LPA;MAD;BOEING 737-800 WINGLETS;Cubierto de nubes altas y medias;15/04/18
VLG3215;TFN;BCN;32B;Despejado;15/04/18
IBS3945;TFN;MAD;AIRBUS A320;Despejado;15/04/18
IBB414;TFN;FUE;ATR-42/72;Despejado;15/04/18
IBB452;TFN;ACE;ATR-42/72;Despejado;15/04/18
IBK6378;TFN;MAD;BOEING 737-800 WINGLETS;Despejado;15/04/18
AEA9045;TFN;MAD;BOEING 737-800 WINGLETS;Despejado;15/04/18
AEA7007;TFN;BIO;BOEING 737-800 WINGLETS;Despejado;15/04/18
IBB605;TFN;SPC;ATR-42/72;Despejado;15/04/18
CNF412;TFN;SPC;ATR-42/72;Despejado;15/04/18
IBB655;TFN;VDE;ATR-72;Despejado;15/04/18
IBB102;TFN;LPA;BOMBARDIER CRJ-1000;Despejado;15/04/18
IBB607;TFN;SPC;ATR-42/72;Despejado;15/04/18
AEA9461;TFN;SPC;ATR-72;Despejado;15/04/18
VLG3257;TFN;SVQ;AIRBUS A320;Despejado;15/04/18
IBB108;TFN;LPA;ATR-72;Despejado;15/04/18
VOE3410;BIO;VIE;BOEING 717;Nubosidad variable;15/04/18
KLM1684;BIO;AMS;EMBRAER 190;Nubosidad variable;15/04/18
DLH1147;BIO;FRA;32A;Nubosidad variable;15/04/18
VLG2508;BIO;SVQ;32A;Nubosidad variable;15/04/18
VLG1431;BIO;BCN;32A;Nubosidad variable;15/04/18
VLG3280;BIO;ACE;AIRBUS A320;Nubosidad variable;15/04/18
AFR1377;BIO;CDG;EMBRAER 190;Nubosidad variable;15/04/18
TAP1065;BIO;LIS;ATR-42/72;Nubosidad variable;15/04/18
DLH1829;BIO;MUC;AIRBUS A319;Nubosidad variable;15/04/18
VLG3800;BIO;MAH;32A;Nubosidad variable;15/04/18
IBE0435;BIO;MAD;AIRBUS A319;Nubosidad variable;15/04/18
IBE8356;BIO;SCQ;CANADAIR CRJ-200;Nubosidad variable;15/04/18
AEA7156;BIO;MAD;EMBRAER ERJ-195;Nubosidad variable;15/04/18
VLG1572;OVD;BCN;AIRBUS A320;Cubierto de nubes altas y medias;15/04/18
VOE3584;OVD;ALC;BOEING 717;Cubierto de nubes altas y medias;15/04/18
IBS3981;OVD;MAD;AIRBUS A320;Cubierto de nubes altas y medias;15/04/18
VLG1574;OVD;BCN;AIRBUS A320;Cubierto de nubes altas y medias;15/04/18
IBE0479;OVD;MAD;32A;Cubierto de nubes altas y medias;15/04/18
EZY3084;OVD;STN;AIRBUS A319;Cubierto de nubes altas y medias;15/04/18
IBE8335;OVD;VLC;CANADAIR CRJ-200;Cubierto de nubes altas y medias;15/04/18
IBE0475;OVD;MAD;AIRBUS A321;Cubierto de nubes altas y medias;15/04/18
IBE8332;OVD;PMI;CANADAIR CRJ-200;Cubierto de nubes altas y medias;15/04/18
VLG3865;OVD;PMI;AIRBUS A320;Cubierto de nubes altas y medias;15/04/18
VOE3925;OVD;AGP;BOEING 717;Cubierto de nubes altas y medias;15/04/18
IBE0487;OVD;MAD;AIRBUS A321;Cubierto de nubes altas y medias;15/04/18
VLG1578;OVD;BCN;AIRBUS A320;Cubierto de nubes altas y medias;15/04/18
VOE3831;OVD;SVQ;BOEING 717;Cubierto de nubes altas y medias;15/04/18
TAP1113;OVD;LIS;ATR-72;Cubierto de nubes altas y medias;15/04/18
IBE0481;OVD;MAD;32A;Cubierto de nubes altas y medias;15/04/18
VLG1572;OVD;BCN;AIRBUS A320;Cubierto de nubes altas y medias;16/04/18
RYR6397;SVQ;BCN;BOEING 737-800 WINGLETS;Nubes altas;15/04/18
VLG2223;SVQ;BCN;AIRBUS A320;Nubes altas;15/04/18
RYR5262;SVQ;BVA;BOEING 737-800 WINGLETS;Nubes altas;15/04/18
VLG3256;SVQ;TFN;AIRBUS A320;Nubes altas;15/04/18
TAP1101;SVQ;LIS;ATR-42/72;Nubes altas;15/04/18
RYR2470;SVQ;FKB;BOEING 737-800 WINGLETS;Nubes altas;15/04/18
VLG2253;SVQ;BCN;AIRBUS A320;Nubes altas;15/04/18
VLG2507;SVQ;BIO;32A;Nubes altas;15/04/18
IBS3947;SVQ;MAD;32A;Nubes altas;15/04/18
TVF3101;SVQ;ORY;BOEING 737-800 WINGLETS;Nubes altas;15/04/18
VLG2211;SVQ;BCN;AIRBUS A320;Nubes altas;15/04/18
IBE8841;SVQ;VLC;ATR-72;Nubes altas;15/04/18
VLG2251;SVQ;BCN;32A;Nubes altas;15/04/18
VLG8830;SVQ;CDG;AIRBUS A320;Nubes altas;15/04/18
RYR4579;SCQ;BGY;BOEING 737-800 WINGLETS;Lluvia;15/04/18
VLG3247;SCQ;TFN;AIRBUS A320;Lluvia;15/04/18
RYR7223;SCQ;VLC;BOEING 737-800 WINGLETS;Lluvia;15/04/18
RYR6333;SCQ;BCN;BOEING 737-800 WINGLETS;Lluvia;15/04/18
EZS1338;SCQ;GVA;AIRBUS A320;Lluvia;15/04/18
IBS3877;SCQ;MAD;AIRBUS A321;Lluvia;15/04/18
IBE8365;SCQ;PMI;CANADAIR CRJ-200;Lluvia;15/04/18
VLG1671;SCQ;BCN;32A;Lluvia;15/04/18
EZS1180;SCQ;BSL;AIRBUS A319;Lluvia;15/04/18
DLH1867;SCQ;MUC;AIRBUS A320;Lluvia;15/04/18
RYR3042;SCQ;SVQ;BOEING 737-800 WINGLETS;Lluvia;15/04/18
RYR8379;SCQ;STN;BOEING 737-800 WINGLETS;Lluvia;15/04/18
VLG1677;SCQ;BCN;AIRBUS A320;Lluvia;15/04/18
VLG2654;SCQ;AGP;AIRBUS A320;Lluvia;15/04/18
RYR8539;SCQ;ALC;BOEING 737-800 WINGLETS;Lluvia;15/04/18
IBS3879;SCQ;MAD;AIRBUS A320;Lluvia;15/04/18
RYR724;SCQ;PMI;BOEING 737-800 WINGLETS;Lluvia;15/04/18
VLG8222;SCQ;CDG;AIRBUS A320;Lluvia;15/04/18
RYR2575;AGP;EIN;BOEING 737-800 WINGLETS;Despejado;15/04/18
AEA1039;AGP;CDG;BOEING 737-800 WINGLETS;Despejado;15/04/18
RYR2577;AGP;VST;BOEING 737-800 WINGLETS;Despejado;15/04/18
VLG2454;AGP;IBZ;AIRBUS A320;Despejado;15/04/18
TAP1137;AGP;LIS;ATR-42/72;Despejado;15/04/18
VLG2608;AGP;BIO;AIRBUS A320;Despejado;15/04/18
VLG3146;AGP;FUE;AIRBUS A320;Despejado;15/04/18
RYR2531;AGP;BLL;BOEING 737-800 WINGLETS;Despejado;15/04/18
VLG9013;AGP;TLS;AIRBUS A320;Despejado;15/04/18
IBK5070;AGP;CPH;BOEING 737-800 WINGLETS;Despejado;15/04/18
VLG2150;AGP;BRU;AIRBUS A320;Despejado;15/04/18
IBK5020;AGP;OSL;BOEING 737-800 WINGLETS;Despejado;15/04/18
RYR5158;AGP;NCL;BOEING 737-800 WINGLETS;Despejado;15/04/18
RYR5945;AGP;BOH;BOEING 737-800 WINGLETS;Despejado;15/04/18
IBE8101;IBZ;PMI;BOMBARDIER CRJ-1000;Nubes altas;15/04/18
RYR3542;IBZ;EIN;BOEING 737-800 WINGLETS;Nubes altas;15/04/18
AEA1701;IBZ;PMI;ATR-72;Nubes altas;15/04/18
EWG3561;IBZ;HAJ;AIRBUS A319;Nubes altas;15/04/18
VLG2455;IBZ;AGP;AIRBUS A320;Nubes altas;15/04/18
RYR8137;IBZ;BCN;BOEING 737-800 WINGLETS;Nubes altas;15/04/18
VLG3541;IBZ;BCN;AIRBUS A320;Nubes altas;15/04/18
RYR5355;IBZ;MAD;BOEING 737-800 WINGLETS;Nubes altas;15/04/18
VLG3434;IBZ;MAD;AIRBUS A320;Nubes altas;15/04/18
EZY2692;IBZ;MXP;32A;Nubes altas;15/04/18
TRA5676;IBZ;AMS;BOEING 737-800 WINGLETS;Nubes altas;15/04/18
IBE8105;IBZ;PMI;CANADAIR CRJ-900;Nubes altas;15/04/18
AEA1703;IBZ;PMI;ATR-72;Nubes altas;15/04/18
TRA5690;IBZ;RTM;BOEING 737-700 WINGLETS;Nubes altas;15/04/18
RYR8333;IBZ;BGY;BOEING 737-800 WINGLETS;Nubes altas;15/04/18
RYR6419;IBZ;NRN;BOEING 737-800 WINGLETS;Nubes altas;15/04/18
VLG3515;IBZ;BCN;32A;Nubes altas;15/04/18
RYR7222;VLC;SCQ;BOEING 737-800 WINGLETS;Despejado;15/04/18
DLH1165;VLC;FRA;AIRBUS A321;Despejado;15/04/18
RYR9394;VLC;CRA;BOEING 737-800 WINGLETS;Despejado;15/04/18
VLG8152;VLC;ORY;AIRBUS A320;Despejado;15/04/18
IBE8840;VLC;SVQ;ATR-72;Despejado;15/04/18
RYR8725;VLC;BRI;BOEING 737-800 WINGLETS;Despejado;15/04/18
RYR2228;VLC;KRK;BOEING 737-800 WINGLETS;Despejado;15/04/18
AEA4004;VLC;PMI;ATR-72;Despejado;15/04/18
SWR2141;VLC;ZRH;AIRBUS A320;Despejado;15/04/18
RYR2986;VLC;BRU;BOEING 737-800 WINGLETS;Despejado;15/04/18
TRA6338;VLC;AMS;BOEING 737-700 WINGLETS;Despejado;15/04/18
IBE8993;VLC;MAD;CANADAIR CRJ-900;Despejado;15/04/18
QTR6972;VLC;MAD;CANADAIR CRJ-900;Despejado;15/04/18
TRA5106;VLC;EIN;BOEING 737-800 WINGLETS;Despejado;15/04/18
IBE8334;VLC;OVD;CANADAIR CRJ-200;Despejado;15/04/18
RYR9678;VLC;CIA;BOEING 737-800 WINGLETS;Despejado;15/04/18
RYR2300;VLC;BUD;BOEING 737-800 WINGLETS;Despejado;15/04/18
EZY2004;VLC;LTN;AIRBUS A319;Despejado;15/04/18
RYR8322;VLC;STN;BOEING 737-800 WINGLETS;Despejado;15/04/18
VLG6244;VLC;FCO;AIRBUS A320;Despejado;15/04/18
IBE8481;MAH;PMI;BOMBARDIER CRJ-1000;Abertura de claros;15/04/18
AAL8615;MAH;MAD;BOMBARDIER CRJ-1000;Abertura de claros;15/04/18
IBE8951;MAH;MAD;BOMBARDIER CRJ-1000;Abertura de claros;15/04/18
IBE8495;MAH;PMI;ATR-42/72;Abertura de claros;15/04/18
VLG3713;MAH;BCN;AIRBUS A320;Abertura de claros;15/04/18
IBE8483;MAH;PMI;BOMBARDIER CRJ-1000;Abertura de claros;15/04/18
VLG3801;MAH;BIO;32A;Abertura de claros;15/04/18
VLG3715;MAH;BCN;AIRBUS A320;Abertura de claros;15/04/18
IBE8662;MAH;BIO;BOMBARDIER CRJ-1000;Abertura de claros;15/04/18
AEA4532;MAH;PMI;ATR-72;Abertura de claros;15/04/18
IBE8957;MAH;MAD;BOMBARDIER CRJ-1000;Abertura de claros;15/04/18
IBE8499;MAH;PMI;ATR-42/72;Abertura de claros;15/04/18
AEA4530;MAH;PMI;ATR-72;Abertura de claros;15/04/18
IBE8493;MAH;PMI;BOMBARDIER CRJ-1000;Abertura de claros;15/04/18
IBE8029;MAH;MAD;CANADAIR CRJ-900;Abertura de claros;15/04/18
RYR6882;MAH;BCN;BOEING 737-800 WINGLETS;Abertura de claros;15/04/18
VLG3709;MAH;BCN;AIRBUS A320;Abertura de claros;15/04/18
RYR3493;ACE;SXF;BOEING 737-800 WINGLETS;Nubes altas;15/04/18
RYR3812;ACE;LPL;BOEING 737-800 WINGLETS;Nubes altas;15/04/18
RYR4002;ACE;BGY;BOEING 737-800 WINGLETS;Nubes altas;15/04/18
IBB501;ACE;LPA;BOMBARDIER CRJ-1000;Nubes altas;15/04/18
IBB453;ACE;TFN;ATR-42/72;Nubes altas;15/04/18
CNF704;ACE;LPA;ATR-72;Nubes altas;15/04/18
VLG3281;ACE;BIO;AIRBUS A320;Nubes altas;15/04/18
TRA5686;ACE;AMS;BOEING 737-800 WINGLETS;Nubes altas;15/04/18
RYR1587;ACE;FRA;BOEING 737-800 WINGLETS;Nubes altas;15/04/18
BEL3788;ACE;BRU;AIRBUS A320;Nubes altas;15/04/18
LGL742;ACE;LUX;BOEING 737-800 WINGLETS;Nubes altas;15/04/18
AEA9076;ACE;MAD;BOEING 737-800 WINGLETS;Nubes altas;15/04/18
TUI2843;ACE;MUC;BOEING 737-800 WINGLETS;Nubes altas;15/04/18
RYR4896;ACE;BLQ;BOEING 737-800 WINGLETS;Nubes altas;15/04/18
AEA9448;ACE;LPA;ATR-72;Nubes altas;15/04/18
TUI2293;ACE;DUS;BOEING 737-800 WINGLETS;Nubes altas;15/04/18
TUI2189;ACE;HAJ;BOEING 737-800 WINGLETS;Nubes altas;15/04/18
IBB505;ACE;LPA;BOMBARDIER CRJ-1000;Nubes altas;15/04/18
TOM6739;ACE;EXT;BOEING 737-800 WINGLETS;Nubes altas;15/04/18
VLG1294;BCN;LCG;AIRBUS A320;Despejado;15/04/18
VLG1292;BCN;LCG;32A;Despejado;15/04/18
AEA7233;MAD;LCG;EMBRAER ERJ-195;Nubes altas;15/04/18
LZF441;BIO;LCG;ATR 42-300/320;Nubosidad variable;15/04/18
VLG3132;LPA;LCG;AIRBUS A320;Cubierto de nubes altas y medias;15/04/18
AEA7235;MAD;LCG;EMBRAER ERJ-195;Nubes altas;15/04/18
IBE0524;MAD;LCG;AIRBUS A319;Nubes altas;15/04/18
VLG1299;SVQ;LCG;AIRBUS A320;Nubes altas;15/04/18
RYR6363;PMI;BCN;BOEING 737-800 WINGLETS;Nubes altas;15/04/18
AEA6006;PMI;BCN;EMBRAER ERJ-195;Nubes altas;15/04/18
VLG3915;PMI;BCN;AIRBUS A320;Nubes altas;15/04/18
VLG1431;BIO;BCN;32A;Nubosidad variable;15/04/18
VLG1311;ALC;BCN;32A;Despejado;15/04/18
VLG6792;TFS;LYS;32A;Despejado;15/04/18
RYR1513;TFS;BVA;BOEING 737-800 WINGLETS;Despejado;15/04/18
RYR2545;TFS;NCL;BOEING 737-800 WINGLETS;Despejado;15/04/18
RYR4514;TFS;KRK;BOEING 737-800 WINGLETS;Despejado;15/04/18
IBS3927;TFS;MAD;32A;Despejado;15/04/18
RYR2561;TFS;BFS;BOEING 737-800 WINGLETS;Despejado;15/04/18
DK1409;TFS;ORB;32B;Despejado;15/04/18
IBK6420;TFS;OSL;BOEING 737-800 WINGLETS;Despejado;15/04/18
TOM5751;TFS;NWI;BOEING 737-800 WINGLETS;Despejado;15/04/18
OLY726;TFS;FUE;AIRBUS A321;Despejado;15/04/18
RYR2914;TFS;MAD;BOEING 737-800 WINGLETS;Despejado;15/04/18
ENT951C;TFS;LYS;BOEING 737-800 WINGLETS;Despejado;15/04/18
IBK6500;TFS;HAM;BOEING 737-800 WINGLETS;Despejado;15/04/18
OLY745;TFS;ZRH;AIRBUS A321;Despejado;15/04/18
BEL1652;TFS;BRU;AIRBUS A320;Despejado;15/04/18
JAF7866;TFS;CDG;BOEING 737-800 WINGLETS;Despejado;15/04/18
JAF7114;TFS;BRU;BOEING 737-800 WINGLETS;Despejado;15/04/18
EWG253;TFS;CGN;BOEING 737-800 WINGLETS;Despejado;15/04/18
EDW215;TFS;ZRH;AIRBUS A320;Despejado;15/04/18
IBB203;FUE;LPA;ATR-42/72;Nubes altas;15/04/18
AEA9432;FUE;LPA;ATR-72;Nubes altas;15/04/18
IBB415;FUE;TFN;ATR-42/72;Nubes altas;15/04/18
VLG3147;FUE;AGP;AIRBUS A320;Nubes altas;15/04/18
ENT898;FUE;CDG;BOEING 737-800 WINGLETS;Nubes altas;15/04/18
ENT893;FUE;LYS;BOEING 737-800 WINGLETS;Nubes altas;15/04/18
CNF804;FUE;LPA;ATR-42/72;Nubes altas;15/04/18
OLY727;FUE;ZRH;AIRBUS A321;Nubes altas;15/04/18
TVS3499;FUE;LYS;BOEING 737-800 WINGLETS;Nubes altas;15/04/18
TVS3427;FUE;RNS;BOEING 737-800 WINGLETS;Nubes altas;15/04/18
EDW213;FUE;ZRH;AIRBUS A320;Nubes altas;15/04/18
TRA6706;FUE;AMS;BOEING 737-800 WINGLETS;Nubes altas;15/04/18
RYR8627;FUE;NRN;BOEING 737-800 WINGLETS;Nubes altas;15/04/18
EWG1813;FUE;MUC;AIRBUS A320;Nubes altas;15/04/18
LGL734;FUE;LUX;BOEING 737-800 WINGLETS;Nubes altas;15/04/18
IBB211;FUE;LPA;ATR-42/72;Nubes altas;15/04/18
RYR8183;FUE;STN;BOEING 737-800 WINGLETS;Nubes altas;15/04/18
IBB423;FUE;TFN;ATR-42/72;Nubes altas;15/04/18
LLC6703;FUE;LYS;AIRBUS A320;Nubes altas;15/04/18
CNF810;FUE;LPA;ATR-72;Nubes altas;15/04/18
LLX5572;FUE;DUS;AIRBUS A320;Nubes altas;15/04/18
IBE8262;AGP;MLN;ATR-72;Despejado;15/04/18
IBE8792;MAD;MLN;ATR-72;Nubes altas;15/04/18
IBE8790;MAD;MLN;ATR-72;Nubes altas;15/04/18
IBE8264;AGP;MLN;ATR-72;Despejado;15/04/18
IBE8270;AGP;MLN;ATR-72;Despejado;15/04/18
AEA5005;AGP;MLN;ATR-72;Despejado;15/04/18
IBE8798;MAD;MLN;ATR-72;Nubes altas;15/04/18
IBE8274;AGP;MLN;ATR-72;Despejado;15/04/18
IBE8260;AGP;MLN;ATR-72;Despejado;16/04/18
BEL3776;LEI;BRU;AIRBUS A320;Despejado;15/04/18
EZY8164;LEI;LGW;AIRBUS A319;Despejado;15/04/18
IBE8595;LEI;MAD;BOMBARDIER CRJ-1000;Despejado;15/04/18
AEA2634;LEI;ZAZ;BOEING 737-800 WINGLETS;Despejado;15/04/18
IBE8213;LEI;PMI;CANADAIR CRJ-200;Despejado;15/04/18
VLG1252;LEI;BCN;AIRBUS A320;Despejado;15/04/18
IBE8577;LEI;MAD;CANADAIR CRJ-900;Despejado;15/04/18
AEA2888;LEI;BCN;BOEING 737-800 WINGLETS;Despejado;15/04/18
IBE8589;LEI;MAD;CANADAIR CRJ-200;Despejado;15/04/18
IBE8601;LEI;MAD;BOMBARDIER CRJ-1000;Despejado;15/04/18
AEA2648;LEI;BCN;BOEING 737-800 WINGLETS;Despejado;15/04/18
IBE8932;LEI;SVQ;CANADAIR CRJ-200;Despejado;15/04/18
IBE8930;LEI;SVQ;CANADAIR CRJ-200;Despejado;16/04/18
IBE8603;LEI;MAD;BOMBARDIER CRJ-1000;Despejado;16/04/18
RYR5993;MAD;STN;BOEING 737-800 WINGLETS;Nubes altas;15/04/18
AFR1401;MAD;CDG;AIRBUS A321;Nubes altas;15/04/18
RYR1062;MAD;WMI;BOEING 737-800 WINGLETS;Nubes altas;15/04/18
AEA1159;MAD;LIS;EMBRAER ERJ-195;Nubes altas;15/04/18
RYR3011;MAD;TLS;BOEING 737-800 WINGLETS;Nubes altas;15/04/18
RYR9674;MAD;CIA;BOEING 737-800 WINGLETS;Nubes altas;15/04/18
RYR2762;MAD;GLA;BOEING 737-800 WINGLETS;Nubes altas;15/04/18
RYR5354;MAD;IBZ;BOEING 737-800 WINGLETS;Nubes altas;15/04/18
AEA4047;MAD;ALC;ATR-72;Nubes altas;15/04/18
IBE3170;MAD;LHR;32A;Nubes altas;15/04/18
VLG7000;MAD;BCN;32A;Nubes altas;15/04/18
AEA7308;MAD;VGO;EMBRAER ERJ-195;Nubes altas;15/04/18
AEA7161;MAD;BIO;EMBRAER ERJ-195;Nubes altas;15/04/18
AEA7308;MAD;VGO;EMBRAER ERJ-195;Nubes altas;15/04/18
AEA7302;MAD;VGO;EMBRAER ERJ-195;Nubes altas;15/04/18
IBE0532;MAD;VGO;AIRBUS A319;Nubes altas;15/04/18
LAV5463;TFN;VGO;BOEING 737-400;Despejado;15/04/18
AEA7300;MAD;VGO;EMBRAER ERJ-195;Nubes altas;15/04/18
IBE0534;MAD;VGO;AIRBUS A320;Nubes altas;15/04/18
RYR245;BCN;VGO;BOEING 737-800 WINGLETS;Despejado;15/04/18
AEA7306;MAD;VGO;EMBRAER ERJ-195;Nubes altas;15/04/18
RYR6384;BCN;SDR;BOEING 737-800 WINGLETS;Despejado;15/04/18
IBE0554;MAD;SDR;AIRBUS A319;Nubes altas;15/04/18
IBE0556;MAD;SDR;AIRBUS A319;Nubes altas;15/04/18
VLG1590;BCN;SDR;AIRBUS A320;Despejado;15/04/18
IBE8878;MAD;SDR;CANADAIR CRJ-900;Nubes altas;15/04/18
IBE0410;MAD;XRY;AIRBUS A320;Nubes altas;15/04/18
VLG2286;BCN;XRY;AIRBUS A320;Despejado;15/04/18
RYR1283;BCN;XRY;BOEING 737-800 WINGLETS;Despejado;15/04/18
IBE0404;MAD;XRY;AIRBUS A319;Nubes altas;15/04/18
IBE0406;MAD;XRY;AIRBUS A319;Nubes altas;15/04/18
VLG7396;ALC;ALG;32A;Despejado;15/04/18
IBK5350;ALC;ARN;BOEING 737-800 WINGLETS;Despejado;15/04/18
VLG8253;ALC;ORY;32A;Despejado;15/04/18
ANE8397;ALC;MAD;BOMBARDIER CRJ-1000;Despejado;15/04/18
AAL8584;ALC;MAD;BOMBARDIER CRJ-1000;Despejado;15/04/18
RYR7522;ALC;EIN;BOEING 737-800 WINGLETS;Despejado;15/04/18
VLG7390;ALC;ORN;AIRBUS A320;Despejado;15/04/18
VLG1311;ALC;BCN;32A;Despejado;15/04/18
RYR4029;ALC;FCO;BOEING 737-800 WINGLETS;Despejado;15/04/18
IBK5320;ALC;OSL;BOEING 737-800 WINGLETS;Despejado;15/04/18
RYR8005;ALC;ABZ;BOEING 737-800 WINGLETS;Despejado;15/04/18
RYR2543;ALC;POZ;BOEING 737-800 WINGLETS;Despejado;15/04/18
RYR5578;ALC;EDI;BOEING 737-800 WINGLETS;Despejado;15/04/18
IBK5406;ALC;HAJ;BOEING 737-800 WINGLETS;Despejado;15/04/18
WZZ4414;ALC;SOF;AIRBUS A320;Despejado;15/04/18
VOE2613;ALC;LYS;BOEING 717;Despejado;15/04/18
AEA4025;ALC;PMI;ATR-72;Despejado;15/04/18
RYR4019;ALC;CPH;BOEING 737-800 WINGLETS;Despejado;15/04/18
IBB606;SPC;TFN;ATR-42/72;Cubierto de nubes altas y medias;15/04/18
IBB304;SPC;LPA;ATR-72;Cubierto de nubes altas y medias;15/04/18
CNF413;SPC;TFN;ATR-42/72;Cubierto de nubes altas y medias;15/04/18
IBB608;SPC;TFN;ATR-42/72;Cubierto de nubes altas y medias;15/04/18
TVS2434;SPC;CDG;BOEING 737-800 WINGLETS;Cubierto de nubes altas y medias;15/04/18
AEA9462;SPC;TFN;ATR-72;Cubierto de nubes altas y medias;15/04/18
CNF419;SPC;TFN;ATR-42/72;Cubierto de nubes altas y medias;15/04/18
IBB610;SPC;TFN;ATR-42/72;Cubierto de nubes altas y medias;15/04/18
AEA9464;SPC;TFN;ATR-72;Cubierto de nubes altas y medias;15/04/18
IBB620;SPC;TFN;ATR-42/72;Cubierto de nubes altas y medias;15/04/18
IBB622;SPC;TFN;ATR-42/72;Cubierto de nubes altas y medias;15/04/18
IBS3843;SPC;MAD;AIRBUS A320;Cubierto de nubes altas y medias;15/04/18
IBB630;SPC;TFN;ATR-42/72;Cubierto de nubes altas y medias;15/04/18
CNF453;SPC;TFN;ATR-72;Cubierto de nubes altas y medias;15/04/18
IBB312;SPC;LPA;BOMBARDIER CRJ-1000;Cubierto de nubes altas y medias;15/04/18
DE1407;SPC;FRA;BOEING 757-300 WINGLETS;Cubierto de nubes altas y medias;15/04/18
IBB632;SPC;TFN;ATR-42/72;Cubierto de nubes altas y medias;15/04/18
AEA9466;SPC;TFN;ATR-72;Cubierto de nubes altas y medias;15/04/18
IBB634;SPC;TFN;ATR-42/72;Cubierto de nubes altas y medias;15/04/18
IBB636;SPC;TFN;ATR-42/72;Cubierto de nubes altas y medias;15/04/18
AEA9480;SPC;TFN;ATR-72;Cubierto de nubes altas y medias;15/04/18
IBB316;SPC;LPA;ATR-42/72;Cubierto de nubes altas y medias;15/04/18
IBE8529;PNA;MAD;BOMBARDIER CRJ-1000;Nubosidad variable;15/04/18
IBE0511;LCG;MAD;AIRBUS A320;Lluvia;15/04/18
IBE8594;MAD;LEI;BOMBARDIER CRJ-1000;Nubes altas;15/04/18
AEA2887;BCN;LEI;BOEING 737-800 WINGLETS;Despejado;15/04/18
VLG1251;BCN;LEI;AIRBUS A320;Despejado;15/04/18
IBE8598;MAD;LEI;CANADAIR CRJ-900;Nubes altas;15/04/18
AEA2633;ZAZ;LEI;BOEING 737-800 WINGLETS;Nubes altas;15/04/18
IBE8212;PMI;LEI;CANADAIR CRJ-200;Despejado;17/04/18
IBE8592;MAD;LEI;BOMBARDIER CRJ-1000;Nubes altas;15/04/18
AEA2647;BCN;LEI;BOEING 737-800 WINGLETS;Despejado;15/04/18
IBE8588;MAD;LEI;CANADAIR CRJ-200;Nubes altas;15/04/18
IBE8933;SVQ;LEI;CANADAIR CRJ-200;Nubes altas;15/04/18
IBE8600;MAD;LEI;BOMBARDIER CRJ-1000;Nubes altas;15/04/18
AEA7161;MAD;BIO;EMBRAER ERJ-195;Nubes altas;15/04/18
VLG2608;AGP;BIO;AIRBUS A320;Despejado;15/04/18
VLG1418;BCN;BIO;AIRBUS A320;Despejado;15/04/18
IBS9522;PMI;BIO;AIRBUS A320;Nubes altas;15/04/18
VLG1432;BCN;BIO;AIRBUS A320;Despejado;15/04/18
VLG2507;SVQ;BIO;32A;Nubes altas;15/04/18
IBE8693;PMI;BIO;BOMBARDIER CRJ-1000;Despejado;17/04/18
VLG3801;MAH;BIO;32A;Abertura de claros;15/04/18
IBE8334;VLC;OVD;CANADAIR CRJ-200;Despejado;15/04/18
IBE0488;MAD;OVD;AIRBUS A321;Nubes altas;15/04/18
IBE8333;PMI;OVD;CANADAIR CRJ-200;Despejado;17/04/18
VLG1579;BCN;OVD;AIRBUS A320;Despejado;15/04/18
VOE3585;ALC;OVD;BOEING 717;Despejado;15/04/18
IBE0476;MAD;OVD;AIRBUS A320;Nubes altas;15/04/18
VLG3864;PMI;OVD;AIRBUS A320;Nubes altas;15/04/18
VOE3924;AGP;OVD;BOEING 717;Despejado;15/04/18
IBE0480;MAD;OVD;AIRBUS A320;Nubes altas;15/04/18
IBE0482;MAD;OVD;AIRBUS A320;Nubes altas;15/04/18
VOE3830;SVQ;OVD;BOEING 717;Nubes altas;15/04/18
VLG1571;BCN;OVD;AIRBUS A320;Despejado;15/04/18
IBB102;TFN;LPA;BOMBARDIER CRJ-1000;Despejado;15/04/18
VLG3133;LCG;LPA;32A;Lluvia;15/04/18
IBB203;FUE;LPA;ATR-42/72;Nubes altas;15/04/18
AEA9432;FUE;LPA;ATR-72;Nubes altas;15/04/18
AEA9156;MAD;LPA;BOEING 737-800 WINGLETS;Nubes altas;15/04/18
IBB501;ACE;LPA;BOMBARDIER CRJ-1000;Nubes altas;15/04/18
CNF704;ACE;LPA;ATR-72;Nubes altas;15/04/18
IBB108;TFN;LPA;ATR-72;Despejado;15/04/18
IBB304;SPC;LPA;ATR-72;Cubierto de nubes altas y medias;15/04/18
CNF804;FUE;LPA;ATR-42/72;Nubes altas;15/04/18
RYR7222;VLC;SCQ;BOEING 737-800 WINGLETS;Despejado;15/04/18
RYR6332;BCN;SCQ;BOEING 737-800 WINGLETS;Despejado;15/04/18
IBS3876;MAD;SCQ;AIRBUS A321;Nubes altas;15/04/18
IBE8356;BIO;SCQ;CANADAIR CRJ-200;Nubosidad variable;15/04/18
VLG1670;BCN;SCQ;32A;Despejado;15/04/18
RYR3041;SVQ;SCQ;BOEING 737-800 WINGLETS;Nubes altas;15/04/18
VLG3246;TFN;SCQ;AIRBUS A320;Despejado;15/04/18
VLG2655;AGP;SCQ;AIRBUS A320;Despejado;15/04/18
RYR8538;ALC;SCQ;BOEING 737-800 WINGLETS;Despejado;15/04/18
IBS3878;MAD;SCQ;AIRBUS A320;Nubes altas;15/04/18
VLG1676;BCN;SCQ;AIRBUS A320;Despejado;15/04/18
AEA2629;BCN;SCQ;BOEING 737-800 WINGLETS;Despejado;15/04/18
VLG1672;BCN;SCQ;32A;Despejado;15/04/18
VLG3928;BCN;PMI;AIRBUS A320;Despejado;15/04/18
ANE8481;MAH;PMI;BOMBARDIER CRJ-1000;Despejado;17/04/18
ANE8101;IBZ;PMI;BOMBARDIER CRJ-1000;Despejado;17/04/18
VLG3902;BCN;PMI;32B;Despejado;15/04/18
AEA1701;IBZ;PMI;ATR-72;Nubes altas;15/04/18
IBS3866;MAD;AGP;32A;Nubes altas;15/04/18
AEA5035;MAD;AGP;ATR-72;Nubes altas;15/04/18
IBE8261;MLN;AGP;ATR-72;Despejado;15/04/18
VLG2115;BCN;AGP;32B;Despejado;15/04/18
VLG2455;IBZ;AGP;AIRBUS A320;Nubes altas;15/04/18
AEA9403;LPA;TFN;ATR-72;Cubierto de nubes altas y medias;15/04/18
VLG3256;SVQ;TFN;AIRBUS A320;Nubes altas;15/04/18
IBB107;LPA;TFN;ATR-72;Cubierto de nubes altas y medias;15/04/18
VLG3247;SCQ;TFN;AIRBUS A320;Lluvia;15/04/18
AEA9059;MAD;TFN;AIRBUS A330-200;Nubes altas;15/04/18
IBB606;SPC;TFN;ATR-42/72;Cubierto de nubes altas y medias;15/04/18
IBB415;FUE;TFN;ATR-42/72;Nubes altas;15/04/18
RYR5278;MAD;TFN;BOEING 737-800 WINGLETS;Nubes altas;15/04/18
IBB453;ACE;TFN;ATR-42/72;Nubes altas;15/04/18
CNF413;SPC;TFN;ATR-42/72;Cubierto de nubes altas y medias;15/04/18
IBB608;SPC;TFN;ATR-42/72;Cubierto de nubes altas y medias;15/04/18
IBB656;VDE;TFN;ATR-72;Nubes altas;15/04/18
AEA9462;SPC;TFN;ATR-72;Cubierto de nubes altas y medias;15/04/18
IBB109;LPA;TFN;ATR-72;Cubierto de nubes altas y medias;15/04/18
IBS3942;MAD;TFN;32A;Nubes altas;15/04/18
IBB650;GMZ;TFN;ATR-72;Nubes altas;15/04/18
CNF419;SPC;TFN;ATR-42/72;Cubierto de nubes altas y medias;15/04/18
IBB610;SPC;TFN;ATR-42/72;Cubierto de nubes altas y medias;15/04/18
IBB6810;LPA;TFN;BOMBARDIER CRJ-1000;Cubierto de nubes altas y medias;15/04/18
VLG2454;AGP;IBZ;AIRBUS A320;Despejado;15/04/18
RYR8136;BCN;IBZ;BOEING 737-800 WINGLETS;Despejado;15/04/18
VLG3540;BCN;IBZ;AIRBUS A320;Despejado;15/04/18
RYR5354;MAD;IBZ;BOEING 737-800 WINGLETS;Nubes altas;15/04/18
VLG3447;MAD;IBZ;AIRBUS A320;Nubes altas;15/04/18
IBE8104;PMI;IBZ;BOMBARDIER CRJ-1000;Despejado;17/04/18
AEA1702;PMI;IBZ;ATR-72;Nubes altas;15/04/18
VLG3508;BCN;IBZ;32A;Despejado;15/04/18
IBE8106;PMI;IBZ;ATR-42/72;Despejado;17/04/18
IBE8430;VLC;IBZ;ATR-72;Despejado;15/04/18
AEA4063;MAD;VLC;ATR-72;Nubes altas;15/04/18
RYR7223;SCQ;VLC;BOEING 737-800 WINGLETS;Lluvia;15/04/18
IBE8841;SVQ;VLC;ATR-72;Nubes altas;15/04/18
AEA4005;PMI;VLC;ATR-72;Nubes altas;15/04/18
IBE8494;PMI;MAH;ATR-42/72;Despejado;17/04/18
VLG3712;BCN;MAH;AIRBUS A320;Despejado;15/04/18
IBE8480;PMI;MAH;BOMBARDIER CRJ-1000;Despejado;17/04/18
VLG3800;BIO;MAH;32A;Nubosidad variable;15/04/18
VLG3714;BCN;MAH;AIRBUS A320;Despejado;15/04/18
IBE8482;PMI;MAH;BOMBARDIER CRJ-1000;Despejado;17/04/18
AEA4537;PMI;MAH;ATR-72;Nubes altas;15/04/18
IBE8956;MAD;MAH;BOMBARDIER CRJ-1000;Nubes altas;15/04/18
QTR6552;MAD;MAH;BOMBARDIER CRJ-1000;Nubes altas;15/04/18
IBE8498;PMI;MAH;ATR-42/72;Despejado;17/04/18
IBE8663;BIO;MAH;BOMBARDIER CRJ-1000;Nubosidad variable;15/04/18
AEA4531;PMI;MAH;ATR-72;Nubes altas;15/04/18
IBE8488;PMI;MAH;CANADAIR CRJ-200;Despejado;17/04/18
RYR6881;BCN;MAH;BOEING 737-800 WINGLETS;Despejado;15/04/18
IBE8024;MAD;MAH;CANADAIR CRJ-900;Nubes altas;15/04/18
VLG3716;BCN;MAH;AIRBUS A320;Despejado;15/04/18
VLG3700;BCN;MAH;AIRBUS A320;Despejado;15/04/18
RYR2913;MAD;TFS;BOEING 737-800 WINGLETS;Nubes altas;15/04/18
IBB123;LPA;TFS;ATR-72;Cubierto de nubes altas y medias;15/04/18
AEA9431;LPA;FUE;ATR-72;Cubierto de nubes altas y medias;15/04/18
IBB200;LPA;FUE;ATR-72;Cubierto de nubes altas y medias;15/04/18
IBB414;TFN;FUE;ATR-42/72;Despejado;15/04/18
VLG3146;AGP;FUE;AIRBUS A320;Despejado;15/04/18
CNF803;LPA;FUE;ATR-72;Cubierto de nubes altas y medias;15/04/18
OLY726;TFS;FUE;AIRBUS A321;Despejado;15/04/18
IBB210;LPA;FUE;ATR-72;Cubierto de nubes altas y medias;15/04/18
IBB422;TFN;FUE;ATR-42/72;Despejado;15/04/18
CNF809;LPA;FUE;ATR-72;Cubierto de nubes altas y medias;15/04/18
IBB500;LPA;ACE;BOMBARDIER CRJ-1000;Cubierto de nubes altas y medias;15/04/18
IBB452;TFN;ACE;ATR-42/72;Despejado;15/04/18
CNF703;LPA;ACE;ATR-72;Cubierto de nubes altas y medias;15/04/18
VLG3280;BIO;ACE;AIRBUS A320;Nubosidad variable;15/04/18
AEA9073;MAD;ACE;BOEING 737-800 WINGLETS;Nubes altas;15/04/18
AEA9447;LPA;ACE;ATR-72;Cubierto de nubes altas y medias;15/04/18
IBB510;LPA;ACE;BOMBARDIER CRJ-1000;Cubierto de nubes altas y medias;15/04/18
AEA4047;MAD;ALC;ATR-72;Nubes altas;15/04/18
ANE8390;MAD;ALC;BOMBARDIER CRJ-1000;Despejado;17/04/18
VOE3584;OVD;ALC;BOEING 717;Cubierto de nubes altas y medias;15/04/18
VLG2508;BIO;SVQ;32A;Nubosidad variable;15/04/18
IBS3954;MAD;SVQ;32A;Nubes altas;15/04/18
VLG2212;BCN;SVQ;AIRBUS A320;Despejado;15/04/18
IBE8840;VLC;SVQ;ATR-72;Despejado;15/04/18
VLG2216;BCN;SVQ;32A;Despejado;15/04/18
RYR6396;BCN;SVQ;BOEING 737-800 WINGLETS;Despejado;15/04/18
VLG2224;BCN;SVQ;AIRBUS A320;Despejado;15/04/18
VLG2252;BCN;SVQ;AIRBUS A320;Despejado;15/04/18
VLG3257;TFN;SVQ;AIRBUS A320;Despejado;15/04/18
IBS3950;MAD;SVQ;32A;Nubes altas;15/04/18
EVE1606;ZAZ;SVQ;32A;Nubes altas;15/04/18
RYR3042;SCQ;SVQ;BOEING 737-800 WINGLETS;Lluvia;15/04/18
VLG2510;BIO;SVQ;AIRBUS A320;Nubosidad variable;15/04/18
IBB605;TFN;SPC;ATR-42/72;Despejado;15/04/18
IBB309;LPA;SPC;ATR-72;Cubierto de nubes altas y medias;15/04/18
CNF412;TFN;SPC;ATR-42/72;Despejado;15/04/18
IBB607;TFN;SPC;ATR-42/72;Despejado;15/04/18
AEA9461;TFN;SPC;ATR-72;Despejado;15/04/18
CNF418;TFN;SPC;ATR-42/72;Despejado;15/04/18
IBB615;TFN;SPC;ATR-42/72;Despejado;15/04/18
AEA9463;TFN;SPC;ATR-72;Despejado;15/04/18
IBB619;TFN;SPC;ATR-42/72;Despejado;15/04/18
IBB621;TFN;SPC;ATR-42/72;Despejado;15/04/18
IBS3842;MAD;SPC;AIRBUS A320;Nubes altas;15/04/18
IBB629;TFN;SPC;ATR-42/72;Despejado;15/04/18
CNF452;TFN;SPC;ATR-72;Despejado;15/04/18
IBB311;LPA;SPC;BOMBARDIER CRJ-1000;Cubierto de nubes altas y medias;15/04/18
IBB631;TFN;SPC;ATR-42/72;Despejado;15/04/18
AEA9465;TFN;SPC;ATR-72;Despejado;15/04/18
IBB633;TFN;SPC;ATR-42/72;Despejado;15/04/18
IBB623;TFN;SPC;ATR-42/72;Despejado;15/04/18
IBB315;LPA;SPC;ATR-72;Cubierto de nubes altas y medias;15/04/18
AEA9479;TFN;SPC;ATR-72;Despejado;15/04/18
IBB637;TFN;SPC;ATR-42/72;Despejado;15/04/18
RYR5538;VIT;BGY;BOEING 737-800 WINGLETS;Abertura de claros;15/04/18
IBE8331;BJZ;MAD;CANADAIR CRJ-200;Chubascos dispersos;15/04/18
IBE8313;BJZ;BCN;BOMBARDIER CRJ-1000;Chubascos dispersos;15/04/18
IBB650;GMZ;TFN;ATR-72;Nubes altas;15/04/18
IBB652;GMZ;TFN;ATR-72;Nubes altas;15/04/18
HTY118;AEI;JCU;AWH;Despejado;15/04/18
HTY140;AEI;JCU;AWH;Despejado;15/04/18
HTY102;AEI;JCU;AWH;Despejado;16/04/18
DLH1119;PNA;FRA;AIRBUS A320;Nubosidad variable;15/04/18
IBE8525;PNA;MAD;CANADAIR CRJ-900;Nubosidad variable;15/04/18
IBE8531;PNA;MAD;BOMBARDIER CRJ-1000;Nubosidad variable;15/04/18
IBE8529;PNA;MAD;BOMBARDIER CRJ-1000;Nubosidad variable;16/04/18
IBS9530;VLL;PMI;AIRBUS A320;Chubascos dispersos;15/04/18
RYR2200;VLL;SVQ;BOEING 737-800 WINGLETS;Chubascos dispersos;15/04/18
EVE1128;VLL;SVQ;32A;Chubascos dispersos;15/04/18
VLG1585;VLL;BCN;AIRBUS A320;Chubascos dispersos;15/04/18
IBE8330;MAD;BJZ;CANADAIR CRJ-200;Nubes altas;15/04/18
IBE8312;BCN;BJZ;BOMBARDIER CRJ-1000;Despejado;17/04/18
RYR1115;REU;DUB;BOEING 737-800 WINGLETS;Despejado;15/04/18
RYR9825;REU;LPL;BOEING 737-800 WINGLETS;Despejado;15/04/18
RYR9827;REU;HHN;BOEING 737-800 WINGLETS;Despejado;15/04/18
RYR8088;REU;BHX;BOEING 737-800 WINGLETS;Despejado;15/04/18
RYR2212;REU;EIN;BOEING 737-800 WINGLETS;Despejado;15/04/18
RYR4634;ZAZ;BGY;BOEING 737-800 WINGLETS;Nubes altas;15/04/18
EVE1606;ZAZ;SVQ;32A;Nubes altas;15/04/18
AEA2633;ZAZ;LEI;BOEING 737-800 WINGLETS;Nubes altas;15/04/18
RYR2635;ZAZ;STN;BOEING 737-800 WINGLETS;Nubes altas;15/04/18
RYR4634;ZAZ;BGY;BOEING 737-800 WINGLETS;Nubes altas;16/04/18
IBB651;TFN;GMZ;ATR-42/72;Despejado;15/04/18
IBB653;TFN;GMZ;ATR-42/72;Despejado;15/04/18
IBE2244;TFN;GMZ;ATR-72;Despejado;17/04/18
HTY117;JCU;AEI;AWH;Nubes altas;15/04/18
HTY139;JCU;AEI;AWH;Nubes altas;15/04/18
HTY101;JCU;AEI;AWH;Nubes altas;16/04/18
VLG1295;LCG;BCN;AIRBUS A320;Lluvia;15/04/18
TAP1085;LCG;LIS;ATR-42/72;Lluvia;15/04/18
VLG1293;LCG;BCN;32A;Lluvia;15/04/18
VLG1298;LCG;SVQ;32A;Lluvia;15/04/18
AEA7236;LCG;MAD;EMBRAER ERJ-195;Lluvia;15/04/18
IBE0523;LCG;MAD;AIRBUS A320;Lluvia;15/04/18
VLG7104;LCG;LHR;AIRBUS A320;Lluvia;15/04/18
AEA7238;LCG;MAD;EMBRAER ERJ-195;Lluvia;15/04/18
IBB656;VDE;TFN;ATR-72;Nubes altas;15/04/18
IBB662;VDE;TFN;ATR-72;Nubes altas;15/04/18
IBB668;VDE;TFN;ATR-72;Nubes altas;15/04/18
IBB366;VDE;LPA;ATR-72;Nubes altas;15/04/18
IBS2247;VDE;LPA;ATR-72;Nubes altas;15/04/18
CNF248;VDE;TFN;ATR-72;Nubes altas;15/04/18
IBB674;VDE;TFN;ATR-72;Nubes altas;15/04/18
HTY227;JCU;AGP;AWH;Nubes altas;15/04/18
HTY117;JCU;AEI;AWH;Nubes altas;15/04/18
HTY139;JCU;AEI;AWH;Nubes altas;15/04/18
HTY259;JCU;AGP;AWH;Nubes altas;15/04/18
HTY101;JCU;AEI;AWH;Nubes altas;16/04/18
HTY221;JCU;AGP;AWH;Nubes altas;16/04/18
IBE8317;EAS;MAD;ATR-72;Nubes altas;15/04/18
VLG2487;EAS;BCN;AIRBUS A319;Nubes altas;15/04/18
IBE8319;EAS;MAD;ATR-72;Nubes altas;15/04/18
IBE8329;EAS;MAD;ATR-72;Nubes altas;15/04/18
IBE8315;EAS;MAD;ATR-72;Nubes altas;15/04/18
VLG2489;EAS;BCN;AIRBUS A319;Nubes altas;15/04/18
IBE8323;EAS;MAD;ATR-72;Nubes altas;15/04/18
IBE8317;EAS;MAD;ATR-72;Nubes altas;16/04/18
IBE8524;MAD;PNA;CANADAIR CRJ-900;Nubes altas;15/04/18
IBE8532;MAD;PNA;BOMBARDIER CRJ-1000;Nubes altas;15/04/18
IBE8526;MAD;PNA;BOMBARDIER CRJ-1000;Nubes altas;15/04/18
IBS9528;PMI;VLL;AIRBUS A320;Nubes altas;15/04/18
RYR2199;SVQ;VLL;BOEING 737-800 WINGLETS;Nubes altas;15/04/18
EVE1127;SVQ;VLL;32A;Nubes altas;15/04/18
RYR6320;BCN;VLL;BOEING 737-800 WINGLETS;Despejado;15/04/18
VLG1584;BCN;VLL;AIRBUS A320;Despejado;15/04/18
AEA7308;MAD;VGO;EMBRAER ERJ-195;Nubes altas;15/04/18
DLH1807;MAD;MUC;AIRBUS A320;Nubes altas;15/04/18
IBK6074;MAD;BGO;BOEING 737-800 WINGLETS;Nubes altas;15/04/18
AEA1147;MAD;OPO;ATR-72;Nubes altas;15/04/18
RYR2766;MAD;PRG;BOEING 737-800 WINGLETS;Nubes altas;15/04/18
IBS3954;MAD;SVQ;32A;Nubes altas;15/04/18
TAP1023;MAD;LIS;AIRBUS A319;Nubes altas;15/04/18
IBS3876;MAD;SCQ;AIRBUS A321;Nubes altas;15/04/18
IBS3918;MAD;PMI;AIRBUS A321;Nubes altas;15/04/18
IBS3642;MAD;BOD;AIRBUS A320;Nubes altas;15/04/18
IBE8261;MLN;AGP;ATR-72;Despejado;15/04/18
IBE8789;MLN;MAD;ATR-72;Despejado;15/04/18
IBE8791;MLN;MAD;ATR-72;Despejado;15/04/18
IBE8793;MLN;MAD;ATR-72;Despejado;15/04/18
IBE8269;MLN;AGP;ATR-72;Despejado;15/04/18
IBE8271;MLN;AGP;ATR-72;Despejado;15/04/18
AEA5004;MLN;AGP;ATR-72;Despejado;15/04/18
IBE8277;MLN;AGP;ATR-72;Despejado;15/04/18
IBE8261;MLN;AGP;ATR-72;Despejado;16/04/18
IBE8789;MLN;MAD;ATR-72;Despejado;16/04/18
AEA7311;VGO;MAD;EMBRAER ERJ-195;Lluvia;15/04/18
IBE0531;VGO;MAD;AIRBUS A319;Lluvia;15/04/18
RYR242;VGO;DUB;BOEING 737-800 WINGLETS;Lluvia;15/04/18
RYR7132;VGO;BGY;BOEING 737-800 WINGLETS;Lluvia;15/04/18
AEA7315;VGO;MAD;EMBRAER ERJ-195;Lluvia;15/04/18
IBE0533;VGO;MAD;AIRBUS A319;Lluvia;15/04/18
LAV5464;VGO;TFN;BOEING 737-400;Lluvia;15/04/18
TAP1141;VGO;LIS;ATR-72;Lluvia;15/04/18
AEA7317;VGO;MAD;EMBRAER ERJ-195;Lluvia;15/04/18
EZY8622;PMI;LGW;32A;Nubes altas;15/04/18
RYR2346;PMI;NCL;BOEING 737-800 WINGLETS;Nubes altas;15/04/18
VLG3923;PMI;BCN;AIRBUS A320;Nubes altas;15/04/18
TUI2129;PMI;FRA;BOEING 737-800 WINGLETS;Nubes altas;15/04/18
VLG3858;PMI;LIL;AIRBUS A320;Nubes altas;15/04/18
EWG3595;PMI;HAJ;BOEING 737-800 WINGLETS;Nubes altas;15/04/18
AEA6012;PMI;MAD;BOEING 737-800 WINGLETS;Nubes altas;15/04/18
IBS9522;PMI;BIO;AIRBUS A320;Nubes altas;15/04/18
VLG3929;PMI;BCN;AIRBUS A320;Nubes altas;15/04/18
EWG6820;PMI;SZG;AIRBUS A320;Nubes altas;15/04/18
EZY8550;MJV;LGW;AIRBUS A319;Despejado;15/04/18
EZY6014;MJV;BRS;AIRBUS A320;Despejado;15/04/18
RYR1925;MJV;EMA;BOEING 737-800 WINGLETS;Despejado;15/04/18
RYR4253;MJV;FRA;BOEING 737-800 WINGLETS;Despejado;15/04/18
EZY8552;MJV;LGW;AIRBUS A319;Despejado;15/04/18
RYR1940;MJV;EIN;BOEING 737-800 WINGLETS;Despejado;15/04/18
RYR4117;MJV;MAN;BOEING 737-800 WINGLETS;Despejado;15/04/18
EXS864;MJV;MAN;BOEING 737-800 WINGLETS;Despejado;15/04/18
RYR8027;MJV;STN;BOEING 737-800 WINGLETS;Despejado;15/04/18
RYR3453;MJV;LTN;BOEING 737-800 WINGLETS;Despejado;15/04/18
RYR7095;MJV;DUB;BOEING 737-800 WINGLETS;Despejado;15/04/18
VLG7480;BCN;ORN;32A;Despejado;15/04/18
VLG1812;BCN;MUC;AIRBUS A320;Despejado;15/04/18
VLG8300;BCN;AMS;32B;Despejado;15/04/18
BAW477;BCN;LHR;AIRBUS A320;Despejado;15/04/18
VLG8460;BCN;LIS;32B;Despejado;15/04/18
VLG6100;BCN;FCO;AIRBUS A320;Despejado;15/04/18
VLG2010;BCN;GRX;32B;Despejado;15/04/18
VLG1515;BCN;NCE;32A;Despejado;15/04/18
VLG3712;BCN;MAH;AIRBUS A320;Despejado;15/04/18
VLG8242;BCN;CDG;32A;Despejado;15/04/18
VLG6500;BCN;NAP;32A;Despejado;15/04/18
IBE0407;XRY;MAD;AIRBUS A319;Nubes altas;15/04/18
EWG575;XRY;CGN;AIRBUS A319;Nubes altas;15/04/18
JAF7922;XRY;BRU;EMBRAER 190;Nubes altas;15/04/18
EWG9571;XRY;DUS;32A;Nubes altas;15/04/18
RYR8397;XRY;STN;BOEING 737-800 WINGLETS;Nubes altas;15/04/18
IBE0411;XRY;MAD;AIRBUS A320;Nubes altas;15/04/18
VLG2287;XRY;BCN;AIRBUS A320;Nubes altas;15/04/18
RYR1284;XRY;BCN;BOEING 737-800 WINGLETS;Nubes altas;15/04/18
IBE0405;XRY;MAD;AIRBUS A319;Nubes altas;15/04/18
TUI2249;XRY;MUC;7S8;Nubes altas;16/04/18
IBE8511;XRY;MAD;CANADAIR CRJ-900;Nubes altas;16/04/18
EVE1605;SVQ;ZAZ;32A;Nubes altas;15/04/18
AEA2634;LEI;ZAZ;BOEING 737-800 WINGLETS;Despejado;15/04/18
WZZ1480;SDR;WAW;AIRBUS A320;Chubascos dispersos;15/04/18
RYR7617;SDR;EDI;BOEING 737-800 WINGLETS;Chubascos dispersos;15/04/18
RYR6385;SDR;BCN;BOEING 737-800 WINGLETS;Chubascos dispersos;15/04/18
IBE0555;SDR;MAD;AIRBUS A319;Chubascos dispersos;15/04/18
RYR9156;SDR;CIA;BOEING 737-800 WINGLETS;Chubascos dispersos;15/04/18
RYR7153;SDR;DUB;BOEING 737-800 WINGLETS;Chubascos dispersos;15/04/18
IBE0557;SDR;MAD;AIRBUS A319;Chubascos dispersos;15/04/18
VLG1591;SDR;BCN;AIRBUS A320;Chubascos dispersos;15/04/18
RYR6058;SDR;CRL;BOEING 737-800 WINGLETS;Chubascos dispersos;15/04/18
RYR7366;SDR;NRN;BOEING 737-800 WINGLETS;Chubascos dispersos;15/04/18
RYR2613;SDR;STN;BOEING 737-800 WINGLETS;Chubascos dispersos;15/04/18
IBE8861;SDR;MAD;CANADAIR CRJ-900;Chubascos dispersos;16/04/18
IBE0553;SDR;MAD;AIRBUS A319;Chubascos dispersos;16/04/18
VLG1593;SDR;BCN;AIRBUS A320;Chubascos dispersos;16/04/18
TAP1065;BIO;LIS;ATR-42/72;Nubosidad variable;15/04/18
DLH1829;BIO;MUC;AIRBUS A319;Nubosidad variable;15/04/18
VLG3800;BIO;MAH;32A;Nubosidad variable;15/04/18
IBE0435;BIO;MAD;AIRBUS A319;Nubosidad variable;15/04/18
IBE8356;BIO;SCQ;CANADAIR CRJ-200;Nubosidad variable;15/04/18
AEA7156;BIO;MAD;EMBRAER ERJ-195;Nubosidad variable;15/04/18
VLG2609;BIO;AGP;AIRBUS A320;Nubosidad variable;15/04/18
VLG1419;BIO;BCN;AIRBUS A320;Nubosidad variable;15/04/18
AFR1477;BIO;CDG;EMBRAER 170;Nubosidad variable;15/04/18
IBS9525;BIO;PMI;AIRBUS A320;Nubosidad variable;15/04/18
VLG1452;BIO;MXP;32A;Nubosidad variable;15/04/18
VLG3944;PMI;BIO;AIRBUS A320;Nubes altas;14/04/18
HTY228;AGP;JCU;AWH;Despejado;15/04/18
HTY118;AEI;JCU;AWH;Despejado;15/04/18
HTY140;AEI;JCU;AWH;Despejado;15/04/18
HTY260;AGP;JCU;AWH;Despejado;17/04/18
HTY102;AEI;JCU;AWH;Despejado;16/04/18
IBB655;TFN;VDE;ATR-72;Despejado;15/04/18
IBB659;TFN;VDE;ATR-72;Despejado;15/04/18
IBB663;TFN;VDE;ATR-72;Despejado;15/04/18
IBB365;LPA;VDE;ATR-72;Cubierto de nubes altas y medias;15/04/18
IBS2218;LPA;VDE;ATR-72;Despejado;17/04/18
CNF247;TFN;VDE;ATR-42/72;Despejado;15/04/18
IBB673;TFN;VDE;ATR-72;Despejado;15/04/18
BEL3776;LEI;BRU;AIRBUS A320;Despejado;15/04/18
EZY8164;LEI;LGW;AIRBUS A319;Despejado;15/04/18
IBE8595;LEI;MAD;BOMBARDIER CRJ-1000;Despejado;15/04/18
AEA2634;LEI;ZAZ;BOEING 737-800 WINGLETS;Despejado;15/04/18
IBE8213;LEI;PMI;CANADAIR CRJ-200;Despejado;15/04/18
VLG1252;LEI;BCN;AIRBUS A320;Despejado;15/04/18
IBE8577;LEI;MAD;CANADAIR CRJ-900;Despejado;15/04/18
AEA2888;LEI;BCN;BOEING 737-800 WINGLETS;Despejado;15/04/18
IBE8589;LEI;MAD;CANADAIR CRJ-200;Despejado;15/04/18
IBE8601;LEI;MAD;BOMBARDIER CRJ-1000;Despejado;15/04/18
AEA2648;LEI;BCN;BOEING 737-800 WINGLETS;Despejado;15/04/18
IBE8932;LEI;SVQ;CANADAIR CRJ-200;Despejado;15/04/18
IBE8930;LEI;SVQ;CANADAIR CRJ-200;Despejado;16/04/18
IBE8603;LEI;MAD;BOMBARDIER CRJ-1000;Despejado;16/04/18
VLG1294;BCN;LCG;AIRBUS A320;Despejado;15/04/18
VLG1292;BCN;LCG;32A;Despejado;15/04/18
AEA7233;MAD;LCG;EMBRAER ERJ-195;Nubes altas;15/04/18
LZF441;BIO;LCG;ATR 42-300/320;Nubosidad variable;15/04/18
VLG3132;LPA;LCG;AIRBUS A320;Cubierto de nubes altas y medias;15/04/18
AEA7235;MAD;LCG;EMBRAER ERJ-195;Nubes altas;15/04/18
VLG1299;SVQ;LCG;AIRBUS A320;Nubes altas;15/04/18
VLG2486;BCN;EAS;AIRBUS A319;Despejado;15/04/18
IBE8316;MAD;EAS;ATR-72;Nubes altas;15/04/18
IBE8322;MAD;EAS;ATR-72;Nubes altas;15/04/18
IBE8318;MAD;EAS;ATR-72;Nubes altas;15/04/18
VLG2488;BCN;EAS;AIRBUS A319;Despejado;15/04/18
IBE8326;MAD;EAS;ATR-72;Nubes altas;15/04/18
IBE8324;MAD;EAS;ATR-72;Nubes altas;15/04/18
RYR7223;SCQ;VLC;BOEING 737-800 WINGLETS;Lluvia;15/04/18
RYR6333;SCQ;BCN;BOEING 737-800 WINGLETS;Lluvia;15/04/18
EZS1338;SCQ;GVA;AIRBUS A320;Lluvia;15/04/18
IBS3877;SCQ;MAD;AIRBUS A321;Lluvia;15/04/18
IBE8365;SCQ;PMI;CANADAIR CRJ-200;Lluvia;15/04/18
VLG1671;SCQ;BCN;32A;Lluvia;15/04/18
EZS1180;SCQ;BSL;AIRBUS A319;Lluvia;15/04/18
DLH1867;SCQ;MUC;AIRBUS A319;Lluvia;15/04/18
RYR3042;SCQ;SVQ;BOEING 737-800 WINGLETS;Lluvia;15/04/18
RYR8379;SCQ;STN;BOEING 737-800 WINGLETS;Lluvia;15/04/18
VLG1677;SCQ;BCN;AIRBUS A320;Lluvia;15/04/18
VLG2654;SCQ;AGP;AIRBUS A320;Lluvia;15/04/18
RYR8539;SCQ;ALC;BOEING 737-800 WINGLETS;Lluvia;15/04/18
IBS3879;SCQ;MAD;AIRBUS A320;Lluvia;15/04/18
RYR724;SCQ;PMI;BOEING 737-800 WINGLETS;Lluvia;15/04/18
VLG8222;SCQ;CDG;AIRBUS A320;Lluvia;15/04/18
AEA2630;SCQ;BCN;BOEING 737-800 WINGLETS;Lluvia;15/04/18
VLG1673;SCQ;BCN;32A;Lluvia;15/04/18
IBS3835;LPA;MAD;AIRBUS A321;Cubierto de nubes altas y medias;15/04/18
RYR3804;LPA;MAN;BOEING 737-800 WINGLETS;Cubierto de nubes altas y medias;15/04/18
RYR2535;LPA;LBA;BOEING 737-800 WINGLETS;Cubierto de nubes altas y medias;15/04/18
RYR2967;LPA;BUD;BOEING 737-800 WINGLETS;Cubierto de nubes altas y medias;15/04/18
AEA9403;LPA;TFN;ATR-72;Cubierto de nubes altas y medias;15/04/18
AEA9431;LPA;FUE;ATR-72;Cubierto de nubes altas y medias;15/04/18
VLG3001;LPA;BCN;AIRBUS A321;Cubierto de nubes altas y medias;15/04/18
AEA9018;LPA;MAD;BOEING 737-800 WINGLETS;Cubierto de nubes altas y medias;15/04/18
IBB500;LPA;ACE;BOMBARDIER CRJ-1000;Cubierto de nubes altas y medias;15/04/18
IBB200;LPA;FUE;ATR-72;Cubierto de nubes altas y medias;15/04/18
VLG3184;LPA;ORY;AIRBUS A320;Cubierto de nubes altas y medias;15/04/18
TVS3705;LPA;CDG;BOEING 737-800 WINGLETS;Cubierto de nubes altas y medias;15/04/18
RYR1419;LPA;PSA;BOEING 737-800 WINGLETS;Cubierto de nubes altas y medias;15/04/18
IBK5804;LPA;MAD;BOEING 737-800 WINGLETS;Cubierto de nubes altas y medias;15/04/18
IBB309;LPA;SPC;ATR-72;Cubierto de nubes altas y medias;15/04/18
AEA1701;IBZ;PMI;ATR-72;Nubes altas;15/04/18
EWG3561;IBZ;HAJ;AIRBUS A319;Nubes altas;15/04/18
VLG2455;IBZ;AGP;AIRBUS A320;Nubes altas;15/04/18
RYR8137;IBZ;BCN;BOEING 737-800 WINGLETS;Nubes altas;15/04/18
VLG3541;IBZ;BCN;AIRBUS A320;Nubes altas;15/04/18
RYR5355;IBZ;MAD;BOEING 737-800 WINGLETS;Nubes altas;15/04/18
VLG3434;IBZ;MAD;AIRBUS A320;Nubes altas;15/04/18
EZY2692;IBZ;MXP;32A;Nubes altas;15/04/18
TRA5676;IBZ;AMS;BOEING 737-800 WINGLETS;Nubes altas;15/04/18
IBE8105;IBZ;PMI;CANADAIR CRJ-900;Nubes altas;15/04/18
AEA1703;IBZ;PMI;ATR-72;Nubes altas;15/04/18
TRA5690;IBZ;RTM;BOEING 737-700 WINGLETS;Nubes altas;15/04/18
RYR8333;IBZ;BGY;BOEING 737-800 WINGLETS;Nubes altas;15/04/18
RYR6419;IBZ;NRN;BOEING 737-800 WINGLETS;Nubes altas;15/04/18
VLG3515;IBZ;BCN;32A;Nubes altas;15/04/18
EWG2595;IBZ;STR;AIRBUS A319;Nubes altas;15/04/18
RYR2712;IBZ;BHX;BOEING 737-800 WINGLETS;Nubes altas;15/04/18
VLG1572;OVD;BCN;AIRBUS A320;Cubierto de nubes altas y medias;15/04/18
VOE3584;OVD;ALC;BOEING 717;Cubierto de nubes altas y medias;15/04/18
IBS3981;OVD;MAD;AIRBUS A320;Cubierto de nubes altas y medias;15/04/18
VLG1574;OVD;BCN;AIRBUS A320;Cubierto de nubes altas y medias;15/04/18
IBE0479;OVD;MAD;32A;Cubierto de nubes altas y medias;15/04/18
EZY3084;OVD;STN;AIRBUS A319;Cubierto de nubes altas y medias;15/04/18
IBE8335;OVD;VLC;CANADAIR CRJ-200;Cubierto de nubes altas y medias;15/04/18
IBE0475;OVD;MAD;AIRBUS A321;Cubierto de nubes altas y medias;15/04/18
IBE8332;OVD;PMI;CANADAIR CRJ-200;Cubierto de nubes altas y medias;15/04/18
VLG3865;OVD;PMI;AIRBUS A320;Cubierto de nubes altas y medias;15/04/18
VOE3925;OVD;AGP;BOEING 717;Cubierto de nubes altas y medias;15/04/18
IBE0487;OVD;MAD;AIRBUS A321;Cubierto de nubes altas y medias;15/04/18
VLG1578;OVD;BCN;AIRBUS A320;Cubierto de nubes altas y medias;15/04/18
VOE3831;OVD;SVQ;BOEING 717;Cubierto de nubes altas y medias;15/04/18
TAP1113;OVD;LIS;ATR-72;Cubierto de nubes altas y medias;15/04/18
IBE0481;OVD;MAD;32A;Cubierto de nubes altas y medias;15/04/18
VLG1572;OVD;BCN;AIRBUS A320;Cubierto de nubes altas y medias;16/04/18
IBE0511;LCG;MAD;AIRBUS A320;Lluvia;15/04/18
IBE8397;ALC;MAD;BOMBARDIER CRJ-1000;Despejado;17/04/18
IBS3917;PMI;MAD;AIRBUS A320;Nubes altas;15/04/18
IBE8495;MAH;PMI;ATR-42/72;Abertura de claros;15/04/18
VLG3713;MAH;BCN;AIRBUS A320;Abertura de claros;15/04/18
IBE8483;MAH;PMI;BOMBARDIER CRJ-1000;Abertura de claros;15/04/18
VLG3801;MAH;BIO;32A;Abertura de claros;15/04/18
VLG3715;MAH;BCN;AIRBUS A320;Abertura de claros;15/04/18
IBE8662;MAH;BIO;BOMBARDIER CRJ-1000;Abertura de claros;15/04/18
AEA4532;MAH;PMI;ATR-72;Abertura de claros;15/04/18
IBE8957;MAH;MAD;BOMBARDIER CRJ-1000;Abertura de claros;15/04/18
QTR6563;MAH;MAD;BOMBARDIER CRJ-1000;Abertura de claros;15/04/18
IBE8499;MAH;PMI;ATR-42/72;Abertura de claros;15/04/18
AEA4530;MAH;PMI;ATR-72;Abertura de claros;15/04/18
IBE8491;MAH;PMI;CANADAIR CRJ-200;Abertura de claros;15/04/18
IBE8493;MAH;PMI;BOMBARDIER CRJ-1000;Abertura de claros;15/04/18
IBE8029;MAH;MAD;CANADAIR CRJ-900;Abertura de claros;15/04/18
RYR6882;MAH;BCN;BOEING 737-800 WINGLETS;Abertura de claros;15/04/18
VLG3709;MAH;BCN;AIRBUS A320;Abertura de claros;15/04/18
VLG3701;MAH;BCN;AIRBUS A320;Abertura de claros;15/04/18
VLG3215;TFN;BCN;32B;Despejado;15/04/18
IBS3945;TFN;MAD;AIRBUS A320;Despejado;15/04/18
IBB452;TFN;ACE;ATR-42/72;Despejado;15/04/18
IBB414;TFN;FUE;ATR-42/72;Despejado;15/04/18
IBK6378;TFN;MAD;BOEING 737-800 WINGLETS;Despejado;15/04/18
AEA9045;TFN;MAD;BOEING 737-800 WINGLETS;Despejado;15/04/18
IBB605;TFN;SPC;ATR-42/72;Despejado;15/04/18
AEA7007;TFN;BIO;BOEING 737-800 WINGLETS;Despejado;15/04/18
CNF412;TFN;SPC;ATR-42/72;Despejado;15/04/18
IBB655;TFN;VDE;ATR-72;Despejado;15/04/18
IBB607;TFN;SPC;ATR-42/72;Despejado;15/04/18
IBB102;TFN;LPA;BOMBARDIER CRJ-1000;Despejado;15/04/18
VLG3257;TFN;SVQ;AIRBUS A320;Despejado;15/04/18
IBB108;TFN;LPA;ATR-72;Despejado;15/04/18
TAP1101;SVQ;LIS;ATR-42/72;Nubes altas;15/04/18
RYR2470;SVQ;FKB;BOEING 737-800 WINGLETS;Nubes altas;15/04/18
VLG2253;SVQ;BCN;AIRBUS A320;Nubes altas;15/04/18
VLG2507;SVQ;BIO;32A;Nubes altas;15/04/18
IBS3947;SVQ;MAD;32A;Nubes altas;15/04/18
TVF3101;SVQ;ORY;BOEING 737-800 WINGLETS;Nubes altas;15/04/18
VLG2211;SVQ;BCN;AIRBUS A320;Nubes altas;15/04/18
IBE8841;SVQ;VLC;ATR-72;Nubes altas;15/04/18
VLG2251;SVQ;BCN;32A;Nubes altas;15/04/18
VLG8830;SVQ;CDG;AIRBUS A320;Nubes altas;15/04/18
TAP1107;SVQ;LIS;ATR-42/72;Nubes altas;15/04/18
EVE1605;SVQ;ZAZ;32A;Nubes altas;15/04/18
EZY8176;SVQ;LGW;AIRBUS A319;Nubes altas;15/04/18
RYR3041;SVQ;SCQ;BOEING 737-800 WINGLETS;Nubes altas;15/04/18
VLG2509;SVQ;BIO;AIRBUS A320;Nubes altas;15/04/18
VLG2011;GRX;BCN;32B;Nubes altas;15/04/18
IBE8641;GRX;MAD;BOMBARDIER CRJ-1000;Nubes altas;15/04/18
EZY2676;GRX;MXP;AIRBUS A319;Nubes altas;15/04/18
VLG2021;GRX;BCN;32A;Nubes altas;15/04/18
AEA5200;GRX;PMI;EMBRAER ERJ-195;Nubes altas;15/04/18
VLG3932;GRX;PMI;AIRBUS A320;Nubes altas;15/04/18
IBE8645;GRX;MAD;BOMBARDIER CRJ-1000;Nubes altas;15/04/18
ENT513;GRX;ARN;BOEING 737-800 WINGLETS;Nubes altas;15/04/18
ENT574;GRX;ARN;BOEING 737-800;Nubes altas;15/04/18
IBE8649;GRX;MAD;BOMBARDIER CRJ-1000;Nubes altas;15/04/18
VLG2015;GRX;BCN;AIRBUS A320;Nubes altas;15/04/18
BAW3290;GRX;LCY;EMBRAER 190;Nubes altas;15/04/18
VLG2017;GRX;BCN;32B;Nubes altas;15/04/18
IBE8639;GRX;MAD;BOMBARDIER CRJ-1000;Nubes altas;16/04/18
IBB203;FUE;LPA;ATR-42/72;Nubes altas;15/04/18
AEA9432;FUE;LPA;ATR-72;Nubes altas;15/04/18
IBB415;FUE;TFN;ATR-42/72;Nubes altas;15/04/18
VLG3147;FUE;AGP;AIRBUS A320;Nubes altas;15/04/18
ENT898;FUE;CDG;BOEING 737-800 WINGLETS;Nubes altas;15/04/18
ENT893;FUE;LYS;BOEING 737-800 WINGLETS;Nubes altas;15/04/18
CNF804;FUE;LPA;ATR-42/72;Nubes altas;15/04/18
OLY727;FUE;ZRH;AIRBUS A321;Nubes altas;15/04/18
TVS3427;FUE;RNS;BOEING 737-800 WINGLETS;Nubes altas;15/04/18
TVS3499;FUE;LYS;BOEING 737-800 WINGLETS;Nubes altas;15/04/18
EDW213;FUE;ZRH;AIRBUS A320;Nubes altas;15/04/18
TRA6706;FUE;AMS;BOEING 737-800 WINGLETS;Nubes altas;15/04/18
RYR8627;FUE;NRN;BOEING 737-800 WINGLETS;Nubes altas;15/04/18
EWG1813;FUE;MUC;AIRBUS A320;Nubes altas;15/04/18
IBB211;FUE;LPA;ATR-42/72;Nubes altas;15/04/18
RYR8183;FUE;STN;BOEING 737-800 WINGLETS;Nubes altas;15/04/18
IBB423;FUE;TFN;ATR-42/72;Nubes altas;15/04/18
LLC6703;FUE;LYS;AIRBUS A320;Nubes altas;15/04/18
CNF810;FUE;LPA;ATR-72;Nubes altas;15/04/18
LLX5572;FUE;DUS;AIRBUS A320;Nubes altas;15/04/18
IBE8262;AGP;MLN;ATR-72;Despejado;15/04/18
IBE8792;MAD;MLN;ATR-72;Nubes altas;15/04/18
IBE8790;MAD;MLN;ATR-72;Nubes altas;15/04/18
IBE8264;AGP;MLN;ATR-72;Despejado;15/04/18
IBE8270;AGP;MLN;ATR-72;Despejado;15/04/18
AEA5005;AGP;MLN;ATR-72;Despejado;15/04/18
IBE8798;MAD;MLN;ATR-72;Nubes altas;15/04/18
IBE8274;AGP;MLN;ATR-72;Despejado;15/04/18
IBE8260;AGP;MLN;ATR-72;Despejado;16/04/18
RYR4029;ALC;FCO;BOEING 737-800 WINGLETS;Despejado;15/04/18
IBK5320;ALC;OSL;BOEING 737-800 WINGLETS;Despejado;15/04/18
RYR2543;ALC;POZ;BOEING 737-800 WINGLETS;Despejado;15/04/18
RYR8005;ALC;ABZ;BOEING 737-800 WINGLETS;Despejado;15/04/18
RYR5578;ALC;EDI;BOEING 737-800 WINGLETS;Despejado;15/04/18
IBK5406;ALC;HAJ;BOEING 737-800 WINGLETS;Despejado;15/04/18
WZZ4414;ALC;SOF;AIRBUS A320;Despejado;15/04/18
VOE2613;ALC;LYS;BOEING 717;Despejado;15/04/18
AEA4025;ALC;PMI;ATR-72;Despejado;15/04/18
RYR4019;ALC;CPH;BOEING 737-800 WINGLETS;Despejado;15/04/18
RYR9871;ALC;KRK;BOEING 737-800 WINGLETS;Despejado;15/04/18
RYR4079;ALC;NCL;BOEING 737-800 WINGLETS;Despejado;15/04/18
EZS1086;ALC;BSL;AIRBUS A319;Despejado;15/04/18
EZS1426;ALC;GVA;32A;Despejado;15/04/18
BEL3772;ALC;BRU;AIRBUS A320;Despejado;15/04/18
TRA6144;ALC;AMS;BOEING 737-800 WINGLETS;Despejado;15/04/18
VOE2459;ALC;TLS;BOEING 717;Despejado;15/04/18
JAF7058;ALC;BRU;EMBRAER 190;Despejado;15/04/18
ANE8391;ALC;MAD;BOMBARDIER CRJ-1000;Despejado;15/04/18
RYR7883;ALC;NUE;BOEING 737-800 WINGLETS;Despejado;15/04/18
RYR6901;GRO;CRL;BOEING 737-800 WINGLETS;Nubes altas;15/04/18
RYR9305;GRO;LPL;BOEING 737-800 WINGLETS;Nubes altas;15/04/18
RYR9172;GRO;WRO;BOEING 737-800 WINGLETS;Nubes altas;15/04/18
RYR4125;GRO;HHN;BOEING 737-800 WINGLETS;Nubes altas;15/04/18
RYR7037;GRO;DUB;BOEING 737-800 WINGLETS;Nubes altas;15/04/18
RYR9364;GRO;PSR;BOEING 737-800 WINGLETS;Nubes altas;15/04/18
RYR9241;GRO;PSA;BOEING 737-800 WINGLETS;Nubes altas;15/04/18
RYR9803;GRO;STN;BOEING 737-800 WINGLETS;Nubes altas;15/04/18
PBD832;GRO;VKO;BOEING 737-800 WINGLETS;Nubes altas;15/04/18
RYR9211;GRO;FKB;BOEING 737-800 WINGLETS;Nubes altas;15/04/18
RYR9335;GRO;BRS;BOEING 737-800 WINGLETS;Nubes altas;15/04/18
RYR4482;GRO;RIX;BOEING 737-800 WINGLETS;Nubes altas;15/04/18
RYR5122;GRO;POZ;BOEING 737-800 WINGLETS;Nubes altas;15/04/18
RYR9303;GRO;EDI;BOEING 737-800 WINGLETS;Nubes altas;15/04/18
RYR1131;GRO;EMA;BOEING 737-800 WINGLETS;Nubes altas;15/04/18
RYR6903;GRO;CRL;BOEING 737-800 WINGLETS;Nubes altas;15/04/18
RYR6391;GRO;NRN;BOEING 737-800 WINGLETS;Nubes altas;15/04/18
TRA5766;GRO;AMS;BOEING 737-800 WINGLETS;Nubes altas;15/04/18
RYR2201;GRO;KRK;BOEING 737-800 WINGLETS;Nubes altas;16/04/18
RYR9026;GRO;BTS;BOEING 737-800 WINGLETS;Nubes altas;16/04/18
RYR6901;GRO;CRL;BOEING 737-800 WINGLETS;Nubes altas;16/04/18
RYR4480;GRO;KUN;BOEING 737-800 WINGLETS;Nubes altas;16/04/18
RYR4275;GRO;FRA;BOEING 737-800 WINGLETS;Nubes altas;16/04/18
RYR9241;GRO;PSA;BOEING 737-800 WINGLETS;Nubes altas;16/04/18
AEA6006;PMI;BCN;EMBRAER ERJ-195;Nubes altas;15/04/18
VLG3915;PMI;BCN;AIRBUS A320;Nubes altas;15/04/18
VLG1311;ALC;BCN;32A;Despejado;15/04/18
VLG1431;BIO;BCN;32A;Nubosidad variable;15/04/18
RYR6397;SVQ;BCN;BOEING 737-800 WINGLETS;Nubes altas;15/04/18
AEA7308;MAD;VGO;EMBRAER ERJ-195;Nubes altas;15/04/18
AEA7302;MAD;VGO;EMBRAER ERJ-195;Nubes altas;15/04/18
IBE0532;MAD;VGO;AIRBUS A319;Nubes altas;15/04/18
LAV5463;TFN;VGO;BOEING 737-400;Despejado;15/04/18
AEA7300;MAD;VGO;EMBRAER ERJ-195;Nubes altas;15/04/18
IBE0534;MAD;VGO;AIRBUS A320;Nubes altas;15/04/18
RYR245;BCN;VGO;BOEING 737-800 WINGLETS;Despejado;15/04/18
AEA7306;MAD;VGO;EMBRAER ERJ-195;Nubes altas;15/04/18
RYR3493;ACE;SXF;BOEING 737-800 WINGLETS;Nubes altas;15/04/18
RYR3812;ACE;LPL;BOEING 737-800 WINGLETS;Nubes altas;15/04/18
RYR4002;ACE;BGY;BOEING 737-800 WINGLETS;Nubes altas;15/04/18
IBB501;ACE;LPA;BOMBARDIER CRJ-1000;Nubes altas;15/04/18
IBB453;ACE;TFN;ATR-42/72;Nubes altas;15/04/18
CNF704;ACE;LPA;ATR-72;Nubes altas;15/04/18
VLG3281;ACE;BIO;AIRBUS A320;Nubes altas;15/04/18
TRA5686;ACE;AMS;BOEING 737-800 WINGLETS;Nubes altas;15/04/18
RYR1587;ACE;FRA;BOEING 737-800 WINGLETS;Nubes altas;15/04/18
BEL3788;ACE;BRU;AIRBUS A320;Nubes altas;15/04/18
LGL742;ACE;LUX;BOEING 737-800 WINGLETS;Nubes altas;15/04/18
AEA9076;ACE;MAD;BOEING 737-800 WINGLETS;Nubes altas;15/04/18
TUI2843;ACE;MUC;BOEING 737-800 WINGLETS;Nubes altas;15/04/18
RYR4896;ACE;BLQ;BOEING 737-800 WINGLETS;Nubes altas;15/04/18
AEA9448;ACE;LPA;ATR-72;Nubes altas;15/04/18
TUI2293;ACE;DUS;BOEING 737-800 WINGLETS;Nubes altas;15/04/18
IBB505;ACE;LPA;BOMBARDIER CRJ-1000;Nubes altas;15/04/18
TUI2189;ACE;HAJ;BOEING 737-800 WINGLETS;Nubes altas;15/04/18
TOM6739;ACE;EXT;BOEING 737-800 WINGLETS;Nubes altas;15/04/18
VLG3146;AGP;FUE;AIRBUS A320;Despejado;15/04/18
IBK5050;AGP;ARN;BOEING 737-800 WINGLETS;Despejado;15/04/18
RYR7045;AGP;DUB;BOEING 737-800 WINGLETS;Despejado;15/04/18
IBK5000;AGP;LGW;BOEING 737-800 WINGLETS;Despejado;15/04/18
SAS6004;AGP;ARN;32A;Despejado;15/04/18
RYR3233;AGP;MAN;BOEING 737-800 WINGLETS;Despejado;15/04/18
IBK5100;AGP;MUC;BOEING 737-800 WINGLETS;Despejado;15/04/18
RYR8007;AGP;ABZ;BOEING 737-800 WINGLETS;Despejado;15/04/18
RYR8108;AGP;BRS;BOEING 737-800 WINGLETS;Despejado;15/04/18
EZS1432;AGP;GVA;AIRBUS A320;Despejado;15/04/18
IBS3865;AGP;MAD;32A;Despejado;15/04/18
AEA1011;AGP;CDG;BOEING 737-800 WINGLETS;Despejado;15/04/18
IBE8262;AGP;MLN;ATR-72;Despejado;15/04/18
EWG2537;AGP;STR;32A;Despejado;15/04/18
MAC384;AGP;TNG;32A;Despejado;15/04/18
JAF7568;AGP;BRU;7M8;Despejado;15/04/18
BEL3734;AGP;BRU;AIRBUS A320;Despejado;15/04/18
IBB606;SPC;TFN;ATR-42/72;Cubierto de nubes altas y medias;15/04/18
IBB304;SPC;LPA;ATR-72;Cubierto de nubes altas y medias;15/04/18
CNF413;SPC;TFN;ATR-42/72;Cubierto de nubes altas y medias;15/04/18
IBB608;SPC;TFN;ATR-42/72;Cubierto de nubes altas y medias;15/04/18
TVS2434;SPC;CDG;BOEING 737-800 WINGLETS;Cubierto de nubes altas y medias;15/04/18
AEA9462;SPC;TFN;ATR-72;Cubierto de nubes altas y medias;15/04/18
CNF419;SPC;TFN;ATR-42/72;Cubierto de nubes altas y medias;15/04/18
IBB610;SPC;TFN;ATR-42/72;Cubierto de nubes altas y medias;15/04/18
AEA9464;SPC;TFN;ATR-72;Cubierto de nubes altas y medias;15/04/18
IBB620;SPC;TFN;ATR-42/72;Cubierto de nubes altas y medias;15/04/18
IBB622;SPC;TFN;ATR-42/72;Cubierto de nubes altas y medias;15/04/18
IBS3843;SPC;MAD;AIRBUS A320;Cubierto de nubes altas y medias;15/04/18
IBB630;SPC;TFN;ATR-42/72;Cubierto de nubes altas y medias;15/04/18
CNF453;SPC;TFN;ATR-72;Cubierto de nubes altas y medias;15/04/18
IBB312;SPC;LPA;BOMBARDIER CRJ-1000;Cubierto de nubes altas y medias;15/04/18
DE1407;SPC;FRA;BOEING 757-300 WINGLETS;Cubierto de nubes altas y medias;15/04/18
IBB632;SPC;TFN;ATR-42/72;Cubierto de nubes altas y medias;15/04/18
AEA9466;SPC;TFN;ATR-72;Cubierto de nubes altas y medias;15/04/18
IBB634;SPC;TFN;ATR-42/72;Cubierto de nubes altas y medias;15/04/18
IBB636;SPC;TFN;ATR-42/72;Cubierto de nubes altas y medias;15/04/18
AEA9480;SPC;TFN;ATR-72;Cubierto de nubes altas y medias;15/04/18
IBB316;SPC;LPA;ATR-42/72;Cubierto de nubes altas y medias;15/04/18
AEA7161;MAD;BIO;EMBRAER ERJ-195;Nubes altas;15/04/18
VLG2608;AGP;BIO;AIRBUS A320;Despejado;15/04/18
VLG1418;BCN;BIO;AIRBUS A320;Despejado;15/04/18
IBS9522;PMI;BIO;AIRBUS A320;Nubes altas;15/04/18
VLG1432;BCN;BIO;AIRBUS A320;Despejado;15/04/18
VLG2507;SVQ;BIO;32A;Nubes altas;15/04/18
IBE8693;PMI;BIO;BOMBARDIER CRJ-1000;Despejado;17/04/18
VLG3801;MAH;BIO;32A;Abertura de claros;15/04/18
VLG6792;TFS;LYS;32A;Despejado;15/04/18
RYR1513;TFS;BVA;BOEING 737-800 WINGLETS;Despejado;15/04/18
RYR2545;TFS;NCL;BOEING 737-800 WINGLETS;Despejado;15/04/18
RYR4514;TFS;KRK;BOEING 737-800 WINGLETS;Despejado;15/04/18
IBS3927;TFS;MAD;32A;Despejado;15/04/18
RYR2561;TFS;BFS;BOEING 737-800 WINGLETS;Despejado;15/04/18
DK1409;TFS;ORB;32B;Despejado;15/04/18
IBK6420;TFS;OSL;BOEING 737-800 WINGLETS;Despejado;15/04/18
TOM5751;TFS;NWI;BOEING 737-800 WINGLETS;Despejado;15/04/18
OLY726;TFS;FUE;AIRBUS A321;Despejado;15/04/18
RYR2914;TFS;MAD;BOEING 737-800 WINGLETS;Despejado;15/04/18
IBK6450;TFS;ARN;BOEING 737-800 WINGLETS;Despejado;15/04/18
ENT951C;TFS;LYS;BOEING 737-800 WINGLETS;Despejado;15/04/18
IBK6500;TFS;HAM;BOEING 737-800 WINGLETS;Despejado;15/04/18
OLY745;TFS;ZRH;AIRBUS A321;Despejado;15/04/18
BEL1652;TFS;BRU;AIRBUS A320;Despejado;15/04/18
JAF7866;TFS;CDG;BOEING 737-800 WINGLETS;Despejado;15/04/18
JAF7114;TFS;BRU;BOEING 737-800 WINGLETS;Despejado;15/04/18
EWG253;TFS;CGN;BOEING 737-800 WINGLETS;Despejado;15/04/18
EDW215;TFS;ZRH;AIRBUS A320;Despejado;15/04/18
IBE0410;MAD;XRY;AIRBUS A320;Nubes altas;15/04/18
VLG2286;BCN;XRY;AIRBUS A320;Despejado;15/04/18
RYR1283;BCN;XRY;BOEING 737-800 WINGLETS;Despejado;15/04/18
IBE0404;MAD;XRY;AIRBUS A319;Nubes altas;15/04/18
IBE0406;MAD;XRY;AIRBUS A319;Nubes altas;15/04/18
IBE8510;MAD;XRY;CANADAIR CRJ-900;Nubes altas;16/04/18
IBE8840;VLC;SVQ;ATR-72;Despejado;15/04/18
RYR8725;VLC;BRI;BOEING 737-800 WINGLETS;Despejado;15/04/18
RYR2228;VLC;KRK;BOEING 737-800 WINGLETS;Despejado;15/04/18
AEA4004;VLC;PMI;ATR-72;Despejado;15/04/18
SWR2141;VLC;ZRH;AIRBUS A320;Despejado;15/04/18
RYR2986;VLC;BRU;BOEING 737-800 WINGLETS;Despejado;15/04/18
TRA6338;VLC;AMS;BOEING 737-700 WINGLETS;Despejado;15/04/18
IBE8993;VLC;MAD;CANADAIR CRJ-900;Despejado;15/04/18
CPA1870;VLC;MAD;CANADAIR CRJ-900;Despejado;15/04/18
TRA5106;VLC;EIN;BOEING 737-800 WINGLETS;Despejado;15/04/18
IBE8334;VLC;OVD;CANADAIR CRJ-200;Despejado;15/04/18
RYR9678;VLC;CIA;BOEING 737-800 WINGLETS;Despejado;15/04/18
RYR2300;VLC;BUD;BOEING 737-800 WINGLETS;Despejado;15/04/18
EZY2004;VLC;LTN;AIRBUS A319;Despejado;15/04/18
RYR8322;VLC;STN;BOEING 737-800 WINGLETS;Despejado;15/04/18
VLG6244;VLC;FCO;AIRBUS A320;Despejado;15/04/18
RYR1823;VLC;EIN;BOEING 737-800 WINGLETS;Despejado;15/04/18
IBE8430;VLC;IBZ;ATR-72;Despejado;15/04/18
AEA1007;VLC;CDG;BOEING 737-800 WINGLETS;Despejado;15/04/18
IBE8594;MAD;LEI;BOMBARDIER CRJ-1000;Nubes altas;15/04/18
AEA2887;BCN;LEI;BOEING 737-800 WINGLETS;Despejado;15/04/18
VLG1251;BCN;LEI;AIRBUS A320;Despejado;15/04/18
IBE8598;MAD;LEI;CANADAIR CRJ-900;Nubes altas;15/04/18
AEA2633;ZAZ;LEI;BOEING 737-800 WINGLETS;Nubes altas;15/04/18
IBE8212;PMI;LEI;CANADAIR CRJ-200;Despejado;17/04/18
IBE8592;MAD;LEI;BOMBARDIER CRJ-1000;Nubes altas;15/04/18
AEA2647;BCN;LEI;BOEING 737-800 WINGLETS;Despejado;15/04/18
IBE8588;MAD;LEI;CANADAIR CRJ-200;Nubes altas;15/04/18
IBE8933;SVQ;LEI;CANADAIR CRJ-200;Nubes altas;15/04/18
IBE8600;MAD;LEI;BOMBARDIER CRJ-1000;Nubes altas;15/04/18
VLG2010;BCN;GRX;32B;Despejado;15/04/18
IBE8640;MAD;GRX;BOMBARDIER CRJ-1000;Nubes altas;15/04/18
VLG2020;BCN;GRX;32A;Despejado;15/04/18
AEA5201;PMI;GRX;EMBRAER ERJ-195;Nubes altas;15/04/18
VLG3933;PMI;GRX;AIRBUS A320;Nubes altas;15/04/18
IBE8646;MAD;GRX;BOMBARDIER CRJ-1000;Nubes altas;15/04/18
IBE8642;MAD;GRX;BOMBARDIER CRJ-1000;Nubes altas;15/04/18
VLG2014;BCN;GRX;AIRBUS A320;Despejado;15/04/18
VLG2016;BCN;GRX;32B;Despejado;15/04/18
IBE8648;MAD;GRX;BOMBARDIER CRJ-1000;Nubes altas;15/04/18
VLG2010;BCN;GRX;AIRBUS A321;Despejado;16/04/18
IBB102;TFN;LPA;BOMBARDIER CRJ-1000;Despejado;15/04/18
VLG3133;LCG;LPA;32A;Lluvia;15/04/18
IBB203;FUE;LPA;ATR-42/72;Nubes altas;15/04/18
AEA9432;FUE;LPA;ATR-72;Nubes altas;15/04/18
AEA9156;MAD;LPA;BOEING 737-800 WINGLETS;Nubes altas;15/04/18
IBB501;ACE;LPA;BOMBARDIER CRJ-1000;Nubes altas;15/04/18
CNF704;ACE;LPA;ATR-72;Nubes altas;15/04/18
IBB108;TFN;LPA;ATR-72;Despejado;15/04/18
IBE2202;TFN;LPA;ATR-72;Despejado;17/04/18
IBB304;SPC;LPA;ATR-72;Cubierto de nubes altas y medias;15/04/18
CNF804;FUE;LPA;ATR-42/72;Nubes altas;15/04/18
RYR6384;BCN;SDR;BOEING 737-800 WINGLETS;Despejado;15/04/18
IBE0554;MAD;SDR;AIRBUS A319;Nubes altas;15/04/18
IBE0556;MAD;SDR;AIRBUS A319;Nubes altas;15/04/18
IBE8878;MAD;SDR;CANADAIR CRJ-900;Nubes altas;15/04/18
IBE0552;MAD;SDR;AIRBUS A320;Nubes altas;16/04/18
VLG1592;BCN;SDR;AIRBUS A320;Despejado;16/04/18
AEA4047;MAD;ALC;ATR-72;Nubes altas;15/04/18
ANE8390;MAD;ALC;BOMBARDIER CRJ-1000;Despejado;17/04/18
VOE3584;OVD;ALC;BOEING 717;Cubierto de nubes altas y medias;15/04/18
RYR7222;VLC;SCQ;BOEING 737-800 WINGLETS;Despejado;15/04/18
RYR6332;BCN;SCQ;BOEING 737-800 WINGLETS;Despejado;15/04/18
IBS3876;MAD;SCQ;AIRBUS A321;Nubes altas;15/04/18
IBE8356;BIO;SCQ;CANADAIR CRJ-200;Nubosidad variable;15/04/18
VLG1670;BCN;SCQ;32A;Despejado;15/04/18
RYR3041;SVQ;SCQ;BOEING 737-800 WINGLETS;Nubes altas;15/04/18
VLG3246;TFN;SCQ;AIRBUS A320;Despejado;15/04/18
VLG2655;AGP;SCQ;AIRBUS A320;Despejado;15/04/18
RYR8538;ALC;SCQ;BOEING 737-800 WINGLETS;Despejado;15/04/18
IBS3878;MAD;SCQ;AIRBUS A320;Nubes altas;15/04/18
VLG1676;BCN;SCQ;AIRBUS A320;Despejado;15/04/18
AEA2629;BCN;SCQ;BOEING 737-800 WINGLETS;Despejado;15/04/18
VLG1672;BCN;SCQ;32A;Despejado;15/04/18
IBS3866;MAD;AGP;32A;Nubes altas;15/04/18
AEA5035;MAD;AGP;ATR-72;Nubes altas;15/04/18
IBE8261;MLN;AGP;ATR-72;Despejado;15/04/18
VLG2115;BCN;AGP;32B;Despejado;15/04/18
VLG2455;IBZ;AGP;AIRBUS A320;Nubes altas;15/04/18
VLG1573;BCN;OVD;AIRBUS A320;Despejado;15/04/18
IBE8334;VLC;OVD;CANADAIR CRJ-200;Despejado;15/04/18
IBE0488;MAD;OVD;AIRBUS A321;Nubes altas;15/04/18
IBE8333;PMI;OVD;CANADAIR CRJ-200;Despejado;17/04/18
VLG1579;BCN;OVD;AIRBUS A320;Despejado;15/04/18
VOE3585;ALC;OVD;BOEING 717;Despejado;15/04/18
VLG3864;PMI;OVD;AIRBUS A320;Nubes altas;15/04/18
VOE3924;AGP;OVD;BOEING 717;Despejado;15/04/18
IBE0480;MAD;OVD;AIRBUS A320;Nubes altas;15/04/18
VOE3830;SVQ;OVD;BOEING 717;Nubes altas;15/04/18
IBE0482;MAD;OVD;AIRBUS A320;Nubes altas;15/04/18
VLG1571;BCN;OVD;AIRBUS A320;Despejado;15/04/18
VLG1573;BCN;OVD;AIRBUS A320;Despejado;16/04/18
IBE8494;PMI;MAH;ATR-42/72;Despejado;17/04/18
VLG3712;BCN;MAH;AIRBUS A320;Despejado;15/04/18
IBE8480;PMI;MAH;BOMBARDIER CRJ-1000;Despejado;17/04/18
VLG3800;BIO;MAH;32A;Nubosidad variable;15/04/18
VLG3714;BCN;MAH;AIRBUS A320;Despejado;15/04/18
IBE8482;PMI;MAH;BOMBARDIER CRJ-1000;Despejado;17/04/18
AEA4537;PMI;MAH;ATR-72;Nubes altas;15/04/18
IBE8956;MAD;MAH;BOMBARDIER CRJ-1000;Nubes altas;15/04/18
QTR6552;MAD;MAH;BOMBARDIER CRJ-1000;Nubes altas;15/04/18
IBE8498;PMI;MAH;ATR-42/72;Despejado;17/04/18
IBE8663;BIO;MAH;BOMBARDIER CRJ-1000;Nubosidad variable;15/04/18
AEA4531;PMI;MAH;ATR-72;Nubes altas;15/04/18
IBE8488;PMI;MAH;CANADAIR CRJ-200;Despejado;17/04/18
RYR6881;BCN;MAH;BOEING 737-800 WINGLETS;Despejado;15/04/18
IBE8024;MAD;MAH;CANADAIR CRJ-900;Nubes altas;15/04/18
VLG3716;BCN;MAH;AIRBUS A320;Despejado;15/04/18
VLG3700;BCN;MAH;AIRBUS A320;Despejado;15/04/18
AEA9403;LPA;TFN;ATR-72;Cubierto de nubes altas y medias;15/04/18
VLG3256;SVQ;TFN;AIRBUS A320;Nubes altas;15/04/18
IBB107;LPA;TFN;ATR-72;Cubierto de nubes altas y medias;15/04/18
VLG3247;SCQ;TFN;AIRBUS A320;Lluvia;15/04/18
AEA9059;MAD;TFN;AIRBUS A330-200;Nubes altas;15/04/18
IBB606;SPC;TFN;ATR-42/72;Cubierto de nubes altas y medias;15/04/18
IBB415;FUE;TFN;ATR-42/72;Nubes altas;15/04/18
RYR5278;MAD;TFN;BOEING 737-800 WINGLETS;Nubes altas;15/04/18
IBB453;ACE;TFN;ATR-42/72;Nubes altas;15/04/18
CNF413;SPC;TFN;ATR-42/72;Cubierto de nubes altas y medias;15/04/18
IBB608;SPC;TFN;ATR-42/72;Cubierto de nubes altas y medias;15/04/18
IBB119;LPA;TFN;BOMBARDIER CRJ-1000;Cubierto de nubes altas y medias;15/04/18
IBB656;VDE;TFN;ATR-72;Nubes altas;15/04/18
AEA9462;SPC;TFN;ATR-72;Cubierto de nubes altas y medias;15/04/18
IBB109;LPA;TFN;ATR-72;Cubierto de nubes altas y medias;15/04/18
IBS3942;MAD;TFN;32A;Nubes altas;15/04/18
IBB650;GMZ;TFN;ATR-72;Nubes altas;15/04/18
CNF419;SPC;TFN;ATR-42/72;Cubierto de nubes altas y medias;15/04/18
IBB610;SPC;TFN;ATR-42/72;Cubierto de nubes altas y medias;15/04/18
IBB6810;LPA;TFN;BOMBARDIER CRJ-1000;Cubierto de nubes altas y medias;15/04/18
VLG3928;BCN;PMI;AIRBUS A320;Despejado;15/04/18
ANE8481;MAH;PMI;BOMBARDIER CRJ-1000;Despejado;17/04/18
ANE8101;IBZ;PMI;BOMBARDIER CRJ-1000;Despejado;17/04/18
VLG3902;BCN;PMI;32B;Despejado;15/04/18
AEA1701;IBZ;PMI;ATR-72;Nubes altas;15/04/18
IBB500;LPA;ACE;BOMBARDIER CRJ-1000;Cubierto de nubes altas y medias;15/04/18
IBB452;TFN;ACE;ATR-42/72;Despejado;15/04/18
CNF703;LPA;ACE;ATR-72;Cubierto de nubes altas y medias;15/04/18
VLG3280;BIO;ACE;AIRBUS A320;Nubosidad variable;15/04/18
AEA9073;MAD;ACE;BOEING 737-800 WINGLETS;Nubes altas;15/04/18
AEA9447;LPA;ACE;ATR-72;Cubierto de nubes altas y medias;15/04/18
IBB510;LPA;ACE;BOMBARDIER CRJ-1000;Cubierto de nubes altas y medias;15/04/18
VLG2508;BIO;SVQ;32A;Nubosidad variable;15/04/18
IBS3954;MAD;SVQ;32A;Nubes altas;15/04/18
VLG2212;BCN;SVQ;AIRBUS A320;Despejado;15/04/18
IBE8840;VLC;SVQ;ATR-72;Despejado;15/04/18
VLG2216;BCN;SVQ;32A;Despejado;15/04/18
RYR6396;BCN;SVQ;BOEING 737-800 WINGLETS;Despejado;15/04/18
VLG2224;BCN;SVQ;AIRBUS A320;Despejado;15/04/18
VLG2252;BCN;SVQ;AIRBUS A320;Despejado;15/04/18
VLG3257;TFN;SVQ;AIRBUS A320;Despejado;15/04/18
IBS3950;MAD;SVQ;32A;Nubes altas;15/04/18
EVE1606;ZAZ;SVQ;32A;Nubes altas;15/04/18
RYR3042;SCQ;SVQ;BOEING 737-800 WINGLETS;Lluvia;15/04/18
VLG2510;BIO;SVQ;AIRBUS A320;Nubosidad variable;15/04/18
RYR2913;MAD;TFS;BOEING 737-800 WINGLETS;Nubes altas;15/04/18
IBB123;LPA;TFS;ATR-72;Cubierto de nubes altas y medias;15/04/18
VLG2454;AGP;IBZ;AIRBUS A320;Despejado;15/04/18
RYR8136;BCN;IBZ;BOEING 737-800 WINGLETS;Despejado;15/04/18
VLG3540;BCN;IBZ;AIRBUS A320;Despejado;15/04/18
RYR5354;MAD;IBZ;BOEING 737-800 WINGLETS;Nubes altas;15/04/18
VLG3447;MAD;IBZ;AIRBUS A320;Nubes altas;15/04/18
IBE8104;PMI;IBZ;BOMBARDIER CRJ-1000;Despejado;17/04/18
AEA1702;PMI;IBZ;ATR-72;Nubes altas;15/04/18
VLG3508;BCN;IBZ;32A;Despejado;15/04/18
IBE8106;PMI;IBZ;ATR-42/72;Despejado;17/04/18
IBE8430;VLC;IBZ;ATR-72;Despejado;15/04/18
AEA4063;MAD;VLC;ATR-72;Nubes altas;15/04/18
RYR7223;SCQ;VLC;BOEING 737-800 WINGLETS;Lluvia;15/04/18
IBE8841;SVQ;VLC;ATR-72;Nubes altas;15/04/18
AEA4005;PMI;VLC;ATR-72;Nubes altas;15/04/18
IBB605;TFN;SPC;ATR-42/72;Despejado;15/04/18
IBB309;LPA;SPC;ATR-72;Cubierto de nubes altas y medias;15/04/18
CNF412;TFN;SPC;ATR-42/72;Despejado;15/04/18
IBB607;TFN;SPC;ATR-42/72;Despejado;15/04/18
AEA9461;TFN;SPC;ATR-72;Despejado;15/04/18
CNF418;TFN;SPC;ATR-42/72;Despejado;15/04/18
IBB615;TFN;SPC;ATR-42/72;Despejado;15/04/18
AEA9463;TFN;SPC;ATR-72;Despejado;15/04/18
IBB619;TFN;SPC;ATR-42/72;Despejado;15/04/18
IBB621;TFN;SPC;ATR-42/72;Despejado;15/04/18
IBS3842;MAD;SPC;AIRBUS A320;Nubes altas;15/04/18
IBB629;TFN;SPC;ATR-42/72;Despejado;15/04/18
CNF452;TFN;SPC;ATR-72;Despejado;15/04/18
IBB311;LPA;SPC;BOMBARDIER CRJ-1000;Cubierto de nubes altas y medias;15/04/18
IBB631;TFN;SPC;ATR-42/72;Despejado;15/04/18
AEA9465;TFN;SPC;ATR-72;Despejado;15/04/18
IBB633;TFN;SPC;ATR-42/72;Despejado;15/04/18
IBB623;TFN;SPC;ATR-42/72;Despejado;15/04/18
IBB315;LPA;SPC;ATR-72;Cubierto de nubes altas y medias;15/04/18
AEA9479;TFN;SPC;ATR-72;Despejado;15/04/18
AEA9431;LPA;FUE;ATR-72;Cubierto de nubes altas y medias;15/04/18
IBB200;LPA;FUE;ATR-72;Cubierto de nubes altas y medias;15/04/18
IBB414;TFN;FUE;ATR-42/72;Despejado;15/04/18
VLG3146;AGP;FUE;AIRBUS A320;Despejado;15/04/18
CNF803;LPA;FUE;ATR-72;Cubierto de nubes altas y medias;15/04/18
OLY726;TFS;FUE;AIRBUS A321;Despejado;15/04/18
IBB210;LPA;FUE;ATR-72;Cubierto de nubes altas y medias;15/04/18
IBB422;TFN;FUE;ATR-42/72;Despejado;15/04/18
CNF809;LPA;FUE;ATR-72;Cubierto de nubes altas y medias;15/04/18
IBB650;GMZ;TFN;ATR-42/72;Nubes altas;15/04/18
IBB652;GMZ;TFN;ATR-42/72;Nubes altas;15/04/18
RYR5538;VIT;BGY;BOEING 737-800 WINGLETS;Abertura de claros;15/04/18
IBE8331;BJZ;MAD;CANADAIR CRJ-200;Chubascos dispersos;15/04/18
IBE8313;BJZ;BCN;BOMBARDIER CRJ-1000;Chubascos dispersos;15/04/18
DLH1119;PNA;FRA;AIRBUS A320;Nubosidad variable;15/04/18
IBE8525;PNA;MAD;CANADAIR CRJ-900;Nubosidad variable;15/04/18
IBE8531;PNA;MAD;BOMBARDIER CRJ-1000;Nubosidad variable;15/04/18
IBE8529;PNA;MAD;BOMBARDIER CRJ-1000;Nubosidad variable;16/04/18
IBS9530;VLL;PMI;AIRBUS A320;Chubascos dispersos;15/04/18
RYR2200;VLL;SVQ;BOEING 737-800 WINGLETS;Chubascos dispersos;15/04/18
EVE1128;VLL;SVQ;32A;Chubascos dispersos;15/04/18
RYR6321;VLL;BCN;BOEING 737-800 WINGLETS;Chubascos dispersos;15/04/18
VLG1585;VLL;BCN;AIRBUS A320;Chubascos dispersos;15/04/18
HTY118;AEI;JCU;AWH;Despejado;15/04/18
HTY140;AEI;JCU;AWH;Despejado;15/04/18
HTY102;AEI;JCU;AWH;Despejado;16/04/18
HTY134;AEI;JCU;AWH;Despejado;16/04/18
IBB651;TFN;GMZ;ATR-42/72;Despejado;15/04/18
IBB653;TFN;GMZ;ATR-42/72;Despejado;15/04/18
IBE2244;TFN;GMZ;ATR-42/72;Despejado;17/04/18
IBE8330;MAD;BJZ;CANADAIR CRJ-200;Nubes altas;15/04/18
IBE8312;BCN;BJZ;BOMBARDIER CRJ-1000;Despejado;17/04/18
HTY117;JCU;AEI;AWH;Nubes altas;15/04/18
HTY139;JCU;AEI;AWH;Nubes altas;15/04/18
HTY101;JCU;AEI;AWH;Nubes altas;16/04/18
HTY133;JCU;AEI;AWH;Nubes altas;16/04/18
IBS9528;PMI;VLL;AIRBUS A320;Nubes altas;15/04/18
RYR2199;SVQ;VLL;BOEING 737-800 WINGLETS;Nubes altas;15/04/18
EVE1127;SVQ;VLL;32A;Nubes altas;15/04/18
RYR6320;BCN;VLL;BOEING 737-800 WINGLETS;Despejado;15/04/18
VLG1584;BCN;VLL;AIRBUS A320;Despejado;15/04/18
RYR4634;ZAZ;BGY;BOEING 737-800 WINGLETS;Nubes altas;15/04/18
EVE1606;ZAZ;SVQ;32A;Nubes altas;15/04/18
AEA2633;ZAZ;LEI;BOEING 737-800 WINGLETS;Nubes altas;15/04/18
RYR2635;ZAZ;STN;BOEING 737-800 WINGLETS;Nubes altas;15/04/18
RYR4634;ZAZ;BGY;BOEING 737-800 WINGLETS;Nubes altas;16/04/18
RYR1383;ZAZ;CRL;BOEING 737-800 WINGLETS;Nubes altas;16/04/18
IBE8495;MAH;PMI;ATR-42/72;Abertura de claros;15/04/18
VLG3713;MAH;BCN;AIRBUS A320;Abertura de claros;15/04/18
IBE8483;MAH;PMI;BOMBARDIER CRJ-1000;Abertura de claros;15/04/18
VLG3801;MAH;BIO;32A;Abertura de claros;15/04/18
VLG3715;MAH;BCN;AIRBUS A320;Abertura de claros;15/04/18
IBE8662;MAH;BIO;BOMBARDIER CRJ-1000;Abertura de claros;15/04/18
AEA4532;MAH;PMI;ATR-72;Abertura de claros;15/04/18
IBE8957;MAH;MAD;BOMBARDIER CRJ-1000;Abertura de claros;15/04/18
QTR6563;MAH;MAD;BOMBARDIER CRJ-1000;Abertura de claros;15/04/18
IBE8499;MAH;PMI;ATR-42/72;Abertura de claros;15/04/18
AEA4530;MAH;PMI;ATR-72;Abertura de claros;15/04/18
IBE8491;MAH;PMI;CANADAIR CRJ-200;Abertura de claros;15/04/18
IBE8493;MAH;PMI;BOMBARDIER CRJ-1000;Abertura de claros;15/04/18
IBE8029;MAH;MAD;CANADAIR CRJ-900;Abertura de claros;15/04/18
RYR6882;MAH;BCN;BOEING 737-800 WINGLETS;Abertura de claros;15/04/18
VLG3709;MAH;BCN;AIRBUS A320;Abertura de claros;15/04/18
VLG3701;MAH;BCN;AIRBUS A320;Abertura de claros;15/04/18
VLG1573;BCN;OVD;AIRBUS A320;Despejado;15/04/18
IBE8334;VLC;OVD;CANADAIR CRJ-200;Despejado;15/04/18
IBE0488;MAD;OVD;AIRBUS A321;Nubes altas;15/04/18
IBE8333;PMI;OVD;CANADAIR CRJ-200;Despejado;17/04/18
VLG1579;BCN;OVD;AIRBUS A320;Despejado;15/04/18
VOE3585;ALC;OVD;BOEING 717;Despejado;15/04/18
IBE0476;MAD;OVD;AIRBUS A320;Nubes altas;15/04/18
VLG3864;PMI;OVD;AIRBUS A320;Nubes altas;15/04/18
VOE3924;AGP;OVD;BOEING 717;Despejado;15/04/18
IBE0480;MAD;OVD;AIRBUS A320;Nubes altas;15/04/18
IBE0482;MAD;OVD;AIRBUS A320;Nubes altas;15/04/18
VOE3830;SVQ;OVD;BOEING 717;Nubes altas;15/04/18
VLG1571;BCN;OVD;AIRBUS A320;Despejado;15/04/18
VLG1573;BCN;OVD;AIRBUS A320;Despejado;16/04/18
IBE8524;MAD;PNA;CANADAIR CRJ-900;Nubes altas;15/04/18
IBE8532;MAD;PNA;BOMBARDIER CRJ-1000;Nubes altas;15/04/18
IBE8526;MAD;PNA;BOMBARDIER CRJ-1000;Nubes altas;15/04/18
IBE8530;MAD;PNA;BOMBARDIER CRJ-1000;Nubes altas;16/04/18
VLG2011;GRX;BCN;32B;Nubes altas;15/04/18
IBE8641;GRX;MAD;BOMBARDIER CRJ-1000;Nubes altas;15/04/18
EZY2676;GRX;MXP;AIRBUS A319;Nubes altas;15/04/18
VLG2021;GRX;BCN;32A;Nubes altas;15/04/18
AEA5200;GRX;PMI;EMBRAER ERJ-195;Nubes altas;15/04/18
VLG3932;GRX;PMI;AIRBUS A320;Nubes altas;15/04/18
IBE8645;GRX;MAD;BOMBARDIER CRJ-1000;Nubes altas;15/04/18
ENT513;GRX;ARN;BOEING 737-800 WINGLETS;Nubes altas;15/04/18
ENT574;GRX;ARN;BOEING 737-800;Nubes altas;15/04/18
IBE8649;GRX;MAD;BOMBARDIER CRJ-1000;Nubes altas;15/04/18
VLG2015;GRX;BCN;AIRBUS A320;Nubes altas;15/04/18
BAW3290;GRX;LCY;EMBRAER 190;Nubes altas;15/04/18
VLG2017;GRX;BCN;32B;Nubes altas;15/04/18
IBE8639;GRX;MAD;BOMBARDIER CRJ-1000;Nubes altas;16/04/18
VLG2011;GRX;BCN;AIRBUS A320;Nubes altas;16/04/18
RYR8108;AGP;BRS;BOEING 737-800 WINGLETS;Despejado;15/04/18
EZS1432;AGP;GVA;AIRBUS A320;Despejado;15/04/18
IBS3865;AGP;MAD;32A;Despejado;15/04/18
AEA1011;AGP;CDG;BOEING 737-800 WINGLETS;Despejado;15/04/18
TVF3161;AGP;ORY;BOEING 737-800 WINGLETS;Despejado;15/04/18
IBE8262;AGP;MLN;ATR-72;Despejado;15/04/18
EWG2537;AGP;STR;32A;Despejado;15/04/18
MAC384;AGP;TNG;32A;Despejado;15/04/18
JAF7568;AGP;BRU;7M8;Despejado;15/04/18
BEL3734;AGP;BRU;AIRBUS A320;Despejado;15/04/18
SWR2117;AGP;ZRH;AIRBUS A321;Despejado;15/04/18
VLG2114;AGP;BCN;32B;Despejado;15/04/18
JAF7312;AGP;OST;BOEING 737-800 WINGLETS;Despejado;15/04/18
PRI454;AGP;BLL;BOEING 737-800 WINGLETS;Despejado;15/04/18
GMI3109;AGP;FMO;AIRBUS A319;Despejado;15/04/18
RYR6139;AGP;FCO;BOEING 737-800 WINGLETS;Despejado;15/04/18
IBB203;FUE;LPA;ATR-42/72;Nubes altas;15/04/18
AEA9432;FUE;LPA;ATR-72;Nubes altas;15/04/18
IBB415;FUE;TFN;ATR-42/72;Nubes altas;15/04/18
VLG3147;FUE;AGP;AIRBUS A320;Nubes altas;15/04/18
ENT898;FUE;CDG;BOEING 737-800 WINGLETS;Nubes altas;15/04/18
ENT893;FUE;LYS;BOEING 737-800 WINGLETS;Nubes altas;15/04/18
CNF804;FUE;LPA;ATR-42/72;Nubes altas;15/04/18
OLY727;FUE;ZRH;AIRBUS A321;Nubes altas;15/04/18
TVS3427;FUE;RNS;BOEING 737-800 WINGLETS;Nubes altas;15/04/18
TVS3499;FUE;LYS;BOEING 737-800 WINGLETS;Nubes altas;15/04/18
EDW213;FUE;ZRH;AIRBUS A320;Nubes altas;15/04/18
TRA6706;FUE;AMS;BOEING 737-800 WINGLETS;Nubes altas;15/04/18
RYR8627;FUE;NRN;BOEING 737-800 WINGLETS;Nubes altas;15/04/18
EWG1813;FUE;MUC;AIRBUS A320;Nubes altas;15/04/18
LGL734;FUE;LUX;BOEING 737-800 WINGLETS;Nubes altas;15/04/18
IBB211;FUE;LPA;ATR-42/72;Nubes altas;15/04/18
RYR8183;FUE;STN;BOEING 737-800 WINGLETS;Nubes altas;15/04/18
IBB423;FUE;TFN;ATR-42/72;Nubes altas;15/04/18
LLC6703;FUE;LYS;AIRBUS A320;Nubes altas;15/04/18
CNF810;FUE;LPA;ATR-72;Nubes altas;15/04/18
LLX5572;FUE;DUS;AIRBUS A320;Nubes altas;15/04/18
EVE1605;SVQ;ZAZ;32A;Nubes altas;15/04/18
AEA2634;LEI;ZAZ;BOEING 737-800 WINGLETS;Despejado;15/04/18
EWG585;PMI;CGN;AIRBUS A320;Nubes altas;15/04/18
GMI2237;PMI;RLG;AIRBUS A319;Nubes altas;15/04/18
VLG3903;PMI;BCN;32B;Nubes altas;15/04/18
JAF7902;PMI;OST;EMBRAER 190;Nubes altas;15/04/18
AEA1702;PMI;IBZ;ATR-72;Nubes altas;15/04/18
GMI6453;PMI;DRS;BOEING 737-700 WINGLETS;Nubes altas;15/04/18
DE1527;PMI;LEJ;32B;Nubes altas;15/04/18
TUI2693;PMI;SCN;BOEING 737-700 WINGLETS;Nubes altas;15/04/18
SRK2115;PMI;BRN;SAAB 2000;Nubes altas;15/04/18
TUI2313;PMI;DUS;BOEING 737-800 WINGLETS;Nubes altas;15/04/18
LDM313;PMI;STR;AIRBUS A320;Nubes altas;15/04/18
ANE8693;PMI;BIO;BOMBARDIER CRJ-1000;Nubes altas;15/04/18
DE3539;PMI;DUS;BOEING 757-200  WINGLETS;Nubes altas;15/04/18
DE1515;PMI;DUS;BOEING 757-300 WINGLETS;Nubes altas;15/04/18
DE1509;PMI;MUC;BOEING 757-300 WINGLETS;Nubes altas;15/04/18
EZY5802;PMI;TXL;32A;Nubes altas;15/04/18
IBS3913;PMI;MAD;AIRBUS A321;Nubes altas;15/04/18
HTY227;JCU;AGP;AWH;Nubes altas;15/04/18
HTY117;JCU;AEI;AWH;Nubes altas;15/04/18
HTY139;JCU;AEI;AWH;Nubes altas;15/04/18
HTY259;JCU;AGP;AWH;Nubes altas;15/04/18
HTY101;JCU;AEI;AWH;Nubes altas;16/04/18
HTY221;JCU;AGP;AWH;Nubes altas;16/04/18
HTY133;JCU;AEI;AWH;Nubes altas;16/04/18
IBB656;VDE;TFN;ATR-72;Nubes altas;15/04/18
IBB662;VDE;TFN;ATR-72;Nubes altas;15/04/18
IBB668;VDE;TFN;ATR-72;Nubes altas;15/04/18
IBB366;VDE;LPA;ATR-72;Nubes altas;15/04/18
IBS2247;VDE;LPA;ATR-72;Nubes altas;15/04/18
CNF248;VDE;TFN;ATR-72;Nubes altas;15/04/18
IBB674;VDE;TFN;ATR-72;Nubes altas;15/04/18
IBB656;VDE;TFN;ATR-72;Nubes altas;16/04/18
BEL3776;LEI;BRU;AIRBUS A320;Despejado;15/04/18
EZY8164;LEI;LGW;AIRBUS A319;Despejado;15/04/18
IBE8595;LEI;MAD;BOMBARDIER CRJ-1000;Despejado;15/04/18
AEA2634;LEI;ZAZ;BOEING 737-800 WINGLETS;Despejado;15/04/18
IBE8213;LEI;PMI;CANADAIR CRJ-200;Despejado;15/04/18
VLG1252;LEI;BCN;AIRBUS A320;Despejado;15/04/18
IBE8577;LEI;MAD;CANADAIR CRJ-900;Despejado;15/04/18
AEA2888;LEI;BCN;BOEING 737-800 WINGLETS;Despejado;15/04/18
IBE8589;LEI;MAD;CANADAIR CRJ-200;Despejado;15/04/18
IBE8601;LEI;MAD;BOMBARDIER CRJ-1000;Despejado;15/04/18
AEA2648;LEI;BCN;BOEING 737-800 WINGLETS;Despejado;15/04/18
IBE8932;LEI;SVQ;CANADAIR CRJ-200;Despejado;15/04/18
IBE8930;LEI;SVQ;CANADAIR CRJ-200;Despejado;16/04/18
IBE8603;LEI;MAD;BOMBARDIER CRJ-1000;Despejado;16/04/18
RYR1259;LEI;CRL;BOEING 737-800 WINGLETS;Despejado;16/04/18
IBE8589;LEI;MAD;CANADAIR CRJ-200;Despejado;16/04/18
EZY8164;LEI;LGW;AIRBUS A320;Despejado;16/04/18
IBB605;TFN;SPC;ATR-42/72;Despejado;15/04/18
AEA7007;TFN;BIO;BOEING 737-800 WINGLETS;Despejado;15/04/18
CNF412;TFN;SPC;ATR-42/72;Despejado;15/04/18
IBB655;TFN;VDE;ATR-72;Despejado;15/04/18
IBB607;TFN;SPC;ATR-42/72;Despejado;15/04/18
IBB102;TFN;LPA;BOMBARDIER CRJ-1000;Despejado;15/04/18
AEA9461;TFN;SPC;ATR-72;Despejado;15/04/18
VLG3257;TFN;SVQ;AIRBUS A320;Despejado;15/04/18
IBB108;TFN;LPA;ATR-72;Despejado;15/04/18
VLG3246;TFN;SCQ;AIRBUS A320;Despejado;15/04/18
IBB651;TFN;GMZ;ATR-42/72;Despejado;15/04/18
LAV5463;TFN;VGO;BOEING 737-400;Despejado;15/04/18
RYR3064;TFN;BCN;BOEING 737-800 WINGLETS;Despejado;15/04/18
CNF418;TFN;SPC;ATR-42/72;Despejado;15/04/18
AEA9047;TFN;MAD;AIRBUS A330-200;Despejado;15/04/18
IBB615;TFN;SPC;ATR-42/72;Despejado;15/04/18
IBB120;TFN;LPA;BOMBARDIER CRJ-1000;Despejado;15/04/18
IBB422;TFN;FUE;ATR-42/72;Despejado;15/04/18
AEA1013;MAD;LGW;BOEING 737-800 WINGLETS;Nubes altas;15/04/18
IBE3162;MAD;LHR;AIRBUS A319;Nubes altas;15/04/18
RYR2051;MAD;PMI;BOEING 737-800 WINGLETS;Nubes altas;15/04/18
IBE3120;MAD;VIE;AIRBUS A319;Nubes altas;15/04/18
IBS3826;MAD;LPA;AIRBUS A320;Nubes altas;15/04/18
IBS3942;MAD;TFN;32A;Nubes altas;15/04/18
IBS3692;MAD;MAN;AIRBUS A320;Nubes altas;15/04/18
IBE8614;MAD;FRA;BOMBARDIER CRJ-1000;Nubes altas;15/04/18
IBE3230;MAD;FCO;AIRBUS A321;Nubes altas;15/04/18
IBE3242;MAD;VCE;AIRBUS A320;Nubes altas;15/04/18
IBE3140;MAD;DUS;32A;Nubes altas;15/04/18
IBB605;TFN;SPC;ATR-42/72;Despejado;15/04/18
IBB309;LPA;SPC;ATR-72;Cubierto de nubes altas y medias;15/04/18
CNF412;TFN;SPC;ATR-42/72;Despejado;15/04/18
IBB607;TFN;SPC;ATR-42/72;Despejado;15/04/18
AEA9461;TFN;SPC;ATR-72;Despejado;15/04/18
CNF418;TFN;SPC;ATR-42/72;Despejado;15/04/18
IBB615;TFN;SPC;ATR-42/72;Despejado;15/04/18
AEA9463;TFN;SPC;ATR-72;Despejado;15/04/18
IBB619;TFN;SPC;ATR-42/72;Despejado;15/04/18
IBB621;TFN;SPC;ATR-42/72;Despejado;15/04/18
IBS3842;MAD;SPC;AIRBUS A320;Nubes altas;15/04/18
IBB629;TFN;SPC;ATR-42/72;Despejado;15/04/18
CNF452;TFN;SPC;ATR-72;Despejado;15/04/18
IBB311;LPA;SPC;BOMBARDIER CRJ-1000;Cubierto de nubes altas y medias;15/04/18
IBB631;TFN;SPC;ATR-42/72;Despejado;15/04/18
AEA9465;TFN;SPC;ATR-72;Despejado;15/04/18
IBB633;TFN;SPC;ATR-42/72;Despejado;15/04/18
IBB623;TFN;SPC;ATR-42/72;Despejado;15/04/18
IBB315;LPA;SPC;ATR-72;Cubierto de nubes altas y medias;15/04/18
AEA9479;TFN;SPC;ATR-72;Despejado;15/04/18
IBB637;TFN;SPC;ATR-42/72;Despejado;15/04/18
VLG2507;SVQ;BIO;32A;Nubes altas;15/04/18
IBS3947;SVQ;MAD;32A;Nubes altas;15/04/18
TVF3101;SVQ;ORY;BOEING 737-800 WINGLETS;Nubes altas;15/04/18
VLG2211;SVQ;BCN;AIRBUS A320;Nubes altas;15/04/18
IBE8841;SVQ;VLC;ATR-72;Nubes altas;15/04/18
VLG2251;SVQ;BCN;32A;Nubes altas;15/04/18
VLG8830;SVQ;CDG;AIRBUS A320;Nubes altas;15/04/18
TAP1107;SVQ;LIS;ATR-42/72;Nubes altas;15/04/18
EVE1605;SVQ;ZAZ;32A;Nubes altas;15/04/18
EZY8176;SVQ;LGW;AIRBUS A319;Nubes altas;15/04/18
RYR3041;SVQ;SCQ;BOEING 737-800 WINGLETS;Nubes altas;15/04/18
VLG2509;SVQ;BIO;AIRBUS A320;Nubes altas;15/04/18
VLG3254;SVQ;TFN;AIRBUS A320;Nubes altas;15/04/18
VLG3941;SVQ;PMI;AIRBUS A320;Nubes altas;15/04/18
DLH1823;SVQ;MUC;AIRBUS A320;Nubes altas;15/04/18
EZY8550;MJV;LGW;AIRBUS A319;Despejado;15/04/18
EZY6014;MJV;BRS;AIRBUS A320;Despejado;15/04/18
RYR1925;MJV;EMA;BOEING 737-800 WINGLETS;Despejado;15/04/18
RYR4253;MJV;FRA;BOEING 737-800 WINGLETS;Despejado;15/04/18
EZY8552;MJV;LGW;AIRBUS A319;Despejado;15/04/18
RYR1940;MJV;EIN;BOEING 737-800 WINGLETS;Despejado;15/04/18
RYR4117;MJV;MAN;BOEING 737-800 WINGLETS;Despejado;15/04/18
EXS864;MJV;MAN;BOEING 737-800 WINGLETS;Despejado;15/04/18
RYR8027;MJV;STN;BOEING 737-800 WINGLETS;Despejado;15/04/18
RYR3453;MJV;LTN;BOEING 737-800 WINGLETS;Despejado;15/04/18
RYR7095;MJV;DUB;BOEING 737-800 WINGLETS;Despejado;15/04/18
RYR7223;SCQ;VLC;BOEING 737-800 WINGLETS;Lluvia;15/04/18
RYR6333;SCQ;BCN;BOEING 737-800 WINGLETS;Lluvia;15/04/18
EZS1338;SCQ;GVA;AIRBUS A320;Lluvia;15/04/18
IBS3877;SCQ;MAD;AIRBUS A321;Lluvia;15/04/18
IBE8365;SCQ;PMI;CANADAIR CRJ-200;Lluvia;15/04/18
VLG1671;SCQ;BCN;32A;Lluvia;15/04/18
EZS1180;SCQ;BSL;AIRBUS A319;Lluvia;15/04/18
DLH1867;SCQ;MUC;AIRBUS A319;Lluvia;15/04/18
RYR3042;SCQ;SVQ;BOEING 737-800 WINGLETS;Lluvia;15/04/18
RYR8379;SCQ;STN;BOEING 737-800 WINGLETS;Lluvia;15/04/18
VLG1677;SCQ;BCN;AIRBUS A320;Lluvia;15/04/18
VLG2654;SCQ;AGP;AIRBUS A320;Lluvia;15/04/18
RYR8539;SCQ;ALC;BOEING 737-800 WINGLETS;Lluvia;15/04/18
IBS3879;SCQ;MAD;AIRBUS A320;Lluvia;15/04/18
RYR724;SCQ;PMI;BOEING 737-800 WINGLETS;Lluvia;15/04/18
VLG8222;SCQ;CDG;AIRBUS A320;Lluvia;15/04/18
AEA2630;SCQ;BCN;BOEING 737-800 WINGLETS;Lluvia;15/04/18
VLG1673;SCQ;BCN;32A;Lluvia;15/04/18
VLG2487;EAS;BCN;AIRBUS A319;Nubes altas;15/04/18
IBE8319;EAS;MAD;ATR-72;Nubes altas;15/04/18
IBE8329;EAS;MAD;ATR-72;Nubes altas;15/04/18
IBE8315;EAS;MAD;ATR-72;Nubes altas;15/04/18
VLG2489;EAS;BCN;AIRBUS A319;Nubes altas;15/04/18
IBE8323;EAS;MAD;ATR-72;Nubes altas;15/04/18
IBE8317;EAS;MAD;ATR-72;Nubes altas;16/04/18
VLG2487;EAS;BCN;AIRBUS A319;Nubes altas;16/04/18
AEA4004;VLC;PMI;ATR-72;Despejado;15/04/18
SWR2141;VLC;ZRH;AIRBUS A320;Despejado;15/04/18
RYR2986;VLC;BRU;BOEING 737-800 WINGLETS;Despejado;15/04/18
TRA6338;VLC;AMS;BOEING 737-700 WINGLETS;Despejado;15/04/18
IBE8993;VLC;MAD;CANADAIR CRJ-900;Despejado;15/04/18
IBE8334;VLC;OVD;CANADAIR CRJ-200;Despejado;15/04/18
TRA5106;VLC;EIN;BOEING 737-800 WINGLETS;Despejado;15/04/18
RYR9678;VLC;CIA;BOEING 737-800 WINGLETS;Despejado;15/04/18
RYR2300;VLC;BUD;BOEING 737-800 WINGLETS;Despejado;15/04/18
EZY2004;VLC;LTN;AIRBUS A319;Despejado;15/04/18
RYR8322;VLC;STN;BOEING 737-800 WINGLETS;Despejado;15/04/18
VLG6244;VLC;FCO;AIRBUS A320;Despejado;15/04/18
RYR1823;VLC;EIN;BOEING 737-800 WINGLETS;Despejado;15/04/18
IBE8430;VLC;IBZ;ATR-72;Despejado;15/04/18
AEA1007;VLC;CDG;BOEING 737-800 WINGLETS;Despejado;15/04/18
TAP1097;VLC;LIS;ATR-42/72;Despejado;15/04/18
AEA4064;VLC;MAD;ATR-72;Despejado;15/04/18
WZZ4414;ALC;SOF;AIRBUS A320;Despejado;15/04/18
VOE2613;ALC;LYS;BOEING 717;Despejado;15/04/18
AEA4025;ALC;PMI;ATR-72;Despejado;15/04/18
RYR4019;ALC;CPH;BOEING 737-800 WINGLETS;Despejado;15/04/18
RYR9871;ALC;KRK;BOEING 737-800 WINGLETS;Despejado;15/04/18
RYR4079;ALC;NCL;BOEING 737-800 WINGLETS;Despejado;15/04/18
EZS1086;ALC;BSL;AIRBUS A319;Despejado;15/04/18
EZS1426;ALC;GVA;32A;Despejado;15/04/18
BEL3772;ALC;BRU;AIRBUS A320;Despejado;15/04/18
TRA6144;ALC;AMS;BOEING 737-800 WINGLETS;Despejado;15/04/18
VOE2459;ALC;TLS;BOEING 717;Despejado;15/04/18
JAF7058;ALC;BRU;EMBRAER 190;Despejado;15/04/18
ANE8391;ALC;MAD;BOMBARDIER CRJ-1000;Despejado;15/04/18
RYR7883;ALC;NUE;BOEING 737-800 WINGLETS;Despejado;15/04/18
EZY8660;ALC;LGW;AIRBUS A319;Despejado;15/04/18
EWG9533;ALC;DUS;32A;Despejado;15/04/18
BEE4322;ALC;EXT;EMBRAER ERJ-195;Despejado;15/04/18
TRA6626;ALC;EIN;BOEING 737-800 WINGLETS;Despejado;15/04/18
VLG1374;ALC;AMS;32A;Despejado;15/04/18
IBE8356;BIO;SCQ;CANADAIR CRJ-200;Nubosidad variable;15/04/18
AEA7156;BIO;MAD;EMBRAER ERJ-195;Nubosidad variable;15/04/18
VLG2609;BIO;AGP;AIRBUS A320;Nubosidad variable;15/04/18
VLG1419;BIO;BCN;AIRBUS A320;Nubosidad variable;15/04/18
AFR1477;BIO;CDG;EMBRAER 170;Nubosidad variable;15/04/18
IBS9525;BIO;PMI;AIRBUS A320;Nubosidad variable;15/04/18
VLG3944;PMI;BIO;AIRBUS A320;Nubes altas;14/04/18
VLG1452;BIO;MXP;32A;Nubosidad variable;15/04/18
IBE8692;BIO;PMI;BOMBARDIER CRJ-1000;Nubosidad variable;15/04/18
LZF441;BIO;LCG;ATR 42-300/320;Nubosidad variable;15/04/18
EZY6976;BIO;EDI;AIRBUS A319;Nubosidad variable;15/04/18
DLH1825;BIO;MUC;AIRBUS A320;Nubosidad variable;15/04/18
AEA7311;VGO;MAD;EMBRAER ERJ-195;Lluvia;15/04/18
IBE0531;VGO;MAD;AIRBUS A319;Lluvia;15/04/18
RYR242;VGO;DUB;BOEING 737-800 WINGLETS;Lluvia;15/04/18
RYR7132;VGO;BGY;BOEING 737-800 WINGLETS;Lluvia;15/04/18
AEA7315;VGO;MAD;EMBRAER ERJ-195;Lluvia;15/04/18
IBE0533;VGO;MAD;AIRBUS A319;Lluvia;15/04/18
LAV5464;VGO;TFN;BOEING 737-400;Lluvia;15/04/18
TAP1141;VGO;LIS;ATR-72;Lluvia;15/04/18
AEA7317;VGO;MAD;EMBRAER ERJ-195;Lluvia;15/04/18
IBE8789;MLN;MAD;ATR-72;Despejado;15/04/18
IBE8791;MLN;MAD;ATR-72;Despejado;15/04/18
IBE8263;MLN;AGP;ATR-72;Despejado;15/04/18
IBE8793;MLN;MAD;ATR-72;Despejado;15/04/18
IBE8269;MLN;AGP;ATR-72;Despejado;15/04/18
IBE8271;MLN;AGP;ATR-72;Despejado;15/04/18
AEA5004;MLN;AGP;ATR-72;Despejado;15/04/18
IBE8277;MLN;AGP;ATR-72;Despejado;15/04/18
IBE8261;MLN;AGP;ATR-72;Despejado;16/04/18
IBE8789;MLN;MAD;ATR-72;Despejado;16/04/18
EWG575;XRY;CGN;AIRBUS A319;Nubes altas;15/04/18
JAF7922;XRY;BRU;EMBRAER 190;Nubes altas;15/04/18
EWG9571;XRY;DUS;32A;Nubes altas;15/04/18
RYR8397;XRY;STN;BOEING 737-800 WINGLETS;Nubes altas;15/04/18
IBE0411;XRY;MAD;AIRBUS A320;Nubes altas;15/04/18
VLG2287;XRY;BCN;AIRBUS A320;Nubes altas;15/04/18
RYR1284;XRY;BCN;BOEING 737-800 WINGLETS;Nubes altas;15/04/18
IBE0405;XRY;MAD;AIRBUS A319;Nubes altas;15/04/18
IBE0407;XRY;MAD;AIRBUS A319;Nubes altas;16/04/18
TUI2249;XRY;MUC;7S8;Nubes altas;16/04/18
IBE8511;XRY;MAD;CANADAIR CRJ-900;Nubes altas;16/04/18
TUI2223;XRY;STR;7S8;Nubes altas;16/04/18
TUI2273;XRY;FRA;7S8;Nubes altas;16/04/18
RYR9305;GRO;LPL;BOEING 737-800 WINGLETS;Nubes altas;15/04/18
RYR9172;GRO;WRO;BOEING 737-800 WINGLETS;Nubes altas;15/04/18
RYR4125;GRO;HHN;BOEING 737-800 WINGLETS;Nubes altas;15/04/18
RYR7037;GRO;DUB;BOEING 737-800 WINGLETS;Nubes altas;15/04/18
RYR9364;GRO;PSR;BOEING 737-800 WINGLETS;Nubes altas;15/04/18
RYR9241;GRO;PSA;BOEING 737-800 WINGLETS;Nubes altas;15/04/18
RYR9803;GRO;STN;BOEING 737-800 WINGLETS;Nubes altas;15/04/18
PBD832;GRO;VKO;BOEING 737-800 WINGLETS;Nubes altas;15/04/18
RYR9211;GRO;FKB;BOEING 737-800 WINGLETS;Nubes altas;15/04/18
RYR9335;GRO;BRS;BOEING 737-800 WINGLETS;Nubes altas;15/04/18
RYR4482;GRO;RIX;BOEING 737-800 WINGLETS;Nubes altas;15/04/18
RYR5122;GRO;POZ;BOEING 737-800 WINGLETS;Nubes altas;15/04/18
RYR9303;GRO;EDI;BOEING 737-800 WINGLETS;Nubes altas;15/04/18
RYR1131;GRO;EMA;BOEING 737-800 WINGLETS;Nubes altas;15/04/18
RYR6903;GRO;CRL;BOEING 737-800 WINGLETS;Nubes altas;15/04/18
RYR6391;GRO;NRN;BOEING 737-800 WINGLETS;Nubes altas;15/04/18
TRA5766;GRO;AMS;BOEING 737-800 WINGLETS;Nubes altas;15/04/18
RYR2201;GRO;KRK;BOEING 737-800 WINGLETS;Nubes altas;16/04/18
RYR9026;GRO;BTS;BOEING 737-800 WINGLETS;Nubes altas;16/04/18
RYR6901;GRO;CRL;BOEING 737-800 WINGLETS;Nubes altas;16/04/18
RYR4480;GRO;KUN;BOEING 737-800 WINGLETS;Nubes altas;16/04/18
RYR4275;GRO;FRA;BOEING 737-800 WINGLETS;Nubes altas;16/04/18
RYR9241;GRO;PSA;BOEING 737-800 WINGLETS;Nubes altas;16/04/18
RYR6391;GRO;NRN;BOEING 737-800 WINGLETS;Nubes altas;15/04/18
RYR3812;ACE;LPL;BOEING 737-800 WINGLETS;Nubes altas;15/04/18
RYR4002;ACE;BGY;BOEING 737-800 WINGLETS;Nubes altas;15/04/18
IBB501;ACE;LPA;BOMBARDIER CRJ-1000;Nubes altas;15/04/18
IBB453;ACE;TFN;ATR-42/72;Nubes altas;15/04/18
IBE2277;ACE;TFN;ATR-42/72;Nubes altas;15/04/18
CNF704;ACE;LPA;ATR-72;Nubes altas;15/04/18
VLG3281;ACE;BIO;AIRBUS A320;Nubes altas;15/04/18
TRA5686;ACE;AMS;BOEING 737-800 WINGLETS;Nubes altas;15/04/18
RYR1587;ACE;FRA;BOEING 737-800 WINGLETS;Nubes altas;15/04/18
BEL3788;ACE;BRU;AIRBUS A320;Nubes altas;15/04/18
LGL742;ACE;LUX;BOEING 737-800 WINGLETS;Nubes altas;15/04/18
AEA9076;ACE;MAD;BOEING 737-800 WINGLETS;Nubes altas;15/04/18
TUI2843;ACE;MUC;BOEING 737-800 WINGLETS;Nubes altas;15/04/18
RYR4896;ACE;BLQ;BOEING 737-800 WINGLETS;Nubes altas;15/04/18
AEA9448;ACE;LPA;ATR-72;Nubes altas;15/04/18
TUI2293;ACE;DUS;BOEING 737-800 WINGLETS;Nubes altas;15/04/18
TUI2189;ACE;HAJ;BOEING 737-800 WINGLETS;Nubes altas;15/04/18
IBB505;ACE;LPA;BOMBARDIER CRJ-1000;Nubes altas;15/04/18
TOM6739;ACE;EXT;BOEING 737-800 WINGLETS;Nubes altas;15/04/18
EZY8682;ACE;LGW;32A;Nubes altas;15/04/18
IBB655;TFN;VDE;ATR-72;Despejado;15/04/18
IBB659;TFN;VDE;ATR-72;Despejado;15/04/18
IBB663;TFN;VDE;ATR-72;Despejado;15/04/18
IBB365;LPA;VDE;ATR-72;Cubierto de nubes altas y medias;15/04/18
IBS2218;LPA;VDE;ATR-72;Despejado;17/04/18
CNF247;TFN;VDE;ATR-42/72;Despejado;15/04/18
IBB673;TFN;VDE;ATR-72;Despejado;15/04/18
IBB655;TFN;VDE;ATR-72;Despejado;16/04/18
VLG2010;BCN;GRX;32B;Despejado;15/04/18
IBE8640;MAD;GRX;BOMBARDIER CRJ-1000;Nubes altas;15/04/18
VLG2020;BCN;GRX;32A;Despejado;15/04/18
AEA5201;PMI;GRX;EMBRAER ERJ-195;Nubes altas;15/04/18
VLG3933;PMI;GRX;AIRBUS A320;Nubes altas;15/04/18
IBE8646;MAD;GRX;BOMBARDIER CRJ-1000;Nubes altas;15/04/18
IBE8642;MAD;GRX;BOMBARDIER CRJ-1000;Nubes altas;15/04/18
VLG2014;BCN;GRX;AIRBUS A320;Despejado;15/04/18
VLG2016;BCN;GRX;32B;Despejado;15/04/18
IBE8648;MAD;GRX;BOMBARDIER CRJ-1000;Nubes altas;15/04/18
VLG2010;BCN;GRX;AIRBUS A321;Despejado;16/04/18
IBE8640;MAD;GRX;BOMBARDIER CRJ-1000;Nubes altas;16/04/18
VLG2455;IBZ;AGP;AIRBUS A320;Nubes altas;15/04/18
RYR8137;IBZ;BCN;BOEING 737-800 WINGLETS;Nubes altas;15/04/18
VLG3541;IBZ;BCN;AIRBUS A320;Nubes altas;15/04/18
RYR5355;IBZ;MAD;BOEING 737-800 WINGLETS;Nubes altas;15/04/18
VLG3434;IBZ;MAD;AIRBUS A320;Nubes altas;15/04/18
EZY2692;IBZ;MXP;32A;Nubes altas;15/04/18
TRA5676;IBZ;AMS;BOEING 737-800 WINGLETS;Nubes altas;15/04/18
IBE8105;IBZ;PMI;CANADAIR CRJ-900;Nubes altas;15/04/18
AEA1703;IBZ;PMI;ATR-72;Nubes altas;15/04/18
TRA5690;IBZ;RTM;BOEING 737-700 WINGLETS;Nubes altas;15/04/18
RYR8333;IBZ;BGY;BOEING 737-800 WINGLETS;Nubes altas;15/04/18
RYR6419;IBZ;NRN;BOEING 737-800 WINGLETS;Nubes altas;15/04/18
VLG3515;IBZ;BCN;32A;Nubes altas;15/04/18
EWG2595;IBZ;STR;AIRBUS A319;Nubes altas;15/04/18
RYR2712;IBZ;BHX;BOEING 737-800 WINGLETS;Nubes altas;15/04/18
RYR9254;IBZ;STN;BOEING 737-800 WINGLETS;Nubes altas;15/04/18
IBE8111;IBZ;PMI;ATR-42/72;Nubes altas;15/04/18
VLG1295;LCG;BCN;AIRBUS A320;Lluvia;15/04/18
TAP1085;LCG;LIS;ATR-42/72;Lluvia;15/04/18
VLG1293;LCG;BCN;32A;Lluvia;15/04/18
AEA7234;LCG;MAD;EMBRAER ERJ-195;Lluvia;15/04/18
VLG1298;LCG;SVQ;32A;Lluvia;15/04/18
AEA7236;LCG;MAD;EMBRAER ERJ-195;Lluvia;15/04/18
IBE0523;LCG;MAD;AIRBUS A320;Lluvia;15/04/18
VLG7104;LCG;LHR;AIRBUS A320;Lluvia;15/04/18
AEA7238;LCG;MAD;EMBRAER ERJ-195;Lluvia;15/04/18
HTY228;AGP;JCU;AWH;Despejado;15/04/18
HTY118;AEI;JCU;AWH;Despejado;15/04/18
HTY140;AEI;JCU;AWH;Despejado;15/04/18
HTY260;AGP;JCU;AWH;Despejado;17/04/18
HTY102;AEI;JCU;AWH;Despejado;16/04/18
HTY222;AGP;JCU;AWH;Despejado;16/04/18
HTY134;AEI;JCU;AWH;Despejado;16/04/18
IBE8262;AGP;MLN;ATR-72;Despejado;15/04/18
IBE8792;MAD;MLN;ATR-72;Nubes altas;15/04/18
IBE8790;MAD;MLN;ATR-72;Nubes altas;15/04/18
IBE8264;AGP;MLN;ATR-72;Despejado;15/04/18
IBE8270;AGP;MLN;ATR-72;Despejado;15/04/18
AEA5005;AGP;MLN;ATR-72;Despejado;15/04/18
IBE8798;MAD;MLN;ATR-72;Nubes altas;15/04/18
IBE8274;AGP;MLN;ATR-72;Despejado;15/04/18
IBE8260;AGP;MLN;ATR-72;Despejado;16/04/18
AEA5001;AGP;MLN;ATR-72;Despejado;16/04/18
IBE8262;AGP;MLN;ATR-72;Despejado;16/04/18
IBE8316;MAD;EAS;ATR-72;Nubes altas;15/04/18
IBE8322;MAD;EAS;ATR-72;Nubes altas;15/04/18
IBE8318;MAD;EAS;ATR-72;Nubes altas;15/04/18
VLG2488;BCN;EAS;AIRBUS A319;Despejado;15/04/18
IBE8326;MAD;EAS;ATR-72;Nubes altas;15/04/18
IBE8324;MAD;EAS;ATR-72;Nubes altas;15/04/18
VLG2486;BCN;EAS;AIRBUS A319;Despejado;16/04/18
WZZ1480;SDR;WAW;32A;Chubascos dispersos;15/04/18
RYR7617;SDR;EDI;BOEING 737-800 WINGLETS;Chubascos dispersos;15/04/18
RYR6385;SDR;BCN;BOEING 737-800 WINGLETS;Chubascos dispersos;15/04/18
IBE0555;SDR;MAD;AIRBUS A319;Chubascos dispersos;15/04/18
RYR9156;SDR;CIA;BOEING 737-800 WINGLETS;Chubascos dispersos;15/04/18
RYR7153;SDR;DUB;BOEING 737-800 WINGLETS;Chubascos dispersos;15/04/18
IBE0557;SDR;MAD;AIRBUS A319;Chubascos dispersos;15/04/18
VLG1591;SDR;BCN;AIRBUS A320;Chubascos dispersos;15/04/18
RYR6058;SDR;CRL;BOEING 737-800 WINGLETS;Chubascos dispersos;15/04/18
RYR7366;SDR;NRN;BOEING 737-800 WINGLETS;Chubascos dispersos;15/04/18
RYR2613;SDR;STN;BOEING 737-800 WINGLETS;Chubascos dispersos;15/04/18
IBE8861;SDR;MAD;CANADAIR CRJ-900;Chubascos dispersos;16/04/18
IBE0553;SDR;MAD;AIRBUS A319;Chubascos dispersos;16/04/18
VLG1593;SDR;BCN;AIRBUS A320;Chubascos dispersos;16/04/18
RYR1779;SDR;BUD;BOEING 737-800 WINGLETS;Chubascos dispersos;16/04/18
AEA7308;MAD;VGO;EMBRAER ERJ-195;Nubes altas;15/04/18
AEA7302;MAD;VGO;EMBRAER ERJ-195;Nubes altas;15/04/18
IBE0532;MAD;VGO;AIRBUS A319;Nubes altas;15/04/18
LAV5463;TFN;VGO;BOEING 737-400;Despejado;15/04/18
AEA7300;MAD;VGO;EMBRAER ERJ-195;Nubes altas;15/04/18
IBE0534;MAD;VGO;AIRBUS A320;Nubes altas;15/04/18
RYR245;BCN;VGO;BOEING 737-800 WINGLETS;Despejado;15/04/18
AEA7306;MAD;VGO;EMBRAER ERJ-195;Nubes altas;15/04/18
IBE8480;PMI;MAH;BOMBARDIER CRJ-1000;Despejado;17/04/18
VLG3800;BIO;MAH;32A;Nubosidad variable;15/04/18
VLG3714;BCN;MAH;AIRBUS A320;Despejado;15/04/18
IBE8482;PMI;MAH;BOMBARDIER CRJ-1000;Despejado;17/04/18
AEA4537;PMI;MAH;ATR-72;Nubes altas;15/04/18
IBE8956;MAD;MAH;BOMBARDIER CRJ-1000;Nubes altas;15/04/18
AAL8564;MAD;MAH;BOMBARDIER CRJ-1000;Nubes altas;15/04/18
IBE8498;PMI;MAH;ATR-42/72;Despejado;17/04/18
IBE8663;BIO;MAH;BOMBARDIER CRJ-1000;Nubosidad variable;15/04/18
AEA4531;PMI;MAH;ATR-72;Nubes altas;15/04/18
IBE8488;PMI;MAH;CANADAIR CRJ-200;Despejado;17/04/18
IBE8024;MAD;MAH;CANADAIR CRJ-900;Nubes altas;15/04/18
RYR6881;BCN;MAH;BOEING 737-800 WINGLETS;Despejado;15/04/18
VLG3716;BCN;MAH;AIRBUS A320;Despejado;15/04/18
VLG3700;BCN;MAH;AIRBUS A320;Despejado;15/04/18
IBE8734;VLC;MAH;ATR-72;Despejado;15/04/18
IBE8492;PMI;MAH;ATR-42/72;Despejado;17/04/18
IBE8496;PMI;MAH;BOMBARDIER CRJ-1000;Despejado;17/04/18
AEA9431;LPA;FUE;ATR-72;Cubierto de nubes altas y medias;15/04/18
IBB200;LPA;FUE;ATR-72;Cubierto de nubes altas y medias;15/04/18
IBB414;TFN;FUE;ATR-42/72;Despejado;15/04/18
VLG3146;AGP;FUE;AIRBUS A320;Despejado;15/04/18
CNF803;LPA;FUE;ATR-72;Cubierto de nubes altas y medias;15/04/18
OLY726;TFS;FUE;AIRBUS A321;Despejado;15/04/18
IBB210;LPA;FUE;ATR-72;Cubierto de nubes altas y medias;15/04/18
IBB422;TFN;FUE;ATR-42/72;Despejado;15/04/18
CNF809;LPA;FUE;ATR-72;Cubierto de nubes altas y medias;15/04/18
VLG8460;BCN;LIS;32B;Despejado;15/04/18
VLG2216;BCN;SVQ;32A;Despejado;15/04/18
RYR3140;BCN;VCE;BOEING 737-800 WINGLETS;Despejado;15/04/18
IBK5550;BCN;ARN;BOEING 737-800 WINGLETS;Despejado;15/04/18
VLG8024;BCN;ORY;AIRBUS A320;Despejado;15/04/18
IBE0831;BCN;MAD;AIRBUS A321;Despejado;15/04/18
IBE0831S;BCN;MAD;AIRBUS A321;Despejado;15/04/18
AAL8801;BCN;MAD;AIRBUS A321;Despejado;15/04/18
VLG9741;BCN;MAD;AIRBUS A321;Despejado;15/04/18
CPA1832;BCN;MAD;AIRBUS A321;Despejado;15/04/18
VLG3916;BCN;PMI;AIRBUS A320;Despejado;15/04/18
AEA6007;BCN;PMI;EMBRAER ERJ-195;Despejado;15/04/18
EZY2760;BCN;MXP;AIRBUS A319;Despejado;15/04/18
RYR6396;BCN;SVQ;BOEING 737-800 WINGLETS;Despejado;15/04/18
VLG1312;BCN;ALC;32A;Despejado;15/04/18
VLG1432;BCN;BIO;AIRBUS A320;Despejado;15/04/18
TRA5132;BCN;AMS;BOEING 737-800 WINGLETS;Despejado;15/04/18
IBK6420;TFS;OSL;BOEING 737-800 WINGLETS;Despejado;15/04/18
TOM5751;TFS;NWI;BOEING 737-800 WINGLETS;Despejado;15/04/18
OLY726;TFS;FUE;AIRBUS A321;Despejado;15/04/18
RYR2914;TFS;MAD;BOEING 737-800 WINGLETS;Despejado;15/04/18
IBK6450;TFS;ARN;BOEING 737-800 WINGLETS;Despejado;15/04/18
ENT951C;TFS;LYS;BOEING 737-800 WINGLETS;Despejado;15/04/18
IBK6500;TFS;HAM;BOEING 737-800 WINGLETS;Despejado;15/04/18
OLY745;TFS;ZRH;AIRBUS A321;Despejado;15/04/18
BEL1652;TFS;BRU;AIRBUS A320;Despejado;15/04/18
EWG253;TFS;CGN;BOEING 737-800 WINGLETS;Despejado;15/04/18
JAF7866;TFS;CDG;BOEING 737-800 WINGLETS;Despejado;15/04/18
JAF7114;TFS;BRU;BOEING 737-800 WINGLETS;Despejado;15/04/18
EDW215;TFS;ZRH;AIRBUS A320;Despejado;15/04/18
RYR8179;TFS;CRL;BOEING 737-800 WINGLETS;Despejado;15/04/18
TRA6674;TFS;AMS;BOEING 737-800 WINGLETS;Despejado;15/04/18
BEL3782;TFS;BRU;AIRBUS A320;Despejado;15/04/18
GMI6231;TFS;BRE;AIRBUS A319;Despejado;15/04/18
RYR1034;TFS;CGN;BOEING 737-800 WINGLETS;Despejado;15/04/18
TUI2363;TFS;HAM;BOEING 737-800 WINGLETS;Despejado;15/04/18
IBB152;TFS;LPA;ATR-72;Despejado;15/04/18
IBE2233;TFS;LPA;ATR-72;Despejado;15/04/18
RYR6229;TFS;NRN;BOEING 737-800 WINGLETS;Despejado;15/04/18
CNF703;LPA;ACE;ATR-72;Cubierto de nubes altas y medias;15/04/18
CNF803;LPA;FUE;ATR-72;Cubierto de nubes altas y medias;15/04/18
IBB107;LPA;TFN;ATR-72;Cubierto de nubes altas y medias;15/04/18
SAS7736;LPA;BLL;AIRBUS A321;Cubierto de nubes altas y medias;15/04/18
TUI2207;LPA;CGN;7S8;Cubierto de nubes altas y medias;15/04/18
IBB119;LPA;TFN;BOMBARDIER CRJ-1000;Cubierto de nubes altas y medias;15/04/18
IBK5970;LPA;HEL;BOEING 737-800 WINGLETS;Cubierto de nubes altas y medias;15/04/18
VLG3132;LPA;LCG;AIRBUS A320;Cubierto de nubes altas y medias;15/04/18
AEA9447;LPA;ACE;ATR-72;Cubierto de nubes altas y medias;15/04/18
IBB510;LPA;ACE;BOMBARDIER CRJ-1000;Cubierto de nubes altas y medias;15/04/18
RYR5522;LPA;MXP;BOEING 737-800 WINGLETS;Cubierto de nubes altas y medias;15/04/18
IBB210;LPA;FUE;ATR-72;Cubierto de nubes altas y medias;15/04/18
AEA9161;LPA;MAD;BOEING 737-800 WINGLETS;Cubierto de nubes altas y medias;15/04/18
IBB109;LPA;TFN;ATR-72;Cubierto de nubes altas y medias;15/04/18
IBB123;LPA;TFS;ATR-72;Cubierto de nubes altas y medias;15/04/18
EDW201;LPA;ZRH;AIRBUS A320;Cubierto de nubes altas y medias;15/04/18
IBB6204;LPA;RAK;ATR-72;Cubierto de nubes altas y medias;15/04/18
CNF721;LPA;ACE;ATR-72;Cubierto de nubes altas y medias;15/04/18
RYR7223;SCQ;VLC;BOEING 737-800 WINGLETS;Lluvia;15/04/18
IBE8841;SVQ;VLC;ATR-72;Nubes altas;15/04/18
AEA4005;PMI;VLC;ATR-72;Nubes altas;15/04/18
VLG1294;BCN;LCG;AIRBUS A320;Despejado;15/04/18
VLG1292;BCN;LCG;32A;Despejado;15/04/18
AEA7233;MAD;LCG;EMBRAER ERJ-195;Nubes altas;15/04/18
LZF441;BIO;LCG;ATR 42-300/320;Nubosidad variable;15/04/18
VLG3132;LPA;LCG;AIRBUS A320;Cubierto de nubes altas y medias;15/04/18
AEA7235;MAD;LCG;EMBRAER ERJ-195;Nubes altas;15/04/18
IBE0524;MAD;LCG;AIRBUS A319;Nubes altas;15/04/18
VLG1299;SVQ;LCG;AIRBUS A320;Nubes altas;15/04/18
ANE8390;MAD;ALC;BOMBARDIER CRJ-1000;Despejado;17/04/18
VOE3584;OVD;ALC;BOEING 717;Cubierto de nubes altas y medias;15/04/18
VLG1312;BCN;ALC;32A;Despejado;15/04/18
IBS3981;OVD;MAD;AIRBUS A320;Cubierto de nubes altas y medias;15/04/18
IBE8951;MAH;MAD;BOMBARDIER CRJ-1000;Abertura de claros;15/04/18
IBE8317;EAS;MAD;ATR-72;Nubes altas;15/04/18
IBE8104;PMI;IBZ;BOMBARDIER CRJ-1000;Despejado;17/04/18
AEA1702;PMI;IBZ;ATR-72;Nubes altas;15/04/18
VLG3508;BCN;IBZ;32A;Despejado;15/04/18
IBE8106;PMI;IBZ;ATR-42/72;Despejado;17/04/18
IBE8430;VLC;IBZ;ATR-72;Despejado;15/04/18
IBE8910;MAD;IBZ;BOMBARDIER CRJ-1000;Nubes altas;15/04/18
VLG3695;VLC;IBZ;AIRBUS A320;Despejado;15/04/18
VLG3510;BCN;IBZ;AIRBUS A320;Despejado;15/04/18
VLG1418;BCN;BIO;AIRBUS A320;Despejado;15/04/18
IBS9522;PMI;BIO;AIRBUS A320;Nubes altas;15/04/18
VLG1432;BCN;BIO;AIRBUS A320;Despejado;15/04/18
VLG2507;SVQ;BIO;32A;Nubes altas;15/04/18
IBE8693;PMI;BIO;BOMBARDIER CRJ-1000;Despejado;17/04/18
VLG3801;MAH;BIO;32A;Abertura de claros;15/04/18
AEA7007;TFN;BIO;BOEING 737-800 WINGLETS;Despejado;15/04/18
AEA7157;MAD;BIO;EMBRAER ERJ-195;Nubes altas;15/04/18
IBE0410;MAD;XRY;AIRBUS A320;Nubes altas;15/04/18
VLG2286;BCN;XRY;AIRBUS A320;Despejado;15/04/18
RYR1283;BCN;XRY;BOEING 737-800 WINGLETS;Despejado;15/04/18
IBE0404;MAD;XRY;AIRBUS A319;Nubes altas;15/04/18
IBE0406;MAD;XRY;AIRBUS A319;Nubes altas;15/04/18
IBE8510;MAD;XRY;CANADAIR CRJ-900;Nubes altas;16/04/18
IBE8594;MAD;LEI;BOMBARDIER CRJ-1000;Nubes altas;15/04/18
AEA2887;BCN;LEI;BOEING 737-800 WINGLETS;Despejado;15/04/18
VLG1251;BCN;LEI;AIRBUS A320;Despejado;15/04/18
IBE8598;MAD;LEI;CANADAIR CRJ-900;Nubes altas;15/04/18
AEA2633;ZAZ;LEI;BOEING 737-800 WINGLETS;Nubes altas;15/04/18
IBE8212;PMI;LEI;CANADAIR CRJ-200;Despejado;17/04/18
IBE8592;MAD;LEI;BOMBARDIER CRJ-1000;Nubes altas;15/04/18
AEA2647;BCN;LEI;BOEING 737-800 WINGLETS;Despejado;15/04/18
IBE8588;MAD;LEI;CANADAIR CRJ-200;Nubes altas;15/04/18
IBE8933;SVQ;LEI;CANADAIR CRJ-200;Nubes altas;15/04/18
IBE8600;MAD;LEI;BOMBARDIER CRJ-1000;Nubes altas;15/04/18
IBE8931;SVQ;LEI;CANADAIR CRJ-200;Nubes altas;16/04/18
IBE8594;MAD;LEI;BOMBARDIER CRJ-1000;Nubes altas;16/04/18
IBS3954;MAD;SVQ;32A;Nubes altas;15/04/18
VLG2212;BCN;SVQ;AIRBUS A320;Despejado;15/04/18
IBE8840;VLC;SVQ;ATR-72;Despejado;15/04/18
VLG2216;BCN;SVQ;32A;Despejado;15/04/18
RYR6396;BCN;SVQ;BOEING 737-800 WINGLETS;Despejado;15/04/18
VLG2224;BCN;SVQ;AIRBUS A320;Despejado;15/04/18
VLG2252;BCN;SVQ;AIRBUS A320;Despejado;15/04/18
VLG3257;TFN;SVQ;AIRBUS A320;Despejado;15/04/18
IBS3950;MAD;SVQ;32A;Nubes altas;15/04/18
EVE1606;ZAZ;SVQ;32A;Nubes altas;15/04/18
RYR3042;SCQ;SVQ;BOEING 737-800 WINGLETS;Lluvia;15/04/18
VLG2510;BIO;SVQ;AIRBUS A320;Nubosidad variable;15/04/18
VOE3528;BIO;SVQ;BOEING 717;Nubosidad variable;15/04/18
AEA9403;LPA;TFN;ATR-72;Cubierto de nubes altas y medias;15/04/18
VLG3256;SVQ;TFN;AIRBUS A320;Nubes altas;15/04/18
IBB107;LPA;TFN;ATR-72;Cubierto de nubes altas y medias;15/04/18
VLG3247;SCQ;TFN;AIRBUS A320;Lluvia;15/04/18
RYR3063;BCN;TFN;BOEING 737-800 WINGLETS;Despejado;15/04/18
AEA9059;MAD;TFN;AIRBUS A330-200;Nubes altas;15/04/18
IBB606;SPC;TFN;ATR-42/72;Cubierto de nubes altas y medias;15/04/18
RYR5278;MAD;TFN;BOEING 737-800 WINGLETS;Nubes altas;15/04/18
IBB415;FUE;TFN;ATR-42/72;Nubes altas;15/04/18
IBB453;ACE;TFN;ATR-42/72;Nubes altas;15/04/18
CNF413;SPC;TFN;ATR-42/72;Cubierto de nubes altas y medias;15/04/18
IBB119;LPA;TFN;BOMBARDIER CRJ-1000;Cubierto de nubes altas y medias;15/04/18
IBB608;SPC;TFN;ATR-42/72;Cubierto de nubes altas y medias;15/04/18
IBB656;VDE;TFN;ATR-72;Nubes altas;15/04/18
AEA9462;SPC;TFN;ATR-72;Cubierto de nubes altas y medias;15/04/18
IBB109;LPA;TFN;ATR-72;Cubierto de nubes altas y medias;15/04/18
IBS3942;MAD;TFN;32A;Nubes altas;15/04/18
IBB650;GMZ;TFN;ATR-42/72;Nubes altas;15/04/18
CNF419;SPC;TFN;ATR-42/72;Cubierto de nubes altas y medias;15/04/18
IBB610;SPC;TFN;ATR-42/72;Cubierto de nubes altas y medias;15/04/18
IBB6810;LPA;TFN;BOMBARDIER CRJ-1000;Cubierto de nubes altas y medias;15/04/18
IBS3866;MAD;AGP;32A;Nubes altas;15/04/18
AEA5035;MAD;AGP;ATR-72;Nubes altas;15/04/18
IBE8261;MLN;AGP;ATR-72;Despejado;15/04/18
VLG2115;BCN;AGP;32B;Despejado;15/04/18
VLG2455;IBZ;AGP;AIRBUS A320;Nubes altas;15/04/18
IBS3918;MAD;PMI;AIRBUS A321;Nubes altas;15/04/18
RYR6362;BCN;PMI;BOEING 737-800 WINGLETS;Despejado;15/04/18
ANE8495;MAH;PMI;ATR-42/72;Despejado;17/04/18
AEA6007;BCN;PMI;EMBRAER ERJ-195;Despejado;15/04/18
AEA2001;MAD;BCN;AIRBUS A330-200;Nubes altas;15/04/18
VLG3929;PMI;BCN;AIRBUS A320;Nubes altas;15/04/18
IBS3876;MAD;SCQ;AIRBUS A321;Nubes altas;15/04/18
IBE8356;BIO;SCQ;CANADAIR CRJ-200;Nubosidad variable;15/04/18
VLG1670;BCN;SCQ;32A;Despejado;15/04/18
RYR3041;SVQ;SCQ;BOEING 737-800 WINGLETS;Nubes altas;15/04/18
VLG3246;TFN;SCQ;AIRBUS A320;Despejado;15/04/18
VLG2655;AGP;SCQ;AIRBUS A320;Despejado;15/04/18
RYR8538;ALC;SCQ;BOEING 737-800 WINGLETS;Despejado;15/04/18
IBS3878;MAD;SCQ;AIRBUS A320;Nubes altas;15/04/18
VLG1676;BCN;SCQ;AIRBUS A320;Despejado;15/04/18
AEA2629;BCN;SCQ;BOEING 737-800 WINGLETS;Despejado;15/04/18
VLG1672;BCN;SCQ;32A;Despejado;15/04/18
RYR6384;BCN;SDR;BOEING 737-800 WINGLETS;Despejado;15/04/18
IBE0554;MAD;SDR;AIRBUS A319;Nubes altas;15/04/18
IBE0556;MAD;SDR;AIRBUS A319;Nubes altas;15/04/18
VLG1590;BCN;SDR;AIRBUS A320;Despejado;15/04/18
IBE8878;MAD;SDR;CANADAIR CRJ-900;Nubes altas;15/04/18
IBE0552;MAD;SDR;AIRBUS A320;Nubes altas;16/04/18
VLG1592;BCN;SDR;AIRBUS A320;Despejado;16/04/18
IBB102;TFN;LPA;BOMBARDIER CRJ-1000;Despejado;15/04/18
VLG3133;LCG;LPA;32A;Lluvia;15/04/18
IBB203;FUE;LPA;ATR-42/72;Nubes altas;15/04/18
AEA9432;FUE;LPA;ATR-72;Nubes altas;15/04/18
AEA9156;MAD;LPA;BOEING 737-800 WINGLETS;Nubes altas;15/04/18
IBB501;ACE;LPA;BOMBARDIER CRJ-1000;Nubes altas;15/04/18
CNF704;ACE;LPA;ATR-72;Nubes altas;15/04/18
IBB108;TFN;LPA;ATR-72;Despejado;15/04/18
IBE2202;TFN;LPA;ATR-72;Despejado;17/04/18
IBB304;SPC;LPA;ATR-72;Cubierto de nubes altas y medias;15/04/18
CNF804;FUE;LPA;ATR-42/72;Nubes altas;15/04/18
IBB500;LPA;ACE;BOMBARDIER CRJ-1000;Cubierto de nubes altas y medias;15/04/18
IBB452;TFN;ACE;ATR-42/72;Despejado;15/04/18
CNF703;LPA;ACE;ATR-72;Cubierto de nubes altas y medias;15/04/18
VLG3280;BIO;ACE;AIRBUS A320;Nubosidad variable;15/04/18
AEA9073;MAD;ACE;BOEING 737-800 WINGLETS;Nubes altas;15/04/18
AEA9447;LPA;ACE;ATR-72;Cubierto de nubes altas y medias;15/04/18
IBB510;LPA;ACE;BOMBARDIER CRJ-1000;Cubierto de nubes altas y medias;15/04/18
RYR2913;MAD;TFS;BOEING 737-800 WINGLETS;Nubes altas;15/04/18
IBB123;LPA;TFS;ATR-72;Cubierto de nubes altas y medias;15/04/18
RYR5538;VIT;BGY;BOEING 737-800 WINGLETS;Abertura de claros;15/04/18
IBB650;GMZ;TFN;ATR-42/72;Nubes altas;15/04/18
IBB652;GMZ;TFN;ATR-42/72;Nubes altas;15/04/18
IBE8331;BJZ;MAD;CANADAIR CRJ-200;Chubascos dispersos;15/04/18
IBE8313;BJZ;BCN;BOMBARDIER CRJ-1000;Chubascos dispersos;15/04/18
EVE1606;ZAZ;SVQ;32A;Nubes altas;15/04/18
AEA2633;ZAZ;LEI;BOEING 737-800 WINGLETS;Nubes altas;15/04/18
RYR2635;ZAZ;STN;BOEING 737-800 WINGLETS;Nubes altas;15/04/18
RYR4634;ZAZ;BGY;BOEING 737-800 WINGLETS;Nubes altas;16/04/18
RYR1383;ZAZ;CRL;BOEING 737-800 WINGLETS;Nubes altas;16/04/18
WZZ1480;SDR;WAW;32A;Chubascos dispersos;15/04/18
RYR7617;SDR;EDI;BOEING 737-800 WINGLETS;Chubascos dispersos;15/04/18
RYR6385;SDR;BCN;BOEING 737-800 WINGLETS;Chubascos dispersos;15/04/18
IBE0555;SDR;MAD;AIRBUS A319;Chubascos dispersos;15/04/18
RYR9156;SDR;CIA;BOEING 737-800 WINGLETS;Chubascos dispersos;15/04/18
RYR7153;SDR;DUB;BOEING 737-800 WINGLETS;Chubascos dispersos;15/04/18
IBE0557;SDR;MAD;AIRBUS A319;Chubascos dispersos;15/04/18
VLG1591;SDR;BCN;AIRBUS A320;Chubascos dispersos;15/04/18
RYR6058;SDR;CRL;BOEING 737-800 WINGLETS;Chubascos dispersos;15/04/18
RYR7366;SDR;NRN;BOEING 737-800 WINGLETS;Chubascos dispersos;15/04/18
RYR2613;SDR;STN;BOEING 737-800 WINGLETS;Chubascos dispersos;15/04/18
IBE8861;SDR;MAD;CANADAIR CRJ-900;Chubascos dispersos;16/04/18
IBE0553;SDR;MAD;AIRBUS A319;Chubascos dispersos;16/04/18
VLG1593;SDR;BCN;AIRBUS A320;Chubascos dispersos;16/04/18
RYR1779;SDR;BUD;BOEING 737-800 WINGLETS;Chubascos dispersos;16/04/18
DLH1119;PNA;FRA;AIRBUS A320;Nubosidad variable;15/04/18
IBE8525;PNA;MAD;CANADAIR CRJ-900;Nubosidad variable;15/04/18
IBE8531;PNA;MAD;BOMBARDIER CRJ-1000;Nubosidad variable;15/04/18
IBE8529;PNA;MAD;BOMBARDIER CRJ-1000;Nubosidad variable;16/04/18
IBE8533;PNA;MAD;BOMBARDIER CRJ-1000;Nubosidad variable;16/04/18
IBB656;VDE;TFN;ATR-72;Nubes altas;15/04/18
IBB662;VDE;TFN;ATR-72;Nubes altas;15/04/18
IBB668;VDE;TFN;ATR-72;Nubes altas;15/04/18
IBB366;VDE;LPA;ATR-72;Nubes altas;15/04/18
IBS2247;VDE;LPA;ATR-72;Nubes altas;15/04/18
CNF248;VDE;TFN;ATR-72;Nubes altas;15/04/18
IBB674;VDE;TFN;ATR-72;Nubes altas;15/04/18
IBB656;VDE;TFN;ATR-72;Nubes altas;16/04/18
RYR1115;REU;DUB;BOEING 737-800 WINGLETS;Despejado;15/04/18
RYR9825;REU;LPL;BOEING 737-800 WINGLETS;Despejado;15/04/18
RYR9827;REU;HHN;BOEING 737-800 WINGLETS;Despejado;15/04/18
RYR8088;REU;BHX;BOEING 737-800 WINGLETS;Despejado;15/04/18
RYR2212;REU;EIN;BOEING 737-800 WINGLETS;Despejado;15/04/18
IBB655;TFN;VDE;ATR-72;Despejado;15/04/18
IBB659;TFN;VDE;ATR-72;Despejado;15/04/18
IBB663;TFN;VDE;ATR-72;Despejado;15/04/18
IBB365;LPA;VDE;ATR-72;Cubierto de nubes altas y medias;15/04/18
IBS2218;LPA;VDE;ATR-72;Despejado;17/04/18
CNF247;TFN;VDE;ATR-42/72;Despejado;15/04/18
IBB673;TFN;VDE;ATR-72;Despejado;15/04/18
IBB655;TFN;VDE;ATR-72;Despejado;16/04/18
CNF704;ACE;LPA;ATR-72;Nubes altas;15/04/18
VLG3281;ACE;BIO;AIRBUS A320;Nubes altas;15/04/18
TRA5686;ACE;AMS;BOEING 737-800 WINGLETS;Nubes altas;15/04/18
RYR1587;ACE;FRA;BOEING 737-800 WINGLETS;Nubes altas;15/04/18
BEL3788;ACE;BRU;AIRBUS A320;Nubes altas;15/04/18
LGL742;ACE;LUX;BOEING 737-800 WINGLETS;Nubes altas;15/04/18
AEA9076;ACE;MAD;BOEING 737-800 WINGLETS;Nubes altas;15/04/18
TUI2843;ACE;MUC;BOEING 737-800 WINGLETS;Nubes altas;15/04/18
RYR4896;ACE;BLQ;BOEING 737-800 WINGLETS;Nubes altas;15/04/18
AEA9448;ACE;LPA;ATR-72;Nubes altas;15/04/18
TUI2293;ACE;DUS;BOEING 737-800 WINGLETS;Nubes altas;15/04/18
TUI2189;ACE;HAJ;BOEING 737-800 WINGLETS;Nubes altas;15/04/18
IBB505;ACE;LPA;BOMBARDIER CRJ-1000;Nubes altas;15/04/18
TOM6739;ACE;EXT;BOEING 737-800 WINGLETS;Nubes altas;15/04/18
EZY8682;ACE;LGW;32A;Nubes altas;15/04/18
RYR3512;ACE;LTN;BOEING 737-800 WINGLETS;Nubes altas;15/04/18
RYR7125;ACE;DUB;BOEING 737-800 WINGLETS;Nubes altas;15/04/18
TOM1769;ACE;GLA;BOEING 757-200  WINGLETS;Nubes altas;15/04/18
RYR2132;ACE;MAN;BOEING 737-800 WINGLETS;Nubes altas;15/04/18
TOM7763;ACE;BHX;BOEING 757-200  WINGLETS;Nubes altas;15/04/18
HTY118;AEI;JCU;AWH;Despejado;15/04/18
HTY140;AEI;JCU;AWH;Despejado;15/04/18
HTY102;AEI;JCU;AWH;Despejado;16/04/18
HTY134;AEI;JCU;AWH;Despejado;16/04/18
EVE1605;SVQ;ZAZ;32A;Nubes altas;15/04/18
AEA2634;LEI;ZAZ;BOEING 737-800 WINGLETS;Despejado;15/04/18
VLG1419;BIO;BCN;AIRBUS A320;Nubosidad variable;15/04/18
AFR1477;BIO;CDG;EMBRAER 170;Nubosidad variable;15/04/18
IBS9525;BIO;PMI;AIRBUS A320;Nubosidad variable;15/04/18
VLG1452;BIO;MXP;32A;Nubosidad variable;15/04/18
VLG3944;PMI;BIO;AIRBUS A320;Nubes altas;14/04/18
IBE8692;BIO;PMI;BOMBARDIER CRJ-1000;Nubosidad variable;15/04/18
LZF441;BIO;LCG;ATR 42-300/320;Nubosidad variable;15/04/18
EZY6976;BIO;EDI;AIRBUS A319;Nubosidad variable;15/04/18
DLH1825;BIO;MUC;AIRBUS A320;Nubosidad variable;15/04/18
VLG8354;BIO;AMS;32A;Nubosidad variable;15/04/18
KLM1686;BIO;AMS;BOEING 737-700 WINGLETS;Nubosidad variable;15/04/18
BAW467;BIO;LHR;AIRBUS A320;Nubosidad variable;15/04/18
AEA7028;BIO;ACE;BOEING 737-800 WINGLETS;Nubosidad variable;15/04/18
AEA7158;BIO;MAD;EMBRAER ERJ-195;Nubosidad variable;15/04/18
IBE8330;MAD;BJZ;CANADAIR CRJ-200;Nubes altas;15/04/18
IBE8312;BCN;BJZ;BOMBARDIER CRJ-1000;Despejado;17/04/18
IBB651;TFN;GMZ;ATR-42/72;Despejado;15/04/18
IBB653;TFN;GMZ;ATR-42/72;Despejado;15/04/18
IBE2244;TFN;GMZ;ATR-42/72;Despejado;17/04/18
IBB651;TFN;GMZ;ATR-72;Despejado;16/04/18
HTY227;JCU;AGP;AWH;Nubes altas;15/04/18
HTY117;JCU;AEI;AWH;Nubes altas;15/04/18
HTY139;JCU;AEI;AWH;Nubes altas;15/04/18
HTY259;JCU;AGP;AWH;Nubes altas;15/04/18
HTY101;JCU;AEI;AWH;Nubes altas;16/04/18
HTY221;JCU;AGP;AWH;Nubes altas;16/04/18
HTY133;JCU;AEI;AWH;Nubes altas;16/04/18
VLG3434;IBZ;MAD;AIRBUS A320;Nubes altas;15/04/18
TRA5676;IBZ;AMS;BOEING 737-800 WINGLETS;Nubes altas;15/04/18
IBE8105;IBZ;PMI;CANADAIR CRJ-900;Nubes altas;15/04/18
AEA1703;IBZ;PMI;ATR-72;Nubes altas;15/04/18
TRA5690;IBZ;RTM;BOEING 737-700 WINGLETS;Nubes altas;15/04/18
RYR8333;IBZ;BGY;BOEING 737-800 WINGLETS;Nubes altas;15/04/18
RYR6419;IBZ;NRN;BOEING 737-800 WINGLETS;Nubes altas;15/04/18
VLG3515;IBZ;BCN;32A;Nubes altas;15/04/18
EWG2595;IBZ;STR;AIRBUS A319;Nubes altas;15/04/18
RYR2712;IBZ;BHX;BOEING 737-800 WINGLETS;Nubes altas;15/04/18
IBE8111;IBZ;PMI;ATR-42/72;Nubes altas;15/04/18
RYR9254;IBZ;STN;BOEING 737-800 WINGLETS;Nubes altas;15/04/18
IBE8441;IBZ;VLC;ATR-72;Nubes altas;15/04/18
RYR6702;IBZ;BLQ;BOEING 737-800 WINGLETS;Nubes altas;15/04/18
RYR8875;IBZ;PSA;BOEING 737-800 WINGLETS;Nubes altas;15/04/18
VLG3694;IBZ;VLC;AIRBUS A320;Nubes altas;15/04/18
RYR6703;IBZ;FCO;BOEING 737-800 WINGLETS;Nubes altas;15/04/18
IBE8911;IBZ;MAD;BOMBARDIER CRJ-1000;Nubes altas;15/04/18
IBE8319;EAS;MAD;ATR-72;Nubes altas;15/04/18
IBE8329;EAS;MAD;ATR-72;Nubes altas;15/04/18
IBE8315;EAS;MAD;ATR-72;Nubes altas;15/04/18
VLG2489;EAS;BCN;AIRBUS A319;Nubes altas;15/04/18
IBE8323;EAS;MAD;ATR-72;Nubes altas;15/04/18
IBE8317;EAS;MAD;ATR-72;Nubes altas;16/04/18
VLG2487;EAS;BCN;AIRBUS A319;Nubes altas;16/04/18
IBE8327;EAS;MAD;ATR-72;Nubes altas;16/04/18
IBE8524;MAD;PNA;CANADAIR CRJ-900;Nubes altas;15/04/18
IBE8532;MAD;PNA;BOMBARDIER CRJ-1000;Nubes altas;15/04/18
IBE8526;MAD;PNA;BOMBARDIER CRJ-1000;Nubes altas;15/04/18
IBE8530;MAD;PNA;BOMBARDIER CRJ-1000;Nubes altas;16/04/18
EWG575;XRY;CGN;AIRBUS A319;Nubes altas;15/04/18
JAF7922;XRY;BRU;EMBRAER 190;Nubes altas;15/04/18
EWG9571;XRY;DUS;32A;Nubes altas;15/04/18
RYR8397;XRY;STN;BOEING 737-800 WINGLETS;Nubes altas;15/04/18
IBE0411;XRY;MAD;AIRBUS A320;Nubes altas;15/04/18
VLG2287;XRY;BCN;AIRBUS A320;Nubes altas;15/04/18
RYR1284;XRY;BCN;BOEING 737-800 WINGLETS;Nubes altas;15/04/18
IBE0405;XRY;MAD;AIRBUS A319;Nubes altas;15/04/18
IBE0407;XRY;MAD;AIRBUS A319;Nubes altas;16/04/18
TUI2249;XRY;MUC;7S8;Nubes altas;16/04/18
IBE8511;XRY;MAD;CANADAIR CRJ-900;Nubes altas;16/04/18
TUI2223;XRY;STR;7S8;Nubes altas;16/04/18
TUI2273;XRY;FRA;7S8;Nubes altas;16/04/18
DE1557;XRY;DUS;32B;Nubes altas;16/04/18
TUI2253;XRY;DUS;7S8;Nubes altas;16/04/18
RYR8397;XRY;STN;BOEING 737-800 WINGLETS;Nubes altas;16/04/18
EZY8164;LEI;LGW;AIRBUS A319;Despejado;15/04/18
IBE8595;LEI;MAD;BOMBARDIER CRJ-1000;Despejado;15/04/18
AEA2634;LEI;ZAZ;BOEING 737-800 WINGLETS;Despejado;15/04/18
IBE8213;LEI;PMI;CANADAIR CRJ-200;Despejado;15/04/18
VLG1252;LEI;BCN;AIRBUS A320;Despejado;15/04/18
IBE8577;LEI;MAD;CANADAIR CRJ-900;Despejado;15/04/18
AEA2888;LEI;BCN;BOEING 737-800 WINGLETS;Despejado;15/04/18
IBE8589;LEI;MAD;CANADAIR CRJ-200;Despejado;15/04/18
IBE8601;LEI;MAD;BOMBARDIER CRJ-1000;Despejado;15/04/18
AEA2648;LEI;BCN;BOEING 737-800 WINGLETS;Despejado;15/04/18
IBE8932;LEI;SVQ;CANADAIR CRJ-200;Despejado;15/04/18
IBE8930;LEI;SVQ;CANADAIR CRJ-200;Despejado;16/04/18
IBE8603;LEI;MAD;BOMBARDIER CRJ-1000;Despejado;16/04/18
RYR1259;LEI;CRL;BOEING 737-800 WINGLETS;Despejado;16/04/18
EZY8164;LEI;LGW;AIRBUS A320;Despejado;16/04/18
IBE8589;LEI;MAD;CANADAIR CRJ-200;Despejado;16/04/18
IBE8595;LEI;MAD;BOMBARDIER CRJ-1000;Despejado;16/04/18
RYR8352;LEI;STN;BOEING 737-800 WINGLETS;Despejado;16/04/18
IBE8365;SCQ;PMI;CANADAIR CRJ-200;Lluvia;15/04/18
VLG1671;SCQ;BCN;32A;Lluvia;15/04/18
EZS1180;SCQ;BSL;AIRBUS A319;Lluvia;15/04/18
DLH1867;SCQ;MUC;AIRBUS A319;Lluvia;15/04/18
RYR3042;SCQ;SVQ;BOEING 737-800 WINGLETS;Lluvia;15/04/18
RYR8379;SCQ;STN;BOEING 737-800 WINGLETS;Lluvia;15/04/18
VLG1677;SCQ;BCN;AIRBUS A320;Lluvia;15/04/18
VLG2654;SCQ;AGP;AIRBUS A320;Lluvia;15/04/18
RYR8539;SCQ;ALC;BOEING 737-800 WINGLETS;Lluvia;15/04/18
IBS3879;SCQ;MAD;AIRBUS A320;Lluvia;15/04/18
RYR724;SCQ;PMI;BOEING 737-800 WINGLETS;Lluvia;15/04/18
VLG8222;SCQ;CDG;AIRBUS A320;Lluvia;15/04/18
AEA2630;SCQ;BCN;BOEING 737-800 WINGLETS;Lluvia;15/04/18
VLG1673;SCQ;BCN;32A;Lluvia;15/04/18
RYR2002;SCQ;ACE;BOEING 737-800 WINGLETS;Lluvia;15/04/18
VLG3981;SCQ;PMI;AIRBUS A320;Lluvia;15/04/18
EZY8550;MJV;LGW;AIRBUS A319;Despejado;15/04/18
EZY6014;MJV;BRS;AIRBUS A320;Despejado;15/04/18
RYR1925;MJV;EMA;BOEING 737-800 WINGLETS;Despejado;15/04/18
RYR4253;MJV;FRA;BOEING 737-800 WINGLETS;Despejado;15/04/18
EZY8552;MJV;LGW;AIRBUS A319;Despejado;15/04/18
RYR1940;MJV;EIN;BOEING 737-800 WINGLETS;Despejado;15/04/18
RYR4117;MJV;MAN;BOEING 737-800 WINGLETS;Despejado;15/04/18
EXS864;MJV;MAN;BOEING 737-800 WINGLETS;Despejado;15/04/18
RYR8027;MJV;STN;BOEING 737-800 WINGLETS;Despejado;15/04/18
RYR3453;MJV;LTN;BOEING 737-800 WINGLETS;Despejado;15/04/18
RYR7095;MJV;DUB;BOEING 737-800 WINGLETS;Despejado;15/04/18
RYR5947;MJV;BOH;BOEING 737-800 WINGLETS;Despejado;16/04/18
EZY6014;MJV;BRS;AIRBUS A320;Despejado;16/04/18
RYR1925;MJV;EMA;BOEING 737-800 WINGLETS;Despejado;16/04/18
RYR2200;VLL;SVQ;BOEING 737-800 WINGLETS;Chubascos dispersos;15/04/18
EVE1128;VLL;SVQ;32A;Chubascos dispersos;15/04/18
RYR6321;VLL;BCN;BOEING 737-800 WINGLETS;Chubascos dispersos;15/04/18
VLG1585;VLL;BCN;AIRBUS A320;Chubascos dispersos;15/04/18
EVE7151;VLL;ACE;AIRBUS A320;Chubascos dispersos;16/04/18
HTY117;JCU;AEI;AWH;Nubes altas;15/04/18
HTY139;JCU;AEI;AWH;Nubes altas;15/04/18
HTY101;JCU;AEI;AWH;Nubes altas;16/04/18
HTY133;JCU;AEI;AWH;Nubes altas;16/04/18
VLG1295;LCG;BCN;AIRBUS A320;Lluvia;15/04/18
TAP1085;LCG;LIS;ATR-42/72;Lluvia;15/04/18
VLG1293;LCG;BCN;32A;Lluvia;15/04/18
AEA7234;LCG;MAD;EMBRAER ERJ-195;Lluvia;15/04/18
VLG1298;LCG;SVQ;32A;Lluvia;15/04/18
AEA7236;LCG;MAD;EMBRAER ERJ-195;Lluvia;15/04/18
IBE0523;LCG;MAD;AIRBUS A320;Lluvia;15/04/18
VLG7104;LCG;LHR;AIRBUS A320;Lluvia;15/04/18
AEA7238;LCG;MAD;EMBRAER ERJ-195;Lluvia;15/04/18
RYR6384;BCN;SDR;BOEING 737-800 WINGLETS;Despejado;15/04/18
IBE0554;MAD;SDR;AIRBUS A319;Nubes altas;15/04/18
IBE0556;MAD;SDR;AIRBUS A319;Nubes altas;15/04/18
VLG1590;BCN;SDR;AIRBUS A320;Despejado;15/04/18
IBE8878;MAD;SDR;CANADAIR CRJ-900;Nubes altas;15/04/18
IBE0552;MAD;SDR;AIRBUS A320;Nubes altas;16/04/18
VLG1592;BCN;SDR;AIRBUS A320;Despejado;16/04/18
IBE8316;MAD;EAS;ATR-72;Nubes altas;15/04/18
IBE8322;MAD;EAS;ATR-72;Nubes altas;15/04/18
IBE8318;MAD;EAS;ATR-72;Nubes altas;15/04/18
VLG2488;BCN;EAS;AIRBUS A319;Despejado;15/04/18
IBE8326;MAD;EAS;ATR-72;Nubes altas;15/04/18
IBE8324;MAD;EAS;ATR-72;Nubes altas;15/04/18
VLG2486;BCN;EAS;AIRBUS A319;Despejado;16/04/18
AEA7311;VGO;MAD;EMBRAER ERJ-195;Lluvia;15/04/18
IBE0531;VGO;MAD;AIRBUS A319;Lluvia;15/04/18
RYR242;VGO;DUB;BOEING 737-800 WINGLETS;Lluvia;15/04/18
RYR7132;VGO;BGY;BOEING 737-800 WINGLETS;Lluvia;15/04/18
AEA7315;VGO;MAD;EMBRAER ERJ-195;Lluvia;15/04/18
IBE0533;VGO;MAD;AIRBUS A319;Lluvia;15/04/18
LAV5464;VGO;TFN;BOEING 737-400;Lluvia;15/04/18
TAP1141;VGO;LIS;ATR-72;Lluvia;15/04/18
AEA7317;VGO;MAD;EMBRAER ERJ-195;Lluvia;15/04/18
VLG3801;MAH;BIO;32A;Abertura de claros;15/04/18
VLG3715;MAH;BCN;AIRBUS A320;Abertura de claros;15/04/18
IBE8662;MAH;BIO;BOMBARDIER CRJ-1000;Abertura de claros;15/04/18
AEA4532;MAH;PMI;ATR-72;Abertura de claros;15/04/18
IBE8957;MAH;MAD;BOMBARDIER CRJ-1000;Abertura de claros;15/04/18
IBE8499;MAH;PMI;ATR-42/72;Abertura de claros;15/04/18
AEA4530;MAH;PMI;ATR-72;Abertura de claros;15/04/18
IBE8491;MAH;PMI;CANADAIR CRJ-200;Abertura de claros;15/04/18
IBE8493;MAH;PMI;BOMBARDIER CRJ-1000;Abertura de claros;15/04/18
IBE8029;MAH;MAD;CANADAIR CRJ-900;Abertura de claros;15/04/18
RYR6882;MAH;BCN;BOEING 737-800 WINGLETS;Abertura de claros;15/04/18
VLG3709;MAH;BCN;AIRBUS A320;Abertura de claros;15/04/18
VLG3701;MAH;BCN;AIRBUS A320;Abertura de claros;15/04/18
IBE8737;MAH;VLC;ATR-72;Abertura de claros;15/04/18
IBE8487;MAH;PMI;ATR-42/72;Abertura de claros;15/04/18
VLG3719;MAH;BCN;AIRBUS A321;Abertura de claros;15/04/18
IBK5558;BCN;GOT;BOEING 737-800 WINGLETS;Despejado;15/04/18
VLG3508;BCN;IBZ;32A;Despejado;15/04/18
VLG8008;BCN;ORY;32B;Despejado;15/04/18
VLG3924;BCN;PMI;AIRBUS A320;Despejado;15/04/18
RYR133;BCN;SXF;BOEING 737-800 WINGLETS;Despejado;15/04/18
WZZ2376;BCN;BUD;32B;Despejado;15/04/18
VLG3714;BCN;MAH;AIRBUS A320;Despejado;15/04/18
EZY3916;BCN;CDG;32A;Despejado;15/04/18
EWG5921;BCN;VIE;32A;Despejado;15/04/18
VLG6108;BCN;FCO;AIRBUS A320;Despejado;15/04/18
SWR1953;BCN;ZRH;32B;Despejado;15/04/18
VLG1870;BCN;CPH;AIRBUS A320;Despejado;15/04/18
IBK5500;BCN;LGW;BOEING 737-800 WINGLETS;Despejado;15/04/18
EZY4526;BCN;SXF;AIRBUS A319;Despejado;15/04/18
TRA6790;BCN;EIN;BOEING 737-800 WINGLETS;Despejado;15/04/18
RYR4585;BCN;OPO;BOEING 737-800 WINGLETS;Despejado;15/04/18
IBE8791;MLN;MAD;ATR-72;Despejado;15/04/18
IBE8263;MLN;AGP;ATR-72;Despejado;15/04/18
IBE8793;MLN;MAD;ATR-72;Despejado;15/04/18
IBE8271;MLN;AGP;ATR-72;Despejado;15/04/18
AEA5004;MLN;AGP;ATR-72;Despejado;15/04/18
IBE8277;MLN;AGP;ATR-72;Despejado;15/04/18
IBE8261;MLN;AGP;ATR-72;Despejado;16/04/18
IBE8789;MLN;MAD;ATR-72;Despejado;16/04/18
AEA5002;MLN;AGP;ATR-72;Despejado;16/04/18
SAS7736;LPA;BLL;AIRBUS A321;Cubierto de nubes altas y medias;15/04/18
TUI2207;LPA;CGN;7S8;Cubierto de nubes altas y medias;15/04/18
IBB119;LPA;TFN;BOMBARDIER CRJ-1000;Cubierto de nubes altas y medias;15/04/18
IBK5970;LPA;HEL;BOEING 737-800 WINGLETS;Cubierto de nubes altas y medias;15/04/18
VLG3132;LPA;LCG;AIRBUS A320;Cubierto de nubes altas y medias;15/04/18
AEA9447;LPA;ACE;ATR-72;Cubierto de nubes altas y medias;15/04/18
IBB510;LPA;ACE;BOMBARDIER CRJ-1000;Cubierto de nubes altas y medias;15/04/18
RYR5522;LPA;MXP;BOEING 737-800 WINGLETS;Cubierto de nubes altas y medias;15/04/18
IBB210;LPA;FUE;ATR-72;Cubierto de nubes altas y medias;15/04/18
AEA9161;LPA;MAD;BOEING 737-800 WINGLETS;Cubierto de nubes altas y medias;15/04/18
IBB109;LPA;TFN;ATR-72;Cubierto de nubes altas y medias;15/04/18
IBB123;LPA;TFS;ATR-72;Cubierto de nubes altas y medias;15/04/18
EDW201;LPA;ZRH;AIRBUS A320;Cubierto de nubes altas y medias;15/04/18
IBB6204;LPA;RAK;ATR-72;Cubierto de nubes altas y medias;15/04/18
CNF721;LPA;ACE;ATR-72;Cubierto de nubes altas y medias;15/04/18
CNF809;LPA;FUE;ATR-72;Cubierto de nubes altas y medias;15/04/18
TUI2169;LPA;STR;7S8;Cubierto de nubes altas y medias;15/04/18
LGL708;LPA;LUX;BOEING 737-800 WINGLETS;Cubierto de nubes altas y medias;15/04/18
IBE8334;VLC;OVD;CANADAIR CRJ-200;Despejado;15/04/18
IBE0488;MAD;OVD;AIRBUS A321;Nubes altas;15/04/18
IBE8333;PMI;OVD;CANADAIR CRJ-200;Despejado;17/04/18
VLG1579;BCN;OVD;AIRBUS A320;Despejado;15/04/18
VOE3585;ALC;OVD;BOEING 717;Despejado;15/04/18
IBE0476;MAD;OVD;AIRBUS A320;Nubes altas;15/04/18
VLG3864;PMI;OVD;AIRBUS A320;Nubes altas;15/04/18
VOE3924;AGP;OVD;BOEING 717;Despejado;15/04/18
IBE0480;MAD;OVD;AIRBUS A320;Nubes altas;15/04/18
VOE3830;SVQ;OVD;BOEING 717;Nubes altas;15/04/18
IBE0482;MAD;OVD;AIRBUS A320;Nubes altas;15/04/18
VLG1571;BCN;OVD;AIRBUS A320;Despejado;15/04/18
VLG1573;BCN;OVD;AIRBUS A320;Despejado;16/04/18
IBE0478;MAD;OVD;AIRBUS A321;Nubes altas;16/04/18
TOM5751;TFS;NWI;BOEING 737-800 WINGLETS;Despejado;15/04/18
OLY726;TFS;FUE;AIRBUS A321;Despejado;15/04/18
RYR2914;TFS;MAD;BOEING 737-800 WINGLETS;Despejado;15/04/18
ENT951C;TFS;LYS;BOEING 737-800 WINGLETS;Despejado;15/04/18
IBK6450;TFS;ARN;BOEING 737-800 WINGLETS;Despejado;15/04/18
IBK6500;TFS;HAM;BOEING 737-800 WINGLETS;Despejado;15/04/18
OLY745;TFS;ZRH;AIRBUS A321;Despejado;15/04/18
BEL1652;TFS;BRU;AIRBUS A320;Despejado;15/04/18
JAF7114;TFS;BRU;BOEING 737-800 WINGLETS;Despejado;15/04/18
JAF7866;TFS;CDG;BOEING 737-800 WINGLETS;Despejado;15/04/18
EWG253;TFS;CGN;BOEING 737-800 WINGLETS;Despejado;15/04/18
EDW215;TFS;ZRH;AIRBUS A320;Despejado;15/04/18
RYR8179;TFS;CRL;BOEING 737-800 WINGLETS;Despejado;15/04/18
TRA6674;TFS;AMS;BOEING 737-800 WINGLETS;Despejado;15/04/18
BEL3782;TFS;BRU;AIRBUS A320;Despejado;15/04/18
GMI6231;TFS;BRE;AIRBUS A319;Despejado;15/04/18
RYR1034;TFS;CGN;BOEING 737-800 WINGLETS;Despejado;15/04/18
TUI2363;TFS;HAM;BOEING 737-800 WINGLETS;Despejado;15/04/18
IBB152;TFS;LPA;ATR-72;Despejado;15/04/18
RYR6229;TFS;NRN;BOEING 737-800 WINGLETS;Despejado;15/04/18
RYR8167;TFS;STN;BOEING 737-800 WINGLETS;Despejado;15/04/18
VLG1292;BCN;LCG;32A;Despejado;15/04/18
AEA7233;MAD;LCG;EMBRAER ERJ-195;Nubes altas;15/04/18
LZF441;BIO;LCG;ATR 42-300/320;Nubosidad variable;15/04/18
VLG3132;LPA;LCG;AIRBUS A320;Cubierto de nubes altas y medias;15/04/18
AEA7235;MAD;LCG;EMBRAER ERJ-195;Nubes altas;15/04/18
IBE0524;MAD;LCG;AIRBUS A319;Nubes altas;15/04/18
VLG1299;SVQ;LCG;AIRBUS A320;Nubes altas;15/04/18
AEA7237;MAD;LCG;EMBRAER ERJ-195;Nubes altas;15/04/18
HTY228;AGP;JCU;AWH;Despejado;15/04/18
HTY118;AEI;JCU;AWH;Despejado;15/04/18
HTY140;AEI;JCU;AWH;Despejado;15/04/18
HTY260;AGP;JCU;AWH;Despejado;17/04/18
HTY102;AEI;JCU;AWH;Despejado;16/04/18
HTY222;AGP;JCU;AWH;Despejado;16/04/18
HTY134;AEI;JCU;AWH;Despejado;16/04/18
SRK2115;PMI;BRN;SAAB 2000;Nubes altas;15/04/18
EZY5802;PMI;TXL;32A;Nubes altas;15/04/18
DE1515;PMI;DUS;BOEING 757-300 WINGLETS;Nubes altas;15/04/18
IBS3913;PMI;MAD;AIRBUS A321;Nubes altas;15/04/18
DE1535;PMI;HAJ;AIRBUS A320;Nubes altas;15/04/18
EZY4502;PMI;SXF;32A;Nubes altas;15/04/18
EWG5913;PMI;VIE;AIRBUS A319;Nubes altas;15/04/18
RYR6217;PMI;NRN;BOEING 737-800 WINGLETS;Nubes altas;15/04/18
SRK1115;PMI;BRN;SAAB 2000;Nubes altas;15/04/18
EWG7585;PMI;HAM;BOEING 737-800 WINGLETS;Nubes altas;15/04/18
IBK3665;PMI;CPH;BOEING 737-800 WINGLETS;Nubes altas;15/04/18
EWG9585;PMI;DUS;32A;Nubes altas;15/04/18
DE1525;PMI;STR;AIRBUS A320;Nubes altas;15/04/18
SAS586;PMI;CPH;AIRBUS A321;Nubes altas;15/04/18
RYR4150;PMI;FRA;BOEING 737-800 WINGLETS;Nubes altas;15/04/18
TUI2153;PMI;FRA;BOEING 737-800 WINGLETS;Nubes altas;15/04/18
EZY2272;PMI;LTN;AIRBUS A320;Nubes altas;15/04/18
IBK523;PMI;HEL;BOEING 737-800 WINGLETS;Nubes altas;15/04/18
VLG2211;SVQ;BCN;AIRBUS A320;Nubes altas;15/04/18
VLG2251;SVQ;BCN;32A;Nubes altas;15/04/18
VLG8830;SVQ;CDG;AIRBUS A320;Nubes altas;15/04/18
TAP1107;SVQ;LIS;ATR-42/72;Nubes altas;15/04/18
EVE1605;SVQ;ZAZ;32A;Nubes altas;15/04/18
EZY8176;SVQ;LGW;AIRBUS A319;Nubes altas;15/04/18
RYR3041;SVQ;SCQ;BOEING 737-800 WINGLETS;Nubes altas;15/04/18
VLG2509;SVQ;BIO;AIRBUS A320;Nubes altas;15/04/18
VLG3254;SVQ;TFN;AIRBUS A320;Nubes altas;15/04/18
VLG3941;SVQ;PMI;AIRBUS A320;Nubes altas;15/04/18
DLH1823;SVQ;MUC;AIRBUS A320;Nubes altas;15/04/18
IBS3949;SVQ;MAD;32A;Nubes altas;15/04/18
DLH1141;SVQ;FRA;AIRBUS A321;Nubes altas;15/04/18
RYR9342;SVQ;PSA;BOEING 737-800 WINGLETS;Nubes altas;15/04/18
BEL3748;SVQ;BRU;AIRBUS A319;Nubes altas;15/04/18
RYR2199;SVQ;VLL;BOEING 737-800 WINGLETS;Nubes altas;15/04/18
TVF3161;AGP;ORY;BOEING 737-800 WINGLETS;Despejado;15/04/18
IBE8262;AGP;MLN;ATR-72;Despejado;15/04/18
MAC384;AGP;TNG;32A;Despejado;15/04/18
JAF7568;AGP;BRU;7M8;Despejado;15/04/18
BEL3734;AGP;BRU;AIRBUS A320;Despejado;15/04/18
SWR2117;AGP;ZRH;AIRBUS A321;Despejado;15/04/18
VLG2114;AGP;BCN;32B;Despejado;15/04/18
JAF7312;AGP;OST;BOEING 737-800 WINGLETS;Despejado;15/04/18
GMI3109;AGP;FMO;AIRBUS A319;Despejado;15/04/18
PRI454;AGP;BLL;BOEING 737-800 WINGLETS;Despejado;15/04/18
EZY2734;AGP;MXP;32A;Despejado;15/04/18
RYR6139;AGP;FCO;BOEING 737-800 WINGLETS;Despejado;15/04/18
JAF7686;AGP;LIL;BOEING 737-700 WINGLETS;Despejado;15/04/18
EZY3956;AGP;CDG;32A;Despejado;15/04/18
TRA6116;AGP;AMS;BOEING 737-800 WINGLETS;Despejado;15/04/18
EZY4522;AGP;SXF;AIRBUS A319;Despejado;15/04/18
RYR8805;AGP;CGN;BOEING 737-800 WINGLETS;Despejado;15/04/18
EZY8602;AGP;LGW;AIRBUS A319;Despejado;15/04/18
SAS584;AGP;CPH;AIRBUS A319;Despejado;15/04/18
IBK3681;AGP;AAL;BOEING 737-800 WINGLETS;Despejado;15/04/18
IBS9528;PMI;VLL;AIRBUS A320;Nubes altas;15/04/18
RYR2199;SVQ;VLL;BOEING 737-800 WINGLETS;Nubes altas;15/04/18
EVE1127;SVQ;VLL;32A;Nubes altas;15/04/18
RYR6320;BCN;VLL;BOEING 737-800 WINGLETS;Despejado;15/04/18
VLG1584;BCN;VLL;AIRBUS A320;Despejado;15/04/18
VLG1584;BCN;VLL;AIRBUS A320;Despejado;16/04/18
IBE3108;MAD;LIS;AIRBUS A321;Nubes altas;15/04/18
IBE3160;MAD;LHR;AIRBUS A320;Nubes altas;15/04/18
IBE0930;MAD;BCN;AIRBUS A321;Nubes altas;15/04/18
IBE8792;MAD;MLN;ATR-72;Nubes altas;15/04/18
AVA6078;MAD;BCN;AIRBUS A321;Nubes altas;15/04/18
VLG9742;MAD;BCN;AIRBUS A321;Nubes altas;15/04/18
AAL8733;MAD;BCN;AIRBUS A321;Nubes altas;15/04/18
IBE0930S;MAD;BCN;AIRBUS A321;Nubes altas;15/04/18
ACA837;MAD;YYZ;BOEING 787-9;Nubes altas;15/04/18
IBE3480;MAD;GVA;AIRBUS A320;Nubes altas;15/04/18
IBE8914;MAD;MRS;BOMBARDIER CRJ-1000;Nubes altas;15/04/18
WZZ3402;MAD;CLJ;32A;Nubes altas;15/04/18
EZY2704;MAD;MXP;AIRBUS A319;Nubes altas;15/04/18
IBE8784;MAD;BLQ;BOMBARDIER CRJ-1000;Nubes altas;15/04/18
VLG2507;SVQ;BIO;32A;Nubes altas;15/04/18
VLG1432;BCN;BIO;AIRBUS A320;Despejado;15/04/18
IBE8693;PMI;BIO;BOMBARDIER CRJ-1000;Despejado;17/04/18
VLG3801;MAH;BIO;32A;Abertura de claros;15/04/18
AEA7007;TFN;BIO;BOEING 737-800 WINGLETS;Despejado;15/04/18
AEA7157;MAD;BIO;EMBRAER ERJ-195;Nubes altas;15/04/18
VLG1451;ALC;BIO;AIRBUS A320;Despejado;15/04/18
RYR2986;VLC;BRU;BOEING 737-800 WINGLETS;Despejado;15/04/18
TRA6338;VLC;AMS;BOEING 737-700 WINGLETS;Despejado;15/04/18
IBE8993;VLC;MAD;CANADAIR CRJ-900;Despejado;15/04/18
IBE8334;VLC;OVD;CANADAIR CRJ-200;Despejado;15/04/18
TRA5106;VLC;EIN;BOEING 737-800 WINGLETS;Despejado;15/04/18
RYR9678;VLC;CIA;BOEING 737-800 WINGLETS;Despejado;15/04/18
RYR2300;VLC;BUD;BOEING 737-800 WINGLETS;Despejado;15/04/18
EZY2004;VLC;LTN;AIRBUS A319;Despejado;15/04/18
RYR8322;VLC;STN;BOEING 737-800 WINGLETS;Despejado;15/04/18
VLG6244;VLC;FCO;AIRBUS A320;Despejado;15/04/18
RYR1823;VLC;EIN;BOEING 737-800 WINGLETS;Despejado;15/04/18
IBE8430;VLC;IBZ;ATR-72;Despejado;15/04/18
AEA1007;VLC;CDG;BOEING 737-800 WINGLETS;Despejado;15/04/18
TAP1097;VLC;LIS;ATR-42/72;Despejado;15/04/18
AEA4064;VLC;MAD;ATR-72;Despejado;15/04/18
VLG3695;VLC;IBZ;AIRBUS A320;Despejado;15/04/18
AEA7308;MAD;VGO;EMBRAER ERJ-195;Nubes altas;15/04/18
AEA7302;MAD;VGO;EMBRAER ERJ-195;Nubes altas;15/04/18
IBE0532;MAD;VGO;AIRBUS A319;Nubes altas;15/04/18
LAV5463;TFN;VGO;BOEING 737-400;Despejado;15/04/18
AEA7300;MAD;VGO;EMBRAER ERJ-195;Nubes altas;15/04/18
IBE0534;MAD;VGO;AIRBUS A320;Nubes altas;15/04/18
RYR245;BCN;VGO;BOEING 737-800 WINGLETS;Despejado;15/04/18
AEA7306;MAD;VGO;EMBRAER ERJ-195;Nubes altas;15/04/18
VLG3257;TFN;SVQ;AIRBUS A320;Despejado;15/04/18
IBB108;TFN;LPA;ATR-72;Despejado;15/04/18
VLG3246;TFN;SCQ;AIRBUS A320;Despejado;15/04/18
IBB651;TFN;GMZ;ATR-42/72;Despejado;15/04/18
LAV5463;TFN;VGO;BOEING 737-400;Despejado;15/04/18
RYR3064;TFN;BCN;BOEING 737-800 WINGLETS;Despejado;15/04/18
CNF418;TFN;SPC;ATR-42/72;Despejado;15/04/18
AEA9047;TFN;MAD;AIRBUS A330-200;Despejado;15/04/18
IBB615;TFN;SPC;ATR-42/72;Despejado;15/04/18
IBB120;TFN;LPA;BOMBARDIER CRJ-1000;Despejado;15/04/18
IBB422;TFN;FUE;ATR-42/72;Despejado;15/04/18
IBB659;TFN;VDE;ATR-72;Despejado;15/04/18
AEA9416;TFN;LPA;ATR-72;Despejado;15/04/18
RYR5279;TFN;MAD;BOEING 737-800 WINGLETS;Despejado;15/04/18
IBB146;TFN;LPA;ATR-42/72;Despejado;15/04/18
IBS3943;TFN;MAD;32A;Despejado;15/04/18
AEA9463;TFN;SPC;ATR-72;Despejado;15/04/18
IBE0410;MAD;XRY;AIRBUS A320;Nubes altas;15/04/18
VLG2286;BCN;XRY;AIRBUS A320;Despejado;15/04/18
RYR1283;BCN;XRY;BOEING 737-800 WINGLETS;Despejado;15/04/18
IBE0404;MAD;XRY;AIRBUS A319;Nubes altas;15/04/18
IBE0406;MAD;XRY;AIRBUS A319;Nubes altas;15/04/18
IBE8510;MAD;XRY;CANADAIR CRJ-900;Nubes altas;16/04/18
VLG3508;BCN;IBZ;32A;Despejado;15/04/18
IBE8106;PMI;IBZ;ATR-42/72;Despejado;17/04/18
IBE8430;VLC;IBZ;ATR-72;Despejado;15/04/18
IBE8910;MAD;IBZ;BOMBARDIER CRJ-1000;Nubes altas;15/04/18
VLG3695;VLC;IBZ;AIRBUS A320;Despejado;15/04/18
VLG3510;BCN;IBZ;AIRBUS A320;Despejado;15/04/18
IBE8110;PMI;IBZ;BOMBARDIER CRJ-1000;Despejado;17/04/18
AEA6025;MAD;IBZ;EMBRAER ERJ-195;Nubes altas;15/04/18
VLG2011;GRX;BCN;32B;Nubes altas;15/04/18
IBE8641;GRX;MAD;BOMBARDIER CRJ-1000;Nubes altas;15/04/18
EZY2676;GRX;MXP;AIRBUS A319;Nubes altas;15/04/18
VLG2021;GRX;BCN;32A;Nubes altas;15/04/18
AEA5200;GRX;PMI;EMBRAER ERJ-195;Nubes altas;15/04/18
VLG3932;GRX;PMI;AIRBUS A320;Nubes altas;15/04/18
IBE8645;GRX;MAD;BOMBARDIER CRJ-1000;Nubes altas;15/04/18
ENT513;GRX;ARN;BOEING 737-800 WINGLETS;Nubes altas;15/04/18
ENT574;GRX;ARN;BOEING 737-800;Nubes altas;15/04/18
IBE8649;GRX;MAD;BOMBARDIER CRJ-1000;Nubes altas;15/04/18
VLG2015;GRX;BCN;AIRBUS A320;Nubes altas;15/04/18
BAW3290;GRX;LCY;EMBRAER 190;Nubes altas;15/04/18
VLG2017;GRX;BCN;32B;Nubes altas;15/04/18
IBE8639;GRX;MAD;BOMBARDIER CRJ-1000;Nubes altas;16/04/18
VLG2011;GRX;BCN;AIRBUS A320;Nubes altas;16/04/18
RYR9305;GRO;LPL;BOEING 737-800 WINGLETS;Nubes altas;15/04/18
RYR9172;GRO;WRO;BOEING 737-800 WINGLETS;Nubes altas;15/04/18
RYR4125;GRO;HHN;BOEING 737-800 WINGLETS;Nubes altas;15/04/18
RYR7037;GRO;DUB;BOEING 737-800 WINGLETS;Nubes altas;15/04/18
RYR9364;GRO;PSR;BOEING 737-800 WINGLETS;Nubes altas;15/04/18
RYR9241;GRO;PSA;BOEING 737-800 WINGLETS;Nubes altas;15/04/18
RYR9803;GRO;STN;BOEING 737-800 WINGLETS;Nubes altas;15/04/18
PBD832;GRO;VKO;BOEING 737-800 WINGLETS;Nubes altas;15/04/18
RYR9211;GRO;FKB;BOEING 737-800 WINGLETS;Nubes altas;15/04/18
RYR9335;GRO;BRS;BOEING 737-800 WINGLETS;Nubes altas;15/04/18
RYR4482;GRO;RIX;BOEING 737-800 WINGLETS;Nubes altas;15/04/18
RYR5122;GRO;POZ;BOEING 737-800 WINGLETS;Nubes altas;15/04/18
RYR9303;GRO;EDI;BOEING 737-800 WINGLETS;Nubes altas;15/04/18
RYR1131;GRO;EMA;BOEING 737-800 WINGLETS;Nubes altas;15/04/18
RYR6903;GRO;CRL;BOEING 737-800 WINGLETS;Nubes altas;15/04/18
RYR6391;GRO;NRN;BOEING 737-800 WINGLETS;Nubes altas;15/04/18
TRA5766;GRO;AMS;BOEING 737-800 WINGLETS;Nubes altas;15/04/18
RYR2201;GRO;KRK;BOEING 737-800 WINGLETS;Nubes altas;16/04/18
RYR9026;GRO;BTS;BOEING 737-800 WINGLETS;Nubes altas;16/04/18
RYR6901;GRO;CRL;BOEING 737-800 WINGLETS;Nubes altas;16/04/18
RYR4480;GRO;KUN;BOEING 737-800 WINGLETS;Nubes altas;16/04/18
RYR4275;GRO;FRA;BOEING 737-800 WINGLETS;Nubes altas;16/04/18
RYR9241;GRO;PSA;BOEING 737-800 WINGLETS;Nubes altas;16/04/18
RYR6391;GRO;NRN;BOEING 737-800 WINGLETS;Nubes altas;15/04/18
IBE8356;BIO;SCQ;CANADAIR CRJ-200;Nubosidad variable;15/04/18
VLG1670;BCN;SCQ;32A;Despejado;15/04/18
RYR3041;SVQ;SCQ;BOEING 737-800 WINGLETS;Nubes altas;15/04/18
VLG3246;TFN;SCQ;AIRBUS A320;Despejado;15/04/18
VLG2655;AGP;SCQ;AIRBUS A320;Despejado;15/04/18
RYR8538;ALC;SCQ;BOEING 737-800 WINGLETS;Despejado;15/04/18
IBS3878;MAD;SCQ;AIRBUS A320;Nubes altas;15/04/18
VLG1676;BCN;SCQ;AIRBUS A320;Despejado;15/04/18
AEA2629;BCN;SCQ;BOEING 737-800 WINGLETS;Despejado;15/04/18
VLG1672;BCN;SCQ;32A;Despejado;15/04/18
RYR2001;ACE;SCQ;BOEING 737-800 WINGLETS;Nubes altas;15/04/18
VLG3980;PMI;SCQ;AIRBUS A320;Nubes altas;15/04/18
VLG3147;FUE;AGP;AIRBUS A320;Nubes altas;15/04/18
ENT898;FUE;CDG;BOEING 737-800 WINGLETS;Nubes altas;15/04/18
CNF804;FUE;LPA;ATR-42/72;Nubes altas;15/04/18
OLY727;FUE;ZRH;AIRBUS A321;Nubes altas;15/04/18
TVS3427;FUE;RNS;BOEING 737-800 WINGLETS;Nubes altas;15/04/18
TVS3499;FUE;LYS;BOEING 737-800 WINGLETS;Nubes altas;15/04/18
EDW213;FUE;ZRH;AIRBUS A320;Nubes altas;15/04/18
TRA6706;FUE;AMS;BOEING 737-800 WINGLETS;Nubes altas;15/04/18
RYR8627;FUE;NRN;BOEING 737-800 WINGLETS;Nubes altas;15/04/18
EWG1813;FUE;MUC;AIRBUS A320;Nubes altas;15/04/18
LGL734;FUE;LUX;BOEING 737-800 WINGLETS;Nubes altas;15/04/18
IBB211;FUE;LPA;ATR-42/72;Nubes altas;15/04/18
RYR8183;FUE;STN;BOEING 737-800 WINGLETS;Nubes altas;15/04/18
IBB423;FUE;TFN;ATR-42/72;Nubes altas;15/04/18
LLC6703;FUE;LYS;AIRBUS A320;Nubes altas;15/04/18
CNF810;FUE;LPA;ATR-72;Nubes altas;15/04/18
LLX5572;FUE;DUS;AIRBUS A320;Nubes altas;15/04/18
LLX5072;LPA;FUE;AIRBUS A321;Cubierto de nubes altas y medias;15/04/18
RYR5469;FUE;MAD;BOEING 737-800 WINGLETS;Nubes altas;15/04/18
DTR215;FUE;CPH;AIRBUS A320;Nubes altas;15/04/18
IBB213;FUE;LPA;ATR-42/72;Nubes altas;15/04/18
VLG1312;BCN;ALC;32A;Despejado;15/04/18
AEA7156;BIO;MAD;EMBRAER ERJ-195;Nubosidad variable;15/04/18
IBB606;SPC;TFN;ATR-42/72;Cubierto de nubes altas y medias;15/04/18
IBB304;SPC;LPA;ATR-72;Cubierto de nubes altas y medias;15/04/18
CNF413;SPC;TFN;ATR-42/72;Cubierto de nubes altas y medias;15/04/18
IBB608;SPC;TFN;ATR-42/72;Cubierto de nubes altas y medias;15/04/18
TVS2434;SPC;CDG;BOEING 737-800 WINGLETS;Cubierto de nubes altas y medias;15/04/18
AEA9462;SPC;TFN;ATR-72;Cubierto de nubes altas y medias;15/04/18
CNF419;SPC;TFN;ATR-42/72;Cubierto de nubes altas y medias;15/04/18
IBB610;SPC;TFN;ATR-42/72;Cubierto de nubes altas y medias;15/04/18
AEA9464;SPC;TFN;ATR-72;Cubierto de nubes altas y medias;15/04/18
IBB620;SPC;TFN;ATR-42/72;Cubierto de nubes altas y medias;15/04/18
IBB622;SPC;TFN;ATR-42/72;Cubierto de nubes altas y medias;15/04/18
IBS3843;SPC;MAD;AIRBUS A320;Cubierto de nubes altas y medias;15/04/18
IBB630;SPC;TFN;ATR-42/72;Cubierto de nubes altas y medias;15/04/18
CNF453;SPC;TFN;ATR-72;Cubierto de nubes altas y medias;15/04/18
IBB312;SPC;LPA;BOMBARDIER CRJ-1000;Cubierto de nubes altas y medias;15/04/18
DE1407;SPC;FRA;BOEING 757-300 WINGLETS;Cubierto de nubes altas y medias;15/04/18
IBB632;SPC;TFN;ATR-42/72;Cubierto de nubes altas y medias;15/04/18
AEA9466;SPC;TFN;ATR-72;Cubierto de nubes altas y medias;15/04/18
IBB634;SPC;TFN;ATR-42/72;Cubierto de nubes altas y medias;15/04/18
IBB636;SPC;TFN;ATR-42/72;Cubierto de nubes altas y medias;15/04/18
IBB316;SPC;LPA;ATR-42/72;Cubierto de nubes altas y medias;15/04/18
VLG3714;BCN;MAH;AIRBUS A320;Despejado;15/04/18
IBE8482;PMI;MAH;BOMBARDIER CRJ-1000;Despejado;17/04/18
AEA4537;PMI;MAH;ATR-72;Nubes altas;15/04/18
IBE8956;MAD;MAH;BOMBARDIER CRJ-1000;Nubes altas;15/04/18
AAL8564;MAD;MAH;BOMBARDIER CRJ-1000;Nubes altas;15/04/18
IBE8498;PMI;MAH;ATR-42/72;Despejado;17/04/18
IBE8663;BIO;MAH;BOMBARDIER CRJ-1000;Nubosidad variable;15/04/18
AEA4531;PMI;MAH;ATR-72;Nubes altas;15/04/18
IBE8488;PMI;MAH;CANADAIR CRJ-200;Despejado;17/04/18
IBE8024;MAD;MAH;CANADAIR CRJ-900;Nubes altas;15/04/18
RYR6881;BCN;MAH;BOEING 737-800 WINGLETS;Despejado;15/04/18
VLG3716;BCN;MAH;AIRBUS A320;Despejado;15/04/18
VLG3700;BCN;MAH;AIRBUS A320;Despejado;15/04/18
IBE8734;VLC;MAH;ATR-72;Despejado;15/04/18
IBE8492;PMI;MAH;ATR-42/72;Despejado;17/04/18
IBE8496;PMI;MAH;BOMBARDIER CRJ-1000;Despejado;17/04/18
VLG3718;BCN;MAH;AIRBUS A321;Despejado;15/04/18
IBE8262;AGP;MLN;ATR-72;Despejado;15/04/18
IBE8792;MAD;MLN;ATR-72;Nubes altas;15/04/18
IBE8790;MAD;MLN;ATR-72;Nubes altas;15/04/18
IBE8264;AGP;MLN;ATR-72;Despejado;15/04/18
IBE8270;AGP;MLN;ATR-72;Despejado;15/04/18
AEA5005;AGP;MLN;ATR-72;Despejado;15/04/18
IBE8798;MAD;MLN;ATR-72;Nubes altas;15/04/18
IBE8274;AGP;MLN;ATR-72;Despejado;15/04/18
IBE8260;AGP;MLN;ATR-72;Despejado;16/04/18
AEA5001;AGP;MLN;ATR-72;Despejado;16/04/18
IBE8262;AGP;MLN;ATR-72;Despejado;16/04/18
IBB123;LPA;TFS;ATR-72;Cubierto de nubes altas y medias;15/04/18
VLG3280;BIO;ACE;AIRBUS A320;Nubosidad variable;15/04/18
AEA9073;MAD;ACE;BOEING 737-800 WINGLETS;Nubes altas;15/04/18
AEA9447;LPA;ACE;ATR-72;Cubierto de nubes altas y medias;15/04/18
IBB510;LPA;ACE;BOMBARDIER CRJ-1000;Cubierto de nubes altas y medias;15/04/18
IBE8594;MAD;LEI;BOMBARDIER CRJ-1000;Nubes altas;15/04/18
AEA2887;BCN;LEI;BOEING 737-800 WINGLETS;Despejado;15/04/18
VLG1251;BCN;LEI;AIRBUS A320;Despejado;15/04/18
IBE8598;MAD;LEI;CANADAIR CRJ-900;Nubes altas;15/04/18
AEA2633;ZAZ;LEI;BOEING 737-800 WINGLETS;Nubes altas;15/04/18
IBE8212;PMI;LEI;CANADAIR CRJ-200;Despejado;17/04/18
IBE8592;MAD;LEI;BOMBARDIER CRJ-1000;Nubes altas;15/04/18
AEA2647;BCN;LEI;BOEING 737-800 WINGLETS;Despejado;15/04/18
IBE8588;MAD;LEI;CANADAIR CRJ-200;Nubes altas;15/04/18
IBE8933;SVQ;LEI;CANADAIR CRJ-200;Nubes altas;15/04/18
IBE8600;MAD;LEI;BOMBARDIER CRJ-1000;Nubes altas;15/04/18
IBE8931;SVQ;LEI;CANADAIR CRJ-200;Nubes altas;16/04/18
IBE8594;MAD;LEI;BOMBARDIER CRJ-1000;Nubes altas;16/04/18
VLG2216;BCN;SVQ;32A;Despejado;15/04/18
RYR6396;BCN;SVQ;BOEING 737-800 WINGLETS;Despejado;15/04/18
VLG2224;BCN;SVQ;AIRBUS A320;Despejado;15/04/18
VLG2252;BCN;SVQ;AIRBUS A320;Despejado;15/04/18
VLG3257;TFN;SVQ;AIRBUS A320;Despejado;15/04/18
IBS3950;MAD;SVQ;32A;Nubes altas;15/04/18
EVE1606;ZAZ;SVQ;32A;Nubes altas;15/04/18
RYR3042;SCQ;SVQ;BOEING 737-800 WINGLETS;Lluvia;15/04/18
VLG2510;BIO;SVQ;AIRBUS A320;Nubosidad variable;15/04/18
VOE3528;BIO;SVQ;BOEING 717;Nubosidad variable;15/04/18
VLG1298;LCG;SVQ;32A;Lluvia;15/04/18
VLG3965;VLC;SVQ;AIRBUS A320;Despejado;15/04/18
RYR8137;IBZ;BCN;BOEING 737-800 WINGLETS;Nubes altas;15/04/18
VLG3903;PMI;BCN;32B;Nubes altas;15/04/18
VLG2487;EAS;BCN;AIRBUS A319;Nubes altas;15/04/18
VLG2020;BCN;GRX;32A;Despejado;15/04/18
AEA5201;PMI;GRX;EMBRAER ERJ-195;Nubes altas;15/04/18
VLG3933;PMI;GRX;AIRBUS A320;Nubes altas;15/04/18
IBE8646;MAD;GRX;BOMBARDIER CRJ-1000;Nubes altas;15/04/18
IBE8642;MAD;GRX;BOMBARDIER CRJ-1000;Nubes altas;15/04/18
VLG2014;BCN;GRX;AIRBUS A320;Despejado;15/04/18
VLG2016;BCN;GRX;32B;Despejado;15/04/18
IBE8648;MAD;GRX;BOMBARDIER CRJ-1000;Nubes altas;15/04/18
VLG2010;BCN;GRX;AIRBUS A321;Despejado;16/04/18
IBE8640;MAD;GRX;BOMBARDIER CRJ-1000;Nubes altas;16/04/18
RYR7223;SCQ;VLC;BOEING 737-800 WINGLETS;Lluvia;15/04/18
IBE8841;SVQ;VLC;ATR-72;Nubes altas;15/04/18
AEA4005;PMI;VLC;ATR-72;Nubes altas;15/04/18
IBB102;TFN;LPA;BOMBARDIER CRJ-1000;Despejado;15/04/18
VLG3133;LCG;LPA;32A;Lluvia;15/04/18
IBB203;FUE;LPA;ATR-42/72;Nubes altas;15/04/18
AEA9432;FUE;LPA;ATR-72;Nubes altas;15/04/18
AEA9156;MAD;LPA;BOEING 737-800 WINGLETS;Nubes altas;15/04/18
IBB501;ACE;LPA;BOMBARDIER CRJ-1000;Nubes altas;15/04/18
CNF704;ACE;LPA;ATR-72;Nubes altas;15/04/18
IBB108;TFN;LPA;ATR-72;Despejado;15/04/18
IBE2202;TFN;LPA;ATR-72;Despejado;17/04/18
IBB304;SPC;LPA;ATR-72;Cubierto de nubes altas y medias;15/04/18
CNF804;FUE;LPA;ATR-42/72;Nubes altas;15/04/18
IBB120;TFN;LPA;BOMBARDIER CRJ-1000;Despejado;15/04/18
AEA4004;VLC;PMI;ATR-72;Despejado;15/04/18
AEA4025;ALC;PMI;ATR-72;Despejado;15/04/18
ANE8483;MAH;PMI;BOMBARDIER CRJ-1000;Despejado;17/04/18
RYR2051;MAD;PMI;BOEING 737-800 WINGLETS;Nubes altas;15/04/18
ANE8105;IBZ;PMI;CANADAIR CRJ-900;Despejado;17/04/18
VLG3924;BCN;PMI;AIRBUS A320;Despejado;15/04/18
IBB107;LPA;TFN;ATR-72;Cubierto de nubes altas y medias;15/04/18
VLG3247;SCQ;TFN;AIRBUS A320;Lluvia;15/04/18
RYR3063;BCN;TFN;BOEING 737-800 WINGLETS;Despejado;15/04/18
AEA9059;MAD;TFN;AIRBUS A330-200;Nubes altas;15/04/18
IBB606;SPC;TFN;ATR-42/72;Cubierto de nubes altas y medias;15/04/18
RYR5278;MAD;TFN;BOEING 737-800 WINGLETS;Nubes altas;15/04/18
IBB415;FUE;TFN;ATR-42/72;Nubes altas;15/04/18
IBB453;ACE;TFN;ATR-42/72;Nubes altas;15/04/18
CNF413;SPC;TFN;ATR-42/72;Cubierto de nubes altas y medias;15/04/18
IBB608;SPC;TFN;ATR-42/72;Cubierto de nubes altas y medias;15/04/18
IBB656;VDE;TFN;ATR-72;Nubes altas;15/04/18
AEA9462;SPC;TFN;ATR-72;Cubierto de nubes altas y medias;15/04/18
IBB109;LPA;TFN;ATR-72;Cubierto de nubes altas y medias;15/04/18
IBS3942;MAD;TFN;32A;Nubes altas;15/04/18
IBB650;GMZ;TFN;ATR-42/72;Nubes altas;15/04/18
CNF419;SPC;TFN;ATR-42/72;Cubierto de nubes altas y medias;15/04/18
IBB610;SPC;TFN;ATR-42/72;Cubierto de nubes altas y medias;15/04/18
IBB6810;LPA;TFN;BOMBARDIER CRJ-1000;Cubierto de nubes altas y medias;15/04/18
AEA9401;LPA;TFN;ATR-72;Cubierto de nubes altas y medias;15/04/18
VLG3276;AGP;TFN;AIRBUS A320;Despejado;15/04/18
VLG3146;AGP;FUE;AIRBUS A320;Despejado;15/04/18
OLY726;TFS;FUE;AIRBUS A321;Despejado;15/04/18
IBB210;LPA;FUE;ATR-72;Cubierto de nubes altas y medias;15/04/18
IBB422;TFN;FUE;ATR-42/72;Despejado;15/04/18
CNF809;LPA;FUE;ATR-72;Cubierto de nubes altas y medias;15/04/18
LLX5072;LPA;FUE;AIRBUS A321;Cubierto de nubes altas y medias;15/04/18
RYR5468;MAD;FUE;BOEING 737-800 WINGLETS;Nubes altas;15/04/18
VLG3014;BCN;FUE;BOEING 737-800 WINGLETS;Despejado;15/04/18
VLG2455;IBZ;AGP;AIRBUS A320;Nubes altas;15/04/18
VLG2609;BIO;AGP;AIRBUS A320;Nubosidad variable;15/04/18
CNF412;TFN;SPC;ATR-42/72;Despejado;15/04/18
IBB607;TFN;SPC;ATR-42/72;Despejado;15/04/18
AEA9461;TFN;SPC;ATR-72;Despejado;15/04/18
CNF418;TFN;SPC;ATR-42/72;Despejado;15/04/18
IBB615;TFN;SPC;ATR-42/72;Despejado;15/04/18
AEA9463;TFN;SPC;ATR-72;Despejado;15/04/18
IBB619;TFN;SPC;ATR-42/72;Despejado;15/04/18
IBB621;TFN;SPC;ATR-42/72;Despejado;15/04/18
IBS3842;MAD;SPC;AIRBUS A320;Nubes altas;15/04/18
IBB629;TFN;SPC;ATR-42/72;Despejado;15/04/18
CNF452;TFN;SPC;ATR-72;Despejado;15/04/18
IBB311;LPA;SPC;BOMBARDIER CRJ-1000;Cubierto de nubes altas y medias;15/04/18
IBB631;TFN;SPC;ATR-42/72;Despejado;15/04/18
AEA9465;TFN;SPC;ATR-72;Despejado;15/04/18
IBB633;TFN;SPC;ATR-42/72;Despejado;15/04/18
IBB623;TFN;SPC;ATR-42/72;Despejado;15/04/18
IBB315;LPA;SPC;ATR-72;Cubierto de nubes altas y medias;15/04/18
AEA9479;TFN;SPC;ATR-72;Despejado;15/04/18
IBB637;TFN;SPC;ATR-42/72;Despejado;15/04/18
IBB625;TFN;SPC;ATR-42/72;Despejado;15/04/18
RYR5538;VIT;BGY;BOEING 737-800 WINGLETS;Chubascos dispersos;15/04/18
DLH1119;PNA;FRA;AIRBUS A319;Nubosidad variable;15/04/18
IBE8525;PNA;MAD;CANADAIR CRJ-900;Nubosidad variable;15/04/18
IBE8531;PNA;MAD;BOMBARDIER CRJ-1000;Nubosidad variable;15/04/18
IBE8529;PNA;MAD;BOMBARDIER CRJ-1000;Nubosidad variable;16/04/18
IBE8533;PNA;MAD;BOMBARDIER CRJ-1000;Nubosidad variable;16/04/18
RYR1115;REU;DUB;BOEING 737-800 WINGLETS;Nubes altas;15/04/18
RYR9825;REU;LPL;BOEING 737-800 WINGLETS;Nubes altas;15/04/18
RYR9827;REU;HHN;BOEING 737-800 WINGLETS;Nubes altas;15/04/18
RYR8088;REU;BHX;BOEING 737-800 WINGLETS;Nubes altas;15/04/18
RYR2212;REU;EIN;BOEING 737-800 WINGLETS;Nubes altas;15/04/18
RYR1115;REU;DUB;BOEING 737-800 WINGLETS;Nubes altas;16/04/18
IBB662;VDE;TFN;ATR-72;Nubes altas;15/04/18
IBB668;VDE;TFN;ATR-72;Nubes altas;15/04/18
IBB366;VDE;LPA;ATR-72;Nubes altas;15/04/18
CNF248;VDE;TFN;ATR-72;Nubes altas;15/04/18
IBB674;VDE;TFN;ATR-72;Nubes altas;15/04/18
IBB656;VDE;TFN;ATR-72;Nubes altas;16/04/18
IBB662;VDE;TFN;ATR-72;Nubes altas;16/04/18
HTY227;JCU;AGP;AWH;Nubes altas;15/04/18
HTY117;JCU;AEI;AWH;Nubes altas;15/04/18
HTY139;JCU;AEI;AWH;Nubes altas;15/04/18
HTY259;JCU;AGP;AWH;Nubes altas;15/04/18
HTY101;JCU;AEI;AWH;Nubes altas;16/04/18
HTY221;JCU;AGP;AWH;Nubes altas;16/04/18
HTY133;JCU;AEI;AWH;Nubes altas;16/04/18
IBE8791;MLN;MAD;ATR-72;Despejado;15/04/18
IBE8263;MLN;AGP;ATR-72;Despejado;15/04/18
IBE8793;MLN;MAD;ATR-72;Despejado;15/04/18
IBE8269;MLN;AGP;ATR-72;Despejado;15/04/18
IBE8271;MLN;AGP;ATR-72;Despejado;15/04/18
AEA5004;MLN;AGP;ATR-72;Despejado;15/04/18
IBE8277;MLN;AGP;ATR-72;Despejado;15/04/18
IBE8261;MLN;AGP;ATR-72;Despejado;16/04/18
IBE8789;MLN;MAD;ATR-72;Despejado;16/04/18
AEA5002;MLN;AGP;ATR-72;Despejado;16/04/18
IBE8263;MLN;AGP;ATR-72;Despejado;16/04/18
IBB659;TFN;VDE;ATR-72;Despejado;15/04/18
IBB663;TFN;VDE;ATR-72;Despejado;15/04/18
IBB365;LPA;VDE;ATR-72;Abertura de claros;15/04/18
CNF247;TFN;VDE;ATR-42/72;Despejado;15/04/18
IBB673;TFN;VDE;ATR-72;Despejado;15/04/18
IBS2237;TFN;VDE;ATR-72;Despejado;17/04/18
IBB655;TFN;VDE;ATR-72;Despejado;16/04/18
IBB659;TFN;VDE;ATR-72;Despejado;16/04/18
IBE8595;LEI;MAD;BOMBARDIER CRJ-1000;Despejado;15/04/18
AEA2634;LEI;ZAZ;BOEING 737-800 WINGLETS;Despejado;15/04/18
IBE8213;LEI;PMI;CANADAIR CRJ-200;Despejado;15/04/18
VLG1252;LEI;BCN;AIRBUS A320;Despejado;15/04/18
IBE8577;LEI;MAD;CANADAIR CRJ-900;Despejado;15/04/18
AEA2888;LEI;BCN;BOEING 737-800 WINGLETS;Despejado;15/04/18
IBE8589;LEI;MAD;CANADAIR CRJ-200;Despejado;15/04/18
IBE8601;LEI;MAD;BOMBARDIER CRJ-1000;Despejado;15/04/18
AEA2648;LEI;BCN;BOEING 737-800 WINGLETS;Despejado;15/04/18
IBE8932;LEI;SVQ;CANADAIR CRJ-200;Despejado;15/04/18
IBE8930;LEI;SVQ;CANADAIR CRJ-200;Despejado;16/04/18
IBE8603;LEI;MAD;BOMBARDIER CRJ-1000;Despejado;16/04/18
RYR1259;LEI;CRL;BOEING 737-800 WINGLETS;Despejado;16/04/18
IBE8589;LEI;MAD;CANADAIR CRJ-200;Despejado;16/04/18
EZY8164;LEI;LGW;AIRBUS A320;Despejado;16/04/18
IBE8595;LEI;MAD;BOMBARDIER CRJ-1000;Despejado;16/04/18
RYR8352;LEI;STN;BOEING 737-800 WINGLETS;Despejado;16/04/18
VLG1252;LEI;BCN;AIRBUS A320;Despejado;16/04/18
ACA837;MAD;YYZ;BOEING 787-9;Abertura de claros;15/04/18
AEA1153;MAD;LIS;EMBRAER ERJ-195;Abertura de claros;15/04/18
RYR7257;MAD;DUB;BOEING 737-800 WINGLETS;Abertura de claros;15/04/18
RYR5991;MAD;STN;BOEING 737-800 WINGLETS;Abertura de claros;15/04/18
AEA7302;MAD;VGO;EMBRAER ERJ-195;Abertura de claros;15/04/18
RYR3186;MAD;MAN;BOEING 737-800 WINGLETS;Abertura de claros;15/04/18
AEA7157;MAD;BIO;EMBRAER ERJ-195;Abertura de claros;15/04/18
MAC392;MAD;TNG;AIRBUS A320;Abertura de claros;15/04/18
VLG8202;MAD;CDG;AIRBUS A320;Abertura de claros;15/04/18
RYR6410;MAD;SOF;BOEING 737-800 WINGLETS;Abertura de claros;15/04/18
AAL095;MAD;JFK;BOEING 767-300 WINGLETS;Abertura de claros;15/04/18
BAW457;MAD;LHR;BOEING 767-300;Abertura de claros;15/04/18
IBE8313;BJZ;BCN;BOMBARDIER CRJ-1000;Lluvia;15/04/18
IBE8312;BCN;BJZ;BOMBARDIER CRJ-1000;Despejado;17/04/18
IBE8524;MAD;PNA;CANADAIR CRJ-900;Abertura de claros;15/04/18
IBE8532;MAD;PNA;BOMBARDIER CRJ-1000;Abertura de claros;15/04/18
IBE8526;MAD;PNA;BOMBARDIER CRJ-1000;Abertura de claros;15/04/18
IBE8530;MAD;PNA;BOMBARDIER CRJ-1000;Abertura de claros;16/04/18
VLG3434;IBZ;MAD;AIRBUS A320;Despejado;15/04/18
AEA7311;VGO;MAD;EMBRAER ERJ-195;Lluvia débil;15/04/18
IBE0479;OVD;MAD;32A;Lluvia;15/04/18
IBS3927;TFS;MAD;32A;Despejado;15/04/18
HTY118;AEI;JCU;AWH;Despejado;15/04/18
HTY140;AEI;JCU;AWH;Despejado;15/04/18
HTY102;AEI;JCU;AWH;Despejado;16/04/18
HTY134;AEI;JCU;AWH;Despejado;16/04/18
IBB650;GMZ;TFN;ATR-42/72;Abertura de claros;15/04/18
IBB652;GMZ;TFN;ATR-42/72;Abertura de claros;15/04/18
IBB650;GMZ;TFN;ATR-72;Abertura de claros;16/04/18
IBS9530;VLL;PMI;AIRBUS A320;Chubascos dispersos;15/04/18
RYR2200;VLL;SVQ;BOEING 737-800 WINGLETS;Chubascos dispersos;15/04/18
EVE1128;VLL;SVQ;32A;Chubascos dispersos;15/04/18
RYR6321;VLL;BCN;BOEING 737-800 WINGLETS;Chubascos dispersos;15/04/18
VLG1585;VLL;BCN;32A;Chubascos dispersos;15/04/18
EVE7151;VLL;ACE;AIRBUS A320;Chubascos dispersos;16/04/18
VLG1585;BCN;VLL;32A;Nubes altas;15/04/18
HTY117;JCU;AEI;AWH;Nubes altas;15/04/18
HTY139;JCU;AEI;AWH;Nubes altas;15/04/18
HTY101;JCU;AEI;AWH;Nubes altas;16/04/18
HTY133;JCU;AEI;AWH;Nubes altas;16/04/18
IBE8319;EAS;MAD;ATR-72;Chubascos dispersos;15/04/18
IBE8329;EAS;MAD;ATR-72;Chubascos dispersos;15/04/18
IBE8315;EAS;MAD;ATR-72;Chubascos dispersos;15/04/18
VLG2489;EAS;BCN;AIRBUS A319;Chubascos dispersos;15/04/18
IBE8323;EAS;MAD;ATR-72;Chubascos dispersos;15/04/18
IBE8317;EAS;MAD;ATR-72;Chubascos dispersos;16/04/18
VLG2487;EAS;BCN;AIRBUS A319;Chubascos dispersos;16/04/18
IBE8327;EAS;MAD;ATR-72;Chubascos dispersos;16/04/18
HTY228;AGP;JCU;AWH;Despejado;15/04/18
HTY118;AEI;JCU;AWH;Despejado;15/04/18
HTY140;AEI;JCU;AWH;Despejado;15/04/18
HTY260;AGP;JCU;AWH;Despejado;17/04/18
HTY102;AEI;JCU;AWH;Despejado;16/04/18
HTY222;AGP;JCU;AWH;Despejado;16/04/18
HTY134;AEI;JCU;AWH;Despejado;16/04/18
RYR7617;SDR;EDI;BOEING 737-800 WINGLETS;Chubascos dispersos;15/04/18
RYR6385;SDR;BCN;BOEING 737-800 WINGLETS;Chubascos dispersos;15/04/18
IBE0555;SDR;MAD;AIRBUS A319;Chubascos dispersos;15/04/18
RYR9156;SDR;CIA;BOEING 737-800 WINGLETS;Chubascos dispersos;15/04/18
RYR7153;SDR;DUB;BOEING 737-800 WINGLETS;Chubascos dispersos;15/04/18
IBE0557;SDR;MAD;AIRBUS A319;Chubascos dispersos;15/04/18
VLG1591;SDR;BCN;AIRBUS A320;Chubascos dispersos;15/04/18
RYR6058;SDR;CRL;BOEING 737-800 WINGLETS;Chubascos dispersos;15/04/18
RYR7366;SDR;NRN;BOEING 737-800 WINGLETS;Chubascos dispersos;15/04/18
RYR2613;SDR;STN;BOEING 737-800 WINGLETS;Chubascos dispersos;15/04/18
IBE8861;SDR;MAD;CANADAIR CRJ-900;Chubascos dispersos;16/04/18
IBE0553;SDR;MAD;AIRBUS A319;Chubascos dispersos;16/04/18
VLG1593;SDR;BCN;AIRBUS A320;Chubascos dispersos;16/04/18
RYR1779;SDR;BUD;BOEING 737-800 WINGLETS;Chubascos dispersos;16/04/18
VLG3281;ACE;BIO;AIRBUS A320;Despejado;15/04/18
TRA5686;ACE;AMS;BOEING 737-800 WINGLETS;Despejado;15/04/18
RYR1587;ACE;FRA;BOEING 737-800 WINGLETS;Despejado;15/04/18
BEL3788;ACE;BRU;AIRBUS A320;Despejado;15/04/18
LGL742;ACE;LUX;BOEING 737-800 WINGLETS;Despejado;15/04/18
AEA9076;ACE;MAD;BOEING 737-800 WINGLETS;Despejado;15/04/18
TUI2843;ACE;MUC;BOEING 737-800 WINGLETS;Despejado;15/04/18
RYR4896;ACE;BLQ;BOEING 737-800 WINGLETS;Despejado;15/04/18
AEA9448;ACE;LPA;ATR-72;Despejado;15/04/18
TUI2293;ACE;DUS;BOEING 737-800 WINGLETS;Despejado;15/04/18
IBB505;ACE;LPA;BOMBARDIER CRJ-1000;Despejado;15/04/18
TUI2189;ACE;HAJ;BOEING 737-800 WINGLETS;Despejado;15/04/18
TOM6739;ACE;EXT;BOEING 737-800 WINGLETS;Despejado;15/04/18
EZY8682;ACE;LGW;32A;Despejado;15/04/18
RYR3512;ACE;LTN;BOEING 737-800 WINGLETS;Despejado;15/04/18
RYR7125;ACE;DUB;BOEING 737-800 WINGLETS;Despejado;15/04/18
TOM1769;ACE;GLA;BOEING 757-200  WINGLETS;Despejado;15/04/18
RYR2132;ACE;MAN;BOEING 737-800 WINGLETS;Despejado;15/04/18
TOM7763;ACE;BHX;BOEING 757-200  WINGLETS;Despejado;15/04/18
RYR5858;ACE;EIN;BOEING 737-800 WINGLETS;Despejado;15/04/18
RYR242;VGO;DUB;BOEING 737-800 WINGLETS;Lluvia débil;15/04/18
RYR7132;VGO;BGY;BOEING 737-800 WINGLETS;Lluvia débil;15/04/18
AEA7315;VGO;MAD;EMBRAER ERJ-195;Lluvia débil;15/04/18
IBE0533;VGO;MAD;AIRBUS A319;Lluvia débil;15/04/18
LAV5464;VGO;TFN;BOEING 737-400;Lluvia débil;15/04/18
TAP1141;VGO;LIS;ATR-72;Lluvia débil;15/04/18
AEA7317;VGO;MAD;EMBRAER ERJ-195;Lluvia débil;15/04/18
IBE0535;VGO;MAD;AIRBUS A319;Lluvia débil;15/04/18
RYR246;VGO;BCN;BOEING 737-800 WINGLETS;Lluvia débil;15/04/18
AEA7319;VGO;MAD;EMBRAER ERJ-195;Lluvia débil;15/04/18
IBE0539;VGO;MAD;AIRBUS A319;Lluvia débil;15/04/18
VLG1705;VGO;BCN;AIRBUS A320;Lluvia débil;15/04/18
IBB651;TFN;GMZ;ATR-42/72;Despejado;15/04/18
IBB653;TFN;GMZ;ATR-42/72;Despejado;15/04/18
IBE2244;TFN;GMZ;ATR-42/72;Despejado;17/04/18
IBB651;TFN;GMZ;ATR-72;Despejado;16/04/18
EVE1606;ZAZ;SVQ;32A;Nubes altas;15/04/18
AEA2633;ZAZ;LEI;BOEING 737-800 WINGLETS;Nubes altas;15/04/18
RYR2635;ZAZ;STN;BOEING 737-800 WINGLETS;Nubes altas;15/04/18
RYR4634;ZAZ;BGY;BOEING 737-800 WINGLETS;Nubes altas;16/04/18
RYR1383;ZAZ;CRL;BOEING 737-800 WINGLETS;Nubes altas;16/04/18
RYR8397;XRY;STN;BOEING 737-800 WINGLETS;Nubosidad variable;15/04/18
IBE0411;XRY;MAD;AIRBUS A320;Nubosidad variable;15/04/18
VLG2287;XRY;BCN;AIRBUS A320;Nubosidad variable;15/04/18
RYR1284;XRY;BCN;BOEING 737-800 WINGLETS;Nubosidad variable;15/04/18
IBE0405;XRY;MAD;AIRBUS A319;Nubosidad variable;15/04/18
IBE0407;XRY;MAD;AIRBUS A319;Nubosidad variable;16/04/18
TUI2249;XRY;MUC;7S8;Nubosidad variable;16/04/18
IBE8511;XRY;MAD;CANADAIR CRJ-900;Nubosidad variable;16/04/18
TUI2273;XRY;FRA;7S8;Nubosidad variable;16/04/18
DE1557;XRY;DUS;32B;Nubosidad variable;16/04/18
TUI2253;XRY;DUS;7S8;Nubosidad variable;16/04/18
RYR8397;XRY;STN;BOEING 737-800 WINGLETS;Nubosidad variable;16/04/18
IBS9528;PMI;VLL;AIRBUS A320;Despejado;15/04/18
RYR2199;SVQ;VLL;BOEING 737-800 WINGLETS;Nubosidad variable;15/04/18
EVE1127;SVQ;VLL;32A;Nubosidad variable;15/04/18
RYR6320;BCN;VLL;BOEING 737-800 WINGLETS;Nubes altas;15/04/18
VLG1584;BCN;VLL;AIRBUS A320;Nubes altas;15/04/18
VLG1584;BCN;VLL;AIRBUS A320;Nubes altas;16/04/18
IBE8792;MAD;MLN;ATR-72;Abertura de claros;15/04/18
IBE8790;MAD;MLN;ATR-72;Abertura de claros;15/04/18
IBE8264;AGP;MLN;ATR-72;Despejado;15/04/18
IBE8270;AGP;MLN;ATR-72;Despejado;15/04/18
AEA5005;AGP;MLN;ATR-72;Despejado;15/04/18
IBE8798;MAD;MLN;ATR-72;Abertura de claros;15/04/18
IBE8274;AGP;MLN;ATR-72;Despejado;15/04/18
IBE8260;AGP;MLN;ATR-72;Despejado;16/04/18
AEA5001;AGP;MLN;ATR-72;Despejado;16/04/18
IBE8262;AGP;MLN;ATR-72;Despejado;16/04/18
VLG1452;BIO;MXP;32A;Lluvia débil;15/04/18
VLG3944;PMI;BIO;AIRBUS A320;Despejado;14/04/18
IBE8692;BIO;PMI;BOMBARDIER CRJ-1000;Lluvia débil;15/04/18
LZF441;BIO;LCG;ATR 42-300/320;Lluvia débil;15/04/18
EZY6976;BIO;EDI;AIRBUS A319;Lluvia débil;15/04/18
DLH1825;BIO;MUC;AIRBUS A320;Lluvia débil;15/04/18
VLG8354;BIO;AMS;32A;Lluvia débil;15/04/18
KLM1686;BIO;AMS;BOEING 737-700 WINGLETS;Lluvia débil;15/04/18
BAW467;BIO;LHR;AIRBUS A320;Lluvia débil;15/04/18
AEA7028;BIO;ACE;BOEING 737-800 WINGLETS;Lluvia débil;15/04/18
AEA7158;BIO;MAD;EMBRAER ERJ-195;Lluvia débil;15/04/18
VLG1450;BIO;ALC;AIRBUS A320;Lluvia débil;15/04/18
EWG9519;BIO;DUS;32A;Lluvia débil;15/04/18
IBE0447;BIO;MAD;AIRBUS A320;Lluvia débil;15/04/18
VLG2510;BIO;SVQ;AIRBUS A320;Lluvia débil;15/04/18
VLG1251;BCN;LEI;AIRBUS A320;Nubes altas;15/04/18
IBE8598;MAD;LEI;CANADAIR CRJ-900;Abertura de claros;15/04/18
AEA2633;ZAZ;LEI;BOEING 737-800 WINGLETS;Nubes altas;15/04/18
IBE8212;PMI;LEI;CANADAIR CRJ-200;Despejado;17/04/18
IBE8592;MAD;LEI;BOMBARDIER CRJ-1000;Abertura de claros;15/04/18
AEA2647;BCN;LEI;BOEING 737-800 WINGLETS;Nubes altas;15/04/18
IBE8588;MAD;LEI;CANADAIR CRJ-200;Abertura de claros;15/04/18
IBE8933;SVQ;LEI;CANADAIR CRJ-200;Nubes altas;15/04/18
IBE8600;MAD;LEI;BOMBARDIER CRJ-1000;Abertura de claros;15/04/18
IBE8931;SVQ;LEI;CANADAIR CRJ-200;Nubosidad variable;16/04/18
IBE8594;MAD;LEI;BOMBARDIER CRJ-1000;Abertura de claros;16/04/18
DLH1867;SCQ;MUC;AIRBUS A319;Lluvia débil;15/04/18
RYR3042;SCQ;SVQ;BOEING 737-800 WINGLETS;Lluvia débil;15/04/18
RYR8379;SCQ;STN;BOEING 737-800 WINGLETS;Lluvia débil;15/04/18
VLG1677;SCQ;BCN;AIRBUS A320;Lluvia débil;15/04/18
VLG2654;SCQ;AGP;AIRBUS A320;Lluvia débil;15/04/18
RYR8539;SCQ;ALC;BOEING 737-800 WINGLETS;Lluvia débil;15/04/18
IBS3879;SCQ;MAD;32A;Lluvia débil;15/04/18
RYR724;SCQ;PMI;BOEING 737-800 WINGLETS;Lluvia débil;15/04/18
VLG8222;SCQ;CDG;AIRBUS A320;Lluvia débil;15/04/18
AEA2630;SCQ;BCN;BOEING 737-800 WINGLETS;Lluvia débil;15/04/18
VLG1673;SCQ;BCN;32A;Lluvia débil;15/04/18
RYR2002;SCQ;ACE;BOEING 737-800 WINGLETS;Lluvia débil;15/04/18
VLG3981;SCQ;PMI;AIRBUS A320;Lluvia débil;15/04/18
IBE8359;SCQ;BIO;CANADAIR CRJ-200;Lluvia débil;15/04/18
RYR7004;SCQ;LPA;BOEING 737-800 WINGLETS;Lluvia débil;15/04/18
RYR5318;SCQ;MAD;BOEING 737-800 WINGLETS;Lluvia débil;15/04/18
RYR6380;SCQ;BCN;BOEING 737-800 WINGLETS;Lluvia débil;15/04/18
IBS3895;SCQ;MAD;AIRBUS A320;Lluvia débil;16/04/18
EZY6014;MJV;BRS;AIRBUS A320;Nubes altas;15/04/18
RYR1925;MJV;EMA;BOEING 737-800 WINGLETS;Nubes altas;15/04/18
RYR4253;MJV;FRA;BOEING 737-800 WINGLETS;Nubes altas;15/04/18
EZY8552;MJV;LGW;AIRBUS A319;Nubes altas;15/04/18
RYR1940;MJV;EIN;BOEING 737-800 WINGLETS;Nubes altas;15/04/18
RYR4117;MJV;MAN;BOEING 737-800 WINGLETS;Nubes altas;15/04/18
EXS864;MJV;MAN;BOEING 737-800 WINGLETS;Nubes altas;15/04/18
RYR8027;MJV;STN;BOEING 737-800 WINGLETS;Nubes altas;15/04/18
RYR3453;MJV;LTN;BOEING 737-800 WINGLETS;Nubes altas;15/04/18
RYR7095;MJV;DUB;BOEING 737-800 WINGLETS;Nubes altas;15/04/18
RYR5947;MJV;BOH;BOEING 737-800 WINGLETS;Nubes altas;16/04/18
EZY6014;MJV;BRS;AIRBUS A320;Nubes altas;16/04/18
RYR1925;MJV;EMA;BOEING 737-800 WINGLETS;Nubes altas;16/04/18
RYR8025;MJV;STN;BOEING 737-800 WINGLETS;Nubes altas;16/04/18
EXS208;MJV;LBA;BOEING 737-300 WINGLETS;Nubes altas;16/04/18
TAP1085;LCG;LIS;ATR-42/72;Lluvia débil;15/04/18
VLG1293;LCG;BCN;32A;Lluvia débil;15/04/18
AEA7234;LCG;MAD;EMBRAER ERJ-195;Lluvia débil;15/04/18
VLG1298;LCG;SVQ;32A;Lluvia débil;15/04/18
AEA7236;LCG;MAD;EMBRAER ERJ-195;Lluvia débil;15/04/18
IBE0523;LCG;MAD;AIRBUS A320;Lluvia débil;15/04/18
VLG7104;LCG;LHR;AIRBUS A320;Lluvia débil;15/04/18
AEA7238;LCG;MAD;EMBRAER ERJ-195;Lluvia débil;15/04/18
IBE0521;LCG;MAD;AIRBUS A320;Lluvia débil;15/04/18
VLG1291;LCG;BCN;AIRBUS A320;Lluvia débil;15/04/18
VLG1374;ALC;AMS;32A;Nubes altas;15/04/18
EZY2224;ALC;LTN;32A;Nubes altas;15/04/18
VLG1451;ALC;BIO;AIRBUS A320;Nubes altas;15/04/18
VLG1241;ALC;CWL;32A;Nubes altas;15/04/18
RYR1426;ALC;GDN;BOEING 737-800 WINGLETS;Nubes altas;15/04/18
RYR9084;ALC;EMA;BOEING 737-800 WINGLETS;Nubes altas;15/04/18
TCX1855;ALC;MAN;32B;Nubes altas;15/04/18
TRA5054;ALC;RTM;BOEING 737-700 WINGLETS;Nubes altas;15/04/18
RYR7763;ALC;DUB;BOEING 737-800 WINGLETS;Nubes altas;15/04/18
EZY6072;ALC;BRS;AIRBUS A319;Nubes altas;15/04/18
SAS4676;ALC;OSL;BOEING 737-800;Nubes altas;15/04/18
RYR4006;ALC;MAN;BOEING 737-800 WINGLETS;Nubes altas;15/04/18
EXS642;ALC;EMA;BOEING 737-800 WINGLETS;Nubes altas;15/04/18
RYR7423;ALC;NYO;BOEING 737-800 WINGLETS;Nubes altas;15/04/18
EZY8662;ALC;LGW;AIRBUS A319;Nubes altas;15/04/18
RYR8383;ALC;STN;BOEING 737-800 WINGLETS;Nubes altas;15/04/18
EZY6702;ALC;BFS;AIRBUS A319;Nubes altas;15/04/18
JAF7222;ALC;ANR;EMBRAER 190;Nubes altas;15/04/18
EZY1918;ALC;MAN;AIRBUS A320;Nubes altas;15/04/18
SAS1854;ALC;ARN;32A;Nubes altas;15/04/18
RYR9078;ALC;LBA;BOEING 737-800 WINGLETS;Nubes altas;15/04/18
AEA4042;ALC;MAD;ATR-72;Nubes altas;15/04/18
EVE1605;SVQ;ZAZ;32A;Nubosidad variable;15/04/18
AEA2634;LEI;ZAZ;BOEING 737-800 WINGLETS;Despejado;15/04/18
VLG3515;IBZ;BCN;32A;Despejado;15/04/18
EWG2595;IBZ;STR;AIRBUS A319;Despejado;15/04/18
RYR2712;IBZ;BHX;BOEING 737-800 WINGLETS;Despejado;15/04/18
IBE8111;IBZ;PMI;ATR-42/72;Despejado;15/04/18
RYR9254;IBZ;STN;BOEING 737-800 WINGLETS;Despejado;15/04/18
IBE8441;IBZ;VLC;ATR-72;Despejado;15/04/18
RYR6702;IBZ;BLQ;BOEING 737-800 WINGLETS;Despejado;15/04/18
RYR8875;IBZ;PSA;BOEING 737-800 WINGLETS;Despejado;15/04/18
VLG3694;IBZ;VLC;AIRBUS A320;Despejado;15/04/18
RYR6703;IBZ;FCO;BOEING 737-800 WINGLETS;Despejado;15/04/18
IBE8911;IBZ;MAD;BOMBARDIER CRJ-1000;Despejado;15/04/18
VLG3511;IBZ;BCN;AIRBUS A320;Despejado;15/04/18
IBE8115;IBZ;PMI;BOMBARDIER CRJ-1000;Despejado;15/04/18
VLG8181;IBZ;ORY;32B;Despejado;15/04/18
RYR2067;IBZ;MAD;BOEING 737-800 WINGLETS;Despejado;15/04/18
AEA6024;IBZ;MAD;EMBRAER ERJ-195;Despejado;15/04/18
RYR2300;VLC;BUD;BOEING 737-800 WINGLETS;Despejado;15/04/18
EZY2004;VLC;LTN;AIRBUS A319;Despejado;15/04/18
RYR8322;VLC;STN;BOEING 737-800 WINGLETS;Despejado;15/04/18
VLG6244;VLC;FCO;AIRBUS A320;Despejado;15/04/18
RYR1823;VLC;EIN;BOEING 737-800 WINGLETS;Despejado;15/04/18
AEA1007;VLC;CDG;BOEING 737-800 WINGLETS;Despejado;15/04/18
TAP1097;VLC;LIS;ATR-42/72;Despejado;15/04/18
AEA4064;VLC;MAD;ATR-72;Despejado;15/04/18
VLG3695;VLC;IBZ;AIRBUS A320;Despejado;15/04/18
DLH1831;VLC;MUC;32A;Despejado;15/04/18
DLH1161;VLC;FRA;AIRBUS A321;Despejado;15/04/18
EZY8222;VLC;LGW;AIRBUS A319;Despejado;15/04/18
RYR6422;VLC;BLQ;BOEING 737-800 WINGLETS;Despejado;15/04/18
RYR7216;VLC;IBZ;BOEING 737-800 WINGLETS;Despejado;15/04/18
IBE8981;VLC;MAD;BOMBARDIER CRJ-1000;Despejado;15/04/18
AVA6176;VLC;MAD;BOMBARDIER CRJ-1000;Despejado;15/04/18
VLG3715;MAH;BCN;AIRBUS A320;Despejado;15/04/18
IBE8662;MAH;BIO;BOMBARDIER CRJ-1000;Despejado;15/04/18
AEA4532;MAH;PMI;ATR-72;Despejado;15/04/18
IBE8957;MAH;MAD;BOMBARDIER CRJ-1000;Despejado;15/04/18
QTR6563;MAH;MAD;BOMBARDIER CRJ-1000;Despejado;15/04/18
IBE8499;MAH;PMI;ATR-42/72;Despejado;15/04/18
AEA4530;MAH;PMI;ATR-72;Despejado;15/04/18
IBE8491;MAH;PMI;CANADAIR CRJ-200;Despejado;15/04/18
IBE8493;MAH;PMI;BOMBARDIER CRJ-1000;Despejado;15/04/18
RYR6882;MAH;BCN;BOEING 737-800 WINGLETS;Despejado;15/04/18
IBE8029;MAH;MAD;CANADAIR CRJ-900;Despejado;15/04/18
VLG3709;MAH;BCN;AIRBUS A320;Despejado;15/04/18
VLG3701;MAH;BCN;AIRBUS A320;Despejado;15/04/18
IBE8737;MAH;VLC;ATR-72;Despejado;15/04/18
IBE8487;MAH;PMI;ATR-42/72;Despejado;15/04/18
VLG3719;MAH;BCN;AIRBUS A321;Despejado;15/04/18
IBE8481;MAH;PMI;BOMBARDIER CRJ-1000;Despejado;16/04/18
IBE8951;MAH;MAD;BOMBARDIER CRJ-1000;Despejado;16/04/18
IBE8316;MAD;EAS;ATR-72;Abertura de claros;15/04/18
IBE8322;MAD;EAS;ATR-72;Abertura de claros;15/04/18
IBE8318;MAD;EAS;ATR-72;Abertura de claros;15/04/18
VLG2488;BCN;EAS;AIRBUS A319;Nubes altas;15/04/18
IBE8326;MAD;EAS;ATR-72;Abertura de claros;15/04/18
IBE8324;MAD;EAS;ATR-72;Abertura de claros;15/04/18
VLG2486;BCN;EAS;AIRBUS A319;Nubes altas;16/04/18
VLG2251;SVQ;BCN;32A;Nubosidad variable;15/04/18
TAP1107;SVQ;LIS;ATR-42/72;Nubosidad variable;15/04/18
EVE1605;SVQ;ZAZ;32A;Nubosidad variable;15/04/18
EZY8176;SVQ;LGW;AIRBUS A319;Nubosidad variable;15/04/18
RYR3041;SVQ;SCQ;BOEING 737-800 WINGLETS;Nubosidad variable;15/04/18
VLG2509;SVQ;BIO;AIRBUS A320;Nubosidad variable;15/04/18
VLG3254;SVQ;TFN;AIRBUS A320;Nubosidad variable;15/04/18
VLG3941;SVQ;PMI;AIRBUS A320;Nubosidad variable;15/04/18
DLH1823;SVQ;MUC;AIRBUS A320;Nubosidad variable;15/04/18
IBS3949;SVQ;MAD;32A;Nubosidad variable;15/04/18
DLH1141;SVQ;FRA;AIRBUS A321;Nubosidad variable;15/04/18
RYR9342;SVQ;PSA;BOEING 737-800 WINGLETS;Nubosidad variable;15/04/18
BEL3748;SVQ;BRU;AIRBUS A319;Nubosidad variable;15/04/18
RYR2199;SVQ;VLL;BOEING 737-800 WINGLETS;Nubosidad variable;15/04/18
EZY1726;SVQ;TLS;AIRBUS A319;Nubosidad variable;15/04/18
EVE1127;SVQ;VLL;32A;Nubosidad variable;15/04/18
TAP1105;SVQ;LIS;ATR-42/72;Nubosidad variable;15/04/18
RYR5272;SVQ;PMI;BOEING 737-800 WINGLETS;Nubosidad variable;15/04/18
VLG2221;SVQ;BCN;AIRBUS A320;Nubosidad variable;15/04/18
BEL3734;AGP;BRU;AIRBUS A320;Despejado;15/04/18
EZY3956;AGP;CDG;32A;Despejado;15/04/18
RYR8805;AGP;CGN;BOEING 737-800 WINGLETS;Despejado;15/04/18
EZY2406;AGP;LTN;AIRBUS A319;Despejado;15/04/18
EZY7180;AGP;LPL;AIRBUS A319;Despejado;15/04/18
EZY3112;AGP;STN;AIRBUS A319;Despejado;15/04/18
TOM1735;AGP;GLA;BOEING 757-200  WINGLETS;Despejado;15/04/18
TRA5022;AGP;RTM;BOEING 737-800 WINGLETS;Despejado;15/04/18
IBK515;AGP;HEL;BOEING 737-800 WINGLETS;Despejado;15/04/18
VLG3276;AGP;TFN;AIRBUS A320;Despejado;15/04/18
EZY6756;AGP;BFS;AIRBUS A319;Despejado;15/04/18
EWG9537;AGP;DUS;32A;Despejado;15/04/18
EZY1924;AGP;MAN;32A;Despejado;15/04/18
TOM7777;AGP;BHX;BOEING 757-200  WINGLETS;Despejado;15/04/18
TOM2795;AGP;MAN;BOEING 737-800 WINGLETS;Despejado;15/04/18
EZY7436;AGP;SEN;AIRBUS A319;Despejado;15/04/18
TAP1133;AGP;LIS;ATR-42/72;Despejado;15/04/18
VLG3068;AGP;LPA;AIRBUS A320;Despejado;15/04/18
TOM1733;AGP;NCL;BOEING 737-800 WINGLETS;Despejado;15/04/18
BMS126;AGP;OTP;BOEING 737-800 WINGLETS;Despejado;15/04/18
TOM3735;AGP;DSA;BOEING 737-800 WINGLETS;Despejado;15/04/18
RYR4110;AGP;FRA;BOEING 737-800 WINGLETS;Despejado;15/04/18
AEA7302;MAD;VGO;EMBRAER ERJ-195;Abertura de claros;15/04/18
IBE0532;MAD;VGO;AIRBUS A319;Abertura de claros;15/04/18
LAV5463;TFN;VGO;BOEING 737-400;Despejado;15/04/18
AEA7300;MAD;VGO;EMBRAER ERJ-195;Abertura de claros;15/04/18
IBE0534;MAD;VGO;AIRBUS A320;Abertura de claros;15/04/18
RYR245;BCN;VGO;BOEING 737-800 WINGLETS;Nubes altas;15/04/18
AEA7306;MAD;VGO;EMBRAER ERJ-195;Abertura de claros;15/04/18
EZY3084;OVD;STN;AIRBUS A319;Lluvia;15/04/18
IBE8335;OVD;VLC;CANADAIR CRJ-200;Lluvia;15/04/18
IBE0475;OVD;MAD;AIRBUS A321;Lluvia;15/04/18
IBE8332;OVD;PMI;CANADAIR CRJ-200;Lluvia;15/04/18
VLG3865;OVD;PMI;AIRBUS A320;Lluvia;15/04/18
VOE3925;OVD;AGP;BOEING 717;Lluvia;15/04/18
IBE0487;OVD;MAD;AIRBUS A320;Lluvia;15/04/18
VLG1578;OVD;BCN;AIRBUS A320;Lluvia;15/04/18
VOE3831;OVD;SVQ;BOEING 717;Lluvia;15/04/18
TAP1113;OVD;LIS;ATR-42/72;Lluvia;15/04/18
IBE0481;OVD;MAD;32A;Lluvia;15/04/18
VLG1572;OVD;BCN;32A;Lluvia;16/04/18
IBE0471;OVD;MAD;AIRBUS A321;Lluvia;16/04/18
VOE3582;OVD;VLC;BOEING 717;Lluvia;16/04/18
VLG1574;OVD;BCN;AIRBUS A320;Lluvia;16/04/18
IBE0479;OVD;MAD;AIRBUS A321;Lluvia;16/04/18
VLG8860;OVD;CDG;AIRBUS A320;Lluvia;16/04/18
OLY726;TFS;FUE;AIRBUS A321;Despejado;15/04/18
IBK6450;TFS;ARN;BOEING 737-800 WINGLETS;Despejado;15/04/18
IBK6500;TFS;HAM;BOEING 737-800 WINGLETS;Despejado;15/04/18
OLY745;TFS;ZRH;AIRBUS A321;Despejado;15/04/18
BEL1652;TFS;BRU;AIRBUS A320;Despejado;15/04/18
JAF7866;TFS;CDG;BOEING 737-800 WINGLETS;Despejado;15/04/18
JAF7114;TFS;BRU;BOEING 737-800 WINGLETS;Despejado;15/04/18
EWG253;TFS;CGN;BOEING 737-800 WINGLETS;Despejado;15/04/18
EDW215;TFS;ZRH;AIRBUS A320;Despejado;15/04/18
RYR8179;TFS;CRL;BOEING 737-800 WINGLETS;Despejado;15/04/18
TRA6674;TFS;AMS;BOEING 737-800 WINGLETS;Despejado;15/04/18
BEL3782;TFS;BRU;AIRBUS A320;Despejado;15/04/18
GMI6231;TFS;BRE;AIRBUS A319;Despejado;15/04/18
RYR1034;TFS;CGN;BOEING 737-800 WINGLETS;Despejado;15/04/18
TUI2363;TFS;HAM;BOEING 737-800 WINGLETS;Despejado;15/04/18
IBB152;TFS;LPA;ATR-72;Despejado;15/04/18
IBE2233;TFS;LPA;ATR-72;Despejado;15/04/18
RYR6229;TFS;NRN;BOEING 737-800 WINGLETS;Despejado;15/04/18
RYR8167;TFS;STN;BOEING 737-800 WINGLETS;Despejado;15/04/18
TCX1165;TFS;MAN;AIRBUS A321;Despejado;15/04/18
IBK2411;TFS;LGW;BOEING 737-800 WINGLETS;Despejado;15/04/18
RYR654;TFS;PIK;BOEING 737-800 WINGLETS;Despejado;15/04/18
RYR6384;BCN;SDR;BOEING 737-800 WINGLETS;Nubes altas;15/04/18
IBE0554;MAD;SDR;AIRBUS A319;Abertura de claros;15/04/18
IBE0556;MAD;SDR;AIRBUS A319;Abertura de claros;15/04/18
VLG1590;BCN;SDR;AIRBUS A320;Nubes altas;15/04/18
IBE8878;MAD;SDR;CANADAIR CRJ-900;Abertura de claros;15/04/18
IBE0552;MAD;SDR;AIRBUS A320;Abertura de claros;16/04/18
VLG1592;BCN;SDR;AIRBUS A320;Nubes altas;16/04/18
RYR5522;LPA;MXP;BOEING 737-800 WINGLETS;Abertura de claros;15/04/18
IBB210;LPA;FUE;ATR-72;Abertura de claros;15/04/18
AEA9161;LPA;MAD;BOEING 737-800 WINGLETS;Abertura de claros;15/04/18
IBB109;LPA;TFN;ATR-72;Abertura de claros;15/04/18
IBB123;LPA;TFS;ATR-72;Abertura de claros;15/04/18
EDW201;LPA;ZRH;AIRBUS A320;Abertura de claros;15/04/18
IBB6204;LPA;RAK;ATR-72;Abertura de claros;15/04/18
CNF721;LPA;ACE;ATR-72;Abertura de claros;15/04/18
CNF809;LPA;FUE;ATR-72;Abertura de claros;15/04/18
TUI2169;LPA;STR;7S8;Abertura de claros;15/04/18
LGL708;LPA;LUX;BOEING 737-800 WINGLETS;Abertura de claros;15/04/18
TRA5664;LPA;AMS;BOEING 737-800 WINGLETS;Abertura de claros;15/04/18
IBB912;LPA;FNC;ATR-72;Abertura de claros;15/04/18
LGL326;LPA;LUX;BOEING 737-700 WINGLETS;Abertura de claros;15/04/18
DE1405;LPA;FRA;BOEING 757-300 WINGLETS;Abertura de claros;15/04/18
EWG1805;LPA;MUC;32A;Abertura de claros;15/04/18
CNF419;SPC;TFN;ATR-42/72;Abertura de claros;15/04/18
IBB610;SPC;TFN;ATR-42/72;Abertura de claros;15/04/18
AEA9464;SPC;TFN;ATR-72;Abertura de claros;15/04/18
IBB620;SPC;TFN;ATR-42/72;Abertura de claros;15/04/18
IBB622;SPC;TFN;ATR-42/72;Abertura de claros;15/04/18
IBS3843;SPC;MAD;AIRBUS A320;Abertura de claros;15/04/18
IBB630;SPC;TFN;ATR-42/72;Abertura de claros;15/04/18
CNF453;SPC;TFN;ATR-72;Abertura de claros;15/04/18
IBB312;SPC;LPA;BOMBARDIER CRJ-1000;Abertura de claros;15/04/18
DE1407;SPC;FRA;BOEING 757-300 WINGLETS;Abertura de claros;15/04/18
IBB632;SPC;TFN;ATR-42/72;Abertura de claros;15/04/18
AEA9466;SPC;TFN;ATR-72;Abertura de claros;15/04/18
IBB634;SPC;TFN;ATR-42/72;Abertura de claros;15/04/18
IBB636;SPC;TFN;ATR-42/72;Abertura de claros;15/04/18
AEA9480;SPC;TFN;ATR-72;Abertura de claros;15/04/18
IBB316;SPC;LPA;ATR-42/72;Abertura de claros;15/04/18
TFL666;SPC;TFS;BOEING 767-300 WINGLETS;Abertura de claros;15/04/18
IBB638;SPC;TFN;ATR-42/72;Abertura de claros;15/04/18
IBB626;SPC;TFN;ATR-42/72;Abertura de claros;15/04/18
IBB640;SPC;TFN;ATR-72;Abertura de claros;15/04/18
CNF468;SPC;TFN;ATR-72;Abertura de claros;15/04/18
TOM2707;SPC;MAN;BOEING 737-800 WINGLETS;Abertura de claros;15/04/18
IBK523;PMI;HEL;BOEING 737-800 WINGLETS;Despejado;15/04/18
EZY7142;PMI;LPL;32A;Despejado;15/04/18
EZY7954;PMI;AMS;32A;Despejado;15/04/18
ANE8106;PMI;IBZ;ATR-42/72;Despejado;15/04/18
AEA5201;PMI;GRX;EMBRAER ERJ-195;Despejado;15/04/18
TUI2619;PMI;HAJ;BOEING 737-800 WINGLETS;Despejado;15/04/18
ANE8482;PMI;MAH;BOMBARDIER CRJ-1000;Despejado;15/04/18
EZY8624;PMI;LGW;AIRBUS A319;Despejado;15/04/18
EZY7422;PMI;SEN;AIRBUS A319;Despejado;15/04/18
TCX1465;PMI;MAN;32B;Despejado;15/04/18
EZY2742;PMI;MXP;32A;Despejado;15/04/18
SDR2377;PMI;FRA;AIRBUS A320;Despejado;15/04/18
EZY3214;PMI;STN;AIRBUS A319;Despejado;15/04/18
RYR6032;PMI;EMA;BOEING 737-800 WINGLETS;Despejado;15/04/18
VLG3933;PMI;GRX;AIRBUS A320;Despejado;15/04/18
SAS1806;PMI;ARN;32A;Despejado;15/04/18
AEA4537;PMI;MAH;ATR-72;Despejado;15/04/18
SAS4692;PMI;OSL;BOEING 737-800 WINGLETS;Despejado;15/04/18
EXS258;PMI;LBA;BOEING 737-800 WINGLETS;Despejado;15/04/18
NAX1737;PMI;OSL;BOEING 737-800 WINGLETS;Despejado;15/04/18
EXS718;PMI;EDI;BOEING 737-800 WINGLETS;Despejado;15/04/18
RYR697;PMI;PIK;BOEING 737-800 WINGLETS;Despejado;15/04/18
EWG8591;PMI;TXL;AIRBUS A320;Despejado;15/04/18
VLG3147;FUE;AGP;AIRBUS A320;Despejado;15/04/18
OLY727;FUE;ZRH;AIRBUS A321;Despejado;15/04/18
TVS3427;FUE;RNS;BOEING 737-800 WINGLETS;Despejado;15/04/18
TVS3499;FUE;LYS;BOEING 737-800 WINGLETS;Despejado;15/04/18
EDW213;FUE;ZRH;AIRBUS A320;Despejado;15/04/18
TRA6706;FUE;AMS;BOEING 737-800 WINGLETS;Despejado;15/04/18
RYR8627;FUE;NRN;BOEING 737-800 WINGLETS;Despejado;15/04/18
EWG1813;FUE;MUC;AIRBUS A320;Despejado;15/04/18
LGL734;FUE;LUX;BOEING 737-800 WINGLETS;Despejado;15/04/18
IBB211;FUE;LPA;ATR-42/72;Despejado;15/04/18
RYR8183;FUE;STN;BOEING 737-800 WINGLETS;Despejado;15/04/18
IBB423;FUE;TFN;ATR-42/72;Despejado;15/04/18
LLC6703;FUE;LYS;AIRBUS A320;Despejado;15/04/18
CNF810;FUE;LPA;ATR-72;Despejado;15/04/18
LLX5572;FUE;DUS;AIRBUS A320;Despejado;15/04/18
RYR5469;FUE;MAD;BOEING 737-800 WINGLETS;Despejado;15/04/18
LLX5072;LPA;FUE;AIRBUS A321;Abertura de claros;15/04/18
IBB213;FUE;LPA;ATR-42/72;Despejado;15/04/18
DTR215;FUE;CPH;AIRBUS A320;Despejado;15/04/18
VLG3015;FUE;BCN;BOEING 737-800 WINGLETS;Despejado;15/04/18
EZY2676;GRX;MXP;AIRBUS A319;Despejado;15/04/18
VLG2021;GRX;BCN;32A;Despejado;15/04/18
AEA5200;GRX;PMI;EMBRAER ERJ-195;Despejado;15/04/18
VLG3932;GRX;PMI;AIRBUS A320;Despejado;15/04/18
IBE8645;GRX;MAD;BOMBARDIER CRJ-1000;Despejado;15/04/18
ENT513;GRX;ARN;BOEING 737-800 WINGLETS;Despejado;15/04/18
ENT574;GRX;ARN;BOEING 737-800;Despejado;15/04/18
IBE8649;GRX;MAD;BOMBARDIER CRJ-1000;Despejado;15/04/18
VLG2015;GRX;BCN;AIRBUS A320;Despejado;15/04/18
BAW3290;GRX;LCY;EMBRAER 190;Despejado;15/04/18
VLG2017;GRX;BCN;32B;Despejado;15/04/18
IBE8639;GRX;MAD;BOMBARDIER CRJ-1000;Despejado;16/04/18
VLG2011;GRX;BCN;AIRBUS A320;Despejado;16/04/18
IBE8641;GRX;MAD;BOMBARDIER CRJ-1000;Despejado;16/04/18
EZY1816;GRX;MAN;AIRBUS A320;Despejado;16/04/18
AEA9073;MAD;ACE;BOEING 737-800 WINGLETS;Abertura de claros;15/04/18
AEA9447;LPA;ACE;ATR-72;Abertura de claros;15/04/18
IBB510;LPA;ACE;BOMBARDIER CRJ-1000;Abertura de claros;15/04/18
CNF721;LPA;ACE;ATR-72;Abertura de claros;15/04/18
SIA377;BCN;SIN;359;Nubes altas;15/04/18
RYR6874;BCN;DUB;BOEING 737-800 WINGLETS;Nubes altas;15/04/18
VLG2020;BCN;GRX;32A;Nubes altas;15/04/18
VLG8319;BCN;AMS;AIRBUS A320;Nubes altas;15/04/18
IBK3657;BCN;CPH;BOEING 737-800 WINGLETS;Nubes altas;15/04/18
BMS6808;BCN;IAS;BOEING 737-800 WINGLETS;Nubes altas;15/04/18
VLG3014;BCN;FUE;BOEING 737-800 WINGLETS;Nubes altas;15/04/18
WZZ1964;BCN;POZ;AIRBUS A320;Nubes altas;15/04/18
SAS2586;BCN;ARN;32A;Nubes altas;15/04/18
NAX7075;BCN;OAK;BOEING 787-9;Nubes altas;15/04/18
IRM137;BCN;IKA;AIRBUS A340-300;Nubes altas;15/04/18
DTR4943;BCN;MXP;AIRBUS A319;Nubes altas;15/04/18
RYR9045;BCN;STN;BOEING 737-800 WINGLETS;Nubes altas;15/04/18
EZY2264;BCN;LTN;AIRBUS A319;Nubes altas;15/04/18
EZY1698;BCN;NCE;AIRBUS A320;Nubes altas;15/04/18
NAX1739;BCN;OSL;BOEING 737-800 WINGLETS;Nubes altas;15/04/18
EZY6672;BCN;BFS;32A;Nubes altas;15/04/18
VLG1220;BCN;LYS;AIRBUS A320;Nubes altas;15/04/18
VLG8710;BCN;VIE;32B;Nubes altas;15/04/18
RYR9305;GRO;LPL;BOEING 737-800 WINGLETS;Nubosidad variable;15/04/18
RYR9172;GRO;WRO;BOEING 737-800 WINGLETS;Nubosidad variable;15/04/18
RYR4125;GRO;HHN;BOEING 737-800 WINGLETS;Nubosidad variable;15/04/18
RYR7037;GRO;DUB;BOEING 737-800 WINGLETS;Nubosidad variable;15/04/18
RYR9364;GRO;PSR;BOEING 737-800 WINGLETS;Nubosidad variable;15/04/18
RYR9241;GRO;PSA;BOEING 737-800 WINGLETS;Nubosidad variable;15/04/18
RYR9803;GRO;STN;BOEING 737-800 WINGLETS;Nubosidad variable;15/04/18
PBD832;GRO;VKO;BOEING 737-800 WINGLETS;Nubosidad variable;15/04/18
RYR9211;GRO;FKB;BOEING 737-800 WINGLETS;Nubosidad variable;15/04/18
RYR9335;GRO;BRS;BOEING 737-800 WINGLETS;Nubosidad variable;15/04/18
RYR4482;GRO;RIX;BOEING 737-800 WINGLETS;Nubosidad variable;15/04/18
RYR5122;GRO;POZ;BOEING 737-800 WINGLETS;Nubosidad variable;15/04/18
RYR1131;GRO;EMA;BOEING 737-800 WINGLETS;Nubosidad variable;15/04/18
RYR6903;GRO;CRL;BOEING 737-800 WINGLETS;Nubosidad variable;15/04/18
RYR6391;GRO;NRN;BOEING 737-800 WINGLETS;Nubosidad variable;15/04/18
TRA5766;GRO;AMS;BOEING 737-800 WINGLETS;Nubosidad variable;15/04/18
RYR2201;GRO;KRK;BOEING 737-800 WINGLETS;Nubosidad variable;16/04/18
RYR9026;GRO;BTS;BOEING 737-800 WINGLETS;Nubosidad variable;16/04/18
RYR6901;GRO;CRL;BOEING 737-800 WINGLETS;Nubosidad variable;16/04/18
RYR4480;GRO;KUN;BOEING 737-800 WINGLETS;Nubosidad variable;16/04/18
RYR4275;GRO;FRA;BOEING 737-800 WINGLETS;Nubosidad variable;16/04/18
RYR9241;GRO;PSA;BOEING 737-800 WINGLETS;Nubosidad variable;16/04/18
RYR6391;GRO;NRN;BOEING 737-800 WINGLETS;Nubosidad variable;15/04/18
IBE0410;MAD;XRY;AIRBUS A320;Abertura de claros;15/04/18
VLG2286;BCN;XRY;AIRBUS A320;Nubes altas;15/04/18
RYR1283;BCN;XRY;BOEING 737-800 WINGLETS;Nubes altas;15/04/18
IBE0404;MAD;XRY;AIRBUS A319;Abertura de claros;15/04/18
IBE0406;MAD;XRY;AIRBUS A319;Abertura de claros;15/04/18
IBE8510;MAD;XRY;CANADAIR CRJ-900;Abertura de claros;16/04/18
VLG1292;BCN;LCG;32A;Nubes altas;15/04/18
AEA7233;MAD;LCG;EMBRAER ERJ-195;Abertura de claros;15/04/18
LZF441;BIO;LCG;ATR 42-300/320;Lluvia débil;15/04/18
VLG3132;LPA;LCG;AIRBUS A320;Abertura de claros;15/04/18
AEA7235;MAD;LCG;EMBRAER ERJ-195;Abertura de claros;15/04/18
IBE0524;MAD;LCG;AIRBUS A319;Abertura de claros;15/04/18
VLG1299;SVQ;LCG;AIRBUS A320;Nubosidad variable;15/04/18
AEA7237;MAD;LCG;EMBRAER ERJ-195;Abertura de claros;15/04/18
RYR3064;TFN;BCN;BOEING 737-800 WINGLETS;Despejado;15/04/18
CNF418;TFN;SPC;ATR-42/72;Despejado;15/04/18
AEA9047;TFN;MAD;AIRBUS A330-200;Despejado;15/04/18
IBB120;TFN;LPA;BOMBARDIER CRJ-1000;Despejado;15/04/18
IBB615;TFN;SPC;ATR-42/72;Despejado;15/04/18
IBB422;TFN;FUE;ATR-42/72;Despejado;15/04/18
AEA9416;TFN;LPA;ATR-72;Despejado;15/04/18
IBB659;TFN;VDE;ATR-72;Despejado;15/04/18
RYR5279;TFN;MAD;BOEING 737-800 WINGLETS;Despejado;15/04/18
IBB146;TFN;LPA;ATR-42/72;Despejado;15/04/18
IBS3943;TFN;MAD;32A;Despejado;15/04/18
AEA9463;TFN;SPC;ATR-72;Despejado;15/04/18
IBB110;TFN;LPA;ATR-42/72;Despejado;15/04/18
IBB132;TFN;LPA;ATR-72;Despejado;15/04/18
IBB619;TFN;SPC;ATR-42/72;Despejado;15/04/18
AEA9402;TFN;LPA;ATR-72;Despejado;15/04/18
IBB6810;LPA;TFN;BOMBARDIER CRJ-1000;Abertura de claros;15/04/18
VLG3277;TFN;AGP;AIRBUS A320;Despejado;15/04/18
VLG3801;MAH;BIO;32A;Despejado;15/04/18
AEA7007;TFN;BIO;BOEING 737-800 WINGLETS;Despejado;15/04/18
AEA7157;MAD;BIO;EMBRAER ERJ-195;Abertura de claros;15/04/18
VLG1451;ALC;BIO;AIRBUS A320;Nubes altas;15/04/18
IBE0426;MAD;BIO;AIRBUS A320;Abertura de claros;15/04/18
VLG2509;SVQ;BIO;AIRBUS A320;Nubosidad variable;15/04/18
VLG3281;ACE;BIO;AIRBUS A320;Despejado;15/04/18
IBE8662;MAH;BIO;BOMBARDIER CRJ-1000;Despejado;15/04/18
VLG2020;BCN;GRX;32A;Nubes altas;15/04/18
AEA5201;PMI;GRX;EMBRAER ERJ-195;Despejado;15/04/18
VLG3933;PMI;GRX;AIRBUS A320;Despejado;15/04/18
IBE8646;MAD;GRX;BOMBARDIER CRJ-1000;Abertura de claros;15/04/18
IBE8642;MAD;GRX;BOMBARDIER CRJ-1000;Abertura de claros;15/04/18
VLG2014;BCN;GRX;AIRBUS A320;Nubes altas;15/04/18
VLG2016;BCN;GRX;32B;Nubes altas;15/04/18
IBE8648;MAD;GRX;BOMBARDIER CRJ-1000;Abertura de claros;15/04/18
VLG2010;BCN;GRX;AIRBUS A321;Nubes altas;16/04/18
IBE8640;MAD;GRX;BOMBARDIER CRJ-1000;Abertura de claros;16/04/18
VLG2020;BCN;GRX;AIRBUS A320;Nubes altas;16/04/18
AEA5201;PMI;GRX;EMBRAER ERJ-195;Despejado;16/04/18
IBE8841;SVQ;VLC;ATR-72;Nubosidad variable;15/04/18
AEA4005;PMI;VLC;ATR-72;Despejado;15/04/18
IBE8974;MAD;VLC;BOMBARDIER CRJ-1000;Abertura de claros;15/04/18
AAL8576;MAD;VLC;BOMBARDIER CRJ-1000;Abertura de claros;15/04/18
RYR3041;SVQ;SCQ;BOEING 737-800 WINGLETS;Nubosidad variable;15/04/18
VLG3246;TFN;SCQ;AIRBUS A320;Despejado;15/04/18
VLG2655;AGP;SCQ;AIRBUS A320;Despejado;15/04/18
RYR8538;ALC;SCQ;BOEING 737-800 WINGLETS;Nubes altas;15/04/18
IBS3878;MAD;SCQ;32A;Abertura de claros;15/04/18
VLG1676;BCN;SCQ;AIRBUS A320;Nubes altas;15/04/18
AEA2629;BCN;SCQ;BOEING 737-800 WINGLETS;Nubes altas;15/04/18
VLG1672;BCN;SCQ;32A;Nubes altas;15/04/18
RYR2001;ACE;SCQ;BOEING 737-800 WINGLETS;Despejado;15/04/18
VLG3980;PMI;SCQ;AIRBUS A320;Despejado;15/04/18
IBE8366;PMI;SCQ;CANADAIR CRJ-200;Despejado;17/04/18
RYR5317;MAD;SCQ;BOEING 737-800 WINGLETS;Abertura de claros;15/04/18
RYR6381;BCN;SCQ;BOEING 737-800 WINGLETS;Nubes altas;15/04/18
RYR7003;LPA;SCQ;BOEING 737-800 WINGLETS;Abertura de claros;15/04/18
RYR723;PMI;SCQ;BOEING 737-800 WINGLETS;Despejado;15/04/18
VLG2224;BCN;SVQ;AIRBUS A320;Nubes altas;15/04/18
VLG2252;BCN;SVQ;AIRBUS A320;Nubes altas;15/04/18
VLG3257;TFN;SVQ;AIRBUS A320;Despejado;15/04/18
IBS3950;MAD;SVQ;32A;Abertura de claros;15/04/18
EVE1606;ZAZ;SVQ;32A;Nubes altas;15/04/18
RYR3042;SCQ;SVQ;BOEING 737-800 WINGLETS;Lluvia débil;15/04/18
VLG2510;BIO;SVQ;AIRBUS A320;Lluvia débil;15/04/18
VOE3528;BIO;SVQ;BOEING 717;Lluvia débil;15/04/18
VLG1298;LCG;SVQ;32A;Lluvia débil;15/04/18
VLG3965;VLC;SVQ;AIRBUS A320;Despejado;15/04/18
VLG3940;PMI;SVQ;AIRBUS A320;Despejado;15/04/18
RYR2200;VLL;SVQ;BOEING 737-800 WINGLETS;Chubascos dispersos;15/04/18
IBE8846;VLC;SVQ;ATR-72;Despejado;15/04/18
IBS3952;MAD;SVQ;AIRBUS A320;Abertura de claros;15/04/18
IBE8106;PMI;IBZ;ATR-42/72;Despejado;17/04/18
IBE8430;VLC;IBZ;ATR-72;Despejado;15/04/18
IBE8910;MAD;IBZ;BOMBARDIER CRJ-1000;Abertura de claros;15/04/18
VLG3695;VLC;IBZ;AIRBUS A320;Despejado;15/04/18
VLG3510;BCN;IBZ;AIRBUS A320;Nubes altas;15/04/18
IBE8110;PMI;IBZ;BOMBARDIER CRJ-1000;Despejado;17/04/18
AEA6025;MAD;IBZ;EMBRAER ERJ-195;Abertura de claros;15/04/18
AEA1706;PMI;IBZ;ATR-72;Despejado;15/04/18
RYR2066;MAD;IBZ;BOEING 737-800 WINGLETS;Abertura de claros;15/04/18
IBB123;LPA;TFS;ATR-72;Abertura de claros;15/04/18
IBE8482;PMI;MAH;BOMBARDIER CRJ-1000;Despejado;17/04/18
AEA4537;PMI;MAH;ATR-72;Despejado;15/04/18
IBE8956;MAD;MAH;BOMBARDIER CRJ-1000;Abertura de claros;15/04/18
IBE8498;PMI;MAH;ATR-42/72;Despejado;17/04/18
IBE8663;BIO;MAH;BOMBARDIER CRJ-1000;Lluvia débil;15/04/18
AEA4531;PMI;MAH;ATR-72;Despejado;15/04/18
IBE8488;PMI;MAH;CANADAIR CRJ-200;Despejado;17/04/18
RYR6881;BCN;MAH;BOEING 737-800 WINGLETS;Nubes altas;15/04/18
IBE8024;MAD;MAH;CANADAIR CRJ-900;Abertura de claros;15/04/18
VLG3716;BCN;MAH;AIRBUS A320;Nubes altas;15/04/18
VLG3700;BCN;MAH;AIRBUS A320;Nubes altas;15/04/18
IBE8734;VLC;MAH;ATR-72;Despejado;15/04/18
IBE8492;PMI;MAH;ATR-42/72;Despejado;17/04/18
IBE8496;PMI;MAH;BOMBARDIER CRJ-1000;Despejado;17/04/18
VLG3718;BCN;MAH;AIRBUS A321;Nubes altas;15/04/18
IBE8954;MAD;MAH;BOMBARDIER CRJ-1000;Abertura de claros;15/04/18
IBE8494;PMI;MAH;ATR-72;Despejado;17/04/18
CNF418;TFN;SPC;ATR-42/72;Despejado;15/04/18
IBB615;TFN;SPC;ATR-42/72;Despejado;15/04/18
AEA9463;TFN;SPC;ATR-72;Despejado;15/04/18
IBB619;TFN;SPC;ATR-42/72;Despejado;15/04/18
IBB621;TFN;SPC;ATR-42/72;Despejado;15/04/18
IBS3842;MAD;SPC;AIRBUS A320;Abertura de claros;15/04/18
IBB629;TFN;SPC;ATR-42/72;Despejado;15/04/18
CNF452;TFN;SPC;ATR-72;Despejado;15/04/18
IBB311;LPA;SPC;BOMBARDIER CRJ-1000;Abertura de claros;15/04/18
IBB631;TFN;SPC;ATR-42/72;Despejado;15/04/18
AEA9465;TFN;SPC;ATR-72;Despejado;15/04/18
IBB633;TFN;SPC;ATR-42/72;Despejado;15/04/18
IBB623;TFN;SPC;ATR-42/72;Despejado;15/04/18
IBB315;LPA;SPC;ATR-72;Abertura de claros;15/04/18
AEA9479;TFN;SPC;ATR-72;Despejado;15/04/18
IBB637;TFN;SPC;ATR-42/72;Despejado;15/04/18
IBB625;TFN;SPC;ATR-42/72;Despejado;15/04/18
IBB639;TFN;SPC;ATR-72;Despejado;15/04/18
CNF467;TFN;SPC;ATR-72;Despejado;15/04/18
CNF704;ACE;LPA;ATR-72;Despejado;15/04/18
IBB108;TFN;LPA;ATR-72;Despejado;15/04/18
CNF804;FUE;LPA;ATR-42/72;Despejado;15/04/18
IBB120;TFN;LPA;BOMBARDIER CRJ-1000;Despejado;15/04/18
IBS3826;MAD;LPA;AIRBUS A320;Abertura de claros;15/04/18
AEA9416;TFN;LPA;ATR-72;Despejado;15/04/18
IBE8334;VLC;OVD;CANADAIR CRJ-200;Despejado;15/04/18
IBE0488;MAD;OVD;AIRBUS A321;Abertura de claros;15/04/18
IBE8333;PMI;OVD;CANADAIR CRJ-200;Despejado;17/04/18
VLG1579;BCN;OVD;AIRBUS A320;Nubes altas;15/04/18
VOE3585;ALC;OVD;BOEING 717;Nubes altas;15/04/18
IBE0476;MAD;OVD;AIRBUS A320;Abertura de claros;15/04/18
VLG3864;PMI;OVD;AIRBUS A320;Despejado;15/04/18
VOE3924;AGP;OVD;BOEING 717;Despejado;15/04/18
IBE0480;MAD;OVD;AIRBUS A320;Abertura de claros;15/04/18
IBE0482;MAD;OVD;AIRBUS A320;Abertura de claros;15/04/18
VOE3830;SVQ;OVD;BOEING 717;Nubosidad variable;15/04/18
VLG1571;BCN;OVD;AIRBUS A320;Nubes altas;15/04/18
VLG1573;BCN;OVD;AIRBUS A320;Nubes altas;16/04/18
IBE0478;MAD;OVD;AIRBUS A321;Abertura de claros;16/04/18
IBS9500;PMI;OVD;AIRBUS A320;Despejado;16/04/18
AEA4024;PMI;ALC;ATR-72;Despejado;15/04/18
OLY726;TFS;FUE;AIRBUS A321;Despejado;15/04/18
IBB210;LPA;FUE;ATR-72;Abertura de claros;15/04/18
IBB422;TFN;FUE;ATR-42/72;Despejado;15/04/18
CNF809;LPA;FUE;ATR-72;Abertura de claros;15/04/18
LLX5072;LPA;FUE;AIRBUS A321;Abertura de claros;15/04/18
RYR5468;MAD;FUE;BOEING 737-800 WINGLETS;Abertura de claros;15/04/18
VLG3014;BCN;FUE;BOEING 737-800 WINGLETS;Nubes altas;15/04/18
IBB212;LPA;FUE;ATR-72;Abertura de claros;15/04/18
IBS3906;MAD;FUE;AIRBUS A321;Abertura de claros;15/04/18
IBB656;VDE;TFN;ATR-72;Nubes altas;15/04/18
AEA9462;SPC;TFN;ATR-72;Abertura de claros;15/04/18
IBB109;LPA;TFN;ATR-72;Abertura de claros;15/04/18
IBS3942;MAD;TFN;32A;Abertura de claros;15/04/18
IBB650;GMZ;TFN;ATR-42/72;Abertura de claros;15/04/18
CNF419;SPC;TFN;ATR-42/72;Abertura de claros;15/04/18
IBB6810;LPA;TFN;BOMBARDIER CRJ-1000;Abertura de claros;15/04/18
IBB610;SPC;TFN;ATR-42/72;Abertura de claros;15/04/18
AEA9401;LPA;TFN;ATR-72;Abertura de claros;15/04/18
VLG3276;AGP;TFN;AIRBUS A320;Despejado;15/04/18
IBB127;LPA;TFN;ATR-72;Abertura de claros;15/04/18
IBB662;VDE;TFN;ATR-72;Nubes altas;15/04/18
IBB423;FUE;TFN;ATR-42/72;Despejado;15/04/18
IBB133;LPA;TFN;ATR-72;Abertura de claros;15/04/18
AEA9464;SPC;TFN;ATR-72;Abertura de claros;15/04/18
IBS3946;MAD;TFN;AIRBUS A320;Abertura de claros;15/04/18
IBB620;SPC;TFN;ATR-42/72;Abertura de claros;15/04/18
VLG3254;SVQ;TFN;AIRBUS A320;Nubosidad variable;15/04/18
AEA9118;MAD;TFN;BOEING 737-800 WINGLETS;Abertura de claros;15/04/18
IBK6771;MAD;PMI;BOEING 737-800 WINGLETS;Abertura de claros;15/04/18
IBS9525;BIO;PMI;AIRBUS A320;Lluvia débil;15/04/18
AEA6013;MAD;PMI;BOEING 737-800 WINGLETS;Abertura de claros;15/04/18
VLG1419;BIO;BCN;AIRBUS A320;Lluvia débil;15/04/18
IBE0930;MAD;BCN;AIRBUS A321;Abertura de claros;15/04/18
AVA6078;MAD;BCN;AIRBUS A321;Abertura de claros;15/04/18
AAL8733;MAD;BCN;AIRBUS A321;Abertura de claros;15/04/18
VLG9742;MAD;BCN;AIRBUS A321;Abertura de claros;15/04/18
IBE0930S;MAD;BCN;AIRBUS A321;Abertura de claros;15/04/18
VLG2211;SVQ;BCN;AIRBUS A320;Nubosidad variable;15/04/18
VLG2011;GRX;BCN;32B;Despejado;15/04/18
RYR5538;VIT;BGY;BOEING 737-800 WINGLETS;Chubascos dispersos;15/04/18
IBE8313;BJZ;BCN;BOMBARDIER CRJ-1000;Lluvia;15/04/18
IBB652;GMZ;TFN;ATR-42/72;Abertura de claros;15/04/18
IBB650;GMZ;TFN;ATR-72;Abertura de claros;16/04/18
IBE8312;BCN;BJZ;BOMBARDIER CRJ-1000;Despejado;17/04/18
IBB653;TFN;GMZ;ATR-42/72;Despejado;15/04/18
IBB651;TFN;GMZ;ATR-72;Despejado;16/04/18
DLH1119;PNA;FRA;AIRBUS A319;Nubosidad variable;15/04/18
IBE8525;PNA;MAD;CANADAIR CRJ-900;Nubosidad variable;15/04/18
IBE8529;PNA;MAD;BOMBARDIER CRJ-1000;Nubosidad variable;16/04/18
IBE8533;PNA;MAD;BOMBARDIER CRJ-1000;Nubosidad variable;16/04/18
DLH1119;PNA;FRA;AIRBUS A320;Nubosidad variable;16/04/18
HTY118;AEI;JCU;AWH;Despejado;15/04/18
HTY140;AEI;JCU;AWH;Despejado;15/04/18
HTY102;AEI;JCU;AWH;Despejado;16/04/18
HTY134;AEI;JCU;AWH;Despejado;16/04/18
HTY227;JCU;AGP;AWH;Nubes altas;15/04/18
HTY117;JCU;AEI;AWH;Nubes altas;15/04/18
HTY139;JCU;AEI;AWH;Nubes altas;15/04/18
HTY259;JCU;AGP;AWH;Nubes altas;15/04/18
HTY101;JCU;AEI;AWH;Nubes altas;16/04/18
HTY221;JCU;AGP;AWH;Nubes altas;16/04/18
RYR9825;REU;LPL;BOEING 737-800 WINGLETS;Nubes altas;15/04/18
RYR9827;REU;HHN;BOEING 737-800 WINGLETS;Nubes altas;15/04/18
RYR8088;REU;BHX;BOEING 737-800 WINGLETS;Nubes altas;15/04/18
RYR2212;REU;EIN;BOEING 737-800 WINGLETS;Nubes altas;15/04/18
RYR1115;REU;DUB;BOEING 737-800 WINGLETS;Nubes altas;16/04/18
EVE1606;ZAZ;SVQ;32A;Nubes altas;15/04/18
AEA2633;ZAZ;LEI;BOEING 737-800 WINGLETS;Nubes altas;15/04/18
RYR2635;ZAZ;STN;BOEING 737-800 WINGLETS;Nubes altas;15/04/18
RYR4634;ZAZ;BGY;BOEING 737-800 WINGLETS;Nubes altas;16/04/18
RYR1383;ZAZ;CRL;BOEING 737-800 WINGLETS;Nubes altas;16/04/18
EZY8552;MJV;LGW;AIRBUS A319;Nubes altas;15/04/18
RYR1940;MJV;EIN;BOEING 737-800 WINGLETS;Nubes altas;15/04/18
RYR4117;MJV;MAN;BOEING 737-800 WINGLETS;Nubes altas;15/04/18
EXS864;MJV;MAN;BOEING 737-800 WINGLETS;Nubes altas;15/04/18
RYR8027;MJV;STN;BOEING 737-800 WINGLETS;Nubes altas;15/04/18
RYR3453;MJV;LTN;BOEING 737-800 WINGLETS;Nubes altas;15/04/18
RYR7095;MJV;DUB;BOEING 737-800 WINGLETS;Nubes altas;15/04/18
RYR5947;MJV;BOH;BOEING 737-800 WINGLETS;Nubes altas;16/04/18
EZY6014;MJV;BRS;AIRBUS A320;Nubes altas;16/04/18
RYR1925;MJV;EMA;BOEING 737-800 WINGLETS;Nubes altas;16/04/18
RYR8025;MJV;STN;BOEING 737-800 WINGLETS;Nubes altas;16/04/18
EXS208;MJV;LBA;BOEING 737-300 WINGLETS;Nubes altas;16/04/18
IBB662;VDE;TFN;ATR-72;Nubes altas;15/04/18
IBB668;VDE;TFN;ATR-72;Nubes altas;15/04/18
IBB366;VDE;LPA;ATR-72;Nubes altas;15/04/18
CNF248;VDE;TFN;ATR-72;Nubes altas;15/04/18
IBB674;VDE;TFN;ATR-72;Nubes altas;15/04/18
IBB656;VDE;TFN;ATR-72;Nubes altas;16/04/18
IBB662;VDE;TFN;ATR-72;Nubes altas;16/04/18
HTY117;JCU;AEI;AWH;Nubes altas;15/04/18
HTY139;JCU;AEI;AWH;Nubes altas;15/04/18
HTY101;JCU;AEI;AWH;Nubes altas;16/04/18
HTY133;JCU;AEI;AWH;Nubes altas;16/04/18
IBE8319;EAS;MAD;ATR-72;Chubascos dispersos;15/04/18
IBE8329;EAS;MAD;ATR-72;Chubascos dispersos;15/04/18
IBE8315;EAS;MAD;ATR-72;Chubascos dispersos;15/04/18
VLG2489;EAS;BCN;AIRBUS A319;Chubascos dispersos;15/04/18
IBE8323;EAS;MAD;ATR-72;Chubascos dispersos;15/04/18
IBE8317;EAS;MAD;ATR-72;Chubascos dispersos;16/04/18
VLG2487;EAS;BCN;AIRBUS A319;Chubascos dispersos;16/04/18
IBE8327;EAS;MAD;ATR-72;Chubascos dispersos;16/04/18
IBS9530;VLL;PMI;AIRBUS A320;Chubascos dispersos;15/04/18
RYR2200;VLL;SVQ;BOEING 737-800 WINGLETS;Chubascos dispersos;15/04/18
EVE1128;VLL;SVQ;32A;Chubascos dispersos;15/04/18
RYR6321;VLL;BCN;BOEING 737-800 WINGLETS;Chubascos dispersos;15/04/18
VLG1585;VLL;BCN;32A;Chubascos dispersos;15/04/18
EVE7151;VLL;ACE;AIRBUS A320;Chubascos dispersos;16/04/18
VLG1585;BCN;VLL;32A;Nubes altas;15/04/18
AEA1153;MAD;LIS;EMBRAER ERJ-195;Abertura de claros;15/04/18
AEA7302;MAD;VGO;EMBRAER ERJ-195;Abertura de claros;15/04/18
VLG8202;MAD;CDG;AIRBUS A320;Abertura de claros;15/04/18
IBS3946;MAD;TFN;AIRBUS A320;Abertura de claros;15/04/18
IBE0426;MAD;BIO;AIRBUS A320;Abertura de claros;15/04/18
IBE8374;MAD;TNG;BOMBARDIER CRJ-1000;Abertura de claros;15/04/18
IBE3110;MAD;LIS;AIRBUS A319;Abertura de claros;15/04/18
TAP1085;LCG;LIS;ATR-42/72;Lluvia débil;15/04/18
VLG1293;LCG;BCN;32A;Lluvia débil;15/04/18
AEA7234;LCG;MAD;EMBRAER ERJ-195;Lluvia débil;15/04/18
VLG1298;LCG;SVQ;32A;Lluvia débil;15/04/18
AEA7236;LCG;MAD;EMBRAER ERJ-195;Lluvia débil;15/04/18
IBE0523;LCG;MAD;AIRBUS A320;Lluvia débil;15/04/18
VLG7104;LCG;LHR;AIRBUS A320;Lluvia débil;15/04/18
AEA7238;LCG;MAD;EMBRAER ERJ-195;Lluvia débil;15/04/18
IBE0521;LCG;MAD;AIRBUS A320;Lluvia débil;15/04/18
VLG1291;LCG;BCN;32A;Lluvia débil;15/04/18
RYR6385;SDR;BCN;BOEING 737-800 WINGLETS;Chubascos dispersos;15/04/18
IBE0555;SDR;MAD;AIRBUS A319;Chubascos dispersos;15/04/18
RYR9156;SDR;CIA;BOEING 737-800 WINGLETS;Chubascos dispersos;15/04/18
RYR7153;SDR;DUB;BOEING 737-800 WINGLETS;Chubascos dispersos;15/04/18
IBE0557;SDR;MAD;AIRBUS A319;Chubascos dispersos;15/04/18
VLG1591;SDR;BCN;32A;Chubascos dispersos;15/04/18
RYR6058;SDR;CRL;BOEING 737-800 WINGLETS;Chubascos dispersos;15/04/18
RYR7366;SDR;NRN;BOEING 737-800 WINGLETS;Chubascos dispersos;15/04/18
RYR2613;SDR;STN;BOEING 737-800 WINGLETS;Chubascos dispersos;15/04/18
IBE8861;SDR;MAD;CANADAIR CRJ-900;Chubascos dispersos;16/04/18
IBE0553;SDR;MAD;AIRBUS A319;Chubascos dispersos;16/04/18
VLG1593;SDR;BCN;AIRBUS A320;Chubascos dispersos;16/04/18
RYR1779;SDR;BUD;BOEING 737-800 WINGLETS;Chubascos dispersos;16/04/18
VLG3262;SDR;PMI;AIRBUS A320;Chubascos dispersos;16/04/18
EVE1605;SVQ;ZAZ;32A;Nubosidad variable;15/04/18
AEA2634;LEI;ZAZ;BOEING 737-800 WINGLETS;Despejado;15/04/18
IBE8524;MAD;PNA;CANADAIR CRJ-900;Abertura de claros;15/04/18
IBE8532;MAD;PNA;BOMBARDIER CRJ-1000;Abertura de claros;15/04/18
IBE8526;MAD;PNA;BOMBARDIER CRJ-1000;Abertura de claros;15/04/18
IBE8530;MAD;PNA;BOMBARDIER CRJ-1000;Abertura de claros;16/04/18
IBE8536;MAD;PNA;CANADAIR CRJ-200;Abertura de claros;16/04/18
NAX7075;BCN;OAK;BOEING 787-9;Nubes altas;15/04/18
DTR4943;BCN;MXP;AIRBUS A319;Nubes altas;15/04/18
EZY6672;BCN;BFS;32A;Nubes altas;15/04/18
VLG8710;BCN;VIE;32B;Nubes altas;15/04/18
RYR6386;BCN;AGP;BOEING 737-800 WINGLETS;Nubes altas;15/04/18
VLG6240;BCN;BSL;AIRBUS A319;Nubes altas;15/04/18
SAS4686;BCN;OSL;BOEING 737-700 WINGLETS;Nubes altas;15/04/18
VLG6534;BCN;CTA;32A;Nubes altas;15/04/18
VLG1882;BCN;TXL;AIRBUS A320;Nubes altas;15/04/18
THY1854;BCN;IST;AIRBUS A330-200;Nubes altas;15/04/18
CCA840;BCN;PVG;AIRBUS A330-200;Nubes altas;15/04/18
BAW479;BCN;LHR;AIRBUS A320;Nubes altas;15/04/18
AZA077;BCN;FCO;AIRBUS A320;Nubes altas;15/04/18
VLG1265;BCN;ARN;32A;Nubes altas;15/04/18
ACA1913;BCN;YUL;BOEING 767-300 WINGLETS;Nubes altas;15/04/18
RYR8397;XRY;STN;BOEING 737-800 WINGLETS;Nubosidad variable;15/04/18
IBE0411;XRY;MAD;AIRBUS A320;Nubosidad variable;15/04/18
VLG2287;XRY;BCN;AIRBUS A320;Nubosidad variable;15/04/18
RYR1284;XRY;BCN;BOEING 737-800 WINGLETS;Nubosidad variable;15/04/18
IBE0405;XRY;MAD;AIRBUS A319;Nubosidad variable;15/04/18
IBE0407;XRY;MAD;AIRBUS A319;Nubosidad variable;16/04/18
TUI2249;XRY;MUC;7S8;Nubosidad variable;16/04/18
IBE8511;XRY;MAD;CANADAIR CRJ-900;Nubosidad variable;16/04/18
TUI2223;XRY;STR;7S8;Nubosidad variable;16/04/18
TUI2273;XRY;FRA;7S8;Nubosidad variable;16/04/18
DE1557;XRY;DUS;32B;Nubosidad variable;16/04/18
TUI2253;XRY;DUS;7S8;Nubosidad variable;16/04/18
RYR8397;XRY;STN;BOEING 737-800 WINGLETS;Nubosidad variable;16/04/18
RYR2712;IBZ;BHX;BOEING 737-800 WINGLETS;Despejado;15/04/18
RYR9254;IBZ;STN;BOEING 737-800 WINGLETS;Despejado;15/04/18
IBE8111;IBZ;PMI;ATR-42/72;Despejado;15/04/18
RYR6702;IBZ;BLQ;BOEING 737-800 WINGLETS;Despejado;15/04/18
IBE8441;IBZ;VLC;ATR-72;Despejado;15/04/18
RYR8875;IBZ;PSA;BOEING 737-800 WINGLETS;Despejado;15/04/18
VLG3694;IBZ;VLC;AIRBUS A320;Despejado;15/04/18
RYR6703;IBZ;FCO;BOEING 737-800 WINGLETS;Despejado;15/04/18
IBE8911;IBZ;MAD;BOMBARDIER CRJ-1000;Despejado;15/04/18
VLG3511;IBZ;BCN;AIRBUS A320;Despejado;15/04/18
IBE8115;IBZ;PMI;BOMBARDIER CRJ-1000;Despejado;15/04/18
VLG8181;IBZ;ORY;32B;Despejado;15/04/18
RYR2067;IBZ;MAD;BOEING 737-800 WINGLETS;Despejado;15/04/18
AEA6024;IBZ;MAD;EMBRAER ERJ-195;Despejado;15/04/18
RYR7217;IBZ;VLC;BOEING 737-800 WINGLETS;Despejado;15/04/18
EZY2676;GRX;MXP;AIRBUS A319;Despejado;15/04/18
VLG2021;GRX;BCN;32A;Despejado;15/04/18
AEA5200;GRX;PMI;EMBRAER ERJ-195;Despejado;15/04/18
VLG3932;GRX;PMI;AIRBUS A320;Despejado;15/04/18
IBE8645;GRX;MAD;BOMBARDIER CRJ-1000;Despejado;15/04/18
ENT513;GRX;ARN;BOEING 737-800 WINGLETS;Despejado;15/04/18
ENT574;GRX;ARN;BOEING 737-800;Despejado;15/04/18
IBE8649;GRX;MAD;BOMBARDIER CRJ-1000;Despejado;15/04/18
VLG2015;GRX;BCN;AIRBUS A320;Despejado;15/04/18
BAW3290;GRX;LCY;EMBRAER 190;Despejado;15/04/18
VLG2017;GRX;BCN;32B;Despejado;15/04/18
IBE8639;GRX;MAD;BOMBARDIER CRJ-1000;Despejado;16/04/18
VLG2011;GRX;BCN;AIRBUS A320;Despejado;16/04/18
IBE8641;GRX;MAD;BOMBARDIER CRJ-1000;Despejado;16/04/18
EZY1816;GRX;MAN;AIRBUS A320;Despejado;16/04/18
VLG2021;GRX;BCN;AIRBUS A320;Despejado;16/04/18
HTY228;AGP;JCU;AWH;Despejado;15/04/18
HTY118;AEI;JCU;AWH;Despejado;15/04/18
HTY140;AEI;JCU;AWH;Despejado;15/04/18
HTY260;AGP;JCU;AWH;Despejado;17/04/18
HTY102;AEI;JCU;AWH;Despejado;16/04/18
HTY222;AGP;JCU;AWH;Despejado;16/04/18
HTY134;AEI;JCU;AWH;Despejado;16/04/18
DLH1867;SCQ;MUC;AIRBUS A319;Lluvia débil;15/04/18
RYR3042;SCQ;SVQ;BOEING 737-800 WINGLETS;Lluvia débil;15/04/18
RYR8379;SCQ;STN;BOEING 737-800 WINGLETS;Lluvia débil;15/04/18
VLG1677;SCQ;BCN;AIRBUS A320;Lluvia débil;15/04/18
VLG2654;SCQ;AGP;AIRBUS A320;Lluvia débil;15/04/18
RYR8539;SCQ;ALC;BOEING 737-800 WINGLETS;Lluvia débil;15/04/18
IBS3879;SCQ;MAD;32A;Lluvia débil;15/04/18
VLG8222;SCQ;CDG;AIRBUS A320;Lluvia débil;15/04/18
AEA2630;SCQ;BCN;BOEING 737-800 WINGLETS;Lluvia débil;15/04/18
VLG1673;SCQ;BCN;32A;Lluvia débil;15/04/18
RYR2002;SCQ;ACE;BOEING 737-800 WINGLETS;Lluvia débil;15/04/18
VLG3981;SCQ;PMI;AIRBUS A320;Lluvia débil;15/04/18
IBE8359;SCQ;BIO;CANADAIR CRJ-200;Lluvia débil;15/04/18
RYR7004;SCQ;LPA;BOEING 737-800 WINGLETS;Lluvia débil;15/04/18
RYR5318;SCQ;MAD;BOEING 737-800 WINGLETS;Lluvia débil;15/04/18
RYR6380;SCQ;BCN;BOEING 737-800 WINGLETS;Lluvia débil;15/04/18
IBS3895;SCQ;MAD;AIRBUS A320;Lluvia débil;16/04/18
IBE8791;MLN;MAD;ATR-72;Despejado;15/04/18
IBE8263;MLN;AGP;ATR-72;Despejado;15/04/18
IBE8793;MLN;MAD;ATR-72;Despejado;15/04/18
IBE8269;MLN;AGP;ATR-72;Despejado;15/04/18
IBE8271;MLN;AGP;ATR-72;Despejado;15/04/18
AEA5004;MLN;AGP;ATR-72;Despejado;15/04/18
IBE8277;MLN;AGP;ATR-72;Despejado;15/04/18
IBE8261;MLN;AGP;ATR-72;Despejado;16/04/18
IBE8789;MLN;MAD;ATR-72;Despejado;16/04/18
AEA5002;MLN;AGP;ATR-72;Despejado;16/04/18
IBE8263;MLN;AGP;ATR-72;Despejado;16/04/18
IBE8791;MLN;MAD;ATR-72;Despejado;16/04/18
AEA7315;VGO;MAD;EMBRAER ERJ-195;Lluvia débil;15/04/18
IBE0533;VGO;MAD;AIRBUS A319;Lluvia débil;15/04/18
LAV5464;VGO;TFN;BOEING 737-400;Lluvia débil;15/04/18
TAP1141;VGO;LIS;ATR-72;Lluvia débil;15/04/18
AEA7317;VGO;MAD;EMBRAER ERJ-195;Lluvia débil;15/04/18
IBE0535;VGO;MAD;AIRBUS A319;Lluvia débil;15/04/18
RYR246;VGO;BCN;BOEING 737-800 WINGLETS;Lluvia débil;15/04/18
AEA7319;VGO;MAD;EMBRAER ERJ-195;Lluvia débil;15/04/18
IBE0539;VGO;MAD;AIRBUS A319;Lluvia débil;15/04/18
VLG1705;VGO;BCN;AIRBUS A320;Lluvia débil;15/04/18
IBE0537;VGO;MAD;AIRBUS A319;Lluvia débil;16/04/18
AEA7311;VGO;MAD;EMBRAER ERJ-195;Lluvia débil;16/04/18
IBE8316;MAD;EAS;ATR-72;Abertura de claros;15/04/18
IBE8322;MAD;EAS;ATR-72;Abertura de claros;15/04/18
IBE8318;MAD;EAS;ATR-72;Abertura de claros;15/04/18
VLG2488;BCN;EAS;AIRBUS A319;Nubes altas;15/04/18
IBE8326;MAD;EAS;ATR-72;Abertura de claros;15/04/18
IBE8324;MAD;EAS;ATR-72;Abertura de claros;15/04/18
VLG2486;BCN;EAS;AIRBUS A319;Nubes altas;16/04/18
IBE8213;LEI;PMI;CANADAIR CRJ-200;Despejado;15/04/18
VLG1252;LEI;BCN;AIRBUS A320;Despejado;15/04/18
IBE8577;LEI;MAD;CANADAIR CRJ-900;Despejado;15/04/18
AEA2888;LEI;BCN;BOEING 737-800 WINGLETS;Despejado;15/04/18
IBE8589;LEI;MAD;CANADAIR CRJ-200;Despejado;15/04/18
AEA2648;LEI;BCN;BOEING 737-800 WINGLETS;Despejado;15/04/18
IBE8932;LEI;SVQ;CANADAIR CRJ-200;Despejado;15/04/18
IBE8930;LEI;SVQ;CANADAIR CRJ-200;Despejado;16/04/18
IBE8603;LEI;MAD;BOMBARDIER CRJ-1000;Despejado;16/04/18
RYR1259;LEI;CRL;BOEING 737-800 WINGLETS;Despejado;16/04/18
EZY8164;LEI;LGW;AIRBUS A320;Despejado;16/04/18
IBE8589;LEI;MAD;CANADAIR CRJ-200;Despejado;16/04/18
IBE8595;LEI;MAD;BOMBARDIER CRJ-1000;Despejado;16/04/18
RYR8352;LEI;STN;BOEING 737-800 WINGLETS;Despejado;16/04/18
VLG1252;LEI;BCN;AIRBUS A320;Despejado;16/04/18
IBS9528;PMI;VLL;AIRBUS A320;Despejado;15/04/18
RYR2199;SVQ;VLL;BOEING 737-800 WINGLETS;Nubosidad variable;15/04/18
EVE1127;SVQ;VLL;32A;Nubosidad variable;15/04/18
VLG1584;BCN;VLL;AIRBUS A320;Nubes altas;15/04/18
VLG1584;BCN;VLL;AIRBUS A320;Nubes altas;16/04/18
VLG8354;BIO;AMS;32A;Lluvia débil;15/04/18
KLM1686;BIO;AMS;BOEING 737-700 WINGLETS;Lluvia débil;15/04/18
BAW467;BIO;LHR;AIRBUS A320;Lluvia débil;15/04/18
AEA7028;BIO;ACE;BOEING 737-800 WINGLETS;Lluvia débil;15/04/18
AEA7158;BIO;MAD;EMBRAER ERJ-195;Lluvia débil;15/04/18
VLG1450;BIO;ALC;AIRBUS A320;Lluvia débil;15/04/18
EWG9519;BIO;DUS;32A;Lluvia débil;15/04/18
IBE0447;BIO;MAD;AIRBUS A320;Lluvia débil;15/04/18
VLG2510;BIO;SVQ;AIRBUS A320;Lluvia débil;15/04/18
IBE8663;BIO;MAH;BOMBARDIER CRJ-1000;Lluvia débil;15/04/18
VOE3528;BIO;SVQ;BOEING 717;Lluvia débil;15/04/18
BEL3714;BIO;BRU;AIRBUS A319;Lluvia débil;15/04/18
CSA709;BIO;PRG;BOEING 737-700;Lluvia débil;15/04/18
DLH1143;BIO;FRA;AIRBUS A320;Lluvia débil;15/04/18
EWG2517;BIO;STR;AIRBUS A319;Lluvia débil;15/04/18
SWR2059;BIO;ZRH;AIRBUS A319;Lluvia débil;15/04/18
IBE8662;MAH;BIO;BOMBARDIER CRJ-1000;Despejado;15/04/18
AEA4532;MAH;PMI;ATR-72;Despejado;15/04/18
IBE8957;MAH;MAD;BOMBARDIER CRJ-1000;Despejado;15/04/18
IBE8499;MAH;PMI;ATR-42/72;Despejado;15/04/18
AEA4530;MAH;PMI;ATR-72;Despejado;15/04/18
IBE8491;MAH;PMI;CANADAIR CRJ-200;Despejado;15/04/18
IBE8493;MAH;PMI;BOMBARDIER CRJ-1000;Despejado;15/04/18
IBE8029;MAH;MAD;CANADAIR CRJ-900;Despejado;15/04/18
RYR6882;MAH;BCN;BOEING 737-800 WINGLETS;Despejado;15/04/18
VLG3709;MAH;BCN;AIRBUS A320;Despejado;15/04/18
VLG3701;MAH;BCN;AIRBUS A320;Despejado;15/04/18
IBE8737;MAH;VLC;ATR-72;Despejado;15/04/18
IBE8487;MAH;PMI;ATR-42/72;Despejado;15/04/18
VLG3719;MAH;BCN;AIRBUS A321;Despejado;15/04/18
IBE8481;MAH;PMI;BOMBARDIER CRJ-1000;Despejado;16/04/18
IBE8951;MAH;MAD;BOMBARDIER CRJ-1000;Despejado;16/04/18
AAL8615;MAH;MAD;BOMBARDIER CRJ-1000;Despejado;16/04/18
VLG3713;MAH;BCN;AIRBUS A320;Despejado;16/04/18
EZY2004;VLC;LTN;AIRBUS A319;Despejado;15/04/18
AEA1007;VLC;CDG;BOEING 737-800 WINGLETS;Despejado;15/04/18
TAP1097;VLC;LIS;ATR-42/72;Despejado;15/04/18
VLG3695;VLC;IBZ;AIRBUS A320;Despejado;15/04/18
AEA4064;VLC;MAD;ATR-72;Despejado;15/04/18
DLH1831;VLC;MUC;32A;Despejado;15/04/18
DLH1161;VLC;FRA;AIRBUS A321;Despejado;15/04/18
EZY8222;VLC;LGW;AIRBUS A319;Despejado;15/04/18
RYR6422;VLC;BLQ;BOEING 737-800 WINGLETS;Despejado;15/04/18
RYR7216;VLC;IBZ;BOEING 737-800 WINGLETS;Despejado;15/04/18
IBE8981;VLC;MAD;BOMBARDIER CRJ-1000;Despejado;15/04/18
AFL2503;VLC;SVO;32A;Despejado;15/04/18
IBE8938;VLC;BIO;BOMBARDIER CRJ-1000;Despejado;15/04/18
RYR1445;VLC;MXP;BOEING 737-800 WINGLETS;Despejado;15/04/18
IBE8634;VLC;PMI;CANADAIR CRJ-900;Despejado;15/04/18
SWR2143;VLC;ZRH;AIRBUS A321;Despejado;15/04/18
IBE8595;LEI;MAD;BOMBARDIER CRJ-1000;Despejado;15/04/18
AEA6030;PMI;MAD;EMBRAER ERJ-195;Despejado;15/04/18
OLY726;TFS;FUE;AIRBUS A321;Despejado;15/04/18
BEL1652;TFS;BRU;AIRBUS A320;Despejado;15/04/18
EWG253;TFS;CGN;BOEING 737-800 WINGLETS;Despejado;15/04/18
EDW215;TFS;ZRH;AIRBUS A320;Despejado;15/04/18
RYR8179;TFS;CRL;BOEING 737-800 WINGLETS;Despejado;15/04/18
TRA6674;TFS;AMS;BOEING 737-800 WINGLETS;Despejado;15/04/18
BEL3782;TFS;BRU;AIRBUS A320;Despejado;15/04/18
GMI6231;TFS;BRE;AIRBUS A319;Despejado;15/04/18
RYR1034;TFS;CGN;BOEING 737-800 WINGLETS;Despejado;15/04/18
TUI2363;TFS;HAM;BOEING 737-800 WINGLETS;Despejado;15/04/18
IBB152;TFS;LPA;ATR-72;Despejado;15/04/18
RYR6229;TFS;NRN;BOEING 737-800 WINGLETS;Despejado;15/04/18
RYR8167;TFS;STN;BOEING 737-800 WINGLETS;Despejado;15/04/18
TCX1165;TFS;MAN;AIRBUS A321;Despejado;15/04/18
RYR654;TFS;PIK;BOEING 737-800 WINGLETS;Despejado;15/04/18
IBK2411;TFS;LGW;BOEING 737-800 WINGLETS;Despejado;15/04/18
RYR1122;TFS;BHX;BOEING 737-800 WINGLETS;Despejado;15/04/18
RYR3514;TFS;LTN;BOEING 737-800 WINGLETS;Despejado;15/04/18
NAX9325;TFS;SVG;BOEING 737-800 WINGLETS;Despejado;15/04/18
RYR8839;TFS;BGY;BOEING 737-800 WINGLETS;Despejado;15/04/18
EZY6096;TFS;BRS;32A;Despejado;15/04/18
TAP1107;SVQ;LIS;ATR-42/72;Nubosidad variable;15/04/18
VLG3254;SVQ;TFN;AIRBUS A320;Nubosidad variable;15/04/18
VLG3941;SVQ;PMI;AIRBUS A320;Nubosidad variable;15/04/18
DLH1823;SVQ;MUC;AIRBUS A320;Nubosidad variable;15/04/18
IBS3949;SVQ;MAD;32A;Nubosidad variable;15/04/18
DLH1141;SVQ;FRA;AIRBUS A321;Nubosidad variable;15/04/18
BEL3748;SVQ;BRU;AIRBUS A319;Nubosidad variable;15/04/18
RYR9342;SVQ;PSA;BOEING 737-800 WINGLETS;Nubosidad variable;15/04/18
RYR2199;SVQ;VLL;BOEING 737-800 WINGLETS;Nubosidad variable;15/04/18
EZY1726;SVQ;TLS;AIRBUS A319;Nubosidad variable;15/04/18
EVE1127;SVQ;VLL;32A;Nubosidad variable;15/04/18
TAP1105;SVQ;LIS;ATR-42/72;Nubosidad variable;15/04/18
RYR5272;SVQ;PMI;BOEING 737-800 WINGLETS;Nubosidad variable;15/04/18
VLG2221;SVQ;BCN;AIRBUS A320;Nubosidad variable;15/04/18
TVF4907;SVQ;LYS;BOEING 737-800 WINGLETS;Nubosidad variable;15/04/18
VOE3529;SVQ;BIO;BOEING 717;Nubosidad variable;15/04/18
VLG1299;SVQ;LCG;AIRBUS A320;Nubosidad variable;15/04/18
TVF3105;SVQ;ORY;BOEING 737-800 WINGLETS;Nubosidad variable;15/04/18
VLG3964;SVQ;VLC;AIRBUS A320;Nubosidad variable;15/04/18
IBE8335;OVD;VLC;CANADAIR CRJ-200;Lluvia;15/04/18
IBE0475;OVD;MAD;AIRBUS A321;Lluvia;15/04/18
IBE8332;OVD;PMI;CANADAIR CRJ-200;Lluvia;15/04/18
VLG3865;OVD;PMI;AIRBUS A320;Lluvia;15/04/18
VOE3925;OVD;AGP;BOEING 717;Lluvia;15/04/18
IBE0487;OVD;MAD;AIRBUS A320;Lluvia;15/04/18
VLG1578;OVD;BCN;AIRBUS A320;Lluvia;15/04/18
VOE3831;OVD;SVQ;BOEING 717;Lluvia;15/04/18
TAP1113;OVD;LIS;ATR-42/72;Lluvia;15/04/18
IBE0481;OVD;MAD;32A;Lluvia;15/04/18
VLG1572;OVD;BCN;32A;Lluvia;16/04/18
IBE0471;OVD;MAD;AIRBUS A321;Lluvia;16/04/18
VOE3582;OVD;VLC;BOEING 717;Lluvia;16/04/18
VLG1574;OVD;BCN;AIRBUS A320;Lluvia;16/04/18
IBE0479;OVD;MAD;AIRBUS A321;Lluvia;16/04/18
VLG8860;OVD;CDG;AIRBUS A320;Lluvia;16/04/18
IBS9501;OVD;MAH;AIRBUS A320;Lluvia;16/04/18
LZF441;BIO;LCG;ATR 42-300/320;Lluvia débil;15/04/18
VLG3132;LPA;LCG;AIRBUS A320;Abertura de claros;15/04/18
AEA7235;MAD;LCG;EMBRAER ERJ-195;Abertura de claros;15/04/18
IBE0524;MAD;LCG;AIRBUS A319;Abertura de claros;15/04/18
VLG1299;SVQ;LCG;AIRBUS A320;Nubosidad variable;15/04/18
AEA7237;MAD;LCG;EMBRAER ERJ-195;Abertura de claros;15/04/18
IBE0522;MAD;LCG;AIRBUS A319;Abertura de claros;15/04/18
VLG1290;BCN;LCG;32A;Nubes altas;15/04/18
AEA7231;MAD;LCG;EMBRAER ERJ-195;Abertura de claros;15/04/18
IBB659;TFN;VDE;ATR-72;Despejado;15/04/18
IBB663;TFN;VDE;ATR-72;Despejado;15/04/18
IBB365;LPA;VDE;ATR-72;Abertura de claros;15/04/18
CNF247;TFN;VDE;ATR-42/72;Despejado;15/04/18
IBB673;TFN;VDE;ATR-72;Despejado;15/04/18
IBS2237;TFN;VDE;ATR-72;Despejado;17/04/18
IBB655;TFN;VDE;ATR-72;Despejado;16/04/18
IBB659;TFN;VDE;ATR-72;Despejado;16/04/18
EZY3956;AGP;CDG;32A;Despejado;15/04/18
EZY1924;AGP;MAN;32A;Despejado;15/04/18
TOM2795;AGP;MAN;BOEING 737-800 WINGLETS;Despejado;15/04/18
TOM1733;AGP;NCL;BOEING 737-800 WINGLETS;Despejado;15/04/18
EZY6052;AGP;BRS;32A;Despejado;15/04/18
RYR4110;AGP;FRA;BOEING 737-800 WINGLETS;Despejado;15/04/18
TOM2743;AGP;MAN;BOEING 737-800 WINGLETS;Despejado;15/04/18
RYR2157;AGP;BHX;BOEING 737-800 WINGLETS;Despejado;15/04/18
EZY6862;AGP;GLA;32A;Despejado;15/04/18
EZY7958;AGP;AMS;32A;Despejado;15/04/18
VLG2655;AGP;SCQ;AIRBUS A320;Despejado;15/04/18
RYR9863;AGP;LPL;BOEING 737-800 WINGLETS;Despejado;15/04/18
PRI542;AGP;AAL;BOEING 737-800 WINGLETS;Despejado;15/04/18
TOM4761;AGP;LGW;BOEING 737-800 WINGLETS;Despejado;15/04/18
RYR8163;AGP;STN;BOEING 737-800 WINGLETS;Despejado;15/04/18
TOM6715;AGP;CWL;BOEING 737-800 WINGLETS;Despejado;15/04/18
AEA5036;AGP;MAD;ATR-72;Despejado;15/04/18
EXS858;AGP;EDI;BOEING 737-800 WINGLETS;Despejado;15/04/18
SAS588;AGP;CPH;AIRBUS A321;Despejado;15/04/18
SAS4684;AGP;OSL;BOEING 737-800;Despejado;15/04/18
EIN583;AGP;DUB;AIRBUS A330-300;Despejado;15/04/18
TOM7753;AGP;EMA;BOEING 737-800 WINGLETS;Despejado;15/04/18
TOM5731;AGP;LTN;BOEING 737-800 WINGLETS;Despejado;15/04/18
IBB146;TFN;LPA;ATR-42/72;Despejado;15/04/18
IBS3943;TFN;MAD;32A;Despejado;15/04/18
AEA9463;TFN;SPC;ATR-72;Despejado;15/04/18
IBB110;TFN;LPA;ATR-42/72;Despejado;15/04/18
IBB619;TFN;SPC;ATR-42/72;Despejado;15/04/18
IBB132;TFN;LPA;ATR-72;Despejado;15/04/18
AEA9402;TFN;LPA;ATR-72;Despejado;15/04/18
IBB6810;LPA;TFN;BOMBARDIER CRJ-1000;Abertura de claros;15/04/18
VLG3277;TFN;AGP;AIRBUS A320;Despejado;15/04/18
IBB468;TFN;ACE;ATR-72;Despejado;15/04/18
IBB454;TFN;ACE;ATR-42/72;Despejado;15/04/18
IBB621;TFN;SPC;ATR-42/72;Despejado;15/04/18
IBB416;TFN;FUE;ATR-42/72;Despejado;15/04/18
IBS3937;TFN;MAD;AIRBUS A320;Despejado;15/04/18
CNF652;TFN;LPA;ATR-42/72;Despejado;15/04/18
IBB158;TFN;LPA;ATR-42/72;Despejado;15/04/18
IBB629;TFN;SPC;ATR-42/72;Despejado;15/04/18
VLG3255;TFN;SVQ;AIRBUS A320;Despejado;15/04/18
CNF452;TFN;SPC;ATR-72;Despejado;15/04/18
IBB470;TFN;ACE;ATR-42/72;Despejado;15/04/18
AEA9049;TFN;MAD;BOEING 737-800 WINGLETS;Despejado;15/04/18
BEL3788;ACE;BRU;AIRBUS A320;Despejado;15/04/18
LGL742;ACE;LUX;BOEING 737-800 WINGLETS;Despejado;15/04/18
AEA9076;ACE;MAD;BOEING 737-800 WINGLETS;Despejado;15/04/18
TUI2843;ACE;MUC;BOEING 737-800 WINGLETS;Despejado;15/04/18
AEA9448;ACE;LPA;ATR-72;Despejado;15/04/18
RYR4896;ACE;BLQ;BOEING 737-800 WINGLETS;Despejado;15/04/18
TUI2293;ACE;DUS;BOEING 737-800 WINGLETS;Despejado;15/04/18
IBB505;ACE;LPA;BOMBARDIER CRJ-1000;Despejado;15/04/18
TUI2189;ACE;HAJ;BOEING 737-800 WINGLETS;Despejado;15/04/18
TOM6739;ACE;EXT;BOEING 737-800 WINGLETS;Despejado;15/04/18
EZY8682;ACE;LGW;32A;Despejado;15/04/18
RYR3512;ACE;LTN;BOEING 737-800 WINGLETS;Despejado;15/04/18
RYR7125;ACE;DUB;BOEING 737-800 WINGLETS;Despejado;15/04/18
TOM1769;ACE;GLA;BOEING 757-200  WINGLETS;Despejado;15/04/18
RYR2132;ACE;MAN;BOEING 737-800 WINGLETS;Despejado;15/04/18
TOM7763;ACE;BHX;BOEING 757-200  WINGLETS;Despejado;15/04/18
CNF722;ACE;LPA;ATR-42/72;Despejado;15/04/18
RYR5858;ACE;EIN;BOEING 737-800 WINGLETS;Despejado;15/04/18
RYR3173;ACE;EMA;BOEING 737-800 WINGLETS;Despejado;15/04/18
TOM6751;ACE;BRS;BOEING 757-200  WINGLETS;Despejado;15/04/18
RYR8289;ACE;STN;BOEING 737-800 WINGLETS;Despejado;15/04/18
NAX1737;PMI;OSL;BOEING 737-800 WINGLETS;Despejado;15/04/18
EWG8591;PMI;TXL;AIRBUS A320;Despejado;15/04/18
EXS832;PMI;MAN;BOEING 737-800;Despejado;15/04/18
EXS1276;PMI;BHX;BOEING 737-800 WINGLETS;Despejado;15/04/18
DLH343;PMI;FRA;AIRBUS A321;Despejado;15/04/18
EZY5804;PMI;TXL;AIRBUS A320;Despejado;15/04/18
RYR3442;PMI;MAN;BOEING 737-800 WINGLETS;Despejado;15/04/18
RYR8245;PMI;BRS;BOEING 737-800 WINGLETS;Despejado;15/04/18
EXS190;PMI;GLA;BOEING 737-800 WINGLETS;Despejado;15/04/18
EZY8620;PMI;LGW;32A;Despejado;15/04/18
EWG9575;PMI;DUS;AIRBUS A340-300;Despejado;15/04/18
BAW497;PMI;LHR;32A;Despejado;15/04/18
EXS532;PMI;NCL;BOEING 737-300 WINGLETS;Despejado;15/04/18
DLH1159;PMI;FRA;AIRBUS A321;Despejado;15/04/18
EWG9593;PMI;DUS;32A;Despejado;15/04/18
BEE1584;PMI;SOU;DE HAVILLAND DHC-8-400;Despejado;15/04/18
RYR6657;PMI;EDI;BOEING 737-800 WINGLETS;Despejado;15/04/18
ANE8333;PMI;OVD;CANADAIR CRJ-200;Despejado;15/04/18
IBS9528;PMI;VLL;AIRBUS A320;Despejado;15/04/18
IBK6772;PMI;MAD;BOEING 737-800 WINGLETS;Despejado;15/04/18
AEA6048;PMI;MAD;BOEING 737-800 WINGLETS;Despejado;15/04/18
CNF419;SPC;TFN;ATR-42/72;Abertura de claros;15/04/18
IBB610;SPC;TFN;ATR-42/72;Abertura de claros;15/04/18
AEA9464;SPC;TFN;ATR-72;Abertura de claros;15/04/18
IBB620;SPC;TFN;ATR-42/72;Abertura de claros;15/04/18
IBB622;SPC;TFN;ATR-42/72;Abertura de claros;15/04/18
IBS3843;SPC;MAD;AIRBUS A320;Abertura de claros;15/04/18
IBB630;SPC;TFN;ATR-42/72;Abertura de claros;15/04/18
CNF453;SPC;TFN;ATR-72;Abertura de claros;15/04/18
IBB312;SPC;LPA;BOMBARDIER CRJ-1000;Abertura de claros;15/04/18
DE1407;SPC;FRA;BOEING 757-300 WINGLETS;Abertura de claros;15/04/18
IBB632;SPC;TFN;ATR-42/72;Abertura de claros;15/04/18
AEA9466;SPC;TFN;ATR-72;Abertura de claros;15/04/18
IBB634;SPC;TFN;ATR-42/72;Abertura de claros;15/04/18
IBB636;SPC;TFN;ATR-42/72;Abertura de claros;15/04/18
AEA9480;SPC;TFN;ATR-72;Abertura de claros;15/04/18
IBB316;SPC;LPA;ATR-42/72;Abertura de claros;15/04/18
TFL666;SPC;TFS;BOEING 767-300 WINGLETS;Abertura de claros;15/04/18
IBB638;SPC;TFN;ATR-42/72;Abertura de claros;15/04/18
IBB626;SPC;TFN;ATR-42/72;Abertura de claros;15/04/18
IBB640;SPC;TFN;ATR-72;Abertura de claros;15/04/18
CNF468;SPC;TFN;ATR-72;Abertura de claros;15/04/18
TOM2707;SPC;MAN;BOEING 737-800 WINGLETS;Abertura de claros;15/04/18
AEA9468;SPC;TFN;ATR-72;Abertura de claros;15/04/18
TUI2169;LPA;STR;7S8;Abertura de claros;15/04/18
TRA5664;LPA;AMS;BOEING 737-800 WINGLETS;Abertura de claros;15/04/18
IBB912;LPA;FNC;ATR-72;Abertura de claros;15/04/18
LGL326;LPA;LUX;BOEING 737-700 WINGLETS;Abertura de claros;15/04/18
DE1405;LPA;FRA;BOEING 757-300 WINGLETS;Abertura de claros;15/04/18
EWG1805;LPA;MUC;32A;Abertura de claros;15/04/18
IBB6810;LPA;TFN;BOMBARDIER CRJ-1000;Abertura de claros;15/04/18
TUI2263;LPA;HAJ;BOEING 737-800 WINGLETS;Abertura de claros;15/04/18
EWG9543;LPA;DUS;32A;Abertura de claros;15/04/18
AEA9401;LPA;TFN;ATR-72;Abertura de claros;15/04/18
IBS3827;LPA;MAD;AIRBUS A320;Abertura de claros;15/04/18
TUI2917;LPA;TXL;BOEING 737-700;Abertura de claros;15/04/18
EWG7267;LPA;HAM;BOEING 737-800 WINGLETS;Abertura de claros;15/04/18
LLX5072;LPA;FUE;AIRBUS A321;Abertura de claros;15/04/18
IBB127;LPA;TFN;ATR-72;Abertura de claros;15/04/18
JAF7912;LPA;LGG;BOEING 737-700 WINGLETS;Abertura de claros;15/04/18
FIN1722;LPA;HEL;32B;Abertura de claros;15/04/18
IBK5872;LPA;OSL;BOEING 737-800 WINGLETS;Abertura de claros;15/04/18
EWG269;LPA;CGN;BOEING 737-800 WINGLETS;Abertura de claros;15/04/18
IBE8790;MAD;MLN;ATR-72;Abertura de claros;15/04/18
IBE8264;AGP;MLN;ATR-72;Despejado;15/04/18
IBE8270;AGP;MLN;ATR-72;Despejado;15/04/18
AEA5005;AGP;MLN;ATR-72;Despejado;15/04/18
IBE8798;MAD;MLN;ATR-72;Abertura de claros;15/04/18
IBE8274;AGP;MLN;ATR-72;Despejado;15/04/18
IBE8260;AGP;MLN;ATR-72;Despejado;16/04/18
AEA5001;AGP;MLN;ATR-72;Despejado;16/04/18
IBE8262;AGP;MLN;ATR-72;Despejado;16/04/18
IBE8792;MAD;MLN;ATR-72;Abertura de claros;16/04/18
AEA7302;MAD;VGO;EMBRAER ERJ-195;Abertura de claros;15/04/18
IBE0532;MAD;VGO;AIRBUS A319;Abertura de claros;15/04/18
LAV5463;TFN;VGO;BOEING 737-400;Despejado;15/04/18
AEA7300;MAD;VGO;EMBRAER ERJ-195;Abertura de claros;15/04/18
IBE0534;MAD;VGO;AIRBUS A320;Abertura de claros;15/04/18
RYR245;BCN;VGO;BOEING 737-800 WINGLETS;Nubes altas;15/04/18
AEA7306;MAD;VGO;EMBRAER ERJ-195;Abertura de claros;15/04/18
RYR6384;BCN;SDR;BOEING 737-800 WINGLETS;Nubes altas;15/04/18
IBE0554;MAD;SDR;AIRBUS A319;Abertura de claros;15/04/18
IBE0556;MAD;SDR;AIRBUS A319;Abertura de claros;15/04/18
VLG1590;BCN;SDR;32A;Nubes altas;15/04/18
IBE8878;MAD;SDR;CANADAIR CRJ-900;Abertura de claros;15/04/18
IBE0552;MAD;SDR;AIRBUS A320;Abertura de claros;16/04/18
VLG1592;BCN;SDR;AIRBUS A320;Nubes altas;16/04/18
IBE0554;MAD;SDR;AIRBUS A319;Abertura de claros;16/04/18
RYR7037;GRO;DUB;BOEING 737-800 WINGLETS;Nubosidad variable;15/04/18
RYR9364;GRO;PSR;BOEING 737-800 WINGLETS;Nubosidad variable;15/04/18
RYR9241;GRO;PSA;BOEING 737-800 WINGLETS;Nubosidad variable;15/04/18
RYR9803;GRO;STN;BOEING 737-800 WINGLETS;Nubosidad variable;15/04/18
PBD832;GRO;VKO;BOEING 737-800 WINGLETS;Nubosidad variable;15/04/18
RYR9211;GRO;FKB;BOEING 737-800 WINGLETS;Nubosidad variable;15/04/18
RYR9335;GRO;BRS;BOEING 737-800 WINGLETS;Nubosidad variable;15/04/18
RYR4482;GRO;RIX;BOEING 737-800 WINGLETS;Nubosidad variable;15/04/18
RYR5122;GRO;POZ;BOEING 737-800 WINGLETS;Nubosidad variable;15/04/18
RYR9303;GRO;EDI;BOEING 737-800 WINGLETS;Nubosidad variable;15/04/18
RYR1131;GRO;EMA;BOEING 737-800 WINGLETS;Nubosidad variable;15/04/18
RYR6903;GRO;CRL;BOEING 737-800 WINGLETS;Nubosidad variable;15/04/18
RYR6391;GRO;NRN;BOEING 737-800 WINGLETS;Nubosidad variable;15/04/18
TRA5766;GRO;AMS;BOEING 737-800 WINGLETS;Nubosidad variable;15/04/18
RYR2201;GRO;KRK;BOEING 737-800 WINGLETS;Nubosidad variable;16/04/18
RYR9026;GRO;BTS;BOEING 737-800 WINGLETS;Nubosidad variable;16/04/18
RYR6901;GRO;CRL;BOEING 737-800 WINGLETS;Nubosidad variable;16/04/18
RYR4480;GRO;KUN;BOEING 737-800 WINGLETS;Nubosidad variable;16/04/18
RYR4275;GRO;FRA;BOEING 737-800 WINGLETS;Nubosidad variable;16/04/18
RYR9241;GRO;PSA;BOEING 737-800 WINGLETS;Nubosidad variable;16/04/18
RYR6391;GRO;NRN;BOEING 737-800 WINGLETS;Nubosidad variable;15/04/18
RYR8047;GRO;BHX;BOEING 737-800 WINGLETS;Nubosidad variable;16/04/18
RYR9123;GRO;EIN;BOEING 737-800 WINGLETS;Nubosidad variable;16/04/18
RYR9302;GRO;BFS;BOEING 737-800 WINGLETS;Nubosidad variable;16/04/18
VLG2251;SVQ;BCN;32A;Nubosidad variable;15/04/18
VLG1671;SCQ;BCN;32A;Lluvia débil;15/04/18
IBE8430;VLC;IBZ;ATR-72;Despejado;15/04/18
IBE8910;MAD;IBZ;BOMBARDIER CRJ-1000;Abertura de claros;15/04/18
VLG3695;VLC;IBZ;AIRBUS A320;Despejado;15/04/18
VLG3510;BCN;IBZ;AIRBUS A320;Nubes altas;15/04/18
IBE8110;PMI;IBZ;BOMBARDIER CRJ-1000;Despejado;17/04/18
AEA6025;MAD;IBZ;EMBRAER ERJ-195;Abertura de claros;15/04/18
AEA1706;PMI;IBZ;ATR-72;Despejado;15/04/18
RYR7216;VLC;IBZ;BOEING 737-800 WINGLETS;Despejado;15/04/18
RYR8146;AGP;IBZ;BOEING 737-800 WINGLETS;Despejado;15/04/18
VLG2020;BCN;GRX;32A;Nubes altas;15/04/18
AEA5201;PMI;GRX;EMBRAER ERJ-195;Despejado;15/04/18
VLG3933;PMI;GRX;AIRBUS A320;Despejado;15/04/18
IBE8646;MAD;GRX;BOMBARDIER CRJ-1000;Abertura de claros;15/04/18
IBE8642;MAD;GRX;BOMBARDIER CRJ-1000;Abertura de claros;15/04/18
VLG2014;BCN;GRX;AIRBUS A320;Nubes altas;15/04/18
VLG2016;BCN;GRX;32B;Nubes altas;15/04/18
IBE8648;MAD;GRX;BOMBARDIER CRJ-1000;Abertura de claros;15/04/18
IBE8640;MAD;GRX;BOMBARDIER CRJ-1000;Abertura de claros;16/04/18
VLG2020;BCN;GRX;AIRBUS A320;Nubes altas;16/04/18
AEA5201;PMI;GRX;EMBRAER ERJ-195;Despejado;16/04/18
VLG3933;PMI;GRX;AIRBUS A320;Despejado;16/04/18
OLY727;FUE;ZRH;AIRBUS A321;Despejado;15/04/18
TRA6706;FUE;AMS;BOEING 737-800 WINGLETS;Despejado;15/04/18
RYR8627;FUE;NRN;BOEING 737-800 WINGLETS;Despejado;15/04/18
EWG1813;FUE;MUC;AIRBUS A320;Despejado;15/04/18
LGL734;FUE;LUX;BOEING 737-800 WINGLETS;Despejado;15/04/18
IBB211;FUE;LPA;ATR-42/72;Despejado;15/04/18
RYR8183;FUE;STN;BOEING 737-800 WINGLETS;Despejado;15/04/18
IBB423;FUE;TFN;ATR-42/72;Despejado;15/04/18
LLC6703;FUE;LYS;AIRBUS A320;Despejado;15/04/18
CNF810;FUE;LPA;ATR-72;Despejado;15/04/18
LLX5572;FUE;DUS;AIRBUS A320;Despejado;15/04/18
RYR5469;FUE;MAD;BOEING 737-800 WINGLETS;Despejado;15/04/18
LLX5072;LPA;FUE;AIRBUS A321;Abertura de claros;15/04/18
IBB213;FUE;LPA;ATR-42/72;Despejado;15/04/18
DTR215;FUE;CPH;AIRBUS A320;Despejado;15/04/18
VLG3015;FUE;BCN;BOEING 737-800 WINGLETS;Despejado;15/04/18
DTR793;FUE;BLL;MCDONNELL DOUGLAS MD-83;Despejado;15/04/18
IBS3907;FUE;MAD;AIRBUS A321;Despejado;15/04/18
MYX872;FUE;CPH;AIRBUS A321;Despejado;15/04/18
IBB417;FUE;TFN;ATR-42/72;Despejado;15/04/18
IBE2292;FUE;TFN;ATR-42/72;Despejado;15/04/18
VLG1251;BCN;LEI;AIRBUS A320;Nubes altas;15/04/18
IBE8598;MAD;LEI;CANADAIR CRJ-900;Abertura de claros;15/04/18
AEA2633;ZAZ;LEI;BOEING 737-800 WINGLETS;Nubes altas;15/04/18
IBE8212;PMI;LEI;CANADAIR CRJ-200;Despejado;17/04/18
IBE8592;MAD;LEI;BOMBARDIER CRJ-1000;Abertura de claros;15/04/18
AEA2647;BCN;LEI;BOEING 737-800 WINGLETS;Nubes altas;15/04/18
IBE8588;MAD;LEI;CANADAIR CRJ-200;Abertura de claros;15/04/18
IBE8933;SVQ;LEI;CANADAIR CRJ-200;Nubosidad variable;15/04/18
IBE8600;MAD;LEI;BOMBARDIER CRJ-1000;Abertura de claros;15/04/18
IBE8931;SVQ;LEI;CANADAIR CRJ-200;Nubosidad variable;16/04/18
IBE8594;MAD;LEI;BOMBARDIER CRJ-1000;Abertura de claros;16/04/18
VLG1251;BCN;LEI;AIRBUS A320;Nubes altas;16/04/18
IBE0410;MAD;XRY;AIRBUS A320;Abertura de claros;15/04/18
VLG2286;BCN;XRY;AIRBUS A320;Nubes altas;15/04/18
RYR1283;BCN;XRY;BOEING 737-800 WINGLETS;Nubes altas;15/04/18
IBE0404;MAD;XRY;AIRBUS A319;Abertura de claros;15/04/18
IBE0406;MAD;XRY;AIRBUS A319;Abertura de claros;15/04/18
IBE8510;MAD;XRY;CANADAIR CRJ-900;Abertura de claros;16/04/18
IBE0410;MAD;XRY;AIRBUS A319;Abertura de claros;16/04/18
RYR8383;ALC;STN;BOEING 737-800 WINGLETS;Nubes altas;15/04/18
EZY6702;ALC;BFS;AIRBUS A319;Nubes altas;15/04/18
JAF7222;ALC;ANR;EMBRAER 190;Nubes altas;15/04/18
EZY1918;ALC;MAN;AIRBUS A320;Nubes altas;15/04/18
SAS1854;ALC;ARN;32A;Nubes altas;15/04/18
RYR9078;ALC;LBA;BOEING 737-800 WINGLETS;Nubes altas;15/04/18
AEA4042;ALC;MAD;ATR-72;Nubes altas;15/04/18
EXS272;ALC;LBA;BOEING 737-800 WINGLETS;Nubes altas;15/04/18
VLG1307;ALC;BCN;32A;Nubes altas;15/04/18
VOE2429;ALC;BOD;AIRBUS A319;Nubes altas;15/04/18
BEE1716;ALC;SOU;EMBRAER 190;Nubes altas;15/04/18
BEE4438;ALC;DSA;EMBRAER E-175;Nubes altas;15/04/18
RYR9887;ALC;LPL;BOEING 737-800 WINGLETS;Nubes altas;15/04/18
PRI2876;ALC;STN;BOEING 737-800 WINGLETS;Nubes altas;15/04/18
NAX4266;ALC;GOT;BOEING 737-800 WINGLETS;Nubes altas;15/04/18
KLM1508;ALC;AMS;BOEING 737-700 WINGLETS;Nubes altas;15/04/18
VOE3585;ALC;OVD;BOEING 717;Nubes altas;15/04/18
RYR2934;ALC;BRU;BOEING 737-800 WINGLETS;Nubes altas;15/04/18
VOE2547;ALC;MRS;BOEING 717;Nubes altas;15/04/18
BAW2633;ALC;LGW;AIRBUS A320;Nubes altas;15/04/18
RYR8538;ALC;SCQ;BOEING 737-800 WINGLETS;Nubes altas;15/04/18
TRA6624;ALC;EIN;BOEING 737-800 WINGLETS;Nubes altas;15/04/18
RYR3041;SVQ;SCQ;BOEING 737-800 WINGLETS;Nubosidad variable;15/04/18
VLG3246;TFN;SCQ;AIRBUS A320;Despejado;15/04/18
VLG2655;AGP;SCQ;AIRBUS A320;Despejado;15/04/18
RYR8538;ALC;SCQ;BOEING 737-800 WINGLETS;Nubes altas;15/04/18
IBS3878;MAD;SCQ;32A;Abertura de claros;15/04/18
VLG1676;BCN;SCQ;AIRBUS A320;Nubes altas;15/04/18
AEA2629;BCN;SCQ;BOEING 737-800 WINGLETS;Nubes altas;15/04/18
VLG1672;BCN;SCQ;32A;Nubes altas;15/04/18
RYR2001;ACE;SCQ;BOEING 737-800 WINGLETS;Despejado;15/04/18
VLG3980;PMI;SCQ;AIRBUS A320;Despejado;15/04/18
IBE8366;PMI;SCQ;CANADAIR CRJ-200;Despejado;17/04/18
RYR6381;BCN;SCQ;BOEING 737-800 WINGLETS;Nubes altas;15/04/18
RYR5317;MAD;SCQ;BOEING 737-800 WINGLETS;Abertura de claros;15/04/18
RYR7003;LPA;SCQ;BOEING 737-800 WINGLETS;Abertura de claros;15/04/18
RYR723;PMI;SCQ;BOEING 737-800 WINGLETS;Despejado;15/04/18
IBE8334;VLC;OVD;CANADAIR CRJ-200;Despejado;15/04/18
IBE0488;MAD;OVD;AIRBUS A321;Abertura de claros;15/04/18
IBE8333;PMI;OVD;CANADAIR CRJ-200;Despejado;17/04/18
VLG1579;BCN;OVD;AIRBUS A320;Nubes altas;15/04/18
VOE3585;ALC;OVD;BOEING 717;Nubes altas;15/04/18
IBE0476;MAD;OVD;AIRBUS A320;Abertura de claros;15/04/18
VLG3864;PMI;OVD;AIRBUS A320;Despejado;15/04/18
VOE3924;AGP;OVD;BOEING 717;Despejado;15/04/18
IBE0480;MAD;OVD;AIRBUS A320;Abertura de claros;15/04/18
IBE0482;MAD;OVD;AIRBUS A320;Abertura de claros;15/04/18
VLG1571;BCN;OVD;AIRBUS A320;Nubes altas;15/04/18
VLG1573;BCN;OVD;AIRBUS A320;Nubes altas;16/04/18
IBE0478;MAD;OVD;AIRBUS A321;Abertura de claros;16/04/18
IBS9500;PMI;OVD;AIRBUS A320;Despejado;16/04/18
IBE8974;MAD;VLC;BOMBARDIER CRJ-1000;Abertura de claros;15/04/18
IBE8635;PMI;VLC;BOMBARDIER CRJ-1000;Despejado;17/04/18
IBE8441;IBZ;VLC;ATR-72;Despejado;15/04/18
IBE8335;OVD;VLC;CANADAIR CRJ-200;Lluvia;15/04/18
VLG3694;IBZ;VLC;AIRBUS A320;Despejado;15/04/18
VLG3147;FUE;AGP;AIRBUS A320;Despejado;15/04/18
IBE2802;MAD;AGP;AIRBUS A319;Abertura de claros;15/04/18
IBE8263;MLN;AGP;ATR-72;Despejado;15/04/18
AEA7157;MAD;BIO;EMBRAER ERJ-195;Abertura de claros;15/04/18
VLG1451;ALC;BIO;AIRBUS A320;Nubes altas;15/04/18
IBE0426;MAD;BIO;AIRBUS A320;Abertura de claros;15/04/18
VLG2509;SVQ;BIO;AIRBUS A320;Nubosidad variable;15/04/18
VLG3281;ACE;BIO;AIRBUS A320;Despejado;15/04/18
IBE8662;MAH;BIO;BOMBARDIER CRJ-1000;Despejado;15/04/18
VLG3945;PMI;BIO;AIRBUS A320;Despejado;15/04/18
IBB650;GMZ;TFN;ATR-42/72;Abertura de claros;15/04/18
CNF419;SPC;TFN;ATR-42/72;Abertura de claros;15/04/18
IBB6810;LPA;TFN;BOMBARDIER CRJ-1000;Abertura de claros;15/04/18
AEA9401;LPA;TFN;ATR-72;Abertura de claros;15/04/18
VLG3276;AGP;TFN;AIRBUS A320;Despejado;15/04/18
IBB127;LPA;TFN;ATR-72;Abertura de claros;15/04/18
IBB662;VDE;TFN;ATR-72;Nubes altas;15/04/18
IBB423;FUE;TFN;ATR-42/72;Despejado;15/04/18
IBB133;LPA;TFN;ATR-72;Abertura de claros;15/04/18
AEA9464;SPC;TFN;ATR-72;Abertura de claros;15/04/18
IBS3946;MAD;TFN;AIRBUS A320;Abertura de claros;15/04/18
IBB620;SPC;TFN;ATR-42/72;Abertura de claros;15/04/18
VLG3254;SVQ;TFN;AIRBUS A320;Nubosidad variable;15/04/18
AEA9118;MAD;TFN;BOEING 737-800 WINGLETS;Abertura de claros;15/04/18
VLG3216;BCN;TFN;32B;Nubes altas;15/04/18
ANE8365;SCQ;PMI;CANADAIR CRJ-200;Despejado;17/04/18
VLG3944;BIO;PMI;AIRBUS A320;Lluvia débil;15/04/18
ANE8692;BIO;PMI;BOMBARDIER CRJ-1000;Despejado;17/04/18
AEA6037;BCN;PMI;BOEING 737-800 WINGLETS;Nubes altas;15/04/18
IBS3914;MAD;PMI;AIRBUS A321;Abertura de claros;15/04/18
CNF721;LPA;ACE;ATR-72;Abertura de claros;15/04/18
IBB508;LPA;ACE;BOMBARDIER CRJ-1000;Abertura de claros;15/04/18
IBS3856;MAD;ACE;AIRBUS A320;Abertura de claros;15/04/18
IBB516;LPA;ACE;ATR-72;Abertura de claros;15/04/18
VLG3257;TFN;SVQ;AIRBUS A320;Despejado;15/04/18
IBS3950;MAD;SVQ;32A;Abertura de claros;15/04/18
EVE1606;ZAZ;SVQ;32A;Nubes altas;15/04/18
RYR3042;SCQ;SVQ;BOEING 737-800 WINGLETS;Lluvia débil;15/04/18
VLG2510;BIO;SVQ;AIRBUS A320;Lluvia débil;15/04/18
VOE3528;BIO;SVQ;BOEING 717;Lluvia débil;15/04/18
VLG1298;LCG;SVQ;32A;Lluvia débil;15/04/18
VLG3965;VLC;SVQ;AIRBUS A320;Despejado;15/04/18
RYR2200;VLL;SVQ;BOEING 737-800 WINGLETS;Chubascos dispersos;15/04/18
VLG3940;PMI;SVQ;AIRBUS A320;Despejado;15/04/18
IBE8846;VLC;SVQ;ATR-72;Despejado;15/04/18
IBS3952;MAD;SVQ;AIRBUS A320;Abertura de claros;15/04/18
VLG3255;TFN;SVQ;AIRBUS A320;Despejado;15/04/18
RYR2207;VLC;SVQ;BOEING 737-800 WINGLETS;Despejado;15/04/18
AEA4537;PMI;MAH;ATR-72;Despejado;15/04/18
IBE8956;MAD;MAH;BOMBARDIER CRJ-1000;Abertura de claros;15/04/18
AAL8564;MAD;MAH;BOMBARDIER CRJ-1000;Abertura de claros;15/04/18
IBE8498;PMI;MAH;ATR-42/72;Despejado;17/04/18
IBE8663;BIO;MAH;BOMBARDIER CRJ-1000;Lluvia débil;15/04/18
AEA4531;PMI;MAH;ATR-72;Despejado;15/04/18
IBE8488;PMI;MAH;CANADAIR CRJ-200;Despejado;17/04/18
RYR6881;BCN;MAH;BOEING 737-800 WINGLETS;Nubes altas;15/04/18
IBE8024;MAD;MAH;CANADAIR CRJ-900;Abertura de claros;15/04/18
VLG3716;BCN;MAH;AIRBUS A320;Nubes altas;15/04/18
VLG3700;BCN;MAH;AIRBUS A320;Nubes altas;15/04/18
IBE8734;VLC;MAH;ATR-72;Despejado;15/04/18
IBE8492;PMI;MAH;ATR-42/72;Despejado;17/04/18
IBE8496;PMI;MAH;BOMBARDIER CRJ-1000;Despejado;17/04/18
VLG3718;BCN;MAH;AIRBUS A321;Nubes altas;15/04/18
IBE8954;MAD;MAH;BOMBARDIER CRJ-1000;Abertura de claros;15/04/18
QTR6553;MAH;MAD;BOMBARDIER CRJ-1000;Despejado;15/04/18
IBE8494;PMI;MAH;ATR-72;Despejado;17/04/18
VLG3712;BCN;MAH;AIRBUS A320;Nubes altas;16/04/18
IBB123;LPA;TFS;ATR-72;Abertura de claros;15/04/18
IBB619;TFN;SPC;ATR-42/72;Despejado;15/04/18
IBB621;TFN;SPC;ATR-42/72;Despejado;15/04/18
IBS3842;MAD;SPC;AIRBUS A320;Abertura de claros;15/04/18
IBB629;TFN;SPC;ATR-42/72;Despejado;15/04/18
CNF452;TFN;SPC;ATR-72;Despejado;15/04/18
IBB311;LPA;SPC;BOMBARDIER CRJ-1000;Abertura de claros;15/04/18
IBB631;TFN;SPC;ATR-42/72;Despejado;15/04/18
AEA9465;TFN;SPC;ATR-72;Despejado;15/04/18
IBB633;TFN;SPC;ATR-42/72;Despejado;15/04/18
IBB623;TFN;SPC;ATR-42/72;Despejado;15/04/18
IBB315;LPA;SPC;ATR-72;Abertura de claros;15/04/18
AEA9479;TFN;SPC;ATR-72;Despejado;15/04/18
IBB637;TFN;SPC;ATR-42/72;Despejado;15/04/18
IBB625;TFN;SPC;ATR-42/72;Despejado;15/04/18
IBB639;TFN;SPC;ATR-72;Despejado;15/04/18
CNF467;TFN;SPC;ATR-72;Despejado;15/04/18
IBB643;TFN;SPC;ATR-42/72;Despejado;15/04/18
OLY726;TFS;FUE;AIRBUS A321;Despejado;15/04/18
IBB422;TFN;FUE;ATR-42/72;Despejado;15/04/18
CNF809;LPA;FUE;ATR-72;Abertura de claros;15/04/18
LLX5072;LPA;FUE;AIRBUS A321;Abertura de claros;15/04/18
RYR5468;MAD;FUE;BOEING 737-800 WINGLETS;Abertura de claros;15/04/18
VLG3014;BCN;FUE;BOEING 737-800 WINGLETS;Nubes altas;15/04/18
IBB212;LPA;FUE;ATR-72;Abertura de claros;15/04/18
IBS3906;MAD;FUE;AIRBUS A321;Abertura de claros;15/04/18
IBB416;TFN;FUE;ATR-42/72;Despejado;15/04/18
IBB222;LPA;FUE;ATR-72;Abertura de claros;15/04/18
IBB214;LPA;FUE;ATR-72;Abertura de claros;15/04/18
VLG1450;BIO;ALC;AIRBUS A320;Lluvia débil;15/04/18
IBE8313;BJZ;BCN;BOMBARDIER CRJ-1000;Lluvia;15/04/18
IBB652;GMZ;TFN;ATR-42/72;Abertura de claros;15/04/18
IBB650;GMZ;TFN;ATR-72;Abertura de claros;16/04/18
IBE8312;BCN;BJZ;BOMBARDIER CRJ-1000;Despejado;17/04/18
RYR5538;VIT;BGY;BOEING 737-800 WINGLETS;Chubascos dispersos;15/04/18
RYR4421;VIT;CGN;BOEING 737-800 WINGLETS;Chubascos dispersos;16/04/18
HTY118;AEI;JCU;AWH;Despejado;15/04/18
HTY140;AEI;JCU;AWH;Despejado;15/04/18
HTY102;AEI;JCU;AWH;Despejado;16/04/18
HTY134;AEI;JCU;AWH;Despejado;16/04/18
HTY108;AEI;JCU;AWH;Despejado;16/04/18
IBS9530;VLL;PMI;AIRBUS A320;Chubascos dispersos;15/04/18
RYR2200;VLL;SVQ;BOEING 737-800 WINGLETS;Chubascos dispersos;15/04/18
EVE1128;VLL;SVQ;32A;Chubascos dispersos;15/04/18
RYR6321;VLL;BCN;BOEING 737-800 WINGLETS;Chubascos dispersos;15/04/18
VLG1585;VLL;BCN;32A;Chubascos dispersos;15/04/18
EVE7151;VLL;ACE;AIRBUS A320;Chubascos dispersos;16/04/18
VLG1585;BCN;VLL;32A;Nubes altas;15/04/18
RYR9827;REU;HHN;BOEING 737-800 WINGLETS;Nubes altas;15/04/18
RYR2212;REU;EIN;BOEING 737-800 WINGLETS;Nubes altas;15/04/18
RYR1115;REU;DUB;BOEING 737-800 WINGLETS;Nubes altas;16/04/18
VLG3132;LPA;LCG;AIRBUS A320;Abertura de claros;15/04/18
AEA7235;MAD;LCG;EMBRAER ERJ-195;Abertura de claros;15/04/18
IBE0524;MAD;LCG;AIRBUS A319;Abertura de claros;15/04/18
VLG1299;SVQ;LCG;32A;Nubosidad variable;15/04/18
AEA7237;MAD;LCG;EMBRAER ERJ-195;Abertura de claros;15/04/18
IBE0522;MAD;LCG;AIRBUS A319;Abertura de claros;15/04/18
VLG1290;BCN;LCG;32A;Nubes altas;15/04/18
AEA7231;MAD;LCG;EMBRAER ERJ-195;Abertura de claros;15/04/18
EVE1606;ZAZ;SVQ;32A;Nubes altas;15/04/18
AEA2633;ZAZ;LEI;BOEING 737-800 WINGLETS;Nubes altas;15/04/18
RYR2635;ZAZ;STN;BOEING 737-800 WINGLETS;Nubes altas;15/04/18
RYR4634;ZAZ;BGY;BOEING 737-800 WINGLETS;Nubes altas;16/04/18
RYR1383;ZAZ;CRL;BOEING 737-800 WINGLETS;Nubes altas;16/04/18
IBB668;VDE;TFN;ATR-72;Nubes altas;15/04/18
IBB366;VDE;LPA;ATR-72;Nubes altas;15/04/18
IBS2247;VDE;LPA;ATR-72;Nubes altas;15/04/18
CNF248;VDE;TFN;ATR-72;Nubes altas;15/04/18
IBB674;VDE;TFN;ATR-72;Nubes altas;15/04/18
IBB656;VDE;TFN;ATR-72;Nubes altas;16/04/18
IBB662;VDE;TFN;ATR-72;Nubes altas;16/04/18
HTY117;JCU;AEI;AWH;Nubes altas;15/04/18
HTY139;JCU;AEI;AWH;Nubes altas;15/04/18
HTY101;JCU;AEI;AWH;Nubes altas;16/04/18
HTY133;JCU;AEI;AWH;Nubes altas;16/04/18
HTY107;JCU;AEI;AWH;Nubes altas;16/04/18
IBE6845;MAD;EZE;AIRBUS A340-600;Abertura de claros;15/04/18
TAP1019;MAD;LIS;32A;Abertura de claros;15/04/18
IBE8974;MAD;VLC;BOMBARDIER CRJ-1000;Abertura de claros;15/04/18
BEL3722;MAD;BRU;AIRBUS A319;Abertura de claros;15/04/18
AEA6025;MAD;IBZ;EMBRAER ERJ-195;Abertura de claros;15/04/18
KLM1702;MAD;AMS;BOEING 737-800 WINGLETS;Abertura de claros;15/04/18
IBE0411;XRY;MAD;AIRBUS A320;Nubosidad variable;15/04/18
VLG2287;XRY;BCN;AIRBUS A320;Nubosidad variable;15/04/18
RYR1284;XRY;BCN;BOEING 737-800 WINGLETS;Nubosidad variable;15/04/18
IBE0405;XRY;MAD;AIRBUS A319;Nubosidad variable;15/04/18
IBE0407;XRY;MAD;AIRBUS A319;Nubosidad variable;16/04/18
TUI2249;XRY;MUC;7S8;Nubosidad variable;16/04/18
IBE8511;XRY;MAD;CANADAIR CRJ-900;Nubosidad variable;16/04/18
TUI2223;XRY;STR;7S8;Nubosidad variable;16/04/18
TUI2273;XRY;FRA;7S8;Nubosidad variable;16/04/18
DE1557;XRY;DUS;32B;Nubosidad variable;16/04/18
TUI2253;XRY;DUS;7S8;Nubosidad variable;16/04/18
RYR8397;XRY;STN;BOEING 737-800 WINGLETS;Nubosidad variable;16/04/18
IBE0411;XRY;MAD;AIRBUS A320;Nubosidad variable;16/04/18
IBB653;TFN;GMZ;ATR-42/72;Despejado;15/04/18
IBB651;TFN;GMZ;ATR-72;Despejado;16/04/18
HTY227;JCU;AGP;AWH;Nubes altas;15/04/18
HTY117;JCU;AEI;AWH;Nubes altas;15/04/18
HTY139;JCU;AEI;AWH;Nubes altas;15/04/18
HTY259;JCU;AGP;AWH;Nubes altas;15/04/18
HTY101;JCU;AEI;AWH;Nubes altas;16/04/18
HTY221;JCU;AGP;AWH;Nubes altas;16/04/18
HTY133;JCU;AEI;AWH;Nubes altas;16/04/18
HTY107;JCU;AEI;AWH;Nubes altas;16/04/18
RYR6385;SDR;BCN;BOEING 737-800 WINGLETS;Chubascos dispersos;15/04/18
IBE0555;SDR;MAD;AIRBUS A319;Chubascos dispersos;15/04/18
RYR9156;SDR;CIA;BOEING 737-800 WINGLETS;Chubascos dispersos;15/04/18
RYR7153;SDR;DUB;BOEING 737-800 WINGLETS;Chubascos dispersos;15/04/18
IBE0557;SDR;MAD;AIRBUS A319;Chubascos dispersos;15/04/18
VLG1591;SDR;BCN;32A;Chubascos dispersos;15/04/18
RYR6058;SDR;CRL;BOEING 737-800 WINGLETS;Chubascos dispersos;15/04/18
RYR7366;SDR;NRN;BOEING 737-800 WINGLETS;Chubascos dispersos;15/04/18
RYR2613;SDR;STN;BOEING 737-800 WINGLETS;Chubascos dispersos;15/04/18
IBE8861;SDR;MAD;CANADAIR CRJ-900;Chubascos dispersos;16/04/18
IBE0553;SDR;MAD;AIRBUS A319;Chubascos dispersos;16/04/18
VLG1593;SDR;BCN;AIRBUS A320;Chubascos dispersos;16/04/18
RYR1779;SDR;BUD;BOEING 737-800 WINGLETS;Chubascos dispersos;16/04/18
VLG3262;SDR;PMI;AIRBUS A320;Chubascos dispersos;16/04/18
IBE0555;SDR;MAD;AIRBUS A319;Chubascos dispersos;16/04/18
IBE8671;SDR;MAH;BOMBARDIER CRJ-1000;Chubascos dispersos;16/04/18
RYR6702;IBZ;BLQ;BOEING 737-800 WINGLETS;Despejado;15/04/18
IBE8441;IBZ;VLC;ATR-72;Despejado;15/04/18
RYR8875;IBZ;PSA;BOEING 737-800 WINGLETS;Despejado;15/04/18
VLG3694;IBZ;VLC;AIRBUS A320;Despejado;15/04/18
RYR6703;IBZ;FCO;BOEING 737-800 WINGLETS;Despejado;15/04/18
IBE8911;IBZ;MAD;BOMBARDIER CRJ-1000;Despejado;15/04/18
VLG3511;IBZ;BCN;AIRBUS A320;Despejado;15/04/18
IBE8115;IBZ;PMI;BOMBARDIER CRJ-1000;Despejado;15/04/18
VLG8181;IBZ;ORY;32B;Despejado;15/04/18
RYR2067;IBZ;MAD;BOEING 737-800 WINGLETS;Despejado;15/04/18
AEA6024;IBZ;MAD;EMBRAER ERJ-195;Despejado;15/04/18
RYR7217;IBZ;VLC;BOEING 737-800 WINGLETS;Despejado;15/04/18
AEA1707;IBZ;PMI;ATR-72;Despejado;15/04/18
RYR8147;IBZ;AGP;BOEING 737-800 WINGLETS;Despejado;15/04/18
TVF3155;IBZ;ORY;BOEING 737-800 WINGLETS;Despejado;15/04/18
EZY8552;MJV;LGW;AIRBUS A319;Nubes altas;15/04/18
RYR1940;MJV;EIN;BOEING 737-800 WINGLETS;Nubes altas;15/04/18
RYR4117;MJV;MAN;BOEING 737-800 WINGLETS;Nubes altas;15/04/18
EXS864;MJV;MAN;BOEING 737-800 WINGLETS;Nubes altas;15/04/18
RYR8027;MJV;STN;BOEING 737-800 WINGLETS;Nubes altas;15/04/18
RYR3453;MJV;LTN;BOEING 737-800 WINGLETS;Nubes altas;15/04/18
RYR5947;MJV;BOH;BOEING 737-800 WINGLETS;Nubes altas;16/04/18
EZY6014;MJV;BRS;AIRBUS A320;Nubes altas;16/04/18
RYR1925;MJV;EMA;BOEING 737-800 WINGLETS;Nubes altas;16/04/18
RYR8025;MJV;STN;BOEING 737-800 WINGLETS;Nubes altas;16/04/18
EXS208;MJV;LBA;BOEING 737-300 WINGLETS;Nubes altas;16/04/18
IBE8319;EAS;MAD;ATR-72;Chubascos dispersos;15/04/18
IBE8329;EAS;MAD;ATR-72;Chubascos dispersos;15/04/18
IBE8315;EAS;MAD;ATR-72;Chubascos dispersos;15/04/18
VLG2489;EAS;BCN;AIRBUS A319;Chubascos dispersos;15/04/18
IBE8323;EAS;MAD;ATR-72;Chubascos dispersos;15/04/18
IBE8317;EAS;MAD;ATR-72;Chubascos dispersos;16/04/18
VLG2487;EAS;BCN;AIRBUS A319;Chubascos dispersos;16/04/18
IBE8327;EAS;MAD;ATR-72;Chubascos dispersos;16/04/18
IBE0475;OVD;MAD;AIRBUS A321;Lluvia;15/04/18
IBE8332;OVD;PMI;CANADAIR CRJ-200;Lluvia;15/04/18
VLG3865;OVD;PMI;AIRBUS A320;Lluvia;15/04/18
VOE3925;OVD;AGP;BOEING 717;Lluvia;15/04/18
IBE0487;OVD;MAD;AIRBUS A320;Lluvia;15/04/18
VLG1578;OVD;BCN;AIRBUS A320;Lluvia;15/04/18
VOE3831;OVD;SVQ;BOEING 717;Lluvia;15/04/18
TAP1113;OVD;LIS;ATR-42/72;Lluvia;15/04/18
IBE0481;OVD;MAD;32A;Lluvia;15/04/18
VLG1572;OVD;BCN;32A;Lluvia;16/04/18
IBE0471;OVD;MAD;AIRBUS A321;Lluvia;16/04/18
VOE3582;OVD;VLC;BOEING 717;Lluvia;16/04/18
VLG1574;OVD;BCN;AIRBUS A320;Lluvia;16/04/18
IBE0479;OVD;MAD;AIRBUS A321;Lluvia;16/04/18
VLG8860;OVD;CDG;AIRBUS A320;Lluvia;16/04/18
IBS9501;OVD;MAH;AIRBUS A320;Lluvia;16/04/18
IBE0475;OVD;MAD;AIRBUS A320;Lluvia;16/04/18
VLG3147;FUE;AGP;AIRBUS A320;Despejado;15/04/18
IBE8263;MLN;AGP;ATR-72;Despejado;15/04/18
IBE8812;MAD;AGP;CANADAIR CRJ-900;Abertura de claros;15/04/18
RYR6386;BCN;AGP;BOEING 737-800 WINGLETS;Nubes altas;15/04/18
VLG2125;BCN;AGP;32B;Nubes altas;15/04/18
DLH1119;PNA;FRA;AIRBUS A319;Nubosidad variable;15/04/18
IBE8525;PNA;MAD;CANADAIR CRJ-900;Nubosidad variable;15/04/18
IBE8531;PNA;MAD;BOMBARDIER CRJ-1000;Nubosidad variable;15/04/18
IBE8529;PNA;MAD;BOMBARDIER CRJ-1000;Nubosidad variable;16/04/18
IBE8533;PNA;MAD;BOMBARDIER CRJ-1000;Nubosidad variable;16/04/18
DLH1119;PNA;FRA;AIRBUS A320;Nubosidad variable;16/04/18
IBE8539;PNA;MAD;CANADAIR CRJ-200;Nubosidad variable;16/04/18
VLG8302;BCN;AMS;32B;Nubes altas;15/04/18
VLG2286;BCN;XRY;AIRBUS A320;Nubes altas;15/04/18
VLG7826;BCN;LGW;32B;Nubes altas;15/04/18
VLG6012;BCN;AHO;AIRBUS A320;Nubes altas;15/04/18
VLG8030;BCN;ORY;AIRBUS A320;Nubes altas;15/04/18
TAP1035;BCN;LIS;EMBRAER 190;Nubes altas;15/04/18
TAR515;BCN;TUN;AIRBUS A320;Nubes altas;15/04/18
VLG8992;BCN;BRU;32A;Nubes altas;15/04/18
VLG3510;BCN;IBZ;AIRBUS A320;Nubes altas;15/04/18
VLG2472;BCN;ACE;32B;Nubes altas;15/04/18
DLH1127;BCN;FRA;AIRBUS A321;Nubes altas;15/04/18
VLG1898;BCN;DUS;32A;Nubes altas;15/04/18
AAL743;BCN;PHL;AIRBUS A330-200;Nubes altas;15/04/18
VLG8720;BCN;DUB;32A;Nubes altas;15/04/18
RYR2914;TFS;MAD;BOEING 737-800 WINGLETS;Despejado;15/04/18
AEA9464;SPC;TFN;ATR-72;Abertura de claros;15/04/18
IBB620;SPC;TFN;ATR-42/72;Abertura de claros;15/04/18
IBB622;SPC;TFN;ATR-42/72;Abertura de claros;15/04/18
IBS3843;SPC;MAD;AIRBUS A320;Abertura de claros;15/04/18
IBB630;SPC;TFN;ATR-42/72;Abertura de claros;15/04/18
CNF453;SPC;TFN;ATR-72;Abertura de claros;15/04/18
IBB312;SPC;LPA;BOMBARDIER CRJ-1000;Abertura de claros;15/04/18
DE1407;SPC;FRA;BOEING 757-300 WINGLETS;Abertura de claros;15/04/18
IBB632;SPC;TFN;ATR-42/72;Abertura de claros;15/04/18
AEA9466;SPC;TFN;ATR-72;Abertura de claros;15/04/18
IBB634;SPC;TFN;ATR-42/72;Abertura de claros;15/04/18
IBB636;SPC;TFN;ATR-42/72;Abertura de claros;15/04/18
AEA9480;SPC;TFN;ATR-72;Abertura de claros;15/04/18
IBB316;SPC;LPA;ATR-42/72;Abertura de claros;15/04/18
TFL666;SPC;TFS;BOEING 767-300 WINGLETS;Abertura de claros;15/04/18
IBB638;SPC;TFN;ATR-42/72;Abertura de claros;15/04/18
IBB626;SPC;TFN;ATR-42/72;Abertura de claros;15/04/18
IBB640;SPC;TFN;ATR-72;Abertura de claros;15/04/18
CNF468;SPC;TFN;ATR-72;Abertura de claros;15/04/18
TOM2707;SPC;MAN;BOEING 737-800 WINGLETS;Abertura de claros;15/04/18
AEA9468;SPC;TFN;ATR-72;Abertura de claros;15/04/18
IBB642;SPC;TFN;ATR-72;Abertura de claros;15/04/18
IBB318;SPC;LPA;ATR-72;Abertura de claros;15/04/18
IBS9528;PMI;VLL;AIRBUS A320;Despejado;15/04/18
RYR2199;SVQ;VLL;BOEING 737-800 WINGLETS;Nubosidad variable;15/04/18
EVE1127;SVQ;VLL;32A;Nubosidad variable;15/04/18
RYR6320;BCN;VLL;BOEING 737-800 WINGLETS;Nubes altas;15/04/18
VLG1584;BCN;VLL;AIRBUS A320;Nubes altas;15/04/18
VLG1584;BCN;VLL;AIRBUS A320;Nubes altas;16/04/18
AEA7315;VGO;MAD;EMBRAER ERJ-195;Lluvia débil;15/04/18
IBE0533;VGO;MAD;AIRBUS A319;Lluvia débil;15/04/18
LAV5464;VGO;TFN;BOEING 737-400;Lluvia débil;15/04/18
TAP1141;VGO;LIS;ATR-72;Lluvia débil;15/04/18
AEA7317;VGO;MAD;EMBRAER ERJ-195;Lluvia débil;15/04/18
IBE0535;VGO;MAD;AIRBUS A319;Lluvia débil;15/04/18
RYR246;VGO;BCN;BOEING 737-800 WINGLETS;Lluvia débil;15/04/18
AEA7319;VGO;MAD;EMBRAER ERJ-195;Lluvia débil;15/04/18
IBE0539;VGO;MAD;AIRBUS A319;Lluvia débil;15/04/18
VLG1705;VGO;BCN;AIRBUS A320;Lluvia débil;15/04/18
IBE0537;VGO;MAD;AIRBUS A319;Lluvia débil;16/04/18
AEA7311;VGO;MAD;EMBRAER ERJ-195;Lluvia débil;16/04/18
IBE8957;MAH;MAD;BOMBARDIER CRJ-1000;Despejado;15/04/18
IBE8499;MAH;PMI;ATR-42/72;Despejado;15/04/18
AEA4530;MAH;PMI;ATR-72;Despejado;15/04/18
IBE8491;MAH;PMI;CANADAIR CRJ-200;Despejado;15/04/18
IBE8493;MAH;PMI;BOMBARDIER CRJ-1000;Despejado;15/04/18
RYR6882;MAH;BCN;BOEING 737-800 WINGLETS;Despejado;15/04/18
IBE8029;MAH;MAD;CANADAIR CRJ-900;Despejado;15/04/18
VLG3709;MAH;BCN;AIRBUS A320;Despejado;15/04/18
VLG3701;MAH;BCN;AIRBUS A320;Despejado;15/04/18
IBE8737;MAH;VLC;ATR-72;Despejado;15/04/18
IBE8487;MAH;PMI;ATR-42/72;Despejado;15/04/18
VLG3719;MAH;BCN;AIRBUS A321;Despejado;15/04/18
IBE8481;MAH;PMI;BOMBARDIER CRJ-1000;Despejado;16/04/18
IBE8951;MAH;MAD;BOMBARDIER CRJ-1000;Despejado;16/04/18
AAL8615;MAH;MAD;BOMBARDIER CRJ-1000;Despejado;16/04/18
IBE8495;MAH;PMI;ATR-72;Despejado;16/04/18
VLG3713;MAH;BCN;AIRBUS A320;Despejado;16/04/18
VLG1450;BIO;ALC;AIRBUS A320;Lluvia débil;15/04/18
EWG9519;BIO;DUS;32A;Lluvia débil;15/04/18
IBE0447;BIO;MAD;AIRBUS A320;Lluvia débil;15/04/18
VLG2510;BIO;SVQ;AIRBUS A320;Lluvia débil;15/04/18
IBE8663;BIO;MAH;BOMBARDIER CRJ-1000;Lluvia débil;15/04/18
VOE3528;BIO;SVQ;BOEING 717;Lluvia débil;15/04/18
BEL3714;BIO;BRU;AIRBUS A319;Lluvia débil;15/04/18
CSA709;BIO;PRG;AIRBUS A319;Lluvia débil;15/04/18
DLH1143;BIO;FRA;AIRBUS A320;Lluvia débil;15/04/18
EWG2517;BIO;STR;AIRBUS A319;Lluvia débil;15/04/18
SWR2059;BIO;ZRH;AIRBUS A319;Lluvia débil;15/04/18
VLG1466;BIO;ORY;AIRBUS A320;Lluvia débil;15/04/18
DLH1893;BIO;MUC;32A;Lluvia débil;15/04/18
VLG1435;BIO;BCN;32A;Lluvia débil;15/04/18
IBE8387;BIO;ALC;BOMBARDIER CRJ-1000;Lluvia débil;15/04/18
VLG3260;BIO;TFN;AIRBUS A320;Lluvia débil;15/04/18
AEA7505;BIO;PMI;EMBRAER ERJ-195;Lluvia débil;15/04/18
EZY6242;BIO;BRS;AIRBUS A319;Lluvia débil;15/04/18
IBB110;TFN;LPA;ATR-42/72;Despejado;15/04/18
IBB619;TFN;SPC;ATR-42/72;Despejado;15/04/18
IBB132;TFN;LPA;ATR-72;Despejado;15/04/18
AEA9402;TFN;LPA;ATR-72;Despejado;15/04/18
IBB6810;LPA;TFN;BOMBARDIER CRJ-1000;Abertura de claros;15/04/18
VLG3277;TFN;AGP;AIRBUS A320;Despejado;15/04/18
IBB468;TFN;ACE;ATR-72;Despejado;15/04/18
IBB454;TFN;ACE;ATR-42/72;Despejado;15/04/18
IBB621;TFN;SPC;ATR-42/72;Despejado;15/04/18
IBB416;TFN;FUE;ATR-42/72;Despejado;15/04/18
IBS3937;TFN;MAD;AIRBUS A320;Despejado;15/04/18
CNF652;TFN;LPA;ATR-42/72;Despejado;15/04/18
IBB158;TFN;LPA;ATR-42/72;Despejado;15/04/18
IBB629;TFN;SPC;ATR-42/72;Despejado;15/04/18
VLG3255;TFN;SVQ;AIRBUS A320;Despejado;15/04/18
IBB470;TFN;ACE;ATR-42/72;Despejado;15/04/18
AEA9049;TFN;MAD;BOEING 737-800 WINGLETS;Despejado;15/04/18
IBB631;TFN;SPC;ATR-42/72;Despejado;15/04/18
RYR8167;TFS;STN;BOEING 737-800 WINGLETS;Despejado;15/04/18
TCX1165;TFS;MAN;AIRBUS A321;Despejado;15/04/18
RYR654;TFS;PIK;BOEING 737-800 WINGLETS;Despejado;15/04/18
IBK2411;TFS;LGW;BOEING 737-800 WINGLETS;Despejado;15/04/18
RYR1122;TFS;BHX;BOEING 737-800 WINGLETS;Despejado;15/04/18
RYR8839;TFS;BGY;BOEING 737-800 WINGLETS;Despejado;15/04/18
NAX9325;TFS;SVG;BOEING 737-800 WINGLETS;Despejado;15/04/18
RYR3514;TFS;LTN;BOEING 737-800 WINGLETS;Despejado;15/04/18
EZY6096;TFS;BRS;32A;Despejado;15/04/18
SAS7756;TFS;BLL;AIRBUS A321;Despejado;15/04/18
SAS7712;TFS;CPH;AIRBUS A321;Despejado;15/04/18
RYR4333;TFS;MAN;BOEING 737-800 WINGLETS;Despejado;15/04/18
EZY8704;TFS;LGW;32A;Despejado;15/04/18
DK1727;TFS;GOT;32B;Despejado;15/04/18
DK1315;TFS;HEL;32B;Despejado;15/04/18
NAX9471;TFS;TRD;BOEING 737-800 WINGLETS;Despejado;15/04/18
LLP8766;TFS;KTW;AIRBUS A320;Despejado;15/04/18
DK1095;TFS;AAL;32B;Despejado;15/04/18
DK1179;TFS;CPH;AIRBUS A321;Despejado;15/04/18
BLX504;TFS;MMX;BOEING 737-800 WINGLETS;Despejado;15/04/18
PRI538;TFS;CPH;BOEING 737-800 WINGLETS;Despejado;15/04/18
NVR178;TFS;ARN;32B;Despejado;15/04/18
IBS3911;TFS;MAD;AIRBUS A320;Despejado;15/04/18
IBB663;TFN;VDE;ATR-72;Despejado;15/04/18
IBB365;LPA;VDE;ATR-72;Abertura de claros;15/04/18
IBS2218;LPA;VDE;ATR-72;Despejado;17/04/18
CNF247;TFN;VDE;ATR-42/72;Despejado;15/04/18
IBB673;TFN;VDE;ATR-72;Despejado;15/04/18
IBB655;TFN;VDE;ATR-72;Despejado;16/04/18
IBB659;TFN;VDE;ATR-72;Despejado;16/04/18
BEL3788;ACE;BRU;AIRBUS A320;Despejado;15/04/18
RYR7125;ACE;DUB;BOEING 737-800 WINGLETS;Despejado;15/04/18
RYR2132;ACE;MAN;BOEING 737-800 WINGLETS;Despejado;15/04/18
TOM7763;ACE;BHX;BOEING 757-200  WINGLETS;Despejado;15/04/18
RYR5858;ACE;EIN;BOEING 737-800 WINGLETS;Despejado;15/04/18
CNF722;ACE;LPA;ATR-42/72;Despejado;15/04/18
RYR3173;ACE;EMA;BOEING 737-800 WINGLETS;Despejado;15/04/18
TOM6751;ACE;BRS;BOEING 757-200  WINGLETS;Despejado;15/04/18
RYR8289;ACE;STN;BOEING 737-800 WINGLETS;Despejado;15/04/18
TFL536;ACE;AMS;BOEING 737-800 WINGLETS;Despejado;15/04/18
TCX1437;ACE;GLA;32B;Despejado;15/04/18
EIN777;ACE;DUB;AIRBUS A320;Despejado;15/04/18
TCX1371;ACE;NCL;32B;Despejado;15/04/18
IBB513;ACE;LPA;BOMBARDIER CRJ-1000;Despejado;15/04/18
IBB517;ACE;LPA;ATR-42/72;Despejado;15/04/18
IBS3857;ACE;MAD;AIRBUS A320;Despejado;15/04/18
TCX1229;ACE;BFS;32B;Despejado;15/04/18
IBB469;ACE;TFN;ATR-72;Despejado;15/04/18
IBE0410;MAD;XRY;AIRBUS A320;Abertura de claros;15/04/18
VLG2286;BCN;XRY;AIRBUS A320;Nubes altas;15/04/18
RYR1283;BCN;XRY;BOEING 737-800 WINGLETS;Nubes altas;15/04/18
IBE0404;MAD;XRY;AIRBUS A319;Abertura de claros;15/04/18
IBE0406;MAD;XRY;AIRBUS A319;Abertura de claros;15/04/18
IBE8510;MAD;XRY;CANADAIR CRJ-900;Abertura de claros;16/04/18
IBE0410;MAD;XRY;AIRBUS A319;Abertura de claros;16/04/18
VLG2286;BCN;XRY;AIRBUS A320;Nubes altas;16/04/18
IBE8598;MAD;LEI;CANADAIR CRJ-900;Abertura de claros;15/04/18
AEA2633;ZAZ;LEI;BOEING 737-800 WINGLETS;Nubes altas;15/04/18
IBE8212;PMI;LEI;CANADAIR CRJ-200;Despejado;17/04/18
IBE8592;MAD;LEI;BOMBARDIER CRJ-1000;Abertura de claros;15/04/18
AEA2647;BCN;LEI;BOEING 737-800 WINGLETS;Nubes altas;15/04/18
IBE8588;MAD;LEI;CANADAIR CRJ-200;Abertura de claros;15/04/18
IBE8933;SVQ;LEI;CANADAIR CRJ-200;Nubosidad variable;15/04/18
IBE8600;MAD;LEI;BOMBARDIER CRJ-1000;Abertura de claros;15/04/18
IBE8931;SVQ;LEI;CANADAIR CRJ-200;Nubosidad variable;16/04/18
IBE8594;MAD;LEI;BOMBARDIER CRJ-1000;Abertura de claros;16/04/18
VLG1251;BCN;LEI;AIRBUS A320;Nubes altas;16/04/18
IBE8263;MLN;AGP;ATR-72;Despejado;15/04/18
IBE8793;MLN;MAD;ATR-72;Despejado;15/04/18
IBE8269;MLN;AGP;ATR-72;Despejado;15/04/18
IBE8271;MLN;AGP;ATR-72;Despejado;15/04/18
AEA5004;MLN;AGP;ATR-72;Despejado;15/04/18
IBE8277;MLN;AGP;ATR-72;Despejado;15/04/18
IBE8261;MLN;AGP;ATR-72;Despejado;16/04/18
IBE8789;MLN;MAD;ATR-72;Despejado;16/04/18
AEA5002;MLN;AGP;ATR-72;Despejado;16/04/18
IBE8263;MLN;AGP;ATR-72;Despejado;16/04/18
IBE8791;MLN;MAD;ATR-72;Despejado;16/04/18
HTY228;AGP;JCU;AWH;Despejado;15/04/18
HTY118;AEI;JCU;AWH;Despejado;15/04/18
HTY140;AEI;JCU;AWH;Despejado;15/04/18
HTY260;AGP;JCU;AWH;Despejado;17/04/18
HTY102;AEI;JCU;AWH;Despejado;16/04/18
HTY222;AGP;JCU;AWH;Despejado;16/04/18
HTY134;AEI;JCU;AWH;Despejado;16/04/18
RYR6657;PMI;EDI;BOEING 737-800 WINGLETS;Despejado;15/04/18
TVF3111;PMI;ORY;BOEING 737-800 WINGLETS;Despejado;15/04/18
VOE3970;PMI;TLS;AIRBUS A319;Despejado;15/04/18
VLG3945;PMI;BIO;AIRBUS A320;Despejado;15/04/18
GMI4571;PMI;BRE;AIRBUS A319;Despejado;15/04/18
ANE8635;PMI;VLC;BOMBARDIER CRJ-1000;Despejado;15/04/18
EWG6868;PMI;VIE;32A;Despejado;15/04/18
EDW245;PMI;ZRH;CS3;Despejado;15/04/18
RYR6579;PMI;BCN;BOEING 737-800 WINGLETS;Despejado;15/04/18
ENT506;PMI;CGN;BOEING 737-800 WINGLETS;Despejado;15/04/18
RYR1203;PMI;STN;BOEING 737-800 WINGLETS;Despejado;15/04/18
RYR9867;PMI;HHN;BOEING 737-800 WINGLETS;Despejado;15/04/18
EWG6838;PMI;PAD;AIRBUS A320;Despejado;15/04/18
ANE8110;PMI;IBZ;BOMBARDIER CRJ-1000;Despejado;15/04/18
IBS3919;PMI;MAD;AIRBUS A321;Despejado;15/04/18
AEA1706;PMI;IBZ;ATR-72;Despejado;15/04/18
AEA6060;PMI;BCN;BOEING 737-800 WINGLETS;Despejado;15/04/18
VLG3905;PMI;BCN;AIRBUS A320;Despejado;15/04/18
VLG2021;GRX;BCN;32A;Despejado;15/04/18
AEA5200;GRX;PMI;EMBRAER ERJ-195;Despejado;15/04/18
VLG3932;GRX;PMI;AIRBUS A320;Despejado;15/04/18
IBE8645;GRX;MAD;BOMBARDIER CRJ-1000;Despejado;15/04/18
ENT513;GRX;ARN;BOEING 737-800;Despejado;15/04/18
ENT574;GRX;ARN;BOEING 737-800 WINGLETS;Despejado;15/04/18
IBE8649;GRX;MAD;BOMBARDIER CRJ-1000;Despejado;15/04/18
VLG2015;GRX;BCN;AIRBUS A320;Despejado;15/04/18
BAW3290;GRX;LCY;EMBRAER 190;Despejado;15/04/18
VLG2017;GRX;BCN;32B;Despejado;15/04/18
IBE8639;GRX;MAD;BOMBARDIER CRJ-1000;Despejado;16/04/18
VLG2011;GRX;BCN;AIRBUS A320;Despejado;16/04/18
IBE8641;GRX;MAD;BOMBARDIER CRJ-1000;Despejado;16/04/18
EZY1816;GRX;MAN;AIRBUS A320;Despejado;16/04/18
VLG2021;GRX;BCN;AIRBUS A320;Despejado;16/04/18
AEA5200;GRX;PMI;EMBRAER ERJ-195;Despejado;16/04/18
OLY727;FUE;ZRH;AIRBUS A321;Despejado;15/04/18
LLC6703;FUE;LYS;AIRBUS A320;Despejado;15/04/18
CNF810;FUE;LPA;ATR-72;Despejado;15/04/18
LLX5572;FUE;DUS;AIRBUS A320;Despejado;15/04/18
LLX5072;LPA;FUE;AIRBUS A321;Abertura de claros;15/04/18
RYR5469;FUE;MAD;BOEING 737-800 WINGLETS;Despejado;15/04/18
DTR215;FUE;CPH;AIRBUS A320;Despejado;15/04/18
IBB213;FUE;LPA;ATR-42/72;Despejado;15/04/18
VLG3015;FUE;BCN;BOEING 737-800 WINGLETS;Despejado;15/04/18
DTR793;FUE;BLL;MCDONNELL DOUGLAS MD-83;Despejado;15/04/18
IBS3907;FUE;MAD;AIRBUS A321;Despejado;15/04/18
MYX872;FUE;CPH;AIRBUS A321;Despejado;15/04/18
TFL516;FUE;AMS;BOEING 737-800 WINGLETS;Despejado;15/04/18
TCX1715;FUE;GLA;AIRBUS A321;Despejado;15/04/18
EXS1452;FUE;STN;BOEING 737-800 WINGLETS;Despejado;15/04/18
EXS1230;FUE;BHX;BOEING 737-800 WINGLETS;Despejado;15/04/18
IBB223;FUE;LPA;ATR-42/72;Despejado;15/04/18
EXS910;FUE;MAN;BOEING 737-800 WINGLETS;Despejado;15/04/18
IBB221;FUE;LPA;ATR-42/72;Despejado;15/04/18
AEA7302;MAD;VGO;EMBRAER ERJ-195;Abertura de claros;15/04/18
IBE0532;MAD;VGO;AIRBUS A319;Abertura de claros;15/04/18
LAV5463;TFN;VGO;BOEING 737-400;Despejado;15/04/18
AEA7300;MAD;VGO;EMBRAER ERJ-195;Abertura de claros;15/04/18
IBE0534;MAD;VGO;AIRBUS A320;Abertura de claros;15/04/18
RYR245;BCN;VGO;BOEING 737-800 WINGLETS;Nubes altas;15/04/18
AEA7306;MAD;VGO;EMBRAER ERJ-195;Abertura de claros;15/04/18
RYR9241;GRO;PSA;BOEING 737-800 WINGLETS;Nubosidad variable;15/04/18
RYR9803;GRO;STN;BOEING 737-800 WINGLETS;Nubosidad variable;15/04/18
PBD832;GRO;VKO;BOEING 737-800 WINGLETS;Nubosidad variable;15/04/18
RYR9211;GRO;FKB;BOEING 737-800 WINGLETS;Nubosidad variable;15/04/18
RYR9335;GRO;BRS;BOEING 737-800 WINGLETS;Nubosidad variable;15/04/18
RYR4482;GRO;RIX;BOEING 737-800 WINGLETS;Nubosidad variable;15/04/18
RYR5122;GRO;POZ;BOEING 737-800 WINGLETS;Nubosidad variable;15/04/18
RYR9303;GRO;EDI;BOEING 737-800 WINGLETS;Nubosidad variable;15/04/18
RYR1131;GRO;EMA;BOEING 737-800 WINGLETS;Nubosidad variable;15/04/18
RYR6903;GRO;CRL;BOEING 737-800 WINGLETS;Nubosidad variable;15/04/18
RYR6391;GRO;NRN;BOEING 737-800 WINGLETS;Nubosidad variable;15/04/18
TRA5766;GRO;AMS;BOEING 737-800 WINGLETS;Nubosidad variable;15/04/18
RYR2201;GRO;KRK;BOEING 737-800 WINGLETS;Nubosidad variable;16/04/18
RYR9026;GRO;BTS;BOEING 737-800 WINGLETS;Nubosidad variable;16/04/18
RYR4480;GRO;KUN;BOEING 737-800 WINGLETS;Nubosidad variable;16/04/18
RYR9241;GRO;PSA;BOEING 737-800 WINGLETS;Nubosidad variable;16/04/18
RYR6391;GRO;NRN;BOEING 737-800 WINGLETS;Nubosidad variable;15/04/18
RYR8047;GRO;BHX;BOEING 737-800 WINGLETS;Nubosidad variable;16/04/18
RYR9123;GRO;EIN;BOEING 737-800 WINGLETS;Nubosidad variable;16/04/18
RYR9302;GRO;BFS;BOEING 737-800 WINGLETS;Nubosidad variable;16/04/18
RYR9107;GRO;BVA;BOEING 737-800 WINGLETS;Nubosidad variable;16/04/18
RYR9803;GRO;STN;BOEING 737-800 WINGLETS;Nubosidad variable;16/04/18
VLG3941;SVQ;PMI;AIRBUS A320;Nubosidad variable;15/04/18
DLH1823;SVQ;MUC;AIRBUS A320;Nubosidad variable;15/04/18
IBS3949;SVQ;MAD;32A;Nubosidad variable;15/04/18
DLH1141;SVQ;FRA;AIRBUS A321;Nubosidad variable;15/04/18
RYR9342;SVQ;PSA;BOEING 737-800 WINGLETS;Nubosidad variable;15/04/18
BEL3748;SVQ;BRU;AIRBUS A319;Nubosidad variable;15/04/18
RYR2199;SVQ;VLL;BOEING 737-800 WINGLETS;Nubosidad variable;15/04/18
EZY1726;SVQ;TLS;AIRBUS A319;Nubosidad variable;15/04/18
EVE1127;SVQ;VLL;32A;Nubosidad variable;15/04/18
TAP1105;SVQ;LIS;ATR-42/72;Nubosidad variable;15/04/18
RYR5272;SVQ;PMI;BOEING 737-800 WINGLETS;Nubosidad variable;15/04/18
VLG2221;SVQ;BCN;AIRBUS A320;Nubosidad variable;15/04/18
TVF4907;SVQ;LYS;BOEING 737-800 WINGLETS;Nubosidad variable;15/04/18
VOE3529;SVQ;BIO;BOEING 717;Nubosidad variable;15/04/18
VLG1299;SVQ;LCG;32A;Nubosidad variable;15/04/18
TVF3105;SVQ;ORY;BOEING 737-800 WINGLETS;Nubosidad variable;15/04/18
VLG3964;SVQ;VLC;AIRBUS A320;Nubosidad variable;15/04/18
RYR8364;SVQ;STN;BOEING 737-800 WINGLETS;Nubosidad variable;15/04/18
IBE8847;SVQ;VLC;ATR-72;Nubosidad variable;15/04/18
IBE8316;MAD;EAS;ATR-72;Abertura de claros;15/04/18
IBE8322;MAD;EAS;ATR-72;Abertura de claros;15/04/18
IBE8318;MAD;EAS;ATR-72;Abertura de claros;15/04/18
VLG2488;BCN;EAS;AIRBUS A319;Nubes altas;15/04/18
IBE8326;MAD;EAS;ATR-72;Abertura de claros;15/04/18
IBE8324;MAD;EAS;ATR-72;Abertura de claros;15/04/18
VLG2486;BCN;EAS;AIRBUS A319;Nubes altas;16/04/18
IBE8524;MAD;PNA;CANADAIR CRJ-900;Abertura de claros;15/04/18
IBE8532;MAD;PNA;BOMBARDIER CRJ-1000;Abertura de claros;15/04/18
IBE8526;MAD;PNA;BOMBARDIER CRJ-1000;Abertura de claros;15/04/18
IBE8530;MAD;PNA;BOMBARDIER CRJ-1000;Abertura de claros;16/04/18
IBE8536;MAD;PNA;CANADAIR CRJ-200;Abertura de claros;16/04/18
RYR9078;ALC;LBA;BOEING 737-800 WINGLETS;Nubes altas;15/04/18
VOE2429;ALC;BOD;AIRBUS A319;Nubes altas;15/04/18
PRI2876;ALC;STN;BOEING 737-800 WINGLETS;Nubes altas;15/04/18
NAX4266;ALC;GOT;BOEING 737-800 WINGLETS;Nubes altas;15/04/18
KLM1508;ALC;AMS;BOEING 737-700 WINGLETS;Nubes altas;15/04/18
VOE3585;ALC;OVD;BOEING 717;Nubes altas;15/04/18
RYR8538;ALC;SCQ;BOEING 737-800 WINGLETS;Nubes altas;15/04/18
RYR2934;ALC;BRU;BOEING 737-800 WINGLETS;Nubes altas;15/04/18
BAW2633;ALC;LGW;AIRBUS A320;Nubes altas;15/04/18
VOE2547;ALC;MRS;BOEING 717;Nubes altas;15/04/18
TRA6624;ALC;EIN;BOEING 737-800 WINGLETS;Nubes altas;15/04/18
VOE2261;ALC;NTE;AIRBUS A319;Nubes altas;15/04/18
EXS302;ALC;BFS;BOEING 737-300 WINGLETS;Nubes altas;15/04/18
EXS584;ALC;NCL;BOEING 737-300;Nubes altas;15/04/18
RYR7063;ALC;DUB;BOEING 737-800 WINGLETS;Nubes altas;15/04/18
VLG1356;ALC;IBZ;AIRBUS A320;Nubes altas;15/04/18
SBI876;ALC;DME;AIRBUS A321;Nubes altas;15/04/18
ICE1583;ALC;KEF;BOEING 757-200  WINGLETS;Nubes altas;15/04/18
TRA6146;ALC;AMS;BOEING 737-700 WINGLETS;Nubes altas;15/04/18
EXS178;ALC;GLA;BOEING 737-800;Nubes altas;15/04/18
TAP1123;ALC;LIS;ATR-42/72;Nubes altas;15/04/18
RYR8975;ALC;STN;BOEING 737-800 WINGLETS;Nubes altas;15/04/18
IBK5352;ALC;ARN;BOEING 737-800 WINGLETS;Nubes altas;15/04/18
RYR3042;SCQ;SVQ;BOEING 737-800 WINGLETS;Lluvia débil;15/04/18
RYR8379;SCQ;STN;BOEING 737-800 WINGLETS;Lluvia débil;15/04/18
VLG1677;SCQ;BCN;AIRBUS A320;Lluvia débil;15/04/18
VLG2654;SCQ;AGP;AIRBUS A320;Lluvia débil;15/04/18
RYR8539;SCQ;ALC;BOEING 737-800 WINGLETS;Lluvia débil;15/04/18
IBS3879;SCQ;MAD;32A;Lluvia débil;15/04/18
RYR724;SCQ;PMI;BOEING 737-800 WINGLETS;Lluvia débil;15/04/18
VLG8222;SCQ;CDG;AIRBUS A320;Lluvia débil;15/04/18
AEA2630;SCQ;BCN;BOEING 737-800 WINGLETS;Lluvia débil;15/04/18
VLG1673;SCQ;BCN;32A;Lluvia débil;15/04/18
RYR2002;SCQ;ACE;BOEING 737-800 WINGLETS;Lluvia débil;15/04/18
VLG3981;SCQ;PMI;AIRBUS A320;Lluvia débil;15/04/18
IBE8359;SCQ;BIO;CANADAIR CRJ-200;Lluvia débil;15/04/18
RYR5318;SCQ;MAD;BOEING 737-800 WINGLETS;Lluvia débil;15/04/18
RYR7004;SCQ;LPA;BOEING 737-800 WINGLETS;Lluvia débil;15/04/18
RYR6380;SCQ;BCN;BOEING 737-800 WINGLETS;Lluvia débil;15/04/18
IBS3895;SCQ;MAD;AIRBUS A320;Lluvia débil;16/04/18
VLG2509;SVQ;BIO;AIRBUS A320;Nubosidad variable;15/04/18
VLG3281;ACE;BIO;AIRBUS A320;Despejado;15/04/18
IBE8662;MAH;BIO;BOMBARDIER CRJ-1000;Despejado;15/04/18
VLG3945;PMI;BIO;AIRBUS A320;Despejado;15/04/18
IBE8938;VLC;BIO;BOMBARDIER CRJ-1000;Despejado;15/04/18
AEA7153;MAD;BIO;EMBRAER ERJ-195;Abertura de claros;15/04/18
EWG9543;LPA;DUS;32A;Abertura de claros;15/04/18
TUI2917;LPA;TXL;BOEING 737-700;Abertura de claros;15/04/18
LLX5072;LPA;FUE;AIRBUS A321;Abertura de claros;15/04/18
FIN1722;LPA;HEL;32B;Abertura de claros;15/04/18
IBK5872;LPA;OSL;BOEING 737-800 WINGLETS;Abertura de claros;15/04/18
EWG269;LPA;CGN;BOEING 737-800 WINGLETS;Abertura de claros;15/04/18
IBB133;LPA;TFN;ATR-72;Abertura de claros;15/04/18
IBB508;LPA;ACE;BOMBARDIER CRJ-1000;Abertura de claros;15/04/18
RYR8133;LPA;STN;BOEING 737-800 WINGLETS;Abertura de claros;15/04/18
IBB212;LPA;FUE;ATR-72;Abertura de claros;15/04/18
IBB516;LPA;ACE;ATR-72;Abertura de claros;15/04/18
GMI7811;LPA;BRE;AIRBUS A321;Abertura de claros;15/04/18
IBB6102;LPA;EUN;ATR-72;Abertura de claros;15/04/18
EWG2263;LPA;STR;32A;Abertura de claros;15/04/18
EWG5907;LPA;VIE;32A;Abertura de claros;15/04/18
CNF729;LPA;ACE;ATR-72;Abertura de claros;15/04/18
VLG3069;LPA;AGP;AIRBUS A320;Abertura de claros;15/04/18
IBB514;LPA;ACE;ATR-72;Abertura de claros;15/04/18
JTG928;LPA;HEL;BOEING 737-800 WINGLETS;Abertura de claros;15/04/18
GSW4937;LPA;ZRH;AIRBUS A319;Abertura de claros;15/04/18
JTG208;LPA;CPH;BOEING 737-800 WINGLETS;Abertura de claros;15/04/18
JTG718;LPA;ORB;BOEING 737-800 WINGLETS;Abertura de claros;15/04/18
LLX5872;LPA;PAD;AIRBUS A320;Abertura de claros;15/04/18
VLG3695;VLC;IBZ;AIRBUS A320;Despejado;15/04/18
VLG3510;BCN;IBZ;AIRBUS A320;Nubes altas;15/04/18
IBE8110;PMI;IBZ;BOMBARDIER CRJ-1000;Despejado;17/04/18
AEA6025;MAD;IBZ;EMBRAER ERJ-195;Abertura de claros;15/04/18
AEA1706;PMI;IBZ;ATR-72;Despejado;15/04/18
RYR2066;MAD;IBZ;BOEING 737-800 WINGLETS;Abertura de claros;15/04/18
RYR7216;VLC;IBZ;BOEING 737-800 WINGLETS;Despejado;15/04/18
RYR8146;AGP;IBZ;BOEING 737-800 WINGLETS;Despejado;15/04/18
VLG1356;ALC;IBZ;AIRBUS A320;Nubes altas;15/04/18
IBB6810;LPA;TFN;BOMBARDIER CRJ-1000;Abertura de claros;15/04/18
AEA9401;LPA;TFN;ATR-72;Abertura de claros;15/04/18
VLG3276;AGP;TFN;AIRBUS A320;Despejado;15/04/18
IBB662;VDE;TFN;ATR-72;Nubes altas;15/04/18
IBB127;LPA;TFN;ATR-72;Abertura de claros;15/04/18
IBB423;FUE;TFN;ATR-42/72;Despejado;15/04/18
IBB133;LPA;TFN;ATR-72;Abertura de claros;15/04/18
AEA9464;SPC;TFN;ATR-72;Abertura de claros;15/04/18
IBS3946;MAD;TFN;AIRBUS A320;Abertura de claros;15/04/18
IBB620;SPC;TFN;ATR-42/72;Abertura de claros;15/04/18
VLG3254;SVQ;TFN;AIRBUS A320;Nubosidad variable;15/04/18
AEA9118;MAD;TFN;BOEING 737-800 WINGLETS;Abertura de claros;15/04/18
VLG3216;BCN;TFN;32B;Nubes altas;15/04/18
IBK6379;MAD;TFN;BOEING 737-800 WINGLETS;Abertura de claros;15/04/18
IBB622;SPC;TFN;ATR-42/72;Abertura de claros;15/04/18
IBE8956;MAD;MAH;BOMBARDIER CRJ-1000;Abertura de claros;15/04/18
IBE8498;PMI;MAH;ATR-42/72;Despejado;17/04/18
IBE8663;BIO;MAH;BOMBARDIER CRJ-1000;Lluvia débil;15/04/18
AEA4531;PMI;MAH;ATR-72;Despejado;15/04/18
IBE8488;PMI;MAH;CANADAIR CRJ-200;Despejado;17/04/18
IBE8024;MAD;MAH;CANADAIR CRJ-900;Abertura de claros;15/04/18
RYR6881;BCN;MAH;BOEING 737-800 WINGLETS;Nubes altas;15/04/18
VLG3716;BCN;MAH;AIRBUS A320;Nubes altas;15/04/18
VLG3700;BCN;MAH;AIRBUS A320;Nubes altas;15/04/18
IBE8734;VLC;MAH;ATR-72;Despejado;15/04/18
IBE8496;PMI;MAH;BOMBARDIER CRJ-1000;Despejado;17/04/18
VLG3718;BCN;MAH;AIRBUS A321;Nubes altas;15/04/18
IBE8954;MAD;MAH;BOMBARDIER CRJ-1000;Abertura de claros;15/04/18
IBE8494;PMI;MAH;ATR-72;Despejado;17/04/18
VLG3712;BCN;MAH;AIRBUS A320;Nubes altas;16/04/18
TAP1097;VLC;LIS;ATR-42/72;Despejado;15/04/18
DLH1831;VLC;MUC;32A;Despejado;15/04/18
DLH1161;VLC;FRA;AIRBUS A321;Despejado;15/04/18
EZY8222;VLC;LGW;AIRBUS A319;Despejado;15/04/18
RYR6422;VLC;BLQ;BOEING 737-800 WINGLETS;Despejado;15/04/18
RYR7216;VLC;IBZ;BOEING 737-800 WINGLETS;Despejado;15/04/18
IBE8981;VLC;MAD;BOMBARDIER CRJ-1000;Despejado;15/04/18
AFL2503;VLC;SVO;32A;Despejado;15/04/18
IBE8938;VLC;BIO;BOMBARDIER CRJ-1000;Despejado;15/04/18
RYR1445;VLC;MXP;BOEING 737-800 WINGLETS;Despejado;15/04/18
IBE8634;VLC;PMI;CANADAIR CRJ-900;Despejado;15/04/18
SWR2143;VLC;ZRH;AIRBUS A321;Despejado;15/04/18
VLG3965;VLC;SVQ;AIRBUS A320;Despejado;15/04/18
TRA6332;VLC;AMS;BOEING 737-800 WINGLETS;Despejado;15/04/18
IBE8846;VLC;SVQ;ATR-72;Despejado;15/04/18
EWG2531;VLC;STR;AIRBUS A319;Despejado;15/04/18
TVF3175;VLC;ORY;BOEING 737-800 WINGLETS;Despejado;15/04/18
RYR9100;VLC;BVA;BOEING 737-800 WINGLETS;Despejado;15/04/18
AEA4014;VLC;PMI;ATR-72;Despejado;15/04/18
IBE8646;MAD;GRX;BOMBARDIER CRJ-1000;Abertura de claros;15/04/18
IBE8642;MAD;GRX;BOMBARDIER CRJ-1000;Abertura de claros;15/04/18
VLG2014;BCN;GRX;AIRBUS A320;Nubes altas;15/04/18
VLG2016;BCN;GRX;32B;Nubes altas;15/04/18
IBE8648;MAD;GRX;BOMBARDIER CRJ-1000;Abertura de claros;15/04/18
VLG2010;BCN;GRX;AIRBUS A321;Nubes altas;16/04/18
IBE8640;MAD;GRX;BOMBARDIER CRJ-1000;Abertura de claros;16/04/18
VLG2020;BCN;GRX;AIRBUS A320;Nubes altas;16/04/18
AEA5201;PMI;GRX;EMBRAER ERJ-195;Despejado;16/04/18
VLG3933;PMI;GRX;AIRBUS A320;Despejado;16/04/18
IBE8646;MAD;GRX;BOMBARDIER CRJ-1000;Abertura de claros;16/04/18
IBS3914;MAD;PMI;AIRBUS A321;Abertura de claros;15/04/18
ANE8111;IBZ;PMI;ATR-42/72;Despejado;17/04/18
VLG3904;BCN;PMI;AIRBUS A320;Nubes altas;15/04/18
AEA4532;MAH;PMI;ATR-72;Despejado;15/04/18
VLG2251;SVQ;BCN;32A;Nubosidad variable;15/04/18
IBE8790;MAD;MLN;ATR-72;Abertura de claros;15/04/18
IBE8264;AGP;MLN;ATR-72;Despejado;15/04/18
IBE8270;AGP;MLN;ATR-72;Despejado;15/04/18
AEA5005;AGP;MLN;ATR-72;Despejado;15/04/18
IBE8798;MAD;MLN;ATR-72;Abertura de claros;15/04/18
IBE8274;AGP;MLN;ATR-72;Despejado;15/04/18
IBE8260;AGP;MLN;ATR-72;Despejado;16/04/18
AEA5001;AGP;MLN;ATR-72;Despejado;16/04/18
IBE8262;AGP;MLN;ATR-72;Despejado;16/04/18
IBE8792;MAD;MLN;ATR-72;Abertura de claros;16/04/18
IBE8264;AGP;MLN;ATR-72;Despejado;16/04/18
IBB508;LPA;ACE;BOMBARDIER CRJ-1000;Abertura de claros;15/04/18
IBS3856;MAD;ACE;AIRBUS A320;Abertura de claros;15/04/18
IBB516;LPA;ACE;ATR-72;Abertura de claros;15/04/18
IBB468;TFN;ACE;ATR-72;Despejado;15/04/18
CNF729;LPA;ACE;ATR-72;Abertura de claros;15/04/18
IBB454;TFN;ACE;ATR-42/72;Despejado;15/04/18
IBB514;LPA;ACE;ATR-72;Abertura de claros;15/04/18
IBE2203;LPA;ACE;ATR-72;Despejado;17/04/18
RYR6384;BCN;SDR;BOEING 737-800 WINGLETS;Nubes altas;15/04/18
IBE0554;MAD;SDR;AIRBUS A319;Abertura de claros;15/04/18
IBE0556;MAD;SDR;AIRBUS A319;Abertura de claros;15/04/18
VLG1590;BCN;SDR;32A;Nubes altas;15/04/18
IBE8878;MAD;SDR;CANADAIR CRJ-900;Abertura de claros;15/04/18
IBE0552;MAD;SDR;AIRBUS A320;Abertura de claros;16/04/18
VLG1592;BCN;SDR;AIRBUS A320;Nubes altas;16/04/18
VLG3263;PMI;SDR;AIRBUS A320;Despejado;16/04/18
IBE0554;MAD;SDR;AIRBUS A319;Abertura de claros;16/04/18
IBE8670;MAH;SDR;BOMBARDIER CRJ-1000;Despejado;16/04/18
AEA9463;TFN;SPC;ATR-72;Despejado;15/04/18
IBB619;TFN;SPC;ATR-42/72;Despejado;15/04/18
IBB621;TFN;SPC;ATR-42/72;Despejado;15/04/18
IBS3842;MAD;SPC;AIRBUS A320;Abertura de claros;15/04/18
IBB629;TFN;SPC;ATR-42/72;Despejado;15/04/18
CNF452;TFN;SPC;ATR-72;Despejado;15/04/18
IBB311;LPA;SPC;BOMBARDIER CRJ-1000;Abertura de claros;15/04/18
IBB631;TFN;SPC;ATR-42/72;Despejado;15/04/18
AEA9465;TFN;SPC;ATR-72;Despejado;15/04/18
IBB633;TFN;SPC;ATR-42/72;Despejado;15/04/18
IBB623;TFN;SPC;ATR-42/72;Despejado;15/04/18
IBB315;LPA;SPC;ATR-72;Abertura de claros;15/04/18
AEA9479;TFN;SPC;ATR-72;Despejado;15/04/18
IBB637;TFN;SPC;ATR-42/72;Despejado;15/04/18
IBB625;TFN;SPC;ATR-42/72;Despejado;15/04/18
IBB639;TFN;SPC;ATR-72;Despejado;15/04/18
CNF467;TFN;SPC;ATR-72;Despejado;15/04/18
IBB643;TFN;SPC;ATR-42/72;Despejado;15/04/18
IBE0488;MAD;OVD;AIRBUS A321;Abertura de claros;15/04/18
IBE8333;PMI;OVD;CANADAIR CRJ-200;Despejado;17/04/18
VLG1579;BCN;OVD;AIRBUS A320;Nubes altas;15/04/18
VOE3585;ALC;OVD;BOEING 717;Nubes altas;15/04/18
IBE0476;MAD;OVD;AIRBUS A320;Abertura de claros;15/04/18
VLG3864;PMI;OVD;AIRBUS A320;Despejado;15/04/18
VOE3924;AGP;OVD;BOEING 717;Despejado;15/04/18
IBE0480;MAD;OVD;AIRBUS A320;Abertura de claros;15/04/18
VOE3830;SVQ;OVD;BOEING 717;Nubosidad variable;15/04/18
IBE0482;MAD;OVD;AIRBUS A320;Abertura de claros;15/04/18
VLG1571;BCN;OVD;AIRBUS A320;Nubes altas;15/04/18
VLG1573;BCN;OVD;AIRBUS A320;Nubes altas;16/04/18
IBE0478;MAD;OVD;AIRBUS A321;Abertura de claros;16/04/18
IBS9500;PMI;OVD;AIRBUS A320;Despejado;16/04/18
IBE0488;MAD;OVD;AIRBUS A320;Abertura de claros;16/04/18
IBS3910;MAD;TFS;AIRBUS A320;Abertura de claros;15/04/18
OLY726;TFS;FUE;AIRBUS A321;Despejado;15/04/18
LLX5072;LPA;FUE;AIRBUS A321;Abertura de claros;15/04/18
RYR5468;MAD;FUE;BOEING 737-800 WINGLETS;Abertura de claros;15/04/18
VLG3014;BCN;FUE;BOEING 737-800 WINGLETS;Nubes altas;15/04/18
IBB212;LPA;FUE;ATR-72;Abertura de claros;15/04/18
IBS3906;MAD;FUE;AIRBUS A321;Abertura de claros;15/04/18
IBB416;TFN;FUE;ATR-42/72;Despejado;15/04/18
IBB222;LPA;FUE;ATR-72;Abertura de claros;15/04/18
IBB214;LPA;FUE;ATR-72;Abertura de claros;15/04/18
CNF849;LPA;FUE;ATR-72;Abertura de claros;15/04/18
VLG1450;BIO;ALC;AIRBUS A320;Lluvia débil;15/04/18
VLG3246;TFN;SCQ;AIRBUS A320;Despejado;15/04/18
VLG2655;AGP;SCQ;AIRBUS A320;Despejado;15/04/18
RYR8538;ALC;SCQ;BOEING 737-800 WINGLETS;Nubes altas;15/04/18
IBS3878;MAD;SCQ;32A;Abertura de claros;15/04/18
VLG1676;BCN;SCQ;AIRBUS A320;Nubes altas;15/04/18
AEA2629;BCN;SCQ;BOEING 737-800 WINGLETS;Nubes altas;15/04/18
VLG1672;BCN;SCQ;32A;Nubes altas;15/04/18
RYR2001;ACE;SCQ;BOEING 737-800 WINGLETS;Despejado;15/04/18
VLG3980;PMI;SCQ;AIRBUS A320;Despejado;15/04/18
IBE8366;PMI;SCQ;CANADAIR CRJ-200;Despejado;17/04/18
RYR5317;MAD;SCQ;BOEING 737-800 WINGLETS;Abertura de claros;15/04/18
RYR6381;BCN;SCQ;BOEING 737-800 WINGLETS;Nubes altas;15/04/18
RYR7003;LPA;SCQ;BOEING 737-800 WINGLETS;Abertura de claros;15/04/18
RYR723;PMI;SCQ;BOEING 737-800 WINGLETS;Despejado;15/04/18
IBS3894;MAD;SCQ;32A;Abertura de claros;15/04/18
EVE1606;ZAZ;SVQ;32A;Nubes altas;15/04/18
RYR3042;SCQ;SVQ;BOEING 737-800 WINGLETS;Lluvia débil;15/04/18
VLG2510;BIO;SVQ;AIRBUS A320;Lluvia débil;15/04/18
VOE3528;BIO;SVQ;BOEING 717;Lluvia débil;15/04/18
VLG1298;LCG;SVQ;32A;Lluvia débil;15/04/18
VLG3965;VLC;SVQ;AIRBUS A320;Despejado;15/04/18
RYR2200;VLL;SVQ;BOEING 737-800 WINGLETS;Chubascos dispersos;15/04/18
VLG3940;PMI;SVQ;AIRBUS A320;Despejado;15/04/18
IBE8846;VLC;SVQ;ATR-72;Despejado;15/04/18
IBS3952;MAD;SVQ;AIRBUS A320;Abertura de claros;15/04/18
RYR2207;VLC;SVQ;BOEING 737-800 WINGLETS;Despejado;15/04/18
VLG3255;TFN;SVQ;AIRBUS A320;Despejado;15/04/18
VLG3942;PMI;SVQ;AIRBUS A320;Despejado;15/04/18
EVE1128;VLL;SVQ;32A;Chubascos dispersos;15/04/18
IBE8974;MAD;VLC;BOMBARDIER CRJ-1000;Abertura de claros;15/04/18
IBE8635;PMI;VLC;BOMBARDIER CRJ-1000;Despejado;17/04/18
IBE8441;IBZ;VLC;ATR-72;Despejado;15/04/18
IBE8335;OVD;VLC;CANADAIR CRJ-200;Lluvia;15/04/18
VLG3694;IBZ;VLC;AIRBUS A320;Despejado;15/04/18
AEA4065;MAD;VLC;ATR-72;Abertura de claros;15/04/18
IBB152;TFS;LPA;ATR-72;Despejado;15/04/18
IBB211;FUE;LPA;ATR-42/72;Despejado;15/04/18
IBB110;TFN;LPA;ATR-42/72;Despejado;15/04/18
VLG3068;AGP;LPA;AIRBUS A320;Despejado;15/04/18
CNF810;FUE;LPA;ATR-72;Despejado;15/04/18
IBB132;TFN;LPA;ATR-72;Despejado;15/04/18
CNF722;ACE;LPA;ATR-42/72;Despejado;15/04/18
AEA9402;TFN;LPA;ATR-72;Despejado;15/04/18
IBS3822;MAD;LPA;32A;Abertura de claros;15/04/18
IBK5805;MAD;LPA;BOEING 737-800 WINGLETS;Abertura de claros;15/04/18
IBB513;ACE;LPA;BOMBARDIER CRJ-1000;Despejado;15/04/18
RYR5538;VIT;BGY;BOEING 737-800 WINGLETS;Chubascos dispersos;15/04/18
RYR4421;VIT;CGN;BOEING 737-800 WINGLETS;Chubascos dispersos;16/04/18
IBE8313;BJZ;BCN;BOMBARDIER CRJ-1000;Lluvia;15/04/18
RYR2635;ZAZ;STN;BOEING 737-800 WINGLETS;Nubes altas;15/04/18
RYR4634;ZAZ;BGY;BOEING 737-800 WINGLETS;Nubes altas;16/04/18
RYR1383;ZAZ;CRL;BOEING 737-800 WINGLETS;Nubes altas;16/04/18
RYR9827;REU;HHN;BOEING 737-800 WINGLETS;Nubes altas;15/04/18
RYR8088;REU;BHX;BOEING 737-800 WINGLETS;Nubes altas;15/04/18
RYR2212;REU;EIN;BOEING 737-800 WINGLETS;Nubes altas;15/04/18
RYR1115;REU;DUB;BOEING 737-800 WINGLETS;Nubes altas;16/04/18
VLG1298;LCG;SVQ;32A;Lluvia débil;15/04/18
AEA7236;LCG;MAD;EMBRAER ERJ-195;Lluvia débil;15/04/18
IBE0523;LCG;MAD;AIRBUS A320;Lluvia débil;15/04/18
VLG7104;LCG;LHR;AIRBUS A320;Lluvia débil;15/04/18
AEA7238;LCG;MAD;EMBRAER ERJ-195;Lluvia débil;15/04/18
IBE0521;LCG;MAD;AIRBUS A320;Lluvia débil;15/04/18
VLG1291;LCG;BCN;32A;Lluvia débil;15/04/18
AEA7232;LCG;MAD;EMBRAER ERJ-195;Lluvia débil;16/04/18
IBE8312;BCN;BJZ;BOMBARDIER CRJ-1000;Despejado;17/04/18
AEA7235;MAD;LCG;EMBRAER ERJ-195;Abertura de claros;15/04/18
IBE0524;MAD;LCG;AIRBUS A319;Abertura de claros;15/04/18
VLG1299;SVQ;LCG;32A;Nubosidad variable;15/04/18
AEA7237;MAD;LCG;EMBRAER ERJ-195;Abertura de claros;15/04/18
IBE0522;MAD;LCG;AIRBUS A319;Abertura de claros;15/04/18
VLG1290;BCN;LCG;32A;Nubes altas;15/04/18
AEA7231;MAD;LCG;EMBRAER ERJ-195;Abertura de claros;15/04/18
VLG1677;SCQ;BCN;AIRBUS A320;Lluvia débil;15/04/18
VLG2654;SCQ;AGP;AIRBUS A320;Lluvia débil;15/04/18
RYR8539;SCQ;ALC;BOEING 737-800 WINGLETS;Lluvia débil;15/04/18
IBS3879;SCQ;MAD;32A;Lluvia débil;15/04/18
RYR724;SCQ;PMI;BOEING 737-800 WINGLETS;Lluvia débil;15/04/18
VLG8222;SCQ;CDG;AIRBUS A320;Lluvia débil;15/04/18
AEA2630;SCQ;BCN;BOEING 737-800 WINGLETS;Lluvia débil;15/04/18
VLG1673;SCQ;BCN;32A;Lluvia débil;15/04/18
RYR2002;SCQ;ACE;BOEING 737-800 WINGLETS;Lluvia débil;15/04/18
VLG3981;SCQ;PMI;AIRBUS A320;Lluvia débil;15/04/18
IBE8359;SCQ;BIO;CANADAIR CRJ-200;Lluvia débil;15/04/18
RYR5318;SCQ;MAD;BOEING 737-800 WINGLETS;Lluvia débil;15/04/18
RYR7004;SCQ;LPA;BOEING 737-800 WINGLETS;Lluvia débil;15/04/18
RYR6380;SCQ;BCN;BOEING 737-800 WINGLETS;Lluvia débil;15/04/18
IBS3895;SCQ;MAD;AIRBUS A320;Lluvia débil;16/04/18
RYR5316;SCQ;MAD;BOEING 737-800 WINGLETS;Lluvia débil;16/04/18
VLG8937;SCQ;BRU;AIRBUS A320;Lluvia débil;16/04/18
IBB652;GMZ;TFN;ATR-42/72;Abertura de claros;15/04/18
IBB650;GMZ;TFN;ATR-72;Abertura de claros;16/04/18
IBS9530;VLL;PMI;AIRBUS A320;Chubascos dispersos;15/04/18
RYR2200;VLL;SVQ;BOEING 737-800 WINGLETS;Chubascos dispersos;15/04/18
EVE1128;VLL;SVQ;32A;Chubascos dispersos;15/04/18
RYR6321;VLL;BCN;BOEING 737-800 WINGLETS;Chubascos dispersos;15/04/18
VLG1585;VLL;BCN;32A;Chubascos dispersos;15/04/18
EVE7151;VLL;ACE;AIRBUS A320;Chubascos dispersos;16/04/18
VLG1585;BCN;VLL;32A;Nubes altas;15/04/18
HTY227;JCU;AGP;AWH;Nubes altas;15/04/18
HTY117;JCU;AEI;AWH;Nubes altas;15/04/18
HTY139;JCU;AEI;AWH;Nubes altas;15/04/18
HTY259;JCU;AGP;AWH;Nubes altas;15/04/18
HTY101;JCU;AEI;AWH;Nubes altas;16/04/18
HTY221;JCU;AGP;AWH;Nubes altas;16/04/18
HTY133;JCU;AEI;AWH;Nubes altas;16/04/18
HTY107;JCU;AEI;AWH;Nubes altas;16/04/18
LAV5464;VGO;TFN;BOEING 737-400;Lluvia débil;15/04/18
TAP1141;VGO;LIS;ATR-42/72;Lluvia débil;15/04/18
AEA7317;VGO;MAD;EMBRAER ERJ-195;Lluvia débil;15/04/18
IBE0535;VGO;MAD;AIRBUS A319;Lluvia débil;15/04/18
RYR246;VGO;BCN;BOEING 737-800 WINGLETS;Lluvia débil;15/04/18
AEA7319;VGO;MAD;EMBRAER ERJ-195;Lluvia débil;15/04/18
IBE0539;VGO;MAD;AIRBUS A319;Lluvia débil;15/04/18
VLG1705;VGO;BCN;AIRBUS A320;Lluvia débil;15/04/18
IBE0537;VGO;MAD;AIRBUS A319;Lluvia débil;16/04/18
AEA7311;VGO;MAD;EMBRAER ERJ-195;Lluvia débil;16/04/18
IBE6845;MAD;EZE;AIRBUS A340-600;Abertura de claros;15/04/18
TAP1019;MAD;LIS;32A;Abertura de claros;15/04/18
RYR1332;MAD;NAP;BOEING 737-800 WINGLETS;Abertura de claros;15/04/18
IBE1316;MAD;BCN;AIRBUS A321;Abertura de claros;15/04/18
IBE1316S;MAD;BCN;AIRBUS A321;Abertura de claros;15/04/18
RYR2082;MAD;BHX;BOEING 737-800 WINGLETS;Abertura de claros;15/04/18
RYR9602;MAD;CIA;BOEING 737-800 WINGLETS;Abertura de claros;15/04/18
DAH2007;MAD;ALG;BOEING 737-800 WINGLETS;Abertura de claros;15/04/18
IBE3176;MAD;LHR;AIRBUS A321;Abertura de claros;15/04/18
RYR5995;MAD;STN;BOEING 737-800 WINGLETS;Abertura de claros;15/04/18
RYR4066;MAD;CTA;BOEING 737-800 WINGLETS;Abertura de claros;15/04/18
AEA6067;MAD;PMI;BOEING 737-800 WINGLETS;Abertura de claros;15/04/18
EZY4422;MAD;LYS;32A;Abertura de claros;15/04/18
VLG7826;BCN;LGW;32B;Nubes altas;15/04/18
TAR515;BCN;TUN;AIRBUS A320;Nubes altas;15/04/18
TAP1035;BCN;LIS;EMBRAER 190;Nubes altas;15/04/18
VLG2472;BCN;ACE;32B;Nubes altas;15/04/18
DAH2013;BCN;ALG;BOEING 737-800 WINGLETS;Nubes altas;15/04/18
CPA318;BCN;HKG;359;Nubes altas;15/04/18
VLG1872;BCN;CPH;32B;Nubes altas;15/04/18
RYR9387;BCN;EMA;BOEING 737-800 WINGLETS;Nubes altas;15/04/18
BAW485;BCN;LHR;AIRBUS A320;Nubes altas;15/04/18
RYR9162;BCN;BHX;BOEING 737-800 WINGLETS;Nubes altas;15/04/18
DLH2657;BCN;MUC;AIRBUS A319;Nubes altas;15/04/18
DLH1131;BCN;FRA;32A;Nubes altas;15/04/18
ANE8312;BCN;BJZ;BOMBARDIER CRJ-1000;Nubes altas;15/04/18
VLG9001;BCN;TLS;32A;Nubes altas;15/04/18
TSC267;BCN;YUL;AIRBUS A310;Nubes altas;15/04/18
VLG1401;BCN;MAD;32A;Nubes altas;15/04/18
VLG6404;BCN;VCE;AIRBUS A320;Nubes altas;15/04/18
HTY228;AGP;JCU;AWH;Despejado;15/04/18
HTY118;AEI;JCU;AWH;Despejado;15/04/18
HTY140;AEI;JCU;AWH;Despejado;15/04/18
HTY260;AGP;JCU;AWH;Despejado;17/04/18
HTY102;AEI;JCU;AWH;Despejado;16/04/18
HTY222;AGP;JCU;AWH;Despejado;16/04/18
HTY134;AEI;JCU;AWH;Despejado;16/04/18
HTY108;AEI;JCU;AWH;Despejado;16/04/18
IBS9528;PMI;VLL;AIRBUS A320;Despejado;15/04/18
RYR2199;SVQ;VLL;BOEING 737-800 WINGLETS;Nubosidad variable;15/04/18
EVE1127;SVQ;VLL;32A;Nubosidad variable;15/04/18
RYR6320;BCN;VLL;BOEING 737-800 WINGLETS;Nubes altas;15/04/18
VLG1584;BCN;VLL;32A;Nubes altas;15/04/18
VLG1584;BCN;VLL;AIRBUS A320;Nubes altas;16/04/18
IBE8525;PNA;MAD;CANADAIR CRJ-900;Nubosidad variable;15/04/18
IBE8531;PNA;MAD;BOMBARDIER CRJ-1000;Nubosidad variable;15/04/18
IBE8529;PNA;MAD;BOMBARDIER CRJ-1000;Nubosidad variable;16/04/18
IBE8533;PNA;MAD;BOMBARDIER CRJ-1000;Nubosidad variable;16/04/18
DLH1119;PNA;FRA;AIRBUS A320;Nubosidad variable;16/04/18
IBE8539;PNA;MAD;CANADAIR CRJ-200;Nubosidad variable;16/04/18
IBB653;TFN;GMZ;ATR-42/72;Despejado;15/04/18
IBB651;TFN;GMZ;ATR-72;Despejado;16/04/18
IBE8319;EAS;MAD;ATR-72;Chubascos dispersos;15/04/18
IBE8329;EAS;MAD;ATR-72;Chubascos dispersos;15/04/18
IBE8315;EAS;MAD;ATR-72;Chubascos dispersos;15/04/18
VLG2489;EAS;BCN;AIRBUS A319;Chubascos dispersos;15/04/18
IBE8323;EAS;MAD;ATR-72;Chubascos dispersos;15/04/18
IBE8317;EAS;MAD;ATR-72;Chubascos dispersos;16/04/18
VLG2487;EAS;BCN;AIRBUS A319;Chubascos dispersos;16/04/18
IBE8327;EAS;MAD;ATR-72;Chubascos dispersos;16/04/18
HTY118;AEI;JCU;AWH;Despejado;15/04/18
HTY140;AEI;JCU;AWH;Despejado;15/04/18
HTY102;AEI;JCU;AWH;Despejado;16/04/18
HTY134;AEI;JCU;AWH;Despejado;16/04/18
HTY108;AEI;JCU;AWH;Despejado;16/04/18
EZY8552;MJV;LGW;AIRBUS A319;Nubes altas;15/04/18
RYR1940;MJV;EIN;BOEING 737-800 WINGLETS;Nubes altas;15/04/18
RYR4117;MJV;MAN;BOEING 737-800 WINGLETS;Nubes altas;15/04/18
EXS864;MJV;MAN;BOEING 737-800;Nubes altas;15/04/18
RYR8027;MJV;STN;BOEING 737-800 WINGLETS;Nubes altas;15/04/18
RYR3453;MJV;LTN;BOEING 737-800 WINGLETS;Nubes altas;15/04/18
RYR7095;MJV;DUB;BOEING 737-800;Nubes altas;15/04/18
RYR5947;MJV;BOH;BOEING 737-800 WINGLETS;Nubes altas;16/04/18
EZY6014;MJV;BRS;AIRBUS A320;Nubes altas;16/04/18
RYR1925;MJV;EMA;BOEING 737-800 WINGLETS;Nubes altas;16/04/18
RYR8025;MJV;STN;BOEING 737-800 WINGLETS;Nubes altas;16/04/18
EXS208;MJV;LBA;BOEING 737-300 WINGLETS;Nubes altas;16/04/18
HTY117;JCU;AEI;AWH;Nubes altas;15/04/18
HTY139;JCU;AEI;AWH;Nubes altas;15/04/18
HTY101;JCU;AEI;AWH;Nubes altas;16/04/18
HTY133;JCU;AEI;AWH;Nubes altas;16/04/18
HTY107;JCU;AEI;AWH;Nubes altas;16/04/18
VLG2287;XRY;BCN;AIRBUS A320;Nubosidad variable;15/04/18
RYR1284;XRY;BCN;BOEING 737-800 WINGLETS;Nubosidad variable;15/04/18
IBE0405;XRY;MAD;AIRBUS A319;Nubosidad variable;15/04/18
IBE0407;XRY;MAD;AIRBUS A319;Nubosidad variable;16/04/18
TUI2249;XRY;MUC;7S8;Nubosidad variable;16/04/18
IBE8511;XRY;MAD;CANADAIR CRJ-900;Nubosidad variable;16/04/18
TUI2223;XRY;STR;7S8;Nubosidad variable;16/04/18
TUI2273;XRY;FRA;7S8;Nubosidad variable;16/04/18
DE1557;XRY;DUS;32B;Nubosidad variable;16/04/18
TUI2253;XRY;DUS;7S8;Nubosidad variable;16/04/18
RYR8397;XRY;STN;BOEING 737-800 WINGLETS;Nubosidad variable;16/04/18
IBE0411;XRY;MAD;AIRBUS A319;Nubosidad variable;16/04/18
VLG2287;XRY;BCN;AIRBUS A320;Nubosidad variable;16/04/18
IBE8322;MAD;EAS;ATR-72;Abertura de claros;15/04/18
IBE8318;MAD;EAS;ATR-72;Abertura de claros;15/04/18
VLG2488;BCN;EAS;AIRBUS A319;Nubes altas;15/04/18
IBE8326;MAD;EAS;ATR-72;Abertura de claros;15/04/18
IBE8324;MAD;EAS;ATR-72;Abertura de claros;15/04/18
VLG2486;BCN;EAS;AIRBUS A319;Nubes altas;16/04/18
IBE8314;MAD;EAS;ATR-72;Abertura de claros;16/04/18
IBE8320;MAD;EAS;ATR-72;Abertura de claros;16/04/18
IBB668;VDE;TFN;ATR-72;Nubes altas;15/04/18
IBB366;VDE;LPA;ATR-72;Nubes altas;15/04/18
IBS2247;VDE;LPA;ATR-72;Nubes altas;15/04/18
CNF248;VDE;TFN;ATR-72;Nubes altas;15/04/18
IBB674;VDE;TFN;ATR-72;Nubes altas;15/04/18
IBB656;VDE;TFN;ATR-72;Nubes altas;16/04/18
IBB662;VDE;TFN;ATR-72;Nubes altas;16/04/18
EWG9543;LPA;DUS;32A;Abertura de claros;15/04/18
TUI2917;LPA;TXL;BOEING 737-700;Abertura de claros;15/04/18
EWG5907;LPA;VIE;32A;Abertura de claros;15/04/18
CNF729;LPA;ACE;ATR-72;Abertura de claros;15/04/18
VLG3069;LPA;AGP;AIRBUS A320;Abertura de claros;15/04/18
IBB514;LPA;ACE;ATR-72;Abertura de claros;15/04/18
JTG928;LPA;HEL;BOEING 737-800 WINGLETS;Abertura de claros;15/04/18
GSW4937;LPA;ZRH;AIRBUS A319;Abertura de claros;15/04/18
JTG208;LPA;CPH;BOEING 737-800 WINGLETS;Abertura de claros;15/04/18
JTG718;LPA;ORB;BOEING 737-800 WINGLETS;Abertura de claros;15/04/18
TAP1119;LPA;LIS;EMBRAER 190;Abertura de claros;15/04/18
JTG518;LPA;BLL;BOEING 737-700 WINGLETS;Abertura de claros;15/04/18
LLX5872;LPA;PAD;AIRBUS A320;Abertura de claros;15/04/18
IBS3823;LPA;MAD;AIRBUS A320;Abertura de claros;15/04/18
JTG704;LPA;KLR;BOEING 737-700 WINGLETS;Abertura de claros;15/04/18
IBB147;LPA;TFN;ATR-72;Abertura de claros;15/04/18
GMI6129;LPA;FDH;AIRBUS A319;Abertura de claros;15/04/18
IBB311;LPA;SPC;BOMBARDIER CRJ-1000;Abertura de claros;15/04/18
IBB113;LPA;TFN;ATR-72;Abertura de claros;15/04/18
IBB518;LPA;ACE;ATR-72;Abertura de claros;15/04/18
AEA9449;LPA;ACE;ATR-72;Abertura de claros;15/04/18
IBB222;LPA;FUE;ATR-72;Abertura de claros;15/04/18
GMI4927;LPA;TXL;BOEING 737-700 WINGLETS;Abertura de claros;15/04/18
BEL3788;ACE;BRU;AIRBUS A320;Despejado;15/04/18
TCX1437;ACE;GLA;32B;Despejado;15/04/18
EIN777;ACE;DUB;AIRBUS A320;Despejado;15/04/18
TCX1371;ACE;NCL;32B;Despejado;15/04/18
IBB513;ACE;LPA;BOMBARDIER CRJ-1000;Despejado;15/04/18
IBB517;ACE;LPA;ATR-42/72;Despejado;15/04/18
IBS3857;ACE;MAD;AIRBUS A320;Despejado;15/04/18
TCX1229;ACE;BFS;32B;Despejado;15/04/18
IBB469;ACE;TFN;ATR-72;Despejado;15/04/18
CNF730;ACE;LPA;ATR-72;Despejado;15/04/18
TCX1039;ACE;BHX;AIRBUS A321;Despejado;15/04/18
IBB455;ACE;TFN;ATR-42/72;Despejado;15/04/18
TCX1699;ACE;MAN;AIRBUS A321;Despejado;15/04/18
IBB511;ACE;LPA;ATR-72;Despejado;15/04/18
EXS632;ACE;EMA;BOEING 737-800 WINGLETS;Despejado;15/04/18
EXS1402;ACE;STN;AIRBUS A321;Despejado;15/04/18
TOM6733;ACE;BOH;BOEING 737-800 WINGLETS;Despejado;15/04/18
TAP1097;VLC;LIS;ATR-42/72;Despejado;15/04/18
IBE8981;VLC;MAD;BOMBARDIER CRJ-1000;Despejado;15/04/18
QTR6907;VLC;MAD;BOMBARDIER CRJ-1000;Despejado;15/04/18
AFL2503;VLC;SVO;32A;Despejado;15/04/18
IBE8938;VLC;BIO;BOMBARDIER CRJ-1000;Despejado;15/04/18
RYR1445;VLC;MXP;BOEING 737-800 WINGLETS;Despejado;15/04/18
IBE8634;VLC;PMI;CANADAIR CRJ-900;Despejado;15/04/18
SWR2143;VLC;ZRH;AIRBUS A321;Despejado;15/04/18
VLG3965;VLC;SVQ;AIRBUS A320;Despejado;15/04/18
TRA6332;VLC;AMS;BOEING 737-800 WINGLETS;Despejado;15/04/18
EWG2531;VLC;STR;AIRBUS A319;Despejado;15/04/18
IBE8846;VLC;SVQ;ATR-72;Despejado;15/04/18
TVF3175;VLC;ORY;BOEING 737-800 WINGLETS;Despejado;15/04/18
RYR9100;VLC;BVA;BOEING 737-800 WINGLETS;Despejado;15/04/18
RYR2207;VLC;SVQ;BOEING 737-800 WINGLETS;Despejado;15/04/18
AEA4014;VLC;PMI;ATR-72;Despejado;15/04/18
RYR7228;VLC;OPO;BOEING 737-800 WINGLETS;Despejado;15/04/18
RYR6434;VLC;BLQ;BOEING 737-800 WINGLETS;Despejado;15/04/18
TRA5108;VLC;EIN;BOEING 737-800 WINGLETS;Despejado;15/04/18
RYR2425;VLC;FRA;BOEING 737-800 WINGLETS;Despejado;15/04/18
BAW2795;VLC;LGW;AIRBUS A319;Despejado;15/04/18
IBE0555;SDR;MAD;AIRBUS A319;Chubascos dispersos;15/04/18
RYR9156;SDR;CIA;BOEING 737-800 WINGLETS;Chubascos dispersos;15/04/18
RYR7153;SDR;DUB;BOEING 737-800 WINGLETS;Chubascos dispersos;15/04/18
IBE0557;SDR;MAD;AIRBUS A319;Chubascos dispersos;15/04/18
VLG1591;SDR;BCN;32A;Chubascos dispersos;15/04/18
RYR6058;SDR;CRL;BOEING 737-800 WINGLETS;Chubascos dispersos;15/04/18
RYR7366;SDR;NRN;BOEING 737-800 WINGLETS;Chubascos dispersos;15/04/18
RYR2613;SDR;STN;BOEING 737-800 WINGLETS;Chubascos dispersos;15/04/18
IBE8861;SDR;MAD;CANADAIR CRJ-900;Chubascos dispersos;16/04/18
IBE0553;SDR;MAD;AIRBUS A319;Chubascos dispersos;16/04/18
VLG1593;SDR;BCN;AIRBUS A320;Chubascos dispersos;16/04/18
RYR1779;SDR;BUD;BOEING 737-800 WINGLETS;Chubascos dispersos;16/04/18
VLG3262;SDR;PMI;AIRBUS A320;Chubascos dispersos;16/04/18
IBE0555;SDR;MAD;AIRBUS A319;Chubascos dispersos;16/04/18
IBE8671;SDR;MAH;BOMBARDIER CRJ-1000;Chubascos dispersos;16/04/18
RYR2613;SDR;STN;BOEING 737-800 WINGLETS;Chubascos dispersos;16/04/18
RYR9211;GRO;FKB;BOEING 737-800 WINGLETS;Nubosidad variable;15/04/18
RYR9335;GRO;BRS;BOEING 737-800 WINGLETS;Nubosidad variable;15/04/18
RYR4482;GRO;RIX;BOEING 737-800 WINGLETS;Nubosidad variable;15/04/18
RYR5122;GRO;POZ;BOEING 737-800 WINGLETS;Nubosidad variable;15/04/18
RYR9303;GRO;EDI;BOEING 737-800 WINGLETS;Nubosidad variable;15/04/18
RYR1131;GRO;EMA;BOEING 737-800 WINGLETS;Nubosidad variable;15/04/18
RYR6903;GRO;CRL;BOEING 737-800 WINGLETS;Nubosidad variable;15/04/18
RYR6391;GRO;NRN;BOEING 737-800 WINGLETS;Nubosidad variable;15/04/18
TRA5766;GRO;AMS;BOEING 737-800 WINGLETS;Nubosidad variable;15/04/18
RYR2201;GRO;KRK;BOEING 737-800 WINGLETS;Nubosidad variable;16/04/18
RYR9026;GRO;BTS;BOEING 737-800 WINGLETS;Nubosidad variable;16/04/18
RYR6901;GRO;CRL;BOEING 737-800 WINGLETS;Nubosidad variable;16/04/18
RYR4480;GRO;KUN;BOEING 737-800 WINGLETS;Nubosidad variable;16/04/18
RYR4275;GRO;FRA;BOEING 737-800 WINGLETS;Nubosidad variable;16/04/18
RYR9241;GRO;PSA;BOEING 737-800 WINGLETS;Nubosidad variable;16/04/18
RYR6391;GRO;NRN;BOEING 737-800 WINGLETS;Nubosidad variable;15/04/18
RYR9123;GRO;EIN;BOEING 737-800 WINGLETS;Nubosidad variable;16/04/18
RYR9302;GRO;BFS;BOEING 737-800 WINGLETS;Nubosidad variable;16/04/18
RYR9803;GRO;STN;BOEING 737-800 WINGLETS;Nubosidad variable;16/04/18
RYR9107;GRO;BVA;BOEING 737-800 WINGLETS;Nubosidad variable;16/04/18
RYR2324;GRO;LBA;BOEING 737-800 WINGLETS;Nubosidad variable;16/04/18
RYR9211;GRO;FKB;BOEING 737-800 WINGLETS;Nubosidad variable;16/04/18
IBE8645;GRX;MAD;BOMBARDIER CRJ-1000;Despejado;15/04/18
ENT513;GRX;ARN;BOEING 737-800;Despejado;15/04/18
ENT574;GRX;ARN;BOEING 737-800 WINGLETS;Despejado;15/04/18
IBE8649;GRX;MAD;BOMBARDIER CRJ-1000;Despejado;15/04/18
VLG2015;GRX;BCN;AIRBUS A320;Despejado;15/04/18
BAW3290;GRX;LCY;EMBRAER 190;Despejado;15/04/18
VLG2017;GRX;BCN;32B;Despejado;15/04/18
IBE8639;GRX;MAD;BOMBARDIER CRJ-1000;Despejado;16/04/18
VLG2011;GRX;BCN;AIRBUS A320;Despejado;16/04/18
IBE8641;GRX;MAD;BOMBARDIER CRJ-1000;Despejado;16/04/18
EZY1816;GRX;MAN;AIRBUS A320;Despejado;16/04/18
VLG2021;GRX;BCN;AIRBUS A320;Despejado;16/04/18
AEA5200;GRX;PMI;EMBRAER ERJ-195;Despejado;16/04/18
VLG3932;GRX;PMI;AIRBUS A320;Despejado;16/04/18
BAW3290;GRX;LCY;EMBRAER 190;Despejado;16/04/18
IBE8645;GRX;MAD;BOMBARDIER CRJ-1000;Despejado;16/04/18
VLG3062;GRX;LPA;AIRBUS A320;Despejado;16/04/18
IBB620;SPC;TFN;ATR-42/72;Abertura de claros;15/04/18
IBB622;SPC;TFN;ATR-42/72;Abertura de claros;15/04/18
IBS3843;SPC;MAD;AIRBUS A320;Abertura de claros;15/04/18
IBB630;SPC;TFN;ATR-42/72;Abertura de claros;15/04/18
CNF453;SPC;TFN;ATR-72;Abertura de claros;15/04/18
IBB312;SPC;LPA;BOMBARDIER CRJ-1000;Abertura de claros;15/04/18
DE1407;SPC;FRA;BOEING 757-300 WINGLETS;Abertura de claros;15/04/18
IBB632;SPC;TFN;ATR-42/72;Abertura de claros;15/04/18
AEA9466;SPC;TFN;ATR-72;Abertura de claros;15/04/18
IBB634;SPC;TFN;ATR-42/72;Abertura de claros;15/04/18
IBB636;SPC;TFN;ATR-42/72;Abertura de claros;15/04/18
AEA9480;SPC;TFN;ATR-72;Abertura de claros;15/04/18
IBB316;SPC;LPA;ATR-42/72;Abertura de claros;15/04/18
TFL666;SPC;TFS;BOEING 767-300 WINGLETS;Abertura de claros;15/04/18
IBB638;SPC;TFN;ATR-42/72;Abertura de claros;15/04/18
IBB626;SPC;TFN;ATR-42/72;Abertura de claros;15/04/18
IBB640;SPC;TFN;ATR-72;Abertura de claros;15/04/18
CNF468;SPC;TFN;ATR-72;Abertura de claros;15/04/18
TOM2707;SPC;MAN;BOEING 737-800 WINGLETS;Abertura de claros;15/04/18
AEA9468;SPC;TFN;ATR-72;Abertura de claros;15/04/18
IBB642;SPC;TFN;ATR-72;Abertura de claros;15/04/18
IBB318;SPC;LPA;ATR-72;Abertura de claros;15/04/18
IBB604;SPC;TFN;ATR-42/72;Abertura de claros;16/04/18
IBE0475;OVD;MAD;AIRBUS A321;Lluvia;15/04/18
IBE8332;OVD;PMI;CANADAIR CRJ-200;Lluvia;15/04/18
VOE3925;OVD;AGP;BOEING 717;Lluvia;15/04/18
IBE0487;OVD;MAD;AIRBUS A320;Lluvia;15/04/18
VLG1578;OVD;BCN;AIRBUS A320;Lluvia;15/04/18
TAP1113;OVD;LIS;ATR-42/72;Lluvia;15/04/18
IBE0481;OVD;MAD;32A;Lluvia;15/04/18
VLG1572;OVD;BCN;32A;Lluvia;16/04/18
IBE0471;OVD;MAD;AIRBUS A321;Lluvia;16/04/18
VOE3582;OVD;VLC;BOEING 717;Lluvia;16/04/18
VLG1574;OVD;BCN;AIRBUS A320;Lluvia;16/04/18
IBE0479;OVD;MAD;AIRBUS A321;Lluvia;16/04/18
VLG8860;OVD;CDG;AIRBUS A320;Lluvia;16/04/18
IBS9501;OVD;MAH;AIRBUS A320;Lluvia;16/04/18
IBE0475;OVD;MAD;AIRBUS A320;Lluvia;16/04/18
VLG2170;AGP;ZRH;AIRBUS A320;Despejado;15/04/18
IBE8264;AGP;MLN;ATR-72;Despejado;15/04/18
AEA2626;AGP;BCN;BOEING 737-800 WINGLETS;Despejado;15/04/18
IBE8809;AGP;MAD;CANADAIR CRJ-900;Despejado;15/04/18
RYR6387;AGP;BCN;BOEING 737-800 WINGLETS;Despejado;15/04/18
VLG8172;AGP;ORY;AIRBUS A320;Despejado;15/04/18
BAW413;AGP;LHR;AIRBUS A321;Despejado;15/04/18
BAW2715;AGP;LGW;AIRBUS A319;Despejado;15/04/18
EXS558;AGP;NCL;BOEING 737-300;Despejado;15/04/18
VLG2124;AGP;BCN;32B;Despejado;15/04/18
VOE2409;AGP;TLS;AIRBUS A319;Despejado;15/04/18
EXS186;AGP;LBA;BOEING 757-200;Despejado;15/04/18
RYR4047;AGP;CPH;BOEING 737-800 WINGLETS;Despejado;15/04/18
EZY2736;AGP;MXP;AIRBUS A319;Despejado;15/04/18
IBK5022;AGP;OSL;BOEING 737-800 WINGLETS;Despejado;15/04/18
SWR2115;AGP;ZRH;AIRBUS A320;Despejado;15/04/18
DLH1835;AGP;MUC;AIRBUS A321;Despejado;15/04/18
RYR7055;AGP;DUB;BOEING 737-800 WINGLETS;Despejado;15/04/18
RYR2563;AGP;TRF;BOEING 737-800 WINGLETS;Despejado;15/04/18
RYR1203;PMI;STN;BOEING 737-800 WINGLETS;Despejado;15/04/18
AEA1706;PMI;IBZ;ATR-72;Despejado;15/04/18
AEA6060;PMI;BCN;BOEING 737-800 WINGLETS;Despejado;15/04/18
PVG5558;PMI;MAD;AIRBUS A320;Despejado;15/04/18
RYR2327;PMI;LBA;BOEING 737-800 WINGLETS;Despejado;15/04/18
IBK6696;PMI;DUS;BOEING 737-800 WINGLETS;Despejado;15/04/18
VLG8348;PMI;ZRH;AIRBUS A320;Despejado;15/04/18
VLG2854;PMI;ORY;32B;Despejado;15/04/18
ANE8498;PMI;MAH;ATR-42/72;Despejado;15/04/18
EXS602;PMI;EMA;BOEING 737-300;Despejado;15/04/18
ANE8212;PMI;LEI;CANADAIR CRJ-200;Despejado;15/04/18
RYR2054;PMI;MAD;BOEING 737-800 WINGLETS;Despejado;15/04/18
LDM317;PMI;FRA;AIRBUS A320;Despejado;15/04/18
RYR2897;PMI;BCN;BOEING 737-800 WINGLETS;Despejado;15/04/18
EWG593;PMI;CGN;AIRBUS A320;Despejado;15/04/18
TUI2315;PMI;HAJ;BOEING 737-800 WINGLETS;Despejado;15/04/18
EWG2593;PMI;STR;AIRBUS A320;Despejado;15/04/18
EWG6818;PMI;SCN;AIRBUS A320;Despejado;15/04/18
OLY727;FUE;ZRH;AIRBUS A321;Despejado;15/04/18
LLC6703;FUE;LYS;AIRBUS A320;Despejado;15/04/18
LLX5572;FUE;DUS;AIRBUS A320;Despejado;15/04/18
RYR5469;FUE;MAD;BOEING 737-800 WINGLETS;Despejado;15/04/18
LLX5072;LPA;FUE;AIRBUS A321;Abertura de claros;15/04/18
IBB213;FUE;LPA;ATR-42/72;Despejado;15/04/18
DTR215;FUE;CPH;AIRBUS A320;Despejado;15/04/18
VLG3015;FUE;BCN;BOEING 737-800 WINGLETS;Despejado;15/04/18
DTR793;FUE;BLL;MCDONNELL DOUGLAS MD-83;Despejado;15/04/18
IBS3907;FUE;MAD;AIRBUS A321;Despejado;15/04/18
MYX872;FUE;CPH;AIRBUS A321;Despejado;15/04/18
IBB417;FUE;TFN;ATR-42/72;Despejado;15/04/18
IBE2292;FUE;TFN;ATR-42/72;Despejado;15/04/18
TFL516;FUE;AMS;BOEING 737-800 WINGLETS;Despejado;15/04/18
TCX1715;FUE;GLA;AIRBUS A321;Despejado;15/04/18
EXS1452;FUE;STN;BOEING 737-800 WINGLETS;Despejado;15/04/18
EXS1230;FUE;BHX;BOEING 737-800 WINGLETS;Despejado;15/04/18
IBB223;FUE;LPA;ATR-42/72;Despejado;15/04/18
EXS910;FUE;MAN;BOEING 737-800 WINGLETS;Despejado;15/04/18
IBB221;FUE;LPA;ATR-42/72;Despejado;15/04/18
CNF850;FUE;LPA;ATR-42/72;Despejado;15/04/18
VOE2547;ALC;MRS;BOEING 717;Nubes altas;15/04/18
RYR2934;ALC;BRU;BOEING 737-800 WINGLETS;Nubes altas;15/04/18
VOE2261;ALC;NTE;AIRBUS A319;Nubes altas;15/04/18
EXS302;ALC;BFS;BOEING 737-300 WINGLETS;Nubes altas;15/04/18
EXS584;ALC;NCL;BOEING 737-300;Nubes altas;15/04/18
RYR7063;ALC;DUB;BOEING 737-800 WINGLETS;Nubes altas;15/04/18
VLG1356;ALC;IBZ;AIRBUS A320;Nubes altas;15/04/18
SBI876;ALC;DME;AIRBUS A321;Nubes altas;15/04/18
ICE1583;ALC;KEF;BOEING 757-200  WINGLETS;Nubes altas;15/04/18
TRA6146;ALC;AMS;BOEING 737-700 WINGLETS;Nubes altas;15/04/18
EXS178;ALC;GLA;BOEING 737-800;Nubes altas;15/04/18
TAP1123;ALC;LIS;ATR-42/72;Nubes altas;15/04/18
RYR8975;ALC;STN;BOEING 737-800 WINGLETS;Nubes altas;15/04/18
IBK5352;ALC;ARN;BOEING 737-800 WINGLETS;Nubes altas;15/04/18
IBK5322;ALC;OSL;BOEING 737-800 WINGLETS;Nubes altas;15/04/18
RYR9069;ALC;TRF;BOEING 737-800 WINGLETS;Nubes altas;15/04/18
PRW108;ALC;KEF;BOEING 737-800 WINGLETS;Nubes altas;15/04/18
EZY8664;ALC;LGW;AIRBUS A319;Nubes altas;15/04/18
VLG3936;ALC;PMI;32A;Nubes altas;15/04/18
IBK5378;ALC;AAL;BOEING 737-800 WINGLETS;Nubes altas;15/04/18
RYR2150;ALC;BHX;BOEING 737-800 WINGLETS;Nubes altas;15/04/18
AFL2523;ALC;SVO;BOEING 737-800 WINGLETS;Nubes altas;15/04/18
AEA7300;MAD;VGO;EMBRAER ERJ-195;Abertura de claros;15/04/18
IBE0534;MAD;VGO;AIRBUS A320;Abertura de claros;15/04/18
RYR245;BCN;VGO;BOEING 737-800 WINGLETS;Nubes altas;15/04/18
AEA7306;MAD;VGO;EMBRAER ERJ-195;Abertura de claros;15/04/18
IBE0538;MAD;VGO;AIRBUS A319;Abertura de claros;15/04/18
VLG1704;BCN;VGO;AIRBUS A320;Nubes altas;15/04/18
IBE0536;MAD;VGO;AIRBUS A319;Abertura de claros;15/04/18
AEA7308;MAD;VGO;EMBRAER ERJ-195;Abertura de claros;16/04/18
IBE8793;MLN;MAD;ATR-72;Despejado;15/04/18
IBE8269;MLN;AGP;ATR-72;Despejado;15/04/18
IBE8271;MLN;AGP;ATR-72;Despejado;15/04/18
AEA5004;MLN;AGP;ATR-72;Despejado;15/04/18
IBE8277;MLN;AGP;ATR-72;Despejado;15/04/18
IBE8789;MLN;MAD;ATR-72;Despejado;16/04/18
AEA5002;MLN;AGP;ATR-72;Despejado;16/04/18
IBE8263;MLN;AGP;ATR-72;Despejado;16/04/18
IBE8791;MLN;MAD;ATR-72;Despejado;16/04/18
IBE8269;MLN;AGP;ATR-72;Despejado;16/04/18
VLG3277;TFN;AGP;AIRBUS A320;Despejado;15/04/18
IBB454;TFN;ACE;ATR-42/72;Despejado;15/04/18
IBB621;TFN;SPC;ATR-42/72;Despejado;15/04/18
IBB416;TFN;FUE;ATR-42/72;Despejado;15/04/18
IBS3937;TFN;MAD;AIRBUS A320;Despejado;15/04/18
CNF652;TFN;LPA;ATR-42/72;Despejado;15/04/18
IBB158;TFN;LPA;ATR-42/72;Despejado;15/04/18
IBB629;TFN;SPC;ATR-42/72;Despejado;15/04/18
VLG3255;TFN;SVQ;AIRBUS A320;Despejado;15/04/18
CNF452;TFN;SPC;ATR-72;Despejado;15/04/18
IBB470;TFN;ACE;ATR-42/72;Despejado;15/04/18
AEA9049;TFN;MAD;BOEING 737-800 WINGLETS;Despejado;15/04/18
IBB631;TFN;SPC;ATR-42/72;Despejado;15/04/18
VLG3217;TFN;BCN;32B;Despejado;15/04/18
AEA9465;TFN;SPC;ATR-72;Despejado;15/04/18
IBB663;TFN;VDE;ATR-72;Despejado;15/04/18
IBB472;TFN;ACE;ATR-72;Despejado;15/04/18
IBE8499;MAH;PMI;ATR-42/72;Despejado;15/04/18
AEA4530;MAH;PMI;ATR-72;Despejado;15/04/18
IBE8491;MAH;PMI;CANADAIR CRJ-200;Despejado;15/04/18
IBE8493;MAH;PMI;BOMBARDIER CRJ-1000;Despejado;15/04/18
IBE8029;MAH;MAD;CANADAIR CRJ-900;Despejado;15/04/18
RYR6882;MAH;BCN;BOEING 737-800 WINGLETS;Despejado;15/04/18
VLG3709;MAH;BCN;AIRBUS A320;Despejado;15/04/18
VLG3701;MAH;BCN;32A;Despejado;15/04/18
IBE8737;MAH;VLC;ATR-72;Despejado;15/04/18
IBE8487;MAH;PMI;ATR-42/72;Despejado;15/04/18
VLG3719;MAH;BCN;32B;Despejado;15/04/18
IBE8481;MAH;PMI;BOMBARDIER CRJ-1000;Despejado;16/04/18
IBE8951;MAH;MAD;BOMBARDIER CRJ-1000;Despejado;16/04/18
AAL8615;MAH;MAD;BOMBARDIER CRJ-1000;Despejado;16/04/18
IBE8495;MAH;PMI;ATR-72;Despejado;16/04/18
VLG3713;MAH;BCN;AIRBUS A320;Despejado;16/04/18
IBE8483;MAH;PMI;BOMBARDIER CRJ-1000;Despejado;16/04/18
EZY8302;MAH;LGW;AIRBUS A320;Despejado;16/04/18
IBE1201;BCN;MAD;AIRBUS A321;Nubes altas;15/04/18
IBE1201S;BCN;MAD;AIRBUS A321;Nubes altas;15/04/18
LAN5429;BCN;MAD;AIRBUS A321;Nubes altas;15/04/18
AVA6031;BCN;MAD;AIRBUS A321;Nubes altas;15/04/18
VLG9749;BCN;MAD;AIRBUS A321;Nubes altas;15/04/18
AEA5036;AGP;MAD;ATR-72;Despejado;15/04/18
AEA2057;BCN;MAD;AIRBUS A330-200;Nubes altas;15/04/18
IBE8663;BIO;MAH;BOMBARDIER CRJ-1000;Lluvia débil;15/04/18
VOE3528;BIO;SVQ;BOEING 717;Lluvia débil;15/04/18
BEL3714;BIO;BRU;AIRBUS A319;Lluvia débil;15/04/18
CSA709;BIO;PRG;AIRBUS A319;Lluvia débil;15/04/18
DLH1143;BIO;FRA;AIRBUS A320;Lluvia débil;15/04/18
EWG2517;BIO;STR;AIRBUS A319;Lluvia débil;15/04/18
SWR2059;BIO;ZRH;AIRBUS A319;Lluvia débil;15/04/18
VLG1466;BIO;ORY;AIRBUS A320;Lluvia débil;15/04/18
DLH1893;BIO;MUC;32A;Lluvia débil;15/04/18
VLG1435;BIO;BCN;32A;Lluvia débil;15/04/18
IBE8387;BIO;ALC;BOMBARDIER CRJ-1000;Lluvia débil;15/04/18
VLG3260;BIO;TFN;AIRBUS A320;Lluvia débil;15/04/18
AEA7505;BIO;PMI;EMBRAER ERJ-195;Lluvia débil;15/04/18
EZY6242;BIO;BRS;AIRBUS A319;Lluvia débil;15/04/18
EZY3226;BIO;STN;AIRBUS A319;Lluvia débil;15/04/18
KLM1688;BIO;AMS;BOEING 737-700 WINGLETS;Lluvia débil;15/04/18
VLG1427;BIO;BCN;AIRBUS A320;Lluvia débil;15/04/18
IBE8577;LEI;MAD;CANADAIR CRJ-900;Despejado;15/04/18
AEA2888;LEI;BCN;BOEING 737-800 WINGLETS;Despejado;15/04/18
IBE8589;LEI;MAD;CANADAIR CRJ-200;Despejado;15/04/18
IBE8601;LEI;MAD;BOMBARDIER CRJ-1000;Despejado;15/04/18
AEA2648;LEI;BCN;BOEING 737-800 WINGLETS;Despejado;15/04/18
IBE8932;LEI;SVQ;CANADAIR CRJ-200;Despejado;15/04/18
IBE8930;LEI;SVQ;CANADAIR CRJ-200;Despejado;16/04/18
IBE8603;LEI;MAD;BOMBARDIER CRJ-1000;Despejado;16/04/18
RYR1259;LEI;CRL;BOEING 737-800 WINGLETS;Despejado;16/04/18
IBE8589;LEI;MAD;CANADAIR CRJ-200;Despejado;16/04/18
EZY8164;LEI;LGW;AIRBUS A320;Despejado;16/04/18
IBE8595;LEI;MAD;BOMBARDIER CRJ-1000;Despejado;16/04/18
RYR8352;LEI;STN;BOEING 737-800 WINGLETS;Despejado;16/04/18
VLG1252;LEI;BCN;AIRBUS A320;Despejado;16/04/18
RYR2199;SVQ;VLL;BOEING 737-800 WINGLETS;Nubosidad variable;15/04/18
EZY1726;SVQ;TLS;AIRBUS A319;Nubosidad variable;15/04/18
EVE1127;SVQ;VLL;32A;Nubosidad variable;15/04/18
TAP1105;SVQ;LIS;ATR-42/72;Nubosidad variable;15/04/18
RYR5272;SVQ;PMI;BOEING 737-800 WINGLETS;Nubosidad variable;15/04/18
VLG2221;SVQ;BCN;AIRBUS A320;Nubosidad variable;15/04/18
TVF4907;SVQ;LYS;BOEING 737-800 WINGLETS;Nubosidad variable;15/04/18
VOE3529;SVQ;BIO;BOEING 717;Nubosidad variable;15/04/18
VLG1299;SVQ;LCG;32A;Nubosidad variable;15/04/18
TVF3105;SVQ;ORY;BOEING 737-800 WINGLETS;Nubosidad variable;15/04/18
VLG3964;SVQ;VLC;AIRBUS A320;Nubosidad variable;15/04/18
RYR8364;SVQ;STN;BOEING 737-800 WINGLETS;Nubosidad variable;15/04/18
IBE8847;SVQ;VLC;ATR-72;Nubosidad variable;15/04/18
VLG8832;SVQ;CDG;AIRBUS A320;Nubosidad variable;15/04/18
RYR5385;SVQ;VRN;BOEING 737-800 WINGLETS;Nubosidad variable;15/04/18
IBS3951;SVQ;MAD;AIRBUS A320;Nubosidad variable;15/04/18
RYR1186;SVQ;FEZ;BOEING 737-800 WINGLETS;Nubosidad variable;15/04/18
RYR2208;SVQ;VLC;BOEING 737-800 WINGLETS;Nubosidad variable;15/04/18
VLG3046;SVQ;LPA;AIRBUS A320;Nubosidad variable;15/04/18
IBB663;TFN;VDE;ATR-72;Despejado;15/04/18
IBB365;LPA;VDE;ATR-72;Abertura de claros;15/04/18
IBS2218;LPA;VDE;ATR-72;Despejado;17/04/18
CNF247;TFN;VDE;ATR-42/72;Despejado;15/04/18
IBB673;TFN;VDE;ATR-72;Despejado;15/04/18
IBB655;TFN;VDE;ATR-72;Despejado;16/04/18
IBB659;TFN;VDE;ATR-72;Despejado;16/04/18
IBE8524;MAD;PNA;CANADAIR CRJ-900;Abertura de claros;15/04/18
IBE8532;MAD;PNA;BOMBARDIER CRJ-1000;Abertura de claros;15/04/18
IBE8526;MAD;PNA;BOMBARDIER CRJ-1000;Abertura de claros;15/04/18
IBE8530;MAD;PNA;BOMBARDIER CRJ-1000;Abertura de claros;16/04/18
IBE8536;MAD;PNA;CANADAIR CRJ-200;Abertura de claros;16/04/18
RYR4333;TFS;MAN;BOEING 737-800 WINGLETS;Despejado;15/04/18
EZY8704;TFS;LGW;32A;Despejado;15/04/18
DK1727;TFS;GOT;32B;Despejado;15/04/18
DK1315;TFS;HEL;32B;Despejado;15/04/18
NAX9471;TFS;TRD;BOEING 737-800 WINGLETS;Despejado;15/04/18
LLP8766;TFS;KTW;AIRBUS A320;Despejado;15/04/18
DK1095;TFS;AAL;32B;Despejado;15/04/18
DK1179;TFS;CPH;AIRBUS A321;Despejado;15/04/18
BLX504;TFS;MMX;BOEING 737-800 WINGLETS;Despejado;15/04/18
PRI538;TFS;CPH;BOEING 737-800 WINGLETS;Despejado;15/04/18
NVR178;TFS;ARN;32B;Despejado;15/04/18
IBS3911;TFS;MAD;AIRBUS A320;Despejado;15/04/18
BLX218;TFS;HEL;BOEING 737-800 WINGLETS;Despejado;15/04/18
TCX1517;TFS;GLA;32B;Despejado;15/04/18
BLX206;TFS;ARN;7M8;Despejado;15/04/18
TCX1235;TFS;EMA;AIRBUS A321;Despejado;15/04/18
PRW644;TFS;ARN;BOEING 737-700 WINGLETS;Despejado;15/04/18
EXS634;TFS;EMA;BOEING 737-800 WINGLETS;Despejado;15/04/18
EXS518;TFS;NCL;BOEING 737-800 WINGLETS;Despejado;15/04/18
BAW2731;TFS;LGW;AIRBUS A320;Despejado;15/04/18
RYR6702;IBZ;BLQ;BOEING 737-800 WINGLETS;Despejado;15/04/18
RYR6703;IBZ;FCO;BOEING 737-800 WINGLETS;Despejado;15/04/18
IBE8911;IBZ;MAD;BOMBARDIER CRJ-1000;Despejado;15/04/18
IBE8115;IBZ;PMI;BOMBARDIER CRJ-1000;Despejado;15/04/18
VLG8181;IBZ;ORY;32B;Despejado;15/04/18
RYR2067;IBZ;MAD;BOEING 737-800 WINGLETS;Despejado;15/04/18
AEA6024;IBZ;MAD;EMBRAER ERJ-195;Despejado;15/04/18
RYR7217;IBZ;VLC;BOEING 737-800 WINGLETS;Despejado;15/04/18
AEA1707;IBZ;PMI;ATR-72;Despejado;15/04/18
TVF3155;IBZ;ORY;BOEING 737-800 WINGLETS;Despejado;15/04/18
RYR8147;IBZ;AGP;BOEING 737-800 WINGLETS;Despejado;15/04/18
VLG3322;IBZ;AMS;AIRBUS A320;Despejado;15/04/18
KLM1498;IBZ;AMS;BOEING 737-800 WINGLETS;Despejado;15/04/18
RYR8842;IBZ;BCN;BOEING 737-800 WINGLETS;Despejado;15/04/18
RYR8538;ALC;SCQ;BOEING 737-800 WINGLETS;Nubes altas;15/04/18
IBS3878;MAD;SCQ;32A;Abertura de claros;15/04/18
VLG1676;BCN;SCQ;AIRBUS A320;Nubes altas;15/04/18
AEA2629;BCN;SCQ;BOEING 737-800 WINGLETS;Nubes altas;15/04/18
VLG1672;BCN;SCQ;32A;Nubes altas;15/04/18
RYR2001;ACE;SCQ;BOEING 737-800 WINGLETS;Despejado;15/04/18
VLG3980;PMI;SCQ;AIRBUS A320;Despejado;15/04/18
IBE8366;PMI;SCQ;CANADAIR CRJ-200;Despejado;17/04/18
RYR5317;MAD;SCQ;BOEING 737-800 WINGLETS;Abertura de claros;15/04/18
RYR6381;BCN;SCQ;BOEING 737-800 WINGLETS;Nubes altas;15/04/18
RYR7003;LPA;SCQ;BOEING 737-800 WINGLETS;Abertura de claros;15/04/18
RYR723;PMI;SCQ;BOEING 737-800 WINGLETS;Despejado;15/04/18
IBS3894;MAD;SCQ;32A;Abertura de claros;15/04/18
IBE8354;BIO;SCQ;CANADAIR CRJ-200;Lluvia débil;16/04/18
RYR7222;VLC;SCQ;BOEING 737-800 WINGLETS;Despejado;16/04/18
RYR6332;BCN;SCQ;BOEING 737-800 WINGLETS;Nubes altas;16/04/18
IBE8635;PMI;VLC;BOMBARDIER CRJ-1000;Despejado;17/04/18
VLG3694;IBZ;VLC;AIRBUS A320;Despejado;15/04/18
AEA4065;MAD;VLC;ATR-72;Abertura de claros;15/04/18
RYR7217;IBZ;VLC;BOEING 737-800 WINGLETS;Despejado;15/04/18
VLG3945;PMI;BIO;AIRBUS A320;Despejado;15/04/18
IBE8938;VLC;BIO;BOMBARDIER CRJ-1000;Despejado;15/04/18
AEA7153;MAD;BIO;EMBRAER ERJ-195;Abertura de claros;15/04/18
IBE8264;AGP;MLN;ATR-72;Despejado;15/04/18
IBE8270;AGP;MLN;ATR-72;Despejado;15/04/18
AEA5005;AGP;MLN;ATR-72;Despejado;15/04/18
IBE8798;MAD;MLN;ATR-72;Abertura de claros;15/04/18
IBE8274;AGP;MLN;ATR-72;Despejado;15/04/18
IBE8260;AGP;MLN;ATR-72;Despejado;16/04/18
AEA5001;AGP;MLN;ATR-72;Despejado;16/04/18
IBE8262;AGP;MLN;ATR-72;Despejado;16/04/18
IBE8792;MAD;MLN;ATR-72;Abertura de claros;16/04/18
IBE8264;AGP;MLN;ATR-72;Despejado;16/04/18
IBE8790;MAD;MLN;ATR-72;Abertura de claros;16/04/18
VLG2286;BCN;XRY;AIRBUS A320;Nubes altas;15/04/18
RYR1283;BCN;XRY;BOEING 737-800 WINGLETS;Nubes altas;15/04/18
IBE0404;MAD;XRY;AIRBUS A319;Abertura de claros;15/04/18
IBE0406;MAD;XRY;AIRBUS A319;Abertura de claros;15/04/18
IBE8510;MAD;XRY;CANADAIR CRJ-900;Abertura de claros;16/04/18
IBE0410;MAD;XRY;AIRBUS A319;Abertura de claros;16/04/18
VLG2286;BCN;XRY;AIRBUS A320;Nubes altas;16/04/18
IBB621;TFN;SPC;ATR-42/72;Despejado;15/04/18
IBS3842;MAD;SPC;AIRBUS A320;Abertura de claros;15/04/18
IBB629;TFN;SPC;ATR-42/72;Despejado;15/04/18
CNF452;TFN;SPC;ATR-72;Despejado;15/04/18
IBB311;LPA;SPC;BOMBARDIER CRJ-1000;Abertura de claros;15/04/18
IBB631;TFN;SPC;ATR-42/72;Despejado;15/04/18
AEA9465;TFN;SPC;ATR-72;Despejado;15/04/18
IBB633;TFN;SPC;ATR-42/72;Despejado;15/04/18
IBB623;TFN;SPC;ATR-42/72;Despejado;15/04/18
IBB315;LPA;SPC;ATR-72;Abertura de claros;15/04/18
AEA9479;TFN;SPC;ATR-72;Despejado;15/04/18
IBB637;TFN;SPC;ATR-42/72;Despejado;15/04/18
IBB625;TFN;SPC;ATR-42/72;Despejado;15/04/18
IBB639;TFN;SPC;ATR-72;Despejado;15/04/18
CNF467;TFN;SPC;ATR-72;Despejado;15/04/18
IBB643;TFN;SPC;ATR-42/72;Despejado;15/04/18
AEA9467;TFN;SPC;ATR-72;Despejado;15/04/18
IBB627;TFN;SPC;ATR-72;Despejado;15/04/18
RYR6579;PMI;BCN;BOEING 737-800 WINGLETS;Despejado;15/04/18
VLG2021;GRX;BCN;32A;Despejado;15/04/18
RYR3064;TFN;BCN;BOEING 737-800 WINGLETS;Despejado;15/04/18
IBE8642;MAD;GRX;BOMBARDIER CRJ-1000;Abertura de claros;15/04/18
VLG2014;BCN;GRX;AIRBUS A320;Nubes altas;15/04/18
VLG2016;BCN;GRX;32B;Nubes altas;15/04/18
IBE8648;MAD;GRX;BOMBARDIER CRJ-1000;Abertura de claros;15/04/18
VLG2010;BCN;GRX;AIRBUS A321;Nubes altas;16/04/18
IBE8640;MAD;GRX;BOMBARDIER CRJ-1000;Abertura de claros;16/04/18
VLG2020;BCN;GRX;AIRBUS A320;Nubes altas;16/04/18
AEA5201;PMI;GRX;EMBRAER ERJ-195;Despejado;16/04/18
VLG3933;PMI;GRX;AIRBUS A320;Despejado;16/04/18
IBE8646;MAD;GRX;BOMBARDIER CRJ-1000;Abertura de claros;16/04/18
VLG3061;LPA;GRX;AIRBUS A320;Abertura de claros;16/04/18
VLG2125;BCN;AGP;32B;Nubes altas;15/04/18
VLG2654;SCQ;AGP;AIRBUS A320;Lluvia débil;15/04/18
IBE8333;PMI;OVD;CANADAIR CRJ-200;Despejado;17/04/18
VLG1579;BCN;OVD;AIRBUS A320;Nubes altas;15/04/18
VOE3585;ALC;OVD;BOEING 717;Nubes altas;15/04/18
IBE0476;MAD;OVD;AIRBUS A320;Abertura de claros;15/04/18
VLG3864;PMI;OVD;AIRBUS A320;Despejado;15/04/18
VOE3924;AGP;OVD;BOEING 717;Despejado;15/04/18
IBE0480;MAD;OVD;AIRBUS A320;Abertura de claros;15/04/18
VOE3830;SVQ;OVD;BOEING 717;Nubosidad variable;15/04/18
IBE0482;MAD;OVD;AIRBUS A320;Abertura de claros;15/04/18
VLG1571;BCN;OVD;AIRBUS A320;Nubes altas;15/04/18
VLG1573;BCN;OVD;AIRBUS A320;Nubes altas;16/04/18
IBE0478;MAD;OVD;AIRBUS A321;Abertura de claros;16/04/18
IBS9500;PMI;OVD;AIRBUS A320;Despejado;16/04/18
IBE0488;MAD;OVD;AIRBUS A320;Abertura de claros;16/04/18
VLG1629;AGP;OVD;AIRBUS A320;Despejado;16/04/18
AEA2633;ZAZ;LEI;BOEING 737-800 WINGLETS;Nubes altas;15/04/18
IBE8212;PMI;LEI;CANADAIR CRJ-200;Despejado;17/04/18
IBE8592;MAD;LEI;BOMBARDIER CRJ-1000;Abertura de claros;15/04/18
AEA2647;BCN;LEI;BOEING 737-800 WINGLETS;Nubes altas;15/04/18
IBE8588;MAD;LEI;CANADAIR CRJ-200;Abertura de claros;15/04/18
IBE8933;SVQ;LEI;CANADAIR CRJ-200;Nubosidad variable;15/04/18
IBE8600;MAD;LEI;BOMBARDIER CRJ-1000;Abertura de claros;15/04/18
IBE8931;SVQ;LEI;CANADAIR CRJ-200;Nubosidad variable;16/04/18
IBE8594;MAD;LEI;BOMBARDIER CRJ-1000;Abertura de claros;16/04/18
VLG1251;BCN;LEI;AIRBUS A320;Nubes altas;16/04/18
IBE0556;MAD;SDR;AIRBUS A319;Abertura de claros;15/04/18
VLG1590;BCN;SDR;32A;Nubes altas;15/04/18
IBE8878;MAD;SDR;CANADAIR CRJ-900;Abertura de claros;15/04/18
IBE0552;MAD;SDR;AIRBUS A320;Abertura de claros;16/04/18
VLG1592;BCN;SDR;AIRBUS A320;Nubes altas;16/04/18
VLG3263;PMI;SDR;AIRBUS A320;Despejado;16/04/18
IBE0554;MAD;SDR;AIRBUS A319;Abertura de claros;16/04/18
IBE8670;MAH;SDR;BOMBARDIER CRJ-1000;Despejado;16/04/18
VLG1450;BIO;ALC;AIRBUS A320;Lluvia débil;15/04/18
VLG1306;BCN;ALC;32A;Nubes altas;15/04/18
CNF810;FUE;LPA;ATR-72;Despejado;15/04/18
IBB132;TFN;LPA;ATR-72;Despejado;15/04/18
AEA9402;TFN;LPA;ATR-72;Despejado;15/04/18
IBS3822;MAD;LPA;32A;Abertura de claros;15/04/18
IBK5805;MAD;LPA;BOEING 737-800 WINGLETS;Abertura de claros;15/04/18
IBB513;ACE;LPA;BOMBARDIER CRJ-1000;Despejado;15/04/18
IBB213;FUE;LPA;ATR-42/72;Despejado;15/04/18
IBS3830;MAD;LPA;AIRBUS A321;Abertura de claros;15/04/18
IBB517;ACE;LPA;ATR-42/72;Despejado;15/04/18
CNF652;TFN;LPA;ATR-42/72;Despejado;15/04/18
IBB158;TFN;LPA;ATR-42/72;Despejado;15/04/18
VLG3002;BCN;LPA;32B;Nubes altas;15/04/18
VLG3014;BCN;FUE;BOEING 737-800 WINGLETS;Nubes altas;15/04/18
IBB212;LPA;FUE;ATR-72;Abertura de claros;15/04/18
IBS3906;MAD;FUE;AIRBUS A321;Abertura de claros;15/04/18
IBB416;TFN;FUE;ATR-42/72;Despejado;15/04/18
IBB222;LPA;FUE;ATR-72;Abertura de claros;15/04/18
IBB214;LPA;FUE;ATR-72;Abertura de claros;15/04/18
CNF849;LPA;FUE;ATR-72;Abertura de claros;15/04/18
AEA9435;LPA;FUE;ATR-72;Abertura de claros;15/04/18
RYR2896;BCN;PMI;BOEING 737-800 WINGLETS;Nubes altas;15/04/18
AEA5200;GRX;PMI;EMBRAER ERJ-195;Despejado;15/04/18
VLG3941;SVQ;PMI;AIRBUS A320;Nubosidad variable;15/04/18
VLG3932;GRX;PMI;AIRBUS A320;Despejado;15/04/18
RYR5677;AGP;PMI;BOEING 737-800 WINGLETS;Despejado;15/04/18
AEA6067;MAD;PMI;BOEING 737-800 WINGLETS;Abertura de claros;15/04/18
AEA9464;SPC;TFN;ATR-72;Abertura de claros;15/04/18
IBS3946;MAD;TFN;AIRBUS A320;Abertura de claros;15/04/18
IBB620;SPC;TFN;ATR-42/72;Abertura de claros;15/04/18
VLG3254;SVQ;TFN;AIRBUS A320;Nubosidad variable;15/04/18
AEA9118;MAD;TFN;BOEING 737-800 WINGLETS;Abertura de claros;15/04/18
VLG3216;BCN;TFN;32B;Nubes altas;15/04/18
IBK6379;MAD;TFN;BOEING 737-800 WINGLETS;Abertura de claros;15/04/18
IBB622;SPC;TFN;ATR-42/72;Abertura de claros;15/04/18
IBB147;LPA;TFN;ATR-72;Abertura de claros;15/04/18
IBB469;ACE;TFN;ATR-72;Despejado;15/04/18
IBB113;LPA;TFN;ATR-72;Abertura de claros;15/04/18
IBB455;ACE;TFN;ATR-42/72;Despejado;15/04/18
CNF653;LPA;TFN;ATR-72;Abertura de claros;15/04/18
IBB630;SPC;TFN;ATR-42/72;Abertura de claros;15/04/18
IBB417;FUE;TFN;ATR-42/72;Despejado;15/04/18
LAV5464;VGO;TFN;BOEING 737-400;Lluvia débil;15/04/18
VLG3510;BCN;IBZ;AIRBUS A320;Nubes altas;15/04/18
IBE8110;PMI;IBZ;BOMBARDIER CRJ-1000;Despejado;17/04/18
AEA6025;MAD;IBZ;EMBRAER ERJ-195;Abertura de claros;15/04/18
AEA1706;PMI;IBZ;ATR-72;Despejado;15/04/18
RYR2066;MAD;IBZ;BOEING 737-800 WINGLETS;Abertura de claros;15/04/18
RYR7216;VLC;IBZ;BOEING 737-800 WINGLETS;Despejado;15/04/18
RYR8146;AGP;IBZ;BOEING 737-800 WINGLETS;Despejado;15/04/18
VLG1356;ALC;IBZ;AIRBUS A320;Nubes altas;15/04/18
RYR8841;BCN;IBZ;BOEING 737-800 WINGLETS;Nubes altas;15/04/18
IBE8124;PMI;IBZ;BOMBARDIER CRJ-1000;Despejado;17/04/18
IBS3856;MAD;ACE;AIRBUS A320;Abertura de claros;15/04/18
IBB516;LPA;ACE;ATR-72;Abertura de claros;15/04/18
IBB468;TFN;ACE;ATR-72;Despejado;15/04/18
IBB454;TFN;ACE;ATR-42/72;Despejado;15/04/18
CNF729;LPA;ACE;ATR-72;Abertura de claros;15/04/18
IBB514;LPA;ACE;ATR-72;Abertura de claros;15/04/18
AEA7028;BIO;ACE;BOEING 737-800 WINGLETS;Lluvia débil;15/04/18
IBS3910;MAD;TFS;AIRBUS A320;Abertura de claros;15/04/18
IBE8498;PMI;MAH;ATR-42/72;Despejado;17/04/18
IBE8663;BIO;MAH;BOMBARDIER CRJ-1000;Lluvia débil;15/04/18
AEA4531;PMI;MAH;ATR-72;Despejado;15/04/18
IBE8488;PMI;MAH;CANADAIR CRJ-200;Despejado;17/04/18
RYR6881;BCN;MAH;BOEING 737-800 WINGLETS;Nubes altas;15/04/18
IBE8024;MAD;MAH;CANADAIR CRJ-900;Abertura de claros;15/04/18
VLG3716;BCN;MAH;AIRBUS A320;Nubes altas;15/04/18
VLG3700;BCN;MAH;32A;Nubes altas;15/04/18
IBE8734;VLC;MAH;ATR-72;Despejado;15/04/18
IBE8492;PMI;MAH;ATR-42/72;Despejado;17/04/18
IBE8496;PMI;MAH;BOMBARDIER CRJ-1000;Despejado;17/04/18
VLG3718;BCN;MAH;32B;Nubes altas;15/04/18
IBE8954;MAD;MAH;BOMBARDIER CRJ-1000;Abertura de claros;15/04/18
IBE8494;PMI;MAH;ATR-72;Despejado;17/04/18
VLG3712;BCN;MAH;AIRBUS A320;Nubes altas;16/04/18
IBE8480;PMI;MAH;BOMBARDIER CRJ-1000;Despejado;17/04/18
EVE1606;ZAZ;SVQ;32A;Nubes altas;15/04/18
RYR3042;SCQ;SVQ;BOEING 737-800 WINGLETS;Lluvia débil;15/04/18
VLG2510;BIO;SVQ;AIRBUS A320;Lluvia débil;15/04/18
VOE3528;BIO;SVQ;BOEING 717;Lluvia débil;15/04/18
VLG1298;LCG;SVQ;32A;Lluvia débil;15/04/18
VLG3965;VLC;SVQ;AIRBUS A320;Despejado;15/04/18
RYR2200;VLL;SVQ;BOEING 737-800 WINGLETS;Chubascos dispersos;15/04/18
VLG3940;PMI;SVQ;AIRBUS A320;Despejado;15/04/18
IBE8846;VLC;SVQ;ATR-72;Despejado;15/04/18
IBS3952;MAD;SVQ;AIRBUS A320;Abertura de claros;15/04/18
RYR2207;VLC;SVQ;BOEING 737-800 WINGLETS;Despejado;15/04/18
VLG3255;TFN;SVQ;AIRBUS A320;Despejado;15/04/18
VLG3942;PMI;SVQ;AIRBUS A320;Despejado;15/04/18
EVE1128;VLL;SVQ;32A;Chubascos dispersos;15/04/18
IBB652;GMZ;TFN;ATR-42/72;Abertura de claros;15/04/18
IBE8313;BJZ;BCN;BOMBARDIER CRJ-1000;Lluvia;15/04/18
IBB653;TFN;GMZ;ATR-42/72;Despejado;15/04/18
IBB651;TFN;GMZ;ATR-72;Despejado;16/04/18
RYR5538;VIT;BGY;BOEING 737-800 WINGLETS;Chubascos dispersos;15/04/18
RYR4421;VIT;CGN;BOEING 737-800 WINGLETS;Chubascos dispersos;16/04/18
RYR8088;REU;BHX;BOEING 737-800 WINGLETS;Nubes altas;15/04/18
RYR2212;REU;EIN;BOEING 737-800 WINGLETS;Nubes altas;15/04/18
RYR1115;REU;DUB;BOEING 737-800 WINGLETS;Nubes altas;16/04/18
RYR2635;ZAZ;STN;BOEING 737-800 WINGLETS;Nubes altas;15/04/18
RYR4634;ZAZ;BGY;BOEING 737-800 WINGLETS;Nubes altas;16/04/18
RYR1383;ZAZ;CRL;BOEING 737-800 WINGLETS;Nubes altas;16/04/18
IBE8312;BCN;BJZ;BOMBARDIER CRJ-1000;Despejado;17/04/18
HTY118;AEI;JCU;AWH;Despejado;15/04/18
HTY140;AEI;JCU;AWH;Despejado;15/04/18
HTY102;AEI;JCU;AWH;Despejado;16/04/18
HTY134;AEI;JCU;AWH;Despejado;16/04/18
HTY108;AEI;JCU;AWH;Despejado;16/04/18
IBE8329;EAS;MAD;ATR-72;Chubascos dispersos;15/04/18
IBE8315;EAS;MAD;ATR-72;Chubascos dispersos;15/04/18
VLG2489;EAS;BCN;AIRBUS A319;Chubascos dispersos;15/04/18
IBE8323;EAS;MAD;ATR-72;Chubascos dispersos;15/04/18
IBE8317;EAS;MAD;ATR-72;Chubascos dispersos;16/04/18
VLG2487;EAS;BCN;AIRBUS A319;Chubascos dispersos;16/04/18
IBE8327;EAS;MAD;ATR-72;Chubascos dispersos;16/04/18
IBE8321;EAS;MAD;ATR-72;Chubascos dispersos;16/04/18
IBE8525;PNA;MAD;CANADAIR CRJ-900;Nubosidad variable;15/04/18
IBE8531;PNA;MAD;BOMBARDIER CRJ-1000;Nubosidad variable;15/04/18
IBE8529;PNA;MAD;BOMBARDIER CRJ-1000;Nubosidad variable;16/04/18
IBE8533;PNA;MAD;BOMBARDIER CRJ-1000;Nubosidad variable;16/04/18
DLH1119;PNA;FRA;AIRBUS A320;Nubosidad variable;16/04/18
IBE8539;PNA;MAD;CANADAIR CRJ-200;Nubosidad variable;16/04/18
IBB668;VDE;TFN;ATR-72;Nubes altas;15/04/18
IBB366;VDE;LPA;ATR-72;Nubes altas;15/04/18
IBS2247;VDE;LPA;ATR-72;Nubes altas;15/04/18
CNF248;VDE;TFN;ATR-72;Nubes altas;15/04/18
IBB674;VDE;TFN;ATR-72;Nubes altas;15/04/18
IBB656;VDE;TFN;ATR-72;Nubes altas;16/04/18
IBB662;VDE;TFN;ATR-72;Nubes altas;16/04/18
IBB664;VDE;TFN;ATR-72;Nubes altas;16/04/18
HTY227;JCU;AGP;AWH;Nubes altas;15/04/18
HTY117;JCU;AEI;AWH;Nubes altas;15/04/18
HTY139;JCU;AEI;AWH;Nubes altas;15/04/18
HTY259;JCU;AGP;AWH;Nubes altas;15/04/18
HTY101;JCU;AEI;AWH;Nubes altas;16/04/18
HTY221;JCU;AGP;AWH;Nubes altas;16/04/18
HTY133;JCU;AEI;AWH;Nubes altas;16/04/18
HTY107;JCU;AEI;AWH;Nubes altas;16/04/18
HTY227;JCU;AGP;AWH;Nubes altas;16/04/18
IBS9530;VLL;PMI;AIRBUS A320;Chubascos dispersos;15/04/18
RYR2200;VLL;SVQ;BOEING 737-800 WINGLETS;Chubascos dispersos;15/04/18
EVE1128;VLL;SVQ;32A;Chubascos dispersos;15/04/18
RYR6321;VLL;BCN;BOEING 737-800 WINGLETS;Chubascos dispersos;15/04/18
VLG1585;VLL;BCN;32A;Chubascos dispersos;15/04/18
EVE7151;VLL;ACE;AIRBUS A320;Chubascos dispersos;16/04/18
VLG1585;BCN;VLL;32A;Nubes altas;15/04/18
AEA7236;LCG;MAD;EMBRAER ERJ-195;Lluvia débil;15/04/18
IBE0523;LCG;MAD;AIRBUS A319;Lluvia débil;15/04/18
VLG7104;LCG;LHR;32A;Lluvia débil;15/04/18
AEA7238;LCG;MAD;EMBRAER ERJ-195;Lluvia débil;15/04/18
IBE0521;LCG;MAD;AIRBUS A320;Lluvia débil;15/04/18
VLG1291;LCG;BCN;32A;Lluvia débil;15/04/18
AEA7232;LCG;MAD;EMBRAER ERJ-195;Lluvia débil;16/04/18
IBE0511;LCG;MAD;AIRBUS A320;Lluvia débil;16/04/18
EZY8552;MJV;LGW;AIRBUS A319;Nubes altas;15/04/18
RYR1940;MJV;EIN;BOEING 737-800 WINGLETS;Nubes altas;15/04/18
RYR4117;MJV;MAN;BOEING 737-800 WINGLETS;Nubes altas;15/04/18
EXS864;MJV;MAN;BOEING 737-800;Nubes altas;15/04/18
RYR8027;MJV;STN;BOEING 737-800 WINGLETS;Nubes altas;15/04/18
RYR3453;MJV;LTN;BOEING 737-800 WINGLETS;Nubes altas;15/04/18
RYR7095;MJV;DUB;BOEING 737-800;Nubes altas;15/04/18
RYR5947;MJV;BOH;BOEING 737-800 WINGLETS;Nubes altas;16/04/18
EZY6014;MJV;BRS;AIRBUS A320;Nubes altas;16/04/18
RYR1925;MJV;EMA;BOEING 737-800 WINGLETS;Nubes altas;16/04/18
RYR8025;MJV;STN;BOEING 737-800 WINGLETS;Nubes altas;16/04/18
EXS208;MJV;LBA;BOEING 737-300 WINGLETS;Nubes altas;16/04/18
HTY117;JCU;AEI;AWH;Nubes altas;15/04/18
HTY139;JCU;AEI;AWH;Nubes altas;15/04/18
HTY101;JCU;AEI;AWH;Nubes altas;16/04/18
HTY133;JCU;AEI;AWH;Nubes altas;16/04/18
HTY107;JCU;AEI;AWH;Nubes altas;16/04/18
RYR2082;MAD;BHX;BOEING 737-800 WINGLETS;Abertura de claros;15/04/18
ETR8594;MAD;CCS;AIRBUS A340-300;Abertura de claros;15/04/18
RYR5493;MAD;BGY;BOEING 737-800 WINGLETS;Abertura de claros;15/04/18
VLG1507;MAD;FLR;AIRBUS A319;Abertura de claros;15/04/18
AEA4065;MAD;VLC;ATR-72;Abertura de claros;15/04/18
AEA5039;MAD;AGP;ATR-72;Abertura de claros;15/04/18
IBK6773;MAD;PMI;BOEING 737-800 WINGLETS;Abertura de claros;15/04/18
AMX002;MAD;MEX;BOEING 787-9;Abertura de claros;15/04/18
AEA7300;MAD;VGO;EMBRAER ERJ-195;Abertura de claros;15/04/18
AEA1155;MAD;LIS;EMBRAER ERJ-195;Abertura de claros;15/04/18
RYR9156;SDR;CIA;BOEING 737-800 WINGLETS;Chubascos dispersos;15/04/18
RYR7153;SDR;DUB;BOEING 737-800 WINGLETS;Chubascos dispersos;15/04/18
VLG1591;SDR;BCN;32A;Chubascos dispersos;15/04/18
RYR6058;SDR;CRL;BOEING 737-800 WINGLETS;Chubascos dispersos;15/04/18
RYR7366;SDR;NRN;BOEING 737-800 WINGLETS;Chubascos dispersos;15/04/18
RYR2613;SDR;STN;BOEING 737-800 WINGLETS;Chubascos dispersos;15/04/18
IBE8861;SDR;MAD;CANADAIR CRJ-900;Chubascos dispersos;16/04/18
IBE0553;SDR;MAD;AIRBUS A319;Chubascos dispersos;16/04/18
RYR1779;SDR;BUD;BOEING 737-800 WINGLETS;Chubascos dispersos;16/04/18
VLG3262;SDR;PMI;AIRBUS A320;Chubascos dispersos;16/04/18
IBE0555;SDR;MAD;AIRBUS A319;Chubascos dispersos;16/04/18
IBE8671;SDR;MAH;BOMBARDIER CRJ-1000;Chubascos dispersos;16/04/18
RYR2613;SDR;STN;BOEING 737-800 WINGLETS;Chubascos dispersos;16/04/18
RYR9156;SDR;CIA;BOEING 737-800 WINGLETS;Chubascos dispersos;16/04/18
VLG2287;XRY;BCN;AIRBUS A320;Nubosidad variable;15/04/18
RYR1284;XRY;BCN;BOEING 737-800 WINGLETS;Nubosidad variable;15/04/18
IBE0405;XRY;MAD;AIRBUS A319;Nubosidad variable;15/04/18
IBE0407;XRY;MAD;AIRBUS A319;Nubosidad variable;16/04/18
TUI2249;XRY;MUC;7S8;Nubosidad variable;16/04/18
IBE8511;XRY;MAD;CANADAIR CRJ-900;Nubosidad variable;16/04/18
TUI2223;XRY;STR;7S8;Nubosidad variable;16/04/18
TUI2273;XRY;FRA;7S8;Nubosidad variable;16/04/18
DE1557;XRY;DUS;32B;Nubosidad variable;16/04/18
TUI2253;XRY;DUS;7S8;Nubosidad variable;16/04/18
RYR8397;XRY;STN;BOEING 737-800 WINGLETS;Nubosidad variable;16/04/18
IBE0411;XRY;MAD;AIRBUS A319;Nubosidad variable;16/04/18
VLG2287;XRY;BCN;AIRBUS A320;Nubosidad variable;16/04/18
IBE8524;MAD;PNA;CANADAIR CRJ-900;Abertura de claros;15/04/18
IBE8532;MAD;PNA;BOMBARDIER CRJ-1000;Abertura de claros;15/04/18
IBE8526;MAD;PNA;BOMBARDIER CRJ-1000;Abertura de claros;15/04/18
IBE8530;MAD;PNA;BOMBARDIER CRJ-1000;Abertura de claros;16/04/18
IBE8536;MAD;PNA;CANADAIR CRJ-200;Abertura de claros;16/04/18
PVG5558;PMI;MAD;AIRBUS A320;Despejado;15/04/18
EWG593;PMI;CGN;AIRBUS A320;Despejado;15/04/18
SWR2157;PMI;ZRH;AIRBUS A321;Despejado;15/04/18
AEA1297;PMI;ORY;EMBRAER ERJ-195;Despejado;15/04/18
VLG3940;PMI;SVQ;AIRBUS A320;Despejado;15/04/18
EWG7587;PMI;HAM;32A;Despejado;15/04/18
IBK6652;PMI;ARN;BOEING 737-800 WINGLETS;Despejado;15/04/18
RYR2163;PMI;BHX;BOEING 737-800 WINGLETS;Despejado;15/04/18
RYR1169;PMI;SNN;BOEING 737-800 WINGLETS;Despejado;15/04/18
EDW1247;PMI;ZRH;AIRBUS A320;Despejado;15/04/18
EWG3597;PMI;HAJ;BOEING 737-800 WINGLETS;Despejado;15/04/18
VLG2901;PMI;AMS;AIRBUS A320;Despejado;15/04/18
EZY1516;PMI;GVA;32A;Despejado;15/04/18
SBI880;PMI;DME;AIRBUS A320;Despejado;15/04/18
RYR5676;PMI;AGP;BOEING 737-800 WINGLETS;Despejado;15/04/18
IBK6622;PMI;OSL;BOEING 737-800 WINGLETS;Despejado;15/04/18
RYR7197;PMI;HAM;BOEING 737-800 WINGLETS;Despejado;15/04/18
EWG9583;PMI;DUS;32A;Despejado;15/04/18
TRA6512;PMI;EIN;BOEING 737-800 WINGLETS;Despejado;15/04/18
RYR2916;PMI;BRU;BOEING 737-800 WINGLETS;Despejado;15/04/18
TRA5630;PMI;AMS;BOEING 737-700 WINGLETS;Despejado;15/04/18
VLG3865;OVD;PMI;AIRBUS A320;Lluvia;15/04/18
VOE3925;OVD;AGP;BOEING 717;Lluvia;15/04/18
IBE0487;OVD;MAD;AIRBUS A320;Lluvia;15/04/18
VLG1578;OVD;BCN;AIRBUS A320;Lluvia;15/04/18
VOE3831;OVD;SVQ;BOEING 717;Lluvia;15/04/18
TAP1113;OVD;LIS;ATR-42/72;Lluvia;15/04/18
IBE0481;OVD;MAD;32A;Lluvia;15/04/18
VLG1572;OVD;BCN;32A;Lluvia;16/04/18
IBE0471;OVD;MAD;AIRBUS A321;Lluvia;16/04/18
VOE3582;OVD;VLC;BOEING 717;Lluvia;16/04/18
VLG1574;OVD;BCN;AIRBUS A320;Lluvia;16/04/18
IBE0479;OVD;MAD;AIRBUS A321;Lluvia;16/04/18
VLG8860;OVD;CDG;AIRBUS A320;Lluvia;16/04/18
IBS9501;OVD;MAH;AIRBUS A320;Lluvia;16/04/18
IBE0475;OVD;MAD;AIRBUS A320;Lluvia;16/04/18
VLG1628;OVD;AGP;AIRBUS A320;Lluvia;16/04/18
TAP1141;VGO;LIS;ATR-42/72;Lluvia débil;15/04/18
AEA7317;VGO;MAD;EMBRAER ERJ-195;Lluvia débil;15/04/18
IBE0535;VGO;MAD;AIRBUS A319;Lluvia débil;15/04/18
RYR246;VGO;BCN;BOEING 737-800 WINGLETS;Lluvia débil;15/04/18
AEA7319;VGO;MAD;EMBRAER ERJ-195;Lluvia débil;15/04/18
IBE0539;VGO;MAD;AIRBUS A319;Lluvia débil;15/04/18
VLG1705;VGO;BCN;AIRBUS A320;Lluvia débil;15/04/18
IBE0537;VGO;MAD;AIRBUS A319;Lluvia débil;16/04/18
AEA7311;VGO;MAD;EMBRAER ERJ-195;Lluvia débil;16/04/18
RYR2199;SVQ;VLL;BOEING 737-800 WINGLETS;Nubosidad variable;15/04/18
EVE1127;SVQ;VLL;32A;Nubosidad variable;15/04/18
RYR6320;BCN;VLL;BOEING 737-800 WINGLETS;Nubes altas;15/04/18
VLG1584;BCN;VLL;32A;Nubes altas;15/04/18
VLG1584;BCN;VLL;AIRBUS A320;Nubes altas;16/04/18
IBE8319;EAS;MAD;ATR-72;Chubascos dispersos;15/04/18
ENT513;GRX;ARN;BOEING 737-800;Despejado;15/04/18
ENT574;GRX;ARN;BOEING 737-800 WINGLETS;Despejado;15/04/18
IBE8649;GRX;MAD;BOMBARDIER CRJ-1000;Despejado;15/04/18
VLG2015;GRX;BCN;32A;Despejado;15/04/18
BAW3290;GRX;LCY;EMBRAER 190;Despejado;15/04/18
VLG2017;GRX;BCN;32A;Despejado;15/04/18
IBE8639;GRX;MAD;BOMBARDIER CRJ-1000;Despejado;16/04/18
VLG2011;GRX;BCN;AIRBUS A320;Despejado;16/04/18
IBE8641;GRX;MAD;BOMBARDIER CRJ-1000;Despejado;16/04/18
EZY1816;GRX;MAN;AIRBUS A320;Despejado;16/04/18
VLG2021;GRX;BCN;AIRBUS A320;Despejado;16/04/18
AEA5200;GRX;PMI;EMBRAER ERJ-195;Despejado;16/04/18
VLG3932;GRX;PMI;AIRBUS A320;Despejado;16/04/18
BAW3290;GRX;LCY;EMBRAER 190;Despejado;16/04/18
IBE8645;GRX;MAD;BOMBARDIER CRJ-1000;Despejado;16/04/18
VLG3062;GRX;LPA;AIRBUS A320;Despejado;16/04/18
IBE8322;MAD;EAS;ATR-72;Abertura de claros;15/04/18
IBE8318;MAD;EAS;ATR-72;Abertura de claros;15/04/18
VLG2488;BCN;EAS;AIRBUS A319;Nubes altas;15/04/18
IBE8326;MAD;EAS;ATR-72;Abertura de claros;15/04/18
IBE8324;MAD;EAS;ATR-72;Abertura de claros;15/04/18
VLG2486;BCN;EAS;AIRBUS A319;Nubes altas;16/04/18
IBE8314;MAD;EAS;ATR-72;Abertura de claros;16/04/18
IBE8320;MAD;EAS;ATR-72;Abertura de claros;16/04/18
HTY228;AGP;JCU;AWH;Despejado;15/04/18
HTY140;AEI;JCU;AWH;Despejado;15/04/18
HTY260;AGP;JCU;AWH;Despejado;17/04/18
HTY102;AEI;JCU;AWH;Despejado;16/04/18
HTY222;AGP;JCU;AWH;Despejado;16/04/18
HTY134;AEI;JCU;AWH;Despejado;16/04/18
HTY108;AEI;JCU;AWH;Despejado;16/04/18
EVE1127;SVQ;VLL;32A;Nubosidad variable;15/04/18
TAP1105;SVQ;LIS;ATR-42/72;Nubosidad variable;15/04/18
RYR5272;SVQ;PMI;BOEING 737-800 WINGLETS;Nubosidad variable;15/04/18
VLG2221;SVQ;BCN;AIRBUS A320;Nubosidad variable;15/04/18
TVF4907;SVQ;LYS;BOEING 737-800 WINGLETS;Nubosidad variable;15/04/18
VOE3529;SVQ;BIO;BOEING 717;Nubosidad variable;15/04/18
VLG1299;SVQ;LCG;32A;Nubosidad variable;15/04/18
TVF3105;SVQ;ORY;BOEING 737-800 WINGLETS;Nubosidad variable;15/04/18
VLG3964;SVQ;VLC;AIRBUS A320;Nubosidad variable;15/04/18
RYR8364;SVQ;STN;BOEING 737-800 WINGLETS;Nubosidad variable;15/04/18
IBE8847;SVQ;VLC;ATR-72;Nubosidad variable;15/04/18
VLG8832;SVQ;CDG;AIRBUS A320;Nubosidad variable;15/04/18
RYR5385;SVQ;VRN;BOEING 737-800 WINGLETS;Nubosidad variable;15/04/18
IBS3951;SVQ;MAD;AIRBUS A320;Nubosidad variable;15/04/18
RYR1186;SVQ;FEZ;BOEING 737-800 WINGLETS;Nubosidad variable;15/04/18
RYR2208;SVQ;VLC;BOEING 737-800 WINGLETS;Nubosidad variable;15/04/18
VLG3046;SVQ;LPA;AIRBUS A320;Nubosidad variable;15/04/18
VLG3943;SVQ;PMI;AIRBUS A320;Nubosidad variable;15/04/18
JTG718;LPA;ORB;BOEING 737-800 WINGLETS;Abertura de claros;15/04/18
JTG208;LPA;CPH;BOEING 737-800 WINGLETS;Abertura de claros;15/04/18
LLX5872;LPA;PAD;AIRBUS A320;Abertura de claros;15/04/18
JTG518;LPA;BLL;BOEING 737-700 WINGLETS;Abertura de claros;15/04/18
TAP1119;LPA;LIS;EMBRAER 190;Abertura de claros;15/04/18
IBS3823;LPA;MAD;AIRBUS A320;Abertura de claros;15/04/18
JTG704;LPA;KLR;BOEING 737-700 WINGLETS;Abertura de claros;15/04/18
IBB147;LPA;TFN;ATR-72;Abertura de claros;15/04/18
GMI6129;LPA;FDH;AIRBUS A319;Abertura de claros;15/04/18
IBB311;LPA;SPC;BOMBARDIER CRJ-1000;Abertura de claros;15/04/18
IBB113;LPA;TFN;ATR-72;Abertura de claros;15/04/18
IBB518;LPA;ACE;ATR-72;Abertura de claros;15/04/18
AEA9449;LPA;ACE;ATR-72;Abertura de claros;15/04/18
IBB222;LPA;FUE;ATR-72;Abertura de claros;15/04/18
GMI4927;LPA;TXL;BOEING 737-700 WINGLETS;Abertura de claros;15/04/18
IBS3825;LPA;MAD;AIRBUS A321;Abertura de claros;15/04/18
CNF653;LPA;TFN;ATR-72;Abertura de claros;15/04/18
EXS372;LPA;BFS;BOEING 737-800 WINGLETS;Abertura de claros;15/04/18
IBK5802;LPA;BCN;BOEING 737-800 WINGLETS;Abertura de claros;15/04/18
IBB365;LPA;VDE;ATR-72;Abertura de claros;15/04/18
IBE2218;LPA;VDE;ATR-72;Abertura de claros;15/04/18
EXS782;LPA;MAN;BOEING 737-800 WINGLETS;Abertura de claros;15/04/18
VLG1466;BIO;ORY;AIRBUS A320;Lluvia débil;15/04/18
DLH1893;BIO;MUC;32A;Lluvia débil;15/04/18
VLG1435;BIO;BCN;32A;Lluvia débil;15/04/18
IBE8387;BIO;ALC;BOMBARDIER CRJ-1000;Lluvia débil;15/04/18
VLG3260;BIO;TFN;AIRBUS A320;Lluvia débil;15/04/18
AEA7505;BIO;PMI;EMBRAER ERJ-195;Lluvia débil;15/04/18
EZY6242;BIO;BRS;AIRBUS A319;Lluvia débil;15/04/18
EZY3226;BIO;STN;AIRBUS A319;Lluvia débil;15/04/18
KLM1688;BIO;AMS;BOEING 737-700 WINGLETS;Lluvia débil;15/04/18
VLG1427;BIO;BCN;AIRBUS A320;Lluvia débil;15/04/18
EZY1878;BIO;MAN;32A;Lluvia débil;15/04/18
IBE0449;BIO;MAD;AIRBUS A320;Lluvia débil;15/04/18
VOE3512;BIO;AGP;BOEING 717;Lluvia débil;15/04/18
AFR1577;BIO;CDG;EMBRAER 190;Lluvia débil;15/04/18
VLG7292;BIO;LGW;32A;Lluvia débil;15/04/18
LLX5572;FUE;DUS;AIRBUS A320;Despejado;15/04/18
LLX5072;LPA;FUE;AIRBUS A321;Abertura de claros;15/04/18
DTR215;FUE;CPH;AIRBUS A320;Despejado;15/04/18
VLG3015;FUE;BCN;BOEING 737-800 WINGLETS;Despejado;15/04/18
DTR793;FUE;BLL;MCDONNELL DOUGLAS MD-83;Despejado;15/04/18
IBS3907;FUE;MAD;AIRBUS A321;Despejado;15/04/18
MYX872;FUE;CPH;AIRBUS A321;Despejado;15/04/18
IBB417;FUE;TFN;ATR-42/72;Despejado;15/04/18
IBE2292;FUE;TFN;ATR-42/72;Despejado;15/04/18
TFL516;FUE;AMS;BOEING 737-800 WINGLETS;Despejado;15/04/18
TCX1715;FUE;GLA;AIRBUS A321;Despejado;15/04/18
EXS1230;FUE;BHX;BOEING 737-800 WINGLETS;Despejado;15/04/18
IBB223;FUE;LPA;ATR-42/72;Despejado;15/04/18
EXS910;FUE;MAN;BOEING 737-800 WINGLETS;Despejado;15/04/18
IBB221;FUE;LPA;ATR-42/72;Despejado;15/04/18
CNF850;FUE;LPA;ATR-42/72;Despejado;15/04/18
IBB219;FUE;LPA;ATR-42/72;Despejado;15/04/18
ENT892;FUE;CDG;BOEING 737-800 WINGLETS;Despejado;15/04/18
AEA9436;FUE;LPA;ATR-72;Despejado;15/04/18
RYR8807;FUE;BGY;BOEING 737-800 WINGLETS;Despejado;15/04/18
IBB663;TFN;VDE;ATR-72;Despejado;15/04/18
IBB365;LPA;VDE;ATR-72;Abertura de claros;15/04/18
IBS2218;LPA;VDE;ATR-72;Despejado;17/04/18
CNF247;TFN;VDE;ATR-42/72;Despejado;15/04/18
IBB673;TFN;VDE;ATR-72;Despejado;15/04/18
IBB655;TFN;VDE;ATR-72;Despejado;16/04/18
IBB659;TFN;VDE;ATR-72;Despejado;16/04/18
IBB663;TFN;VDE;ATR-72;Despejado;16/04/18
AEA7235;MAD;LCG;EMBRAER ERJ-195;Abertura de claros;15/04/18
IBE0524;MAD;LCG;AIRBUS A319;Abertura de claros;15/04/18
VLG1299;SVQ;LCG;32A;Nubosidad variable;15/04/18
AEA7237;MAD;LCG;EMBRAER ERJ-195;Abertura de claros;15/04/18
IBE0522;MAD;LCG;AIRBUS A319;Abertura de claros;15/04/18
VLG1290;BCN;LCG;32A;Nubes altas;15/04/18
AEA7231;MAD;LCG;EMBRAER ERJ-195;Abertura de claros;15/04/18
RYR1283;BCN;XRY;BOEING 737-800 WINGLETS;Nubes altas;15/04/18
IBE0404;MAD;XRY;AIRBUS A319;Abertura de claros;15/04/18
IBE0406;MAD;XRY;AIRBUS A319;Abertura de claros;15/04/18
IBE8510;MAD;XRY;CANADAIR CRJ-900;Abertura de claros;16/04/18
IBE0410;MAD;XRY;AIRBUS A319;Abertura de claros;16/04/18
VLG2286;BCN;XRY;AIRBUS A320;Nubes altas;16/04/18
IBS3937;TFN;MAD;AIRBUS A320;Despejado;15/04/18
CNF652;TFN;LPA;ATR-42/72;Despejado;15/04/18
IBB158;TFN;LPA;ATR-42/72;Despejado;15/04/18
IBB629;TFN;SPC;ATR-42/72;Despejado;15/04/18
VLG3255;TFN;SVQ;AIRBUS A320;Despejado;15/04/18
IBB470;TFN;ACE;ATR-42/72;Despejado;15/04/18
CNF452;TFN;SPC;ATR-72;Despejado;15/04/18
AEA9049;TFN;MAD;BOEING 737-800 WINGLETS;Despejado;15/04/18
IBB631;TFN;SPC;ATR-42/72;Despejado;15/04/18
VLG3217;TFN;BCN;32B;Despejado;15/04/18
IBB663;TFN;VDE;ATR-72;Despejado;15/04/18
AEA9465;TFN;SPC;ATR-72;Despejado;15/04/18
IBB472;TFN;ACE;ATR-72;Despejado;15/04/18
IBB180;TFN;LPA;ATR-42/72;Despejado;15/04/18
IBB456;TFN;ACE;ATR-42/72;Despejado;15/04/18
CNF247;TFN;VDE;ATR-42/72;Despejado;15/04/18
IBB633;TFN;SPC;ATR-42/72;Despejado;15/04/18
IBB166;TFN;LPA;ATR-42/72;Despejado;15/04/18
AEA2888;LEI;BCN;BOEING 737-800 WINGLETS;Despejado;15/04/18
IBE8589;LEI;MAD;CANADAIR CRJ-200;Despejado;15/04/18
IBE8601;LEI;MAD;BOMBARDIER CRJ-1000;Despejado;15/04/18
AEA2648;LEI;BCN;BOEING 737-800 WINGLETS;Despejado;15/04/18
IBE8932;LEI;SVQ;CANADAIR CRJ-200;Despejado;15/04/18
IBE8930;LEI;SVQ;CANADAIR CRJ-200;Despejado;16/04/18
IBE8603;LEI;MAD;BOMBARDIER CRJ-1000;Despejado;16/04/18
RYR1259;LEI;CRL;BOEING 737-800 WINGLETS;Despejado;16/04/18
IBE8589;LEI;MAD;CANADAIR CRJ-200;Despejado;16/04/18
EZY8164;LEI;LGW;AIRBUS A320;Despejado;16/04/18
IBE8595;LEI;MAD;BOMBARDIER CRJ-1000;Despejado;16/04/18
RYR8352;LEI;STN;BOEING 737-800 WINGLETS;Despejado;16/04/18
VLG1252;LEI;BCN;AIRBUS A320;Despejado;16/04/18
IBE8269;MLN;AGP;ATR-72;Despejado;15/04/18
IBE8271;MLN;AGP;ATR-72;Despejado;15/04/18
AEA5004;MLN;AGP;ATR-72;Despejado;15/04/18
IBE8277;MLN;AGP;ATR-72;Despejado;15/04/18
IBE8261;MLN;AGP;ATR-72;Despejado;16/04/18
IBE8789;MLN;MAD;ATR-72;Despejado;16/04/18
AEA5002;MLN;AGP;ATR-72;Despejado;16/04/18
IBE8263;MLN;AGP;ATR-72;Despejado;16/04/18
IBE8791;MLN;MAD;ATR-72;Despejado;16/04/18
IBE8269;MLN;AGP;ATR-72;Despejado;16/04/18
IBE8499;MAH;PMI;ATR-42/72;Despejado;15/04/18
AEA4530;MAH;PMI;ATR-72;Despejado;15/04/18
IBE8491;MAH;PMI;CANADAIR CRJ-200;Despejado;15/04/18
IBE8493;MAH;PMI;BOMBARDIER CRJ-1000;Despejado;15/04/18
RYR6882;MAH;BCN;BOEING 737-800 WINGLETS;Despejado;15/04/18
IBE8029;MAH;MAD;CANADAIR CRJ-900;Despejado;15/04/18
VLG3709;MAH;BCN;AIRBUS A320;Despejado;15/04/18
VLG3701;MAH;BCN;32A;Despejado;15/04/18
IBE8737;MAH;VLC;ATR-72;Despejado;15/04/18
IBE8487;MAH;PMI;ATR-42/72;Despejado;15/04/18
VLG3719;MAH;BCN;32B;Despejado;15/04/18
IBE8481;MAH;PMI;BOMBARDIER CRJ-1000;Despejado;16/04/18
IBE8951;MAH;MAD;BOMBARDIER CRJ-1000;Despejado;16/04/18
AAL8615;MAH;MAD;BOMBARDIER CRJ-1000;Despejado;16/04/18
IBE8495;MAH;PMI;ATR-72;Despejado;16/04/18
VLG3713;MAH;BCN;AIRBUS A320;Despejado;16/04/18
IBE8483;MAH;PMI;BOMBARDIER CRJ-1000;Despejado;16/04/18
EZY8302;MAH;LGW;AIRBUS A320;Despejado;16/04/18
NAX9471;TFS;TRD;BOEING 737-800 WINGLETS;Despejado;15/04/18
LLP8766;TFS;KTW;AIRBUS A320;Despejado;15/04/18
DK1179;TFS;CPH;AIRBUS A321;Despejado;15/04/18
BLX504;TFS;MMX;BOEING 737-800 WINGLETS;Despejado;15/04/18
PRI538;TFS;CPH;BOEING 737-800 WINGLETS;Despejado;15/04/18
NVR178;TFS;ARN;32B;Despejado;15/04/18
IBS3911;TFS;MAD;AIRBUS A320;Despejado;15/04/18
TCX1517;TFS;GLA;32B;Despejado;15/04/18
BLX206;TFS;ARN;7M8;Despejado;15/04/18
TCX1235;TFS;EMA;AIRBUS A321;Despejado;15/04/18
PRW644;TFS;ARN;BOEING 737-700 WINGLETS;Despejado;15/04/18
EXS634;TFS;EMA;BOEING 737-800 WINGLETS;Despejado;15/04/18
EXS518;TFS;NCL;BOEING 737-800 WINGLETS;Despejado;15/04/18
BAW2731;TFS;LGW;AIRBUS A320;Despejado;15/04/18
DK1817;TFS;ARN;AIRBUS A330-300;Despejado;15/04/18
EXS728;TFS;EDI;BOEING 737-800 WINGLETS;Despejado;15/04/18
BLX606;TFS;OSL;BOEING 737-800 WINGLETS;Despejado;15/04/18
TCX1229;ACE;BFS;32B;Despejado;15/04/18
IBB469;ACE;TFN;ATR-72;Despejado;15/04/18
CNF730;ACE;LPA;ATR-72;Despejado;15/04/18
TCX1039;ACE;BHX;AIRBUS A321;Despejado;15/04/18
IBB455;ACE;TFN;ATR-42/72;Despejado;15/04/18
IBB511;ACE;LPA;ATR-72;Despejado;15/04/18
TCX1699;ACE;MAN;AIRBUS A321;Despejado;15/04/18
EXS632;ACE;EMA;BOEING 737-800 WINGLETS;Despejado;15/04/18
EXS1402;ACE;STN;AIRBUS A321;Despejado;15/04/18
TOM6733;ACE;BOH;BOEING 737-800 WINGLETS;Despejado;15/04/18
TCX1287;ACE;EMA;32B;Despejado;15/04/18
EXS706;ACE;EDI;BOEING 737-800 WINGLETS;Despejado;15/04/18
EXS546;ACE;NCL;BOEING 737-800 WINGLETS;Despejado;15/04/18
TOM1741;ACE;DUB;BOEING 737-800 WINGLETS;Despejado;15/04/18
EXS168;ACE;GLA;BOEING 737-800 WINGLETS;Despejado;15/04/18
EXS218;ACE;LBA;BOEING 757-200  WINGLETS;Despejado;15/04/18
VLG2473;ACE;BCN;32B;Despejado;15/04/18
IBB471;ACE;TFN;ATR-42/72;Despejado;15/04/18
IBB519;ACE;LPA;ATR-42/72;Despejado;15/04/18
VOE2409;AGP;TLS;AIRBUS A319;Despejado;15/04/18
EXS186;AGP;LBA;BOEING 757-200;Despejado;15/04/18
RYR4047;AGP;CPH;BOEING 737-800 WINGLETS;Despejado;15/04/18
EZY2736;AGP;MXP;AIRBUS A319;Despejado;15/04/18
IBK5022;AGP;OSL;BOEING 737-800 WINGLETS;Despejado;15/04/18
SWR2115;AGP;ZRH;AIRBUS A320;Despejado;15/04/18
RYR2563;AGP;TRF;BOEING 737-800 WINGLETS;Despejado;15/04/18
RYR7055;AGP;DUB;BOEING 737-800 WINGLETS;Despejado;15/04/18
DLH1835;AGP;MUC;AIRBUS A321;Despejado;15/04/18
EIN885;AGP;ORK;AIRBUS A320;Despejado;15/04/18
IBK5072;AGP;CPH;BOEING 737-800 WINGLETS;Despejado;15/04/18
AFL2621;AGP;SVO;BOEING 737-800 WINGLETS;Despejado;15/04/18
RYR8944;AGP;STN;BOEING 737-800 WINGLETS;Despejado;15/04/18
RYR2334;AGP;AMS;BOEING 737-800 WINGLETS;Despejado;15/04/18
VLG8366;AGP;AMS;AIRBUS A320;Despejado;15/04/18
IBK5030;AGP;TRF;BOEING 737-800 WINGLETS;Despejado;15/04/18
VLG2612;AGP;BIO;AIRBUS A320;Despejado;15/04/18
RYR4613;AGP;HHN;BOEING 737-800 WINGLETS;Despejado;15/04/18
IBE8270;AGP;MLN;ATR-72;Despejado;15/04/18
BEE4312;AGP;EXT;EMBRAER ERJ-195;Despejado;15/04/18
AEA5005;AGP;MLN;ATR-72;Despejado;15/04/18
RYR2447;AGP;LBA;BOEING 737-800 WINGLETS;Despejado;15/04/18
AEA1037;AGP;CDG;BOEING 737-800 WINGLETS;Despejado;15/04/18
VLG1872;BCN;CPH;32B;Nubes altas;15/04/18
BAW485;BCN;LHR;AIRBUS A320;Nubes altas;15/04/18
TSC267;BCN;YUL;AIRBUS A310;Nubes altas;15/04/18
EWG9445;BCN;DUS;32A;Nubes altas;15/04/18
TAP1039;BCN;LIS;AIRBUS A321;Nubes altas;15/04/18
CSA689;BCN;PRG;BOEING 737-400;Nubes altas;15/04/18
EZY4418;BCN;LYS;AIRBUS A320;Nubes altas;15/04/18
EZY2762;BCN;MXP;AIRBUS A320;Nubes altas;15/04/18
VLG6334;BCN;MXP;32A;Nubes altas;15/04/18
BAW475;BCN;LHR;32A;Nubes altas;15/04/18
RYR1283;BCN;XRY;BOEING 737-800 WINGLETS;Nubes altas;15/04/18
NAX7109;BCN;LAX;BOEING 787-9;Nubes altas;15/04/18
SWR1955;BCN;ZRH;32B;Nubes altas;15/04/18
AFR1649;BCN;CDG;AIRBUS A320;Nubes altas;15/04/18
RYR3039;BCN;PRG;BOEING 737-800 WINGLETS;Nubes altas;15/04/18
LGL3592;BCN;LUX;DE HAVILLAND DHC-8-400;Nubes altas;15/04/18
SBI892;BCN;DME;AIRBUS A321;Nubes altas;15/04/18
VLG2123;BCN;AGP;AIRBUS A320;Nubes altas;15/04/18
AEA6071;BCN;PMI;BOEING 737-800 WINGLETS;Nubes altas;15/04/18
IBE0556;MAD;SDR;AIRBUS A319;Abertura de claros;15/04/18
VLG1590;BCN;SDR;32A;Nubes altas;15/04/18
IBE8878;MAD;SDR;CANADAIR CRJ-900;Abertura de claros;15/04/18
IBE0552;MAD;SDR;AIRBUS A320;Abertura de claros;16/04/18
VLG1592;BCN;SDR;AIRBUS A320;Nubes altas;16/04/18
VLG3263;PMI;SDR;AIRBUS A320;Despejado;16/04/18
IBE0554;MAD;SDR;AIRBUS A319;Abertura de claros;16/04/18
IBE8670;MAH;SDR;BOMBARDIER CRJ-1000;Despejado;16/04/18
SWR2143;VLC;ZRH;AIRBUS A321;Despejado;15/04/18
VLG3965;VLC;SVQ;AIRBUS A320;Despejado;15/04/18
TRA6332;VLC;AMS;BOEING 737-800 WINGLETS;Despejado;15/04/18
EWG2531;VLC;STR;AIRBUS A319;Despejado;15/04/18
IBE8846;VLC;SVQ;ATR-72;Despejado;15/04/18
TVF3175;VLC;ORY;BOEING 737-800 WINGLETS;Despejado;15/04/18
RYR9100;VLC;BVA;BOEING 737-800 WINGLETS;Despejado;15/04/18
RYR2207;VLC;SVQ;BOEING 737-800 WINGLETS;Despejado;15/04/18
AEA4014;VLC;PMI;ATR-72;Despejado;15/04/18
RYR7228;VLC;OPO;BOEING 737-800 WINGLETS;Despejado;15/04/18
TRA5108;VLC;EIN;BOEING 737-800 WINGLETS;Despejado;15/04/18
RYR6434;VLC;BLQ;BOEING 737-800 WINGLETS;Despejado;15/04/18
RYR2425;VLC;FRA;BOEING 737-800 WINGLETS;Despejado;15/04/18
BAW2795;VLC;LGW;AIRBUS A319;Despejado;15/04/18
KLM1504;VLC;AMS;BOEING 737-800 WINGLETS;Despejado;15/04/18
RAM969;VLC;CMN;ATR-72;Despejado;15/04/18
RYR7087;VLC;DUB;BOEING 737-800 WINGLETS;Despejado;15/04/18
THY1314;VLC;IST;BOEING 737-800 WINGLETS;Despejado;15/04/18
IBE8985;VLC;MAD;BOMBARDIER CRJ-1000;Despejado;15/04/18
AZA083;VLC;FCO;AIRBUS A320;Despejado;15/04/18
VLG1315;VLC;BCN;AIRBUS A319;Despejado;15/04/18
VLG8920;VLC;BRU;AIRBUS A320;Despejado;15/04/18
RYR8539;SCQ;ALC;BOEING 737-800 WINGLETS;Lluvia débil;15/04/18
IBS3879;SCQ;MAD;32A;Lluvia débil;15/04/18
RYR724;SCQ;PMI;BOEING 737-800 WINGLETS;Lluvia débil;15/04/18
VLG8222;SCQ;CDG;AIRBUS A320;Lluvia débil;15/04/18
AEA2630;SCQ;BCN;BOEING 737-800 WINGLETS;Lluvia débil;15/04/18
VLG1673;SCQ;BCN;32A;Lluvia débil;15/04/18
RYR2002;SCQ;ACE;BOEING 737-800 WINGLETS;Lluvia débil;15/04/18
VLG3981;SCQ;PMI;AIRBUS A320;Lluvia débil;15/04/18
IBE8359;SCQ;BIO;CANADAIR CRJ-200;Lluvia débil;15/04/18
RYR5318;SCQ;MAD;BOEING 737-800 WINGLETS;Lluvia débil;15/04/18
RYR7004;SCQ;LPA;BOEING 737-800 WINGLETS;Lluvia débil;15/04/18
RYR6380;SCQ;BCN;BOEING 737-800 WINGLETS;Lluvia débil;15/04/18
IBS3895;SCQ;MAD;AIRBUS A320;Lluvia débil;16/04/18
RYR5316;SCQ;MAD;BOEING 737-800 WINGLETS;Lluvia débil;16/04/18
VLG8937;SCQ;BRU;AIRBUS A320;Lluvia débil;16/04/18
RYR7223;SCQ;VLC;BOEING 737-800 WINGLETS;Lluvia débil;16/04/18
IBE8353;SCQ;BIO;CANADAIR CRJ-200;Lluvia débil;16/04/18
RYR6333;SCQ;BCN;BOEING 737-800 WINGLETS;Lluvia débil;16/04/18
IBE8642;MAD;GRX;BOMBARDIER CRJ-1000;Abertura de claros;15/04/18
VLG2014;BCN;GRX;32A;Nubes altas;15/04/18
VLG2016;BCN;GRX;32A;Nubes altas;15/04/18
IBE8648;MAD;GRX;BOMBARDIER CRJ-1000;Abertura de claros;15/04/18
VLG2010;BCN;GRX;AIRBUS A321;Nubes altas;16/04/18
IBE8640;MAD;GRX;BOMBARDIER CRJ-1000;Abertura de claros;16/04/18
VLG2020;BCN;GRX;AIRBUS A320;Nubes altas;16/04/18
AEA5201;PMI;GRX;EMBRAER ERJ-195;Despejado;16/04/18
VLG3933;PMI;GRX;AIRBUS A320;Despejado;16/04/18
IBE8646;MAD;GRX;BOMBARDIER CRJ-1000;Abertura de claros;16/04/18
VLG3061;LPA;GRX;AIRBUS A320;Abertura de claros;16/04/18
AEA7300;MAD;VGO;EMBRAER ERJ-195;Abertura de claros;15/04/18
IBE0534;MAD;VGO;AIRBUS A320;Abertura de claros;15/04/18
RYR245;BCN;VGO;BOEING 737-800 WINGLETS;Nubes altas;15/04/18
AEA7306;MAD;VGO;EMBRAER ERJ-195;Abertura de claros;15/04/18
IBE0538;MAD;VGO;AIRBUS A319;Abertura de claros;15/04/18
VLG1704;BCN;VGO;AIRBUS A320;Nubes altas;15/04/18
IBE0536;MAD;VGO;AIRBUS A319;Abertura de claros;15/04/18
AEA7308;MAD;VGO;EMBRAER ERJ-195;Abertura de claros;16/04/18
VLG3511;IBZ;BCN;AIRBUS A320;Despejado;15/04/18
VLG8181;IBZ;ORY;32B;Despejado;15/04/18
RYR2067;IBZ;MAD;BOEING 737-800 WINGLETS;Despejado;15/04/18
AEA6024;IBZ;MAD;EMBRAER ERJ-195;Despejado;15/04/18
RYR7217;IBZ;VLC;BOEING 737-800 WINGLETS;Despejado;15/04/18
AEA1707;IBZ;PMI;ATR-72;Despejado;15/04/18
RYR8147;IBZ;AGP;BOEING 737-800 WINGLETS;Despejado;15/04/18
TVF3155;IBZ;ORY;BOEING 737-800 WINGLETS;Despejado;15/04/18
VLG3322;IBZ;AMS;AIRBUS A320;Despejado;15/04/18
KLM1498;IBZ;AMS;BOEING 737-800 WINGLETS;Despejado;15/04/18
RYR8842;IBZ;BCN;BOEING 737-800 WINGLETS;Despejado;15/04/18
IBE8125;IBZ;PMI;BOMBARDIER CRJ-1000;Despejado;15/04/18
BAW8462;IBZ;LCY;EMBRAER 190;Despejado;15/04/18
DLH1819;IBZ;MUC;AIRBUS A319;Despejado;15/04/18
IBE8903;IBZ;MAD;BOMBARDIER CRJ-1000;Despejado;15/04/18
BAW8464;IBZ;LCY;EMBRAER 190;Despejado;15/04/18
EWG9541;IBZ;DUS;32A;Despejado;15/04/18
RYR5677;AGP;PMI;BOEING 737-800 WINGLETS;Despejado;15/04/18
AEA6067;MAD;PMI;BOEING 737-800 WINGLETS;Abertura de claros;15/04/18
ANE8634;VLC;PMI;CANADAIR CRJ-900;Despejado;17/04/18
RYR6578;BCN;PMI;BOEING 737-800 WINGLETS;Nubes altas;15/04/18
VOE2547;ALC;MRS;BOEING 717;Nubes altas;15/04/18
EXS584;ALC;NCL;BOEING 737-300;Nubes altas;15/04/18
RYR7063;ALC;DUB;BOEING 737-800 WINGLETS;Nubes altas;15/04/18
VLG1356;ALC;IBZ;AIRBUS A320;Nubes altas;15/04/18
SBI876;ALC;DME;AIRBUS A321;Nubes altas;15/04/18
ICE1583;ALC;KEF;BOEING 757-200  WINGLETS;Nubes altas;15/04/18
TRA6146;ALC;AMS;BOEING 737-700 WINGLETS;Nubes altas;15/04/18
EXS178;ALC;GLA;BOEING 737-800;Nubes altas;15/04/18
TAP1123;ALC;LIS;ATR-42/72;Nubes altas;15/04/18
RYR8975;ALC;STN;BOEING 737-800 WINGLETS;Nubes altas;15/04/18
IBK5322;ALC;OSL;BOEING 737-800 WINGLETS;Nubes altas;15/04/18
IBK5352;ALC;ARN;BOEING 737-800 WINGLETS;Nubes altas;15/04/18
RYR9069;ALC;TRF;BOEING 737-800 WINGLETS;Nubes altas;15/04/18
PRW108;ALC;KEF;BOEING 737-800 WINGLETS;Nubes altas;15/04/18
EZY8664;ALC;LGW;AIRBUS A319;Nubes altas;15/04/18
VLG3936;ALC;PMI;32A;Nubes altas;15/04/18
IBK5378;ALC;AAL;BOEING 737-800 WINGLETS;Nubes altas;15/04/18
RYR2150;ALC;BHX;BOEING 737-800 WINGLETS;Nubes altas;15/04/18
AFL2523;ALC;SVO;BOEING 737-800 WINGLETS;Nubes altas;15/04/18
IBK5374;ALC;CPH;BOEING 737-800 WINGLETS;Nubes altas;15/04/18
RYR9881;ALC;WRO;BOEING 737-800 WINGLETS;Nubes altas;15/04/18
IBE8938;VLC;BIO;BOMBARDIER CRJ-1000;Despejado;15/04/18
AEA7153;MAD;BIO;EMBRAER ERJ-195;Abertura de claros;15/04/18
IBE0438;MAD;BIO;AIRBUS A320;Abertura de claros;15/04/18
VLG1426;BCN;BIO;AIRBUS A320;Nubes altas;15/04/18
VOE3585;ALC;OVD;BOEING 717;Nubes altas;15/04/18
IBE0476;MAD;OVD;AIRBUS A320;Abertura de claros;15/04/18
VLG3864;PMI;OVD;AIRBUS A320;Despejado;15/04/18
VOE3924;AGP;OVD;BOEING 717;Despejado;15/04/18
IBE0480;MAD;OVD;AIRBUS A320;Abertura de claros;15/04/18
VOE3830;SVQ;OVD;BOEING 717;Nubosidad variable;15/04/18
IBE0482;MAD;OVD;AIRBUS A320;Abertura de claros;15/04/18
VLG1571;BCN;OVD;32A;Nubes altas;15/04/18
VLG1573;BCN;OVD;AIRBUS A320;Nubes altas;16/04/18
IBE0478;MAD;OVD;AIRBUS A321;Abertura de claros;16/04/18
IBS9500;PMI;OVD;AIRBUS A320;Despejado;16/04/18
IBE0488;MAD;OVD;AIRBUS A320;Abertura de claros;16/04/18
VLG1629;AGP;OVD;AIRBUS A320;Despejado;16/04/18
VLG1579;BCN;OVD;AIRBUS A320;Nubes altas;16/04/18
IBB622;SPC;TFN;ATR-42/72;Abertura de claros;15/04/18
IBS3843;SPC;MAD;AIRBUS A320;Abertura de claros;15/04/18
IBB630;SPC;TFN;ATR-42/72;Abertura de claros;15/04/18
CNF453;SPC;TFN;ATR-72;Abertura de claros;15/04/18
IBB312;SPC;LPA;BOMBARDIER CRJ-1000;Abertura de claros;15/04/18
DE1407;SPC;FRA;BOEING 757-300 WINGLETS;Abertura de claros;15/04/18
IBB632;SPC;TFN;ATR-42/72;Abertura de claros;15/04/18
AEA9466;SPC;TFN;ATR-72;Abertura de claros;15/04/18
IBB634;SPC;TFN;ATR-42/72;Abertura de claros;15/04/18
IBB636;SPC;TFN;ATR-42/72;Abertura de claros;15/04/18
AEA9480;SPC;TFN;ATR-72;Abertura de claros;15/04/18
IBB316;SPC;LPA;ATR-42/72;Abertura de claros;15/04/18
TFL666;SPC;TFS;BOEING 767-300 WINGLETS;Abertura de claros;15/04/18
IBB638;SPC;TFN;ATR-42/72;Abertura de claros;15/04/18
IBB626;SPC;TFN;ATR-42/72;Abertura de claros;15/04/18
IBB640;SPC;TFN;ATR-72;Abertura de claros;15/04/18
CNF468;SPC;TFN;ATR-72;Abertura de claros;15/04/18
TOM2707;SPC;MAN;BOEING 737-800 WINGLETS;Abertura de claros;15/04/18
AEA9468;SPC;TFN;ATR-72;Abertura de claros;15/04/18
IBB642;SPC;TFN;ATR-72;Abertura de claros;15/04/18
IBB318;SPC;LPA;ATR-72;Abertura de claros;15/04/18
IBB604;SPC;TFN;ATR-42/72;Abertura de claros;16/04/18
IBB606;SPC;TFN;ATR-72;Abertura de claros;16/04/18
IBE8498;PMI;MAH;ATR-42/72;Despejado;17/04/18
IBE8663;BIO;MAH;BOMBARDIER CRJ-1000;Lluvia débil;15/04/18
AEA4531;PMI;MAH;ATR-72;Despejado;15/04/18
IBE8488;PMI;MAH;CANADAIR CRJ-200;Despejado;17/04/18
RYR6881;BCN;MAH;BOEING 737-800 WINGLETS;Nubes altas;15/04/18
IBE8024;MAD;MAH;CANADAIR CRJ-900;Abertura de claros;15/04/18
VLG3716;BCN;MAH;AIRBUS A320;Nubes altas;15/04/18
VLG3700;BCN;MAH;32A;Nubes altas;15/04/18
IBE8734;VLC;MAH;ATR-72;Despejado;15/04/18
IBE8492;PMI;MAH;ATR-42/72;Despejado;17/04/18
IBE8496;PMI;MAH;BOMBARDIER CRJ-1000;Despejado;17/04/18
VLG3718;BCN;MAH;32B;Nubes altas;15/04/18
IBE8954;MAD;MAH;BOMBARDIER CRJ-1000;Abertura de claros;15/04/18
IBE8494;PMI;MAH;ATR-72;Despejado;17/04/18
VLG3712;BCN;MAH;AIRBUS A320;Nubes altas;16/04/18
IBE8480;PMI;MAH;BOMBARDIER CRJ-1000;Despejado;17/04/18
RYR9335;GRO;BRS;BOEING 737-800 WINGLETS;Nubosidad variable;15/04/18
RYR4482;GRO;RIX;BOEING 737-800 WINGLETS;Nubosidad variable;15/04/18
RYR5122;GRO;POZ;BOEING 737-800 WINGLETS;Nubosidad variable;15/04/18
RYR9303;GRO;EDI;BOEING 737-800 WINGLETS;Nubosidad variable;15/04/18
RYR1131;GRO;EMA;BOEING 737-800 WINGLETS;Nubosidad variable;15/04/18
RYR6903;GRO;CRL;BOEING 737-800 WINGLETS;Nubosidad variable;15/04/18
RYR6391;GRO;NRN;BOEING 737-800 WINGLETS;Nubosidad variable;15/04/18
TRA5766;GRO;AMS;BOEING 737-800 WINGLETS;Nubosidad variable;15/04/18
RYR2201;GRO;KRK;BOEING 737-800 WINGLETS;Nubosidad variable;16/04/18
RYR9026;GRO;BTS;BOEING 737-800 WINGLETS;Nubosidad variable;16/04/18
RYR6901;GRO;CRL;BOEING 737-800 WINGLETS;Nubosidad variable;16/04/18
RYR4480;GRO;KUN;BOEING 737-800 WINGLETS;Nubosidad variable;16/04/18
RYR4275;GRO;FRA;BOEING 737-800 WINGLETS;Nubosidad variable;16/04/18
RYR9241;GRO;PSA;BOEING 737-800 WINGLETS;Nubosidad variable;16/04/18
RYR6391;GRO;NRN;BOEING 737-800 WINGLETS;Nubosidad variable;15/04/18
RYR8047;GRO;BHX;BOEING 737-800 WINGLETS;Nubosidad variable;16/04/18
RYR9123;GRO;EIN;BOEING 737-800 WINGLETS;Nubosidad variable;16/04/18
RYR9302;GRO;BFS;BOEING 737-800 WINGLETS;Nubosidad variable;16/04/18
RYR9803;GRO;STN;BOEING 737-800 WINGLETS;Nubosidad variable;16/04/18
RYR9107;GRO;BVA;BOEING 737-800 WINGLETS;Nubosidad variable;16/04/18
RYR2324;GRO;LBA;BOEING 737-800 WINGLETS;Nubosidad variable;16/04/18
RYR9211;GRO;FKB;BOEING 737-800 WINGLETS;Nubosidad variable;16/04/18
RYR9911;GRO;BOH;BOEING 737-800 WINGLETS;Nubosidad variable;16/04/18
RYR3769;GRO;LTN;BOEING 737-800 WINGLETS;Nubosidad variable;16/04/18
IBE8264;AGP;MLN;ATR-72;Despejado;15/04/18
IBE8270;AGP;MLN;ATR-72;Despejado;15/04/18
AEA5005;AGP;MLN;ATR-72;Despejado;15/04/18
IBE8798;MAD;MLN;ATR-72;Abertura de claros;15/04/18
IBE8274;AGP;MLN;ATR-72;Despejado;15/04/18
IBE8260;AGP;MLN;ATR-72;Despejado;16/04/18
AEA5001;AGP;MLN;ATR-72;Despejado;16/04/18
IBE8262;AGP;MLN;ATR-72;Despejado;16/04/18
IBE8792;MAD;MLN;ATR-72;Abertura de claros;16/04/18
IBE8264;AGP;MLN;ATR-72;Despejado;16/04/18
IBE8790;MAD;MLN;ATR-72;Abertura de claros;16/04/18
IBB416;TFN;FUE;ATR-42/72;Despejado;15/04/18
IBE2249;TFN;FUE;ATR-42/72;Despejado;17/04/18
IBB222;LPA;FUE;ATR-72;Abertura de claros;15/04/18
IBB214;LPA;FUE;ATR-72;Abertura de claros;15/04/18
CNF849;LPA;FUE;ATR-72;Abertura de claros;15/04/18
IBB220;LPA;FUE;ATR-72;Abertura de claros;15/04/18
AEA9435;LPA;FUE;ATR-72;Abertura de claros;15/04/18
IBB420;TFN;FUE;ATR-72;Despejado;15/04/18
IBB224;LPA;FUE;ATR-72;Abertura de claros;15/04/18
IBB226;LPA;FUE;BOMBARDIER CRJ-1000;Abertura de claros;15/04/18
CNF374;TFN;FUE;ATR-42/72;Despejado;15/04/18
IBB228;LPA;FUE;ATR-72;Abertura de claros;15/04/18
IBK5805;MAD;LPA;BOEING 737-800 WINGLETS;Abertura de claros;15/04/18
IBB213;FUE;LPA;ATR-42/72;Despejado;15/04/18
IBS3830;MAD;LPA;AIRBUS A321;Abertura de claros;15/04/18
IBB517;ACE;LPA;ATR-42/72;Despejado;15/04/18
CNF652;TFN;LPA;ATR-42/72;Despejado;15/04/18
IBB158;TFN;LPA;ATR-42/72;Despejado;15/04/18
VLG3002;BCN;LPA;32B;Nubes altas;15/04/18
CNF730;ACE;LPA;ATR-72;Despejado;15/04/18
IBB511;ACE;LPA;ATR-72;Despejado;15/04/18
AEA9118;MAD;TFN;BOEING 737-800 WINGLETS;Abertura de claros;15/04/18
VLG3216;BCN;TFN;32B;Nubes altas;15/04/18
IBK6379;MAD;TFN;BOEING 737-800 WINGLETS;Abertura de claros;15/04/18
IBB147;LPA;TFN;ATR-72;Abertura de claros;15/04/18
IBB622;SPC;TFN;ATR-42/72;Abertura de claros;15/04/18
IBB469;ACE;TFN;ATR-72;Despejado;15/04/18
IBB455;ACE;TFN;ATR-42/72;Despejado;15/04/18
IBB113;LPA;TFN;ATR-72;Abertura de claros;15/04/18
CNF653;LPA;TFN;ATR-72;Abertura de claros;15/04/18
IBB630;SPC;TFN;ATR-42/72;Abertura de claros;15/04/18
IBB417;FUE;TFN;ATR-42/72;Despejado;15/04/18
LAV5464;VGO;TFN;BOEING 737-400;Lluvia débil;15/04/18
CNF453;SPC;TFN;ATR-72;Abertura de claros;15/04/18
AEA9405;LPA;TFN;ATR-72;Abertura de claros;15/04/18
IBB181;LPA;TFN;ATR-72;Abertura de claros;15/04/18
IBB632;SPC;TFN;ATR-42/72;Abertura de claros;15/04/18
IBB167;LPA;TFN;ATR-72;Abertura de claros;15/04/18
IBB471;ACE;TFN;ATR-42/72;Despejado;15/04/18
RYR8538;ALC;SCQ;BOEING 737-800 WINGLETS;Nubes altas;15/04/18
IBS3878;MAD;SCQ;32A;Abertura de claros;15/04/18
VLG1676;BCN;SCQ;AIRBUS A320;Nubes altas;15/04/18
AEA2629;BCN;SCQ;BOEING 737-800 WINGLETS;Nubes altas;15/04/18
VLG1672;BCN;SCQ;32A;Nubes altas;15/04/18
RYR2001;ACE;SCQ;BOEING 737-800 WINGLETS;Despejado;15/04/18
VLG3980;PMI;SCQ;AIRBUS A320;Despejado;15/04/18
IBE8366;PMI;SCQ;CANADAIR CRJ-200;Despejado;17/04/18
RYR5317;MAD;SCQ;BOEING 737-800 WINGLETS;Abertura de claros;15/04/18
RYR7003;LPA;SCQ;BOEING 737-800 WINGLETS;Abertura de claros;15/04/18
RYR723;PMI;SCQ;BOEING 737-800 WINGLETS;Despejado;15/04/18
IBS3894;MAD;SCQ;32A;Abertura de claros;15/04/18
IBE8354;BIO;SCQ;CANADAIR CRJ-200;Lluvia débil;16/04/18
RYR7222;VLC;SCQ;BOEING 737-800 WINGLETS;Despejado;16/04/18
RYR6332;BCN;SCQ;BOEING 737-800 WINGLETS;Nubes altas;16/04/18
VLG2654;SCQ;AGP;AIRBUS A320;Lluvia débil;15/04/18
VLG3277;TFN;AGP;AIRBUS A320;Despejado;15/04/18
IBE8269;MLN;AGP;ATR-72;Despejado;15/04/18
AEA5039;MAD;AGP;ATR-72;Abertura de claros;15/04/18
VOE3528;BIO;SVQ;BOEING 717;Lluvia débil;15/04/18
VLG1298;LCG;SVQ;32A;Lluvia débil;15/04/18
VLG3965;VLC;SVQ;AIRBUS A320;Despejado;15/04/18
VLG3940;PMI;SVQ;AIRBUS A320;Despejado;15/04/18
RYR2200;VLL;SVQ;BOEING 737-800 WINGLETS;Chubascos dispersos;15/04/18
IBE8846;VLC;SVQ;ATR-72;Despejado;15/04/18
IBS3952;MAD;SVQ;AIRBUS A320;Abertura de claros;15/04/18
RYR2207;VLC;SVQ;BOEING 737-800 WINGLETS;Despejado;15/04/18
VLG3255;TFN;SVQ;AIRBUS A320;Despejado;15/04/18
VLG3942;PMI;SVQ;AIRBUS A320;Despejado;15/04/18
EVE1128;VLL;SVQ;32A;Chubascos dispersos;15/04/18
RYR5273;PMI;SVQ;BOEING 737-800 WINGLETS;Despejado;15/04/18
VLG2268;BCN;SVQ;AIRBUS A320;Nubes altas;15/04/18
RYR8146;AGP;IBZ;BOEING 737-800 WINGLETS;Despejado;15/04/18
VLG1356;ALC;IBZ;AIRBUS A320;Nubes altas;15/04/18
RYR8841;BCN;IBZ;BOEING 737-800 WINGLETS;Nubes altas;15/04/18
IBE8124;PMI;IBZ;BOMBARDIER CRJ-1000;Despejado;17/04/18
IBE8902;MAD;IBZ;BOMBARDIER CRJ-1000;Abertura de claros;15/04/18
IBE8128;PMI;IBZ;ATR-42/72;Despejado;17/04/18
VLG3516;BCN;IBZ;32B;Nubes altas;15/04/18
IBE8906;ALC;IBZ;BOMBARDIER CRJ-1000;Despejado;17/04/18
AEA4065;MAD;VLC;ATR-72;Abertura de claros;15/04/18
RYR7217;IBZ;VLC;BOEING 737-800 WINGLETS;Despejado;15/04/18
IBE8972;MAD;VLC;BOMBARDIER CRJ-1000;Abertura de claros;15/04/18
VLG1314;BCN;VLC;AIRBUS A319;Nubes altas;15/04/18
CNF729;LPA;ACE;ATR-72;Abertura de claros;15/04/18
IBB514;LPA;ACE;ATR-72;Abertura de claros;15/04/18
IBE2203;LPA;ACE;ATR-72;Despejado;17/04/18
AEA7028;BIO;ACE;BOEING 737-800 WINGLETS;Lluvia débil;15/04/18
VLG2472;BCN;ACE;32B;Nubes altas;15/04/18
IBB470;TFN;ACE;ATR-42/72;Despejado;15/04/18
IBB518;LPA;ACE;ATR-72;Abertura de claros;15/04/18
AEA9449;LPA;ACE;ATR-72;Abertura de claros;15/04/18
IBB472;TFN;ACE;ATR-72;Despejado;15/04/18
IBB456;TFN;ACE;ATR-42/72;Despejado;15/04/18
VLG1306;BCN;ALC;32A;Nubes altas;15/04/18
AEA4049;MAD;ALC;ATR-72;Abertura de claros;15/04/18
IBE1316;MAD;BCN;AIRBUS A321;Abertura de claros;15/04/18
IBE1316S;MAD;BCN;AIRBUS A321;Abertura de claros;15/04/18
IBS3842;MAD;SPC;AIRBUS A320;Abertura de claros;15/04/18
IBB629;TFN;SPC;ATR-42/72;Despejado;15/04/18
CNF452;TFN;SPC;ATR-72;Despejado;15/04/18
IBB311;LPA;SPC;BOMBARDIER CRJ-1000;Abertura de claros;15/04/18
IBB631;TFN;SPC;ATR-42/72;Despejado;15/04/18
AEA9465;TFN;SPC;ATR-72;Despejado;15/04/18
IBB633;TFN;SPC;ATR-42/72;Despejado;15/04/18
IBB623;TFN;SPC;ATR-42/72;Despejado;15/04/18
IBB315;LPA;SPC;ATR-72;Abertura de claros;15/04/18
AEA9479;TFN;SPC;ATR-72;Despejado;15/04/18
IBB637;TFN;SPC;ATR-42/72;Despejado;15/04/18
IBB625;TFN;SPC;ATR-42/72;Despejado;15/04/18
IBB639;TFN;SPC;ATR-72;Despejado;15/04/18
CNF467;TFN;SPC;ATR-72;Despejado;15/04/18
IBB643;TFN;SPC;ATR-42/72;Despejado;15/04/18
AEA9467;TFN;SPC;ATR-72;Despejado;15/04/18
IBB627;TFN;SPC;ATR-72;Despejado;15/04/18
IBB317;LPA;SPC;ATR-72;Abertura de claros;15/04/18
IBE8313;BJZ;BCN;BOMBARDIER CRJ-1000;Lluvia;15/04/18
RYR5538;VIT;BGY;BOEING 737-800 WINGLETS;Chubascos dispersos;15/04/18
RYR4421;VIT;CGN;BOEING 737-800 WINGLETS;Chubascos dispersos;16/04/18
IBB652;GMZ;TFN;ATR-42/72;Abertura de claros;15/04/18
IBB650;GMZ;TFN;ATR-72;Abertura de claros;16/04/18
RYR8088;REU;BHX;BOEING 737-800 WINGLETS;Nubes altas;15/04/18
RYR2212;REU;EIN;BOEING 737-800 WINGLETS;Nubes altas;15/04/18
RYR1115;REU;DUB;BOEING 737-800 WINGLETS;Nubes altas;16/04/18
RYR2635;ZAZ;STN;BOEING 737-800 WINGLETS;Nubes altas;15/04/18
RYR4634;ZAZ;BGY;BOEING 737-800 WINGLETS;Nubes altas;16/04/18
RYR1383;ZAZ;CRL;BOEING 737-800 WINGLETS;Nubes altas;16/04/18
IBE8330;MAD;BJZ;CANADAIR CRJ-200;Abertura de claros;16/04/18
IBE8525;PNA;MAD;CANADAIR CRJ-900;Nubosidad variable;15/04/18
IBE8531;PNA;MAD;BOMBARDIER CRJ-1000;Nubosidad variable;15/04/18
IBE8529;PNA;MAD;BOMBARDIER CRJ-1000;Nubosidad variable;16/04/18
IBE8533;PNA;MAD;BOMBARDIER CRJ-1000;Nubosidad variable;16/04/18
DLH1119;PNA;FRA;AIRBUS A320;Nubosidad variable;16/04/18
IBE8539;PNA;MAD;CANADAIR CRJ-200;Nubosidad variable;16/04/18
IBB653;TFN;GMZ;ATR-42/72;Despejado;15/04/18
IBB651;TFN;GMZ;ATR-72;Despejado;16/04/18
HTY140;AEI;JCU;AWH;Despejado;15/04/18
HTY102;AEI;JCU;AWH;Despejado;16/04/18
HTY134;AEI;JCU;AWH;Despejado;16/04/18
HTY108;AEI;JCU;AWH;Despejado;16/04/18
VLG3978;PMI;ZAZ;AIRBUS A320;Despejado;16/04/18
RYR2200;VLL;SVQ;BOEING 737-800 WINGLETS;Chubascos dispersos;15/04/18
EVE1128;VLL;SVQ;32A;Chubascos dispersos;15/04/18
RYR6321;VLL;BCN;BOEING 737-800 WINGLETS;Chubascos dispersos;15/04/18
VLG1585;VLL;BCN;32A;Chubascos dispersos;15/04/18
EVE7151;VLL;ACE;AIRBUS A320;Chubascos dispersos;16/04/18
VLG1585;BCN;VLL;32A;Nubes altas;15/04/18
RYR6321;VLL;BCN;BOEING 737-800 WINGLETS;Chubascos dispersos;16/04/18
AEA2650;VLL;AGP;BOEING 737-800 WINGLETS;Chubascos dispersos;16/04/18
AEA7236;LCG;MAD;EMBRAER ERJ-195;Lluvia débil;15/04/18
IBE0523;LCG;MAD;AIRBUS A319;Lluvia débil;15/04/18
VLG7104;LCG;LHR;32A;Lluvia débil;15/04/18
AEA7238;LCG;MAD;EMBRAER ERJ-195;Lluvia débil;15/04/18
IBE0521;LCG;MAD;AIRBUS A320;Lluvia débil;15/04/18
VLG1291;LCG;BCN;32A;Lluvia débil;15/04/18
AEA7232;LCG;MAD;EMBRAER ERJ-195;Lluvia débil;16/04/18
IBE0511;LCG;MAD;AIRBUS A320;Lluvia débil;16/04/18
IBB668;VDE;TFN;ATR-72;Nubes altas;15/04/18
IBB366;VDE;LPA;ATR-72;Nubes altas;15/04/18
IBS2247;VDE;LPA;ATR-72;Nubes altas;15/04/18
CNF248;VDE;TFN;ATR-42/72;Nubes altas;15/04/18
IBB674;VDE;TFN;ATR-72;Nubes altas;15/04/18
IBB656;VDE;TFN;ATR-72;Nubes altas;16/04/18
IBB662;VDE;TFN;ATR-72;Nubes altas;16/04/18
IBB664;VDE;TFN;ATR-72;Nubes altas;16/04/18
IBB366;VDE;LPA;ATR-72;Nubes altas;16/04/18
IBE8271;MLN;AGP;ATR-72;Despejado;15/04/18
AEA5004;MLN;AGP;ATR-72;Despejado;15/04/18
IBE8277;MLN;AGP;ATR-72;Despejado;15/04/18
IBE8261;MLN;AGP;ATR-72;Despejado;16/04/18
IBE8789;MLN;MAD;ATR-72;Despejado;16/04/18
AEA5002;MLN;AGP;ATR-72;Despejado;16/04/18
IBE8263;MLN;AGP;ATR-72;Despejado;16/04/18
IBE8791;MLN;MAD;ATR-72;Despejado;16/04/18
IBE8269;MLN;AGP;ATR-72;Despejado;16/04/18
IBE8793;MLN;MAD;ATR-72;Despejado;16/04/18
TAP1141;VGO;LIS;ATR-42/72;Lluvia débil;15/04/18
AEA7317;VGO;MAD;EMBRAER ERJ-195;Lluvia débil;15/04/18
IBE0535;VGO;MAD;AIRBUS A319;Lluvia débil;15/04/18
RYR246;VGO;BCN;BOEING 737-800 WINGLETS;Lluvia débil;15/04/18
AEA7319;VGO;MAD;EMBRAER ERJ-195;Lluvia débil;15/04/18
IBE0539;VGO;MAD;AIRBUS A319;Lluvia débil;15/04/18
VLG1705;VGO;BCN;AIRBUS A320;Lluvia débil;15/04/18
IBE0537;VGO;MAD;AIRBUS A319;Lluvia débil;16/04/18
AEA7311;VGO;MAD;EMBRAER ERJ-195;Lluvia débil;16/04/18
HTY227;JCU;AGP;AWH;Nubes altas;15/04/18
HTY117;JCU;AEI;AWH;Nubes altas;15/04/18
HTY139;JCU;AEI;AWH;Nubes altas;15/04/18
HTY259;JCU;AGP;AWH;Nubes altas;15/04/18
HTY101;JCU;AEI;AWH;Nubes altas;16/04/18
HTY221;JCU;AGP;AWH;Nubes altas;16/04/18
HTY133;JCU;AEI;AWH;Nubes altas;16/04/18
HTY107;JCU;AEI;AWH;Nubes altas;16/04/18
HTY227;JCU;AGP;AWH;Nubes altas;16/04/18
ETR8594;MAD;CCS;AIRBUS A340-300;Abertura de claros;15/04/18
AEA1509;MAD;FRA;BOEING 737-800 WINGLETS;Abertura de claros;15/04/18
AEA1083;MAD;VCE;EMBRAER ERJ-195;Abertura de claros;15/04/18
CSA701;MAD;PRG;BOEING 737-800 WINGLETS;Abertura de claros;15/04/18
AEA071;MAD;CCS;AIRBUS A330-200;Abertura de claros;15/04/18
IBE8322;MAD;EAS;ATR-72;Abertura de claros;15/04/18
SWR2027;MAD;ZRH;AIRBUS A320;Abertura de claros;15/04/18
IBE0524;MAD;LCG;AIRBUS A319;Abertura de claros;15/04/18
IBE3102;MAD;LIS;AIRBUS A320;Abertura de claros;15/04/18
IBE8589;LEI;MAD;CANADAIR CRJ-200;Despejado;15/04/18
IBE8601;LEI;MAD;BOMBARDIER CRJ-1000;Despejado;15/04/18
AEA2648;LEI;BCN;BOEING 737-800 WINGLETS;Despejado;15/04/18
IBE8932;LEI;SVQ;CANADAIR CRJ-200;Despejado;15/04/18
IBE8930;LEI;SVQ;CANADAIR CRJ-200;Despejado;16/04/18
IBE8603;LEI;MAD;BOMBARDIER CRJ-1000;Despejado;16/04/18
RYR1259;LEI;CRL;BOEING 737-800 WINGLETS;Despejado;16/04/18
IBE8589;LEI;MAD;CANADAIR CRJ-200;Despejado;16/04/18
EZY8164;LEI;LGW;AIRBUS A320;Despejado;16/04/18
IBE8595;LEI;MAD;BOMBARDIER CRJ-1000;Despejado;16/04/18
RYR8352;LEI;STN;BOEING 737-800 WINGLETS;Despejado;16/04/18
VLG1252;LEI;BCN;AIRBUS A320;Despejado;16/04/18
RYR1284;XRY;BCN;BOEING 737-800 WINGLETS;Nubosidad variable;15/04/18
IBE0405;XRY;MAD;AIRBUS A319;Nubosidad variable;15/04/18
IBE0407;XRY;MAD;AIRBUS A319;Nubosidad variable;16/04/18
TUI2249;XRY;MUC;7S8;Nubosidad variable;16/04/18
IBE8511;XRY;MAD;CANADAIR CRJ-900;Nubosidad variable;16/04/18
TUI2223;XRY;STR;7S8;Nubosidad variable;16/04/18
TUI2273;XRY;FRA;7S8;Nubosidad variable;16/04/18
DE1557;XRY;DUS;32B;Nubosidad variable;16/04/18
TUI2253;XRY;DUS;7S8;Nubosidad variable;16/04/18
RYR8397;XRY;STN;BOEING 737-800 WINGLETS;Nubosidad variable;16/04/18
IBE0411;XRY;MAD;AIRBUS A319;Nubosidad variable;16/04/18
VLG2287;XRY;BCN;AIRBUS A320;Nubosidad variable;16/04/18
RYR1284;XRY;BCN;BOEING 737-800 WINGLETS;Nubosidad variable;16/04/18
IBE0405;XRY;MAD;AIRBUS A320;Nubosidad variable;16/04/18
IBE8329;EAS;MAD;ATR-72;Chubascos dispersos;15/04/18
IBE8315;EAS;MAD;ATR-72;Chubascos dispersos;15/04/18
VLG2489;EAS;BCN;AIRBUS A319;Chubascos dispersos;15/04/18
IBE8323;EAS;MAD;ATR-72;Chubascos dispersos;15/04/18
IBE8317;EAS;MAD;ATR-72;Chubascos dispersos;16/04/18
VLG2487;EAS;BCN;AIRBUS A319;Chubascos dispersos;16/04/18
IBE8327;EAS;MAD;ATR-72;Chubascos dispersos;16/04/18
IBE8321;EAS;MAD;ATR-72;Chubascos dispersos;16/04/18
IBE8319;EAS;MAD;ATR-72;Chubascos dispersos;16/04/18
HTY117;JCU;AEI;AWH;Nubes altas;15/04/18
HTY139;JCU;AEI;AWH;Nubes altas;15/04/18
HTY101;JCU;AEI;AWH;Nubes altas;16/04/18
HTY133;JCU;AEI;AWH;Nubes altas;16/04/18
HTY107;JCU;AEI;AWH;Nubes altas;16/04/18
EVE1127;SVQ;VLL;32A;Nubosidad variable;15/04/18
RYR6320;BCN;VLL;BOEING 737-800 WINGLETS;Nubes altas;15/04/18
VLG1584;BCN;VLL;32A;Nubes altas;15/04/18
VLG1584;BCN;VLL;AIRBUS A320;Nubes altas;16/04/18
AEA2649;AGP;VLL;BOEING 737-800 WINGLETS;Despejado;16/04/18
RYR6320;BCN;VLL;BOEING 737-800 WINGLETS;Nubes altas;16/04/18
VLG2654;SCQ;AGP;AIRBUS A320;Lluvia débil;15/04/18
VLG3277;TFN;AGP;AIRBUS A320;Despejado;15/04/18
IBE8269;MLN;AGP;ATR-72;Despejado;15/04/18
AEA5039;MAD;AGP;ATR-72;Abertura de claros;15/04/18
VLG3069;LPA;AGP;AIRBUS A320;Abertura de claros;15/04/18
VLG1435;BIO;BCN;32A;Lluvia débil;15/04/18
IBE8387;BIO;ALC;BOMBARDIER CRJ-1000;Lluvia débil;15/04/18
VLG3260;BIO;TFN;AIRBUS A320;Lluvia débil;15/04/18
AEA7505;BIO;PMI;EMBRAER ERJ-195;Lluvia débil;15/04/18
EZY6242;BIO;BRS;AIRBUS A319;Lluvia débil;15/04/18
EZY3226;BIO;STN;AIRBUS A319;Lluvia débil;15/04/18
KLM1688;BIO;AMS;BOEING 737-700 WINGLETS;Lluvia débil;15/04/18
VLG1427;BIO;BCN;AIRBUS A320;Lluvia débil;15/04/18
EZY1878;BIO;MAN;32A;Lluvia débil;15/04/18
IBE0449;BIO;MAD;AIRBUS A320;Lluvia débil;15/04/18
VOE3512;BIO;AGP;BOEING 717;Lluvia débil;15/04/18
AFR1577;BIO;CDG;EMBRAER 190;Lluvia débil;15/04/18
VLG7292;BIO;LGW;32A;Lluvia débil;15/04/18
VLG1423;BIO;BCN;AIRBUS A320;Lluvia débil;15/04/18
EZY8552;MJV;LGW;AIRBUS A319;Nubes altas;15/04/18
RYR1940;MJV;EIN;BOEING 737-800 WINGLETS;Nubes altas;15/04/18
RYR4117;MJV;MAN;BOEING 737-800 WINGLETS;Nubes altas;15/04/18
EXS864;MJV;MAN;BOEING 737-800;Nubes altas;15/04/18
RYR8027;MJV;STN;BOEING 737-800 WINGLETS;Nubes altas;15/04/18
RYR3453;MJV;LTN;BOEING 737-800 WINGLETS;Nubes altas;15/04/18
RYR7095;MJV;DUB;BOEING 737-800;Nubes altas;15/04/18
RYR5947;MJV;BOH;BOEING 737-800 WINGLETS;Nubes altas;16/04/18
EZY6014;MJV;BRS;AIRBUS A320;Nubes altas;16/04/18
RYR1925;MJV;EMA;BOEING 737-800 WINGLETS;Nubes altas;16/04/18
RYR8025;MJV;STN;BOEING 737-800 WINGLETS;Nubes altas;16/04/18
EXS208;MJV;LBA;BOEING 737-300 WINGLETS;Nubes altas;16/04/18
EZY8552;MJV;LGW;AIRBUS A320;Nubes altas;16/04/18
AEA9449;LPA;ACE;ATR-72;Abertura de claros;15/04/18
GMI4927;LPA;TXL;BOEING 737-700 WINGLETS;Abertura de claros;15/04/18
IBB222;LPA;FUE;ATR-72;Abertura de claros;15/04/18
IBS3825;LPA;MAD;AIRBUS A321;Abertura de claros;15/04/18
CNF653;LPA;TFN;ATR-72;Abertura de claros;15/04/18
EXS372;LPA;BFS;BOEING 737-800 WINGLETS;Abertura de claros;15/04/18
IBK5802;LPA;BCN;BOEING 737-800 WINGLETS;Abertura de claros;15/04/18
IBB365;LPA;VDE;ATR-72;Abertura de claros;15/04/18
IBE2218;LPA;VDE;ATR-72;Abertura de claros;15/04/18
EXS782;LPA;MAN;BOEING 737-800 WINGLETS;Abertura de claros;15/04/18
IBB214;LPA;FUE;ATR-72;Abertura de claros;15/04/18
VLG3003;LPA;BCN;AIRBUS A321;Abertura de claros;15/04/18
AEA9405;LPA;TFN;ATR-72;Abertura de claros;15/04/18
IBB181;LPA;TFN;ATR-72;Abertura de claros;15/04/18
JTG740;LPA;SFT;BOEING 737-700 WINGLETS;Abertura de claros;15/04/18
IBB522;LPA;ACE;ATR-72;Abertura de claros;15/04/18
IBB167;LPA;TFN;ATR-72;Abertura de claros;15/04/18
CNF849;LPA;FUE;ATR-72;Abertura de claros;15/04/18
IBB502;LPA;ACE;ATR-72;Abertura de claros;15/04/18
IBS3879;SCQ;MAD;32A;Lluvia débil;15/04/18
RYR724;SCQ;PMI;BOEING 737-800 WINGLETS;Lluvia débil;15/04/18
VLG8222;SCQ;CDG;AIRBUS A320;Lluvia débil;15/04/18
AEA2630;SCQ;BCN;BOEING 737-800 WINGLETS;Lluvia débil;15/04/18
VLG1673;SCQ;BCN;32A;Lluvia débil;15/04/18
RYR2002;SCQ;ACE;BOEING 737-800 WINGLETS;Lluvia débil;15/04/18
VLG3981;SCQ;PMI;AIRBUS A320;Lluvia débil;15/04/18
IBE8359;SCQ;BIO;CANADAIR CRJ-200;Lluvia débil;15/04/18
RYR5318;SCQ;MAD;BOEING 737-800 WINGLETS;Lluvia débil;15/04/18
RYR7004;SCQ;LPA;BOEING 737-800 WINGLETS;Lluvia débil;15/04/18
RYR6380;SCQ;BCN;BOEING 737-800 WINGLETS;Lluvia débil;15/04/18
IBS3895;SCQ;MAD;AIRBUS A320;Lluvia débil;16/04/18
RYR5316;SCQ;MAD;BOEING 737-800 WINGLETS;Lluvia débil;16/04/18
VLG8937;SCQ;BRU;AIRBUS A320;Lluvia débil;16/04/18
IBE8353;SCQ;BIO;CANADAIR CRJ-200;Lluvia débil;16/04/18
RYR7223;SCQ;VLC;BOEING 737-800 WINGLETS;Lluvia débil;16/04/18
RYR6333;SCQ;BCN;BOEING 737-800 WINGLETS;Lluvia débil;16/04/18
IBS3877;SCQ;MAD;AIRBUS A320;Lluvia débil;16/04/18
VLG1872;BCN;CPH;32B;Nubes altas;15/04/18
TSC267;BCN;YUL;AIRBUS A310;Nubes altas;15/04/18
IBK5758;BCN;TFN;BOEING 737-800 WINGLETS;Nubes altas;15/04/18
MAC378;BCN;TNG;AIRBUS A320;Nubes altas;15/04/18
BEL3704;BCN;BRU;AIRBUS A320;Nubes altas;15/04/18
VLG1426;BCN;BIO;AIRBUS A320;Nubes altas;15/04/18
IBK5522;BCN;OSL;BOEING 737-800 WINGLETS;Nubes altas;15/04/18
VLG1508;BCN;MRS;AIRBUS A320;Nubes altas;15/04/18
WZZ3406;BCN;CLJ;AIRBUS A320;Nubes altas;15/04/18
DLH1813;BCN;MUC;AIRBUS A321;Nubes altas;15/04/18
DLH1129;BCN;FRA;AIRBUS A321;Nubes altas;15/04/18
VLG3912;BCN;PMI;32A;Nubes altas;15/04/18
VLG1590;BCN;SDR;AIRBUS A320;Nubes altas;15/04/18
JAF7358;BCN;ANR;EMBRAER 190;Nubes altas;15/04/18
VLG6201;BCN;GVA;AIRBUS A320;Nubes altas;15/04/18
IBE8524;MAD;PNA;CANADAIR CRJ-900;Abertura de claros;15/04/18
IBE8532;MAD;PNA;BOMBARDIER CRJ-1000;Abertura de claros;15/04/18
IBE8526;MAD;PNA;BOMBARDIER CRJ-1000;Abertura de claros;15/04/18
IBE8530;MAD;PNA;BOMBARDIER CRJ-1000;Abertura de claros;16/04/18
IBE8536;MAD;PNA;CANADAIR CRJ-200;Abertura de claros;16/04/18
IBE8524;MAD;PNA;BOMBARDIER CRJ-1000;Abertura de claros;16/04/18
AEA4530;MAH;PMI;ATR-72;Despejado;15/04/18
IBE8491;MAH;PMI;CANADAIR CRJ-200;Despejado;15/04/18
IBE8493;MAH;PMI;BOMBARDIER CRJ-1000;Despejado;15/04/18
RYR6882;MAH;BCN;BOEING 737-800 WINGLETS;Despejado;15/04/18
IBE8029;MAH;MAD;CANADAIR CRJ-900;Despejado;15/04/18
VLG3709;MAH;BCN;AIRBUS A320;Despejado;15/04/18
VLG3701;MAH;BCN;32A;Despejado;15/04/18
IBE8737;MAH;VLC;ATR-72;Despejado;15/04/18
IBE8487;MAH;PMI;ATR-42/72;Despejado;15/04/18
VLG3719;MAH;BCN;32B;Despejado;15/04/18
IBE8481;MAH;PMI;BOMBARDIER CRJ-1000;Despejado;16/04/18
IBE8951;MAH;MAD;BOMBARDIER CRJ-1000;Despejado;16/04/18
AAL8615;MAH;MAD;BOMBARDIER CRJ-1000;Despejado;16/04/18
IBE8495;MAH;PMI;ATR-72;Despejado;16/04/18
VLG3713;MAH;BCN;AIRBUS A320;Despejado;16/04/18
IBE8483;MAH;PMI;BOMBARDIER CRJ-1000;Despejado;16/04/18
EZY8302;MAH;LGW;AIRBUS A320;Despejado;16/04/18
VLG3715;MAH;BCN;AIRBUS A320;Despejado;16/04/18
RYR7153;SDR;DUB;BOEING 737-800 WINGLETS;Chubascos dispersos;15/04/18
IBE0557;SDR;MAD;AIRBUS A319;Chubascos dispersos;15/04/18
VLG1591;SDR;BCN;AIRBUS A320;Chubascos dispersos;15/04/18
RYR6058;SDR;CRL;BOEING 737-800 WINGLETS;Chubascos dispersos;15/04/18
RYR7366;SDR;NRN;BOEING 737-800 WINGLETS;Chubascos dispersos;15/04/18
RYR2613;SDR;STN;BOEING 737-800 WINGLETS;Chubascos dispersos;15/04/18
IBE8861;SDR;MAD;CANADAIR CRJ-900;Chubascos dispersos;16/04/18
IBE0553;SDR;MAD;AIRBUS A319;Chubascos dispersos;16/04/18
VLG1593;SDR;BCN;AIRBUS A320;Chubascos dispersos;16/04/18
RYR1779;SDR;BUD;BOEING 737-800 WINGLETS;Chubascos dispersos;16/04/18
VLG3262;SDR;PMI;AIRBUS A320;Chubascos dispersos;16/04/18
IBE0555;SDR;MAD;AIRBUS A319;Chubascos dispersos;16/04/18
IBE8671;SDR;MAH;BOMBARDIER CRJ-1000;Chubascos dispersos;16/04/18
RYR2613;SDR;STN;BOEING 737-800 WINGLETS;Chubascos dispersos;16/04/18
RYR9156;SDR;CIA;BOEING 737-800 WINGLETS;Chubascos dispersos;16/04/18
TAP1105;SVQ;LIS;ATR-42/72;Nubosidad variable;15/04/18
VOE3529;SVQ;BIO;BOEING 717;Nubosidad variable;15/04/18
VLG1299;SVQ;LCG;32A;Nubosidad variable;15/04/18
TVF3105;SVQ;ORY;BOEING 737-800 WINGLETS;Nubosidad variable;15/04/18
VLG3964;SVQ;VLC;AIRBUS A320;Nubosidad variable;15/04/18
RYR8364;SVQ;STN;BOEING 737-800 WINGLETS;Nubosidad variable;15/04/18
IBE8847;SVQ;VLC;ATR-72;Nubosidad variable;15/04/18
VLG8832;SVQ;CDG;AIRBUS A320;Nubosidad variable;15/04/18
RYR5385;SVQ;VRN;BOEING 737-800 WINGLETS;Nubosidad variable;15/04/18
IBS3951;SVQ;MAD;AIRBUS A320;Nubosidad variable;15/04/18
RYR1186;SVQ;FEZ;BOEING 737-800 WINGLETS;Nubosidad variable;15/04/18
RYR2208;SVQ;VLC;BOEING 737-800 WINGLETS;Nubosidad variable;15/04/18
VLG3046;SVQ;LPA;AIRBUS A320;Nubosidad variable;15/04/18
VLG3943;SVQ;PMI;AIRBUS A320;Nubosidad variable;15/04/18
RYR6399;SVQ;BCN;BOEING 737-800 WINGLETS;Nubosidad variable;15/04/18
TRA5086;SVQ;EIN;BOEING 737-800 WINGLETS;Nubosidad variable;15/04/18
RYR1340;SVQ;NAP;BOEING 737-800 WINGLETS;Nubosidad variable;15/04/18
TVF3109;SVQ;ORY;AIRBUS A320;Nubosidad variable;15/04/18
BAW2799;SVQ;LGW;AIRBUS A319;Nubosidad variable;15/04/18
RYR1169;PMI;SNN;BOEING 737-800 WINGLETS;Despejado;15/04/18
TRA6512;PMI;EIN;BOEING 737-800 WINGLETS;Despejado;15/04/18
RYR2916;PMI;BRU;BOEING 737-800 WINGLETS;Despejado;15/04/18
AEA6066;PMI;MAD;BOEING 737-800 WINGLETS;Despejado;15/04/18
TRA5630;PMI;AMS;BOEING 737-700 WINGLETS;Despejado;15/04/18
ANE8124;PMI;IBZ;BOMBARDIER CRJ-1000;Despejado;15/04/18
ANE8608;PMI;ILD;CANADAIR CRJ-900;Despejado;15/04/18
EWG4099;PMI;DTM;AIRBUS A319;Despejado;15/04/18
VOE2443;PMI;BOD;AIRBUS A319;Despejado;15/04/18
RYR8498;PMI;BLL;BOEING 737-800 WINGLETS;Despejado;15/04/18
AEA4531;PMI;MAH;ATR-72;Despejado;15/04/18
RYR2877;PMI;WMI;BOEING 737-800 WINGLETS;Despejado;15/04/18
VLG3942;PMI;SVQ;AIRBUS A320;Despejado;15/04/18
BAW451;PMI;LHR;AIRBUS A320;Despejado;15/04/18
IBK6672;PMI;CPH;BOEING 737-800 WINGLETS;Despejado;15/04/18
EZY4506;PMI;SXF;AIRBUS A319;Despejado;15/04/18
RYR7185;PMI;HAM;BOEING 737-800 WINGLETS;Despejado;15/04/18
ANE8128;PMI;IBZ;ATR-42/72;Despejado;15/04/18
DLH1153;PMI;FRA;AIRBUS A320;Despejado;15/04/18
HTY228;AGP;JCU;AWH;Despejado;15/04/18
HTY118;AEI;JCU;AWH;Despejado;15/04/18
HTY140;AEI;JCU;AWH;Despejado;15/04/18
HTY260;AGP;JCU;AWH;Despejado;17/04/18
HTY102;AEI;JCU;AWH;Despejado;16/04/18
HTY222;AGP;JCU;AWH;Despejado;16/04/18
HTY134;AEI;JCU;AWH;Despejado;16/04/18
HTY108;AEI;JCU;AWH;Despejado;16/04/18
ICE1583;ALC;KEF;BOEING 757-200  WINGLETS;Nubes altas;15/04/18
TAP1123;ALC;LIS;ATR-42/72;Nubes altas;15/04/18
IBK5352;ALC;ARN;BOEING 737-800 WINGLETS;Nubes altas;15/04/18
RYR9069;ALC;TRF;BOEING 737-800 WINGLETS;Nubes altas;15/04/18
PRW108;ALC;KEF;BOEING 737-800 WINGLETS;Nubes altas;15/04/18
EZY8664;ALC;LGW;AIRBUS A319;Nubes altas;15/04/18
VLG3936;ALC;PMI;32A;Nubes altas;15/04/18
IBK5378;ALC;AAL;BOEING 737-800 WINGLETS;Nubes altas;15/04/18
RYR2150;ALC;BHX;BOEING 737-800 WINGLETS;Nubes altas;15/04/18
AFL2523;ALC;SVO;BOEING 737-800 WINGLETS;Nubes altas;15/04/18
IBK5374;ALC;CPH;BOEING 737-800 WINGLETS;Nubes altas;15/04/18
AEA4027;ALC;PMI;ATR-72;Nubes altas;15/04/18
RYR9881;ALC;WRO;BOEING 737-800 WINGLETS;Nubes altas;15/04/18
RYR2521;ALC;GLA;BOEING 737-800 WINGLETS;Nubes altas;15/04/18
EZY7416;ALC;SEN;AIRBUS A319;Nubes altas;15/04/18
VLG1332;ALC;BRU;32A;Nubes altas;15/04/18
RYR9072;ALC;MAN;BOEING 737-800 WINGLETS;Nubes altas;15/04/18
DLH1175;ALC;FRA;AIRBUS A321;Nubes altas;15/04/18
VLG1313;ALC;BCN;32A;Nubes altas;15/04/18
ANE8906;ALC;IBZ;BOMBARDIER CRJ-1000;Nubes altas;15/04/18
IBE8270;AGP;MLN;ATR-72;Despejado;15/04/18
AEA5005;AGP;MLN;ATR-72;Despejado;15/04/18
IBE8798;MAD;MLN;ATR-72;Abertura de claros;15/04/18
IBE8274;AGP;MLN;ATR-72;Despejado;15/04/18
IBE8260;AGP;MLN;ATR-72;Despejado;16/04/18
AEA5001;AGP;MLN;ATR-72;Despejado;16/04/18
IBE8262;AGP;MLN;ATR-72;Despejado;16/04/18
IBE8792;MAD;MLN;ATR-72;Abertura de claros;16/04/18
IBE8264;AGP;MLN;ATR-72;Despejado;16/04/18
IBE8790;MAD;MLN;ATR-72;Abertura de claros;16/04/18
IBE8270;AGP;MLN;ATR-72;Despejado;16/04/18
AEA5005;AGP;MLN;ATR-72;Despejado;16/04/18
AEA7300;MAD;VGO;EMBRAER ERJ-195;Abertura de claros;15/04/18
IBE0534;MAD;VGO;AIRBUS A320;Abertura de claros;15/04/18
RYR245;BCN;VGO;BOEING 737-800 WINGLETS;Nubes altas;15/04/18
AEA7306;MAD;VGO;EMBRAER ERJ-195;Abertura de claros;15/04/18
IBE0538;MAD;VGO;AIRBUS A319;Abertura de claros;15/04/18
VLG1704;BCN;VGO;AIRBUS A320;Nubes altas;15/04/18
IBE0536;MAD;VGO;AIRBUS A319;Abertura de claros;15/04/18
AEA7308;MAD;VGO;EMBRAER ERJ-195;Abertura de claros;16/04/18
RYR9100;VLC;BVA;BOEING 737-800 WINGLETS;Despejado;15/04/18
RYR2207;VLC;SVQ;BOEING 737-800 WINGLETS;Despejado;15/04/18
AEA4014;VLC;PMI;ATR-72;Despejado;15/04/18
RYR7228;VLC;OPO;BOEING 737-800 WINGLETS;Despejado;15/04/18
TRA5108;VLC;EIN;BOEING 737-800 WINGLETS;Despejado;15/04/18
RYR6434;VLC;BLQ;BOEING 737-800 WINGLETS;Despejado;15/04/18
RYR2425;VLC;FRA;BOEING 737-800 WINGLETS;Despejado;15/04/18
BAW2795;VLC;LGW;AIRBUS A319;Despejado;15/04/18
RAM969;VLC;CMN;ATR-72;Despejado;15/04/18
KLM1504;VLC;AMS;BOEING 737-800 WINGLETS;Despejado;15/04/18
THY1314;VLC;IST;BOEING 737-800 WINGLETS;Despejado;15/04/18
RYR7087;VLC;DUB;BOEING 737-800 WINGLETS;Despejado;15/04/18
IBE8985;VLC;MAD;BOMBARDIER CRJ-1000;Despejado;15/04/18
AZA083;VLC;FCO;AIRBUS A320;Despejado;15/04/18
VLG1315;VLC;BCN;AIRBUS A319;Despejado;15/04/18
VLG8920;VLC;BRU;AIRBUS A320;Despejado;15/04/18
EWG9539;VLC;DUS;AIRBUS A320;Despejado;15/04/18
IBE8734;VLC;MAH;ATR-72;Despejado;15/04/18
DLH1465;VLC;FRA;32A;Despejado;15/04/18
VLG8356;VLC;AMS;AIRBUS A320;Despejado;15/04/18
AEA4060;VLC;MAD;ATR-72;Despejado;15/04/18
TOM6733;ACE;BOH;BOEING 737-800 WINGLETS;Despejado;15/04/18
TCX1287;ACE;EMA;32B;Despejado;15/04/18
EXS706;ACE;EDI;BOEING 737-800 WINGLETS;Despejado;15/04/18
EXS546;ACE;NCL;BOEING 737-800 WINGLETS;Despejado;15/04/18
AEA7029;ACE;BIO;BOEING 737-800 WINGLETS;Despejado;15/04/18
TOM1741;ACE;DUB;BOEING 737-800 WINGLETS;Despejado;15/04/18
EXS218;ACE;LBA;BOEING 757-200  WINGLETS;Despejado;15/04/18
EXS168;ACE;GLA;BOEING 737-800 WINGLETS;Despejado;15/04/18
VLG2473;ACE;BCN;32B;Despejado;15/04/18
IBB471;ACE;TFN;ATR-42/72;Despejado;15/04/18
IBE2297;ACE;TFN;ATR-42/72;Despejado;15/04/18
IBB519;ACE;LPA;ATR-42/72;Despejado;15/04/18
AEA9450;ACE;LPA;ATR-72;Despejado;15/04/18
EXS892;ACE;MAN;BOEING 757-200  WINGLETS;Despejado;15/04/18
EXS1422;ACE;STN;BOEING 737-800 WINGLETS;Despejado;15/04/18
IBB473;ACE;TFN;ATR-72;Despejado;15/04/18
IBB457;ACE;TFN;ATR-42/72;Despejado;15/04/18
IBB523;ACE;LPA;ATR-42/72;Despejado;15/04/18
RYR2001;ACE;SCQ;BOEING 737-800 WINGLETS;Despejado;15/04/18
RYR2016;ACE;MAD;BOEING 737-800 WINGLETS;Despejado;15/04/18
TUI2187;ACE;FRA;7S8;Despejado;15/04/18
CNF550;ACE;TFN;ATR-72;Despejado;15/04/18
AEA7153;MAD;BIO;EMBRAER ERJ-195;Abertura de claros;15/04/18
IBE0438;MAD;BIO;AIRBUS A320;Abertura de claros;15/04/18
VLG1426;BCN;BIO;AIRBUS A320;Nubes altas;15/04/18
ENT574;GRX;ARN;BOEING 737-800 WINGLETS;Despejado;15/04/18
IBE8649;GRX;MAD;BOMBARDIER CRJ-1000;Despejado;15/04/18
VLG2015;GRX;BCN;32A;Despejado;15/04/18
BAW3290;GRX;LCY;EMBRAER 190;Despejado;15/04/18
VLG2017;GRX;BCN;32A;Despejado;15/04/18
IBE8639;GRX;MAD;BOMBARDIER CRJ-1000;Despejado;16/04/18
VLG2011;GRX;BCN;AIRBUS A320;Despejado;16/04/18
IBE8641;GRX;MAD;BOMBARDIER CRJ-1000;Despejado;16/04/18
EZY1816;GRX;MAN;AIRBUS A320;Despejado;16/04/18
VLG2021;GRX;BCN;AIRBUS A320;Despejado;16/04/18
AEA5200;GRX;PMI;EMBRAER ERJ-195;Despejado;16/04/18
VLG3932;GRX;PMI;AIRBUS A320;Despejado;16/04/18
BAW3290;GRX;LCY;EMBRAER 190;Despejado;16/04/18
IBE8645;GRX;MAD;BOMBARDIER CRJ-1000;Despejado;16/04/18
VLG3062;GRX;LPA;AIRBUS A320;Despejado;16/04/18
RYR1283;BCN;XRY;BOEING 737-800 WINGLETS;Nubes altas;15/04/18
IBE0404;MAD;XRY;AIRBUS A319;Abertura de claros;15/04/18
IBE0406;MAD;XRY;AIRBUS A319;Abertura de claros;15/04/18
IBE8510;MAD;XRY;CANADAIR CRJ-900;Abertura de claros;16/04/18
IBE0410;MAD;XRY;AIRBUS A319;Abertura de claros;16/04/18
VLG2286;BCN;XRY;AIRBUS A320;Nubes altas;16/04/18
RYR1283;BCN;XRY;BOEING 737-800 WINGLETS;Nubes altas;16/04/18
IBE0404;MAD;XRY;AIRBUS A320;Abertura de claros;16/04/18
IBE8592;MAD;LEI;BOMBARDIER CRJ-1000;Abertura de claros;15/04/18
AEA2647;BCN;LEI;BOEING 737-800 WINGLETS;Nubes altas;15/04/18
IBE8588;MAD;LEI;CANADAIR CRJ-200;Abertura de claros;15/04/18
IBE8933;SVQ;LEI;CANADAIR CRJ-200;Nubosidad variable;15/04/18
IBE8600;MAD;LEI;BOMBARDIER CRJ-1000;Abertura de claros;15/04/18
IBE8931;SVQ;LEI;CANADAIR CRJ-200;Nubosidad variable;16/04/18
IBE8594;MAD;LEI;BOMBARDIER CRJ-1000;Abertura de claros;16/04/18
VLG1251;BCN;LEI;AIRBUS A320;Nubes altas;16/04/18
IBE8592;MAD;LEI;BOMBARDIER CRJ-1000;Abertura de claros;16/04/18
PRI538;TFS;CPH;BOEING 737-800 WINGLETS;Despejado;15/04/18
NVR178;TFS;ARN;32B;Despejado;15/04/18
TCX1235;TFS;EMA;AIRBUS A321;Despejado;15/04/18
EXS634;TFS;EMA;BOEING 737-800 WINGLETS;Despejado;15/04/18
BAW2731;TFS;LGW;AIRBUS A320;Despejado;15/04/18
EXS728;TFS;EDI;BOEING 737-800 WINGLETS;Despejado;15/04/18
EXS156;TFS;GLA;BOEING 737-800 WINGLETS;Despejado;15/04/18
BLX212;TFS;GOT;BOEING 737-800 WINGLETS;Despejado;15/04/18
BLX606;TFS;OSL;BOEING 737-800 WINGLETS;Despejado;15/04/18
EXS918;TFS;MAN;BOEING 757-200;Despejado;15/04/18
VLG1177;TFS;VLC;32A;Despejado;15/04/18
DK1457;TFS;MMX;32B;Despejado;15/04/18
TCX1773;TFS;BHX;AIRBUS A320;Despejado;15/04/18
EXS1664;TFS;STN;BOEING 737-800 WINGLETS;Despejado;15/04/18
JTG428;TFS;AAL;BOEING 737-700 WINGLETS;Despejado;15/04/18
DK1213;TFS;BLL;32B;Despejado;15/04/18
EXS1294;TFS;BHX;BOEING 737-800 WINGLETS;Despejado;15/04/18
DK1559;TFS;OSL;AIRBUS A330-300;Despejado;15/04/18
GMI2991;TFS;SXF;BOEING 737-700 WINGLETS;Despejado;15/04/18
SAS7678;TFS;GOT;BOEING 737-800 WINGLETS;Despejado;15/04/18
GMI3415;TFS;DRS;BOEING 737-700;Despejado;15/04/18
DE1479;TFS;FRA;BOEING 767-300 WINGLETS;Despejado;15/04/18
IBE8322;MAD;EAS;ATR-72;Abertura de claros;15/04/18
IBE8318;MAD;EAS;ATR-72;Abertura de claros;15/04/18
VLG2488;BCN;EAS;AIRBUS A319;Nubes altas;15/04/18
IBE8326;MAD;EAS;ATR-72;Abertura de claros;15/04/18
IBE8324;MAD;EAS;ATR-72;Abertura de claros;15/04/18
VLG2486;BCN;EAS;AIRBUS A319;Nubes altas;16/04/18
IBE8314;MAD;EAS;ATR-72;Abertura de claros;16/04/18
IBE8320;MAD;EAS;ATR-72;Abertura de claros;16/04/18
VOE3925;OVD;AGP;BOEING 717;Lluvia;15/04/18
IBE0487;OVD;MAD;AIRBUS A320;Lluvia;15/04/18
VLG1578;OVD;BCN;AIRBUS A320;Lluvia;15/04/18
VOE3831;OVD;SVQ;BOEING 717;Lluvia;15/04/18
TAP1113;OVD;LIS;ATR-42/72;Lluvia;15/04/18
IBE0481;OVD;MAD;32A;Lluvia;15/04/18
VLG1572;OVD;BCN;32A;Lluvia;16/04/18
IBE0471;OVD;MAD;AIRBUS A321;Lluvia;16/04/18
VOE3582;OVD;VLC;BOEING 717;Lluvia;16/04/18
VLG1574;OVD;BCN;AIRBUS A320;Lluvia;16/04/18
IBE0479;OVD;MAD;AIRBUS A321;Lluvia;16/04/18
VLG8860;OVD;CDG;AIRBUS A320;Lluvia;16/04/18
IBS9501;OVD;MAH;AIRBUS A320;Lluvia;16/04/18
IBE0475;OVD;MAD;AIRBUS A320;Lluvia;16/04/18
VLG1628;OVD;AGP;AIRBUS A320;Lluvia;16/04/18
VLG3865;OVD;PMI;AIRBUS A320;Lluvia;16/04/18
TVF3155;IBZ;ORY;BOEING 737-800 WINGLETS;Despejado;15/04/18
VLG3322;IBZ;AMS;AIRBUS A320;Despejado;15/04/18
KLM1498;IBZ;AMS;BOEING 737-800 WINGLETS;Despejado;15/04/18
RYR8842;IBZ;BCN;BOEING 737-800 WINGLETS;Despejado;15/04/18
IBE8125;IBZ;PMI;BOMBARDIER CRJ-1000;Despejado;15/04/18
BAW8462;IBZ;LCY;EMBRAER 190;Despejado;15/04/18
DLH1819;IBZ;MUC;AIRBUS A319;Despejado;15/04/18
IBE8903;IBZ;MAD;BOMBARDIER CRJ-1000;Despejado;15/04/18
BAW8464;IBZ;LCY;EMBRAER 190;Despejado;15/04/18
EWG9541;IBZ;DUS;32A;Despejado;15/04/18
IBE8129;IBZ;PMI;ATR-42/72;Despejado;15/04/18
RYR4448;IBZ;MRS;BOEING 737-800 WINGLETS;Despejado;15/04/18
RYR2627;IBZ;MAN;BOEING 737-800 WINGLETS;Despejado;15/04/18
VLG3517;IBZ;BCN;32B;Despejado;15/04/18
IBE8905;IBZ;ALC;BOMBARDIER CRJ-1000;Despejado;15/04/18
RYR695;IBZ;PIK;BOEING 737-800 WINGLETS;Despejado;15/04/18
IBE8117;IBZ;PMI;BOMBARDIER CRJ-1000;Despejado;15/04/18
RYR6604;IBZ;EDI;BOEING 737-800 WINGLETS;Despejado;15/04/18
AEA1711;IBZ;PMI;ATR-72;Despejado;15/04/18
EDW267;IBZ;ZRH;AIRBUS A320;Despejado;15/04/18
AEA6028;IBZ;MAD;BOEING 737-800 WINGLETS;Despejado;15/04/18
RYR9335;GRO;BRS;BOEING 737-800 WINGLETS;Nubosidad variable;15/04/18
RYR4482;GRO;RIX;BOEING 737-800 WINGLETS;Nubosidad variable;15/04/18
RYR5122;GRO;POZ;BOEING 737-800 WINGLETS;Nubosidad variable;15/04/18
RYR9303;GRO;EDI;BOEING 737-800 WINGLETS;Nubosidad variable;15/04/18
RYR1131;GRO;EMA;BOEING 737-800 WINGLETS;Nubosidad variable;15/04/18
RYR6903;GRO;CRL;BOEING 737-800 WINGLETS;Nubosidad variable;15/04/18
RYR6391;GRO;NRN;BOEING 737-800 WINGLETS;Nubosidad variable;15/04/18
TRA5766;GRO;AMS;BOEING 737-800 WINGLETS;Nubosidad variable;15/04/18
RYR2201;GRO;KRK;BOEING 737-800 WINGLETS;Nubosidad variable;16/04/18
RYR9026;GRO;BTS;BOEING 737-800 WINGLETS;Nubosidad variable;16/04/18
RYR6901;GRO;CRL;BOEING 737-800 WINGLETS;Nubosidad variable;16/04/18
RYR4480;GRO;KUN;BOEING 737-800 WINGLETS;Nubosidad variable;16/04/18
RYR4275;GRO;FRA;BOEING 737-800 WINGLETS;Nubosidad variable;16/04/18
RYR9241;GRO;PSA;BOEING 737-800 WINGLETS;Nubosidad variable;16/04/18
RYR6391;GRO;NRN;BOEING 737-800 WINGLETS;Nubosidad variable;15/04/18
RYR8047;GRO;BHX;BOEING 737-800 WINGLETS;Nubosidad variable;16/04/18
RYR9123;GRO;EIN;BOEING 737-800 WINGLETS;Nubosidad variable;16/04/18
RYR9302;GRO;BFS;BOEING 737-800 WINGLETS;Nubosidad variable;16/04/18
RYR9803;GRO;STN;BOEING 737-800 WINGLETS;Nubosidad variable;16/04/18
RYR9107;GRO;BVA;BOEING 737-800 WINGLETS;Nubosidad variable;16/04/18
RYR2324;GRO;LBA;BOEING 737-800 WINGLETS;Nubosidad variable;16/04/18
RYR9211;GRO;FKB;BOEING 737-800 WINGLETS;Nubosidad variable;16/04/18
RYR9911;GRO;BOH;BOEING 737-800 WINGLETS;Nubosidad variable;16/04/18
RYR3769;GRO;LTN;BOEING 737-800 WINGLETS;Nubosidad variable;16/04/18
IBE0524;MAD;LCG;AIRBUS A319;Abertura de claros;15/04/18
VLG1299;SVQ;LCG;32A;Nubosidad variable;15/04/18
AEA7237;MAD;LCG;EMBRAER ERJ-195;Abertura de claros;15/04/18
IBE0522;MAD;LCG;AIRBUS A319;Abertura de claros;15/04/18
VLG1290;BCN;LCG;32A;Nubes altas;15/04/18
AEA7231;MAD;LCG;EMBRAER ERJ-195;Abertura de claros;15/04/18
IBE0516;MAD;LCG;AIRBUS A319;Abertura de claros;15/04/18
IBE0514;MAD;LCG;AIRBUS A320;Abertura de claros;16/04/18
VLG1292;BCN;LCG;AIRBUS A320;Nubes altas;16/04/18
PVG5558;PMI;MAD;AIRBUS A320;Despejado;15/04/18
VLG1401;BCN;MAD;32A;Nubes altas;15/04/18
LLX5572;FUE;DUS;AIRBUS A320;Despejado;15/04/18
DTR215;FUE;CPH;AIRBUS A320;Despejado;15/04/18
TFL516;FUE;AMS;BOEING 737-800 WINGLETS;Despejado;15/04/18
TCX1715;FUE;GLA;AIRBUS A321;Despejado;15/04/18
EXS1452;FUE;STN;BOEING 737-800 WINGLETS;Despejado;15/04/18
EXS1230;FUE;BHX;BOEING 737-800 WINGLETS;Despejado;15/04/18
IBB223;FUE;LPA;ATR-42/72;Despejado;15/04/18
EXS910;FUE;MAN;BOEING 737-800 WINGLETS;Despejado;15/04/18
IBB221;FUE;LPA;ATR-42/72;Despejado;15/04/18
CNF850;FUE;LPA;ATR-42/72;Despejado;15/04/18
IBB219;FUE;LPA;ATR-42/72;Despejado;15/04/18
ENT892;FUE;CDG;BOEING 737-800 WINGLETS;Despejado;15/04/18
RYR8807;FUE;BGY;BOEING 737-800 WINGLETS;Despejado;15/04/18
AEA9436;FUE;LPA;ATR-72;Despejado;15/04/18
IBB421;FUE;TFN;ATR-72;Despejado;15/04/18
IBB227;FUE;LPA;ATR-42/72;Despejado;15/04/18
RYR8422;FUE;EDI;BOEING 737-800 WINGLETS;Despejado;15/04/18
IBB229;FUE;LPA;BOMBARDIER CRJ-1000;Despejado;15/04/18
RYR3702;FUE;EMA;BOEING 737-800 WINGLETS;Despejado;15/04/18
CNF375;FUE;TFN;ATR-42/72;Despejado;15/04/18
TVS2403;FUE;CDG;BOEING 737-800 WINGLETS;Despejado;15/04/18
RYR4082;FUE;LPL;BOEING 737-800 WINGLETS;Despejado;15/04/18
IBB231;FUE;LPA;ATR-42/72;Despejado;15/04/18
WZZ2392;FUE;BUD;32A;Despejado;15/04/18
AEA4531;PMI;MAH;ATR-72;Despejado;15/04/18
IBE8488;PMI;MAH;CANADAIR CRJ-200;Despejado;17/04/18
RYR6881;BCN;MAH;BOEING 737-800 WINGLETS;Nubes altas;15/04/18
IBE8024;MAD;MAH;CANADAIR CRJ-900;Abertura de claros;15/04/18
VLG3716;BCN;MAH;AIRBUS A320;Nubes altas;15/04/18
VLG3700;BCN;MAH;32A;Nubes altas;15/04/18
IBE8734;VLC;MAH;ATR-72;Despejado;15/04/18
IBE8492;PMI;MAH;ATR-42/72;Despejado;17/04/18
IBE8496;PMI;MAH;BOMBARDIER CRJ-1000;Despejado;17/04/18
VLG3718;BCN;MAH;32B;Nubes altas;15/04/18
IBE8954;MAD;MAH;BOMBARDIER CRJ-1000;Abertura de claros;15/04/18
IBE8494;PMI;MAH;ATR-72;Despejado;17/04/18
VLG3712;BCN;MAH;AIRBUS A320;Nubes altas;16/04/18
IBE8480;PMI;MAH;BOMBARDIER CRJ-1000;Despejado;17/04/18
VLG3714;BCN;MAH;AIRBUS A320;Nubes altas;16/04/18
VLG2124;AGP;BCN;32B;Despejado;15/04/18
IBB663;TFN;VDE;ATR-72;Despejado;15/04/18
IBB365;LPA;VDE;ATR-72;Abertura de claros;15/04/18
IBS2218;LPA;VDE;ATR-72;Despejado;17/04/18
CNF247;TFN;VDE;ATR-42/72;Despejado;15/04/18
IBB673;TFN;VDE;ATR-72;Despejado;15/04/18
IBB655;TFN;VDE;ATR-72;Despejado;16/04/18
IBB659;TFN;VDE;ATR-72;Despejado;16/04/18
IBB663;TFN;VDE;ATR-72;Despejado;16/04/18
IBB365;LPA;VDE;ATR-72;Abertura de claros;16/04/18
CNF247;TFN;VDE;ATR-72;Despejado;16/04/18
IBS3878;MAD;SCQ;32A;Abertura de claros;15/04/18
VLG1676;BCN;SCQ;AIRBUS A320;Nubes altas;15/04/18
AEA2629;BCN;SCQ;BOEING 737-800 WINGLETS;Nubes altas;15/04/18
VLG1672;BCN;SCQ;32A;Nubes altas;15/04/18
RYR2001;ACE;SCQ;BOEING 737-800 WINGLETS;Despejado;15/04/18
VLG3980;PMI;SCQ;AIRBUS A320;Despejado;15/04/18
IBE8366;PMI;SCQ;CANADAIR CRJ-200;Despejado;17/04/18
RYR5317;MAD;SCQ;BOEING 737-800 WINGLETS;Abertura de claros;15/04/18
RYR6381;BCN;SCQ;BOEING 737-800 WINGLETS;Nubes altas;15/04/18
RYR7003;LPA;SCQ;BOEING 737-800 WINGLETS;Abertura de claros;15/04/18
RYR723;PMI;SCQ;BOEING 737-800 WINGLETS;Despejado;15/04/18
IBS3894;MAD;SCQ;32A;Abertura de claros;15/04/18
IBE8354;BIO;SCQ;CANADAIR CRJ-200;Lluvia débil;16/04/18
RYR7222;VLC;SCQ;BOEING 737-800 WINGLETS;Despejado;16/04/18
RYR6332;BCN;SCQ;BOEING 737-800 WINGLETS;Nubes altas;16/04/18
IBS3876;MAD;SCQ;AIRBUS A321;Abertura de claros;16/04/18
IBB631;TFN;SPC;ATR-42/72;Despejado;15/04/18
VLG3217;TFN;BCN;32B;Despejado;15/04/18
AEA9465;TFN;SPC;ATR-72;Despejado;15/04/18
IBB663;TFN;VDE;ATR-72;Despejado;15/04/18
IBB472;TFN;ACE;ATR-72;Despejado;15/04/18
IBB180;TFN;LPA;ATR-42/72;Despejado;15/04/18
IBB456;TFN;ACE;ATR-42/72;Despejado;15/04/18
CNF247;TFN;VDE;ATR-42/72;Despejado;15/04/18
IBB166;TFN;LPA;ATR-42/72;Despejado;15/04/18
IBK6380;TFN;MAD;BOEING 737-800 WINGLETS;Despejado;15/04/18
IBB633;TFN;SPC;ATR-42/72;Despejado;15/04/18
CNF549;TFN;ACE;ATR-72;Despejado;15/04/18
IBB673;TFN;VDE;ATR-72;Despejado;15/04/18
AEA9406;TFN;LPA;ATR-72;Despejado;15/04/18
IBB623;TFN;SPC;ATR-42/72;Despejado;15/04/18
IBB653;TFN;GMZ;ATR-42/72;Despejado;15/04/18
IBB170;TFN;LPA;ATR-72;Despejado;15/04/18
IBB420;TFN;FUE;ATR-72;Despejado;15/04/18
AEA9479;TFN;SPC;ATR-72;Despejado;15/04/18
IBS3955;TFN;MAD;32A;Despejado;15/04/18
IBB630;SPC;TFN;ATR-42/72;Abertura de claros;15/04/18
CNF453;SPC;TFN;ATR-72;Abertura de claros;15/04/18
IBB312;SPC;LPA;BOMBARDIER CRJ-1000;Abertura de claros;15/04/18
DE1407;SPC;FRA;BOEING 757-300 WINGLETS;Abertura de claros;15/04/18
IBB632;SPC;TFN;ATR-42/72;Abertura de claros;15/04/18
AEA9466;SPC;TFN;ATR-72;Abertura de claros;15/04/18
IBB634;SPC;TFN;ATR-42/72;Abertura de claros;15/04/18
IBB636;SPC;TFN;ATR-42/72;Abertura de claros;15/04/18
AEA9480;SPC;TFN;ATR-72;Abertura de claros;15/04/18
IBB316;SPC;LPA;ATR-42/72;Abertura de claros;15/04/18
TFL666;SPC;TFS;BOEING 767-300 WINGLETS;Abertura de claros;15/04/18
IBB638;SPC;TFN;ATR-42/72;Abertura de claros;15/04/18
IBB626;SPC;TFN;ATR-42/72;Abertura de claros;15/04/18
IBB640;SPC;TFN;ATR-72;Abertura de claros;15/04/18
CNF468;SPC;TFN;ATR-72;Abertura de claros;15/04/18
TOM2707;SPC;MAN;BOEING 737-800 WINGLETS;Abertura de claros;15/04/18
AEA9468;SPC;TFN;ATR-72;Abertura de claros;15/04/18
IBB642;SPC;TFN;ATR-72;Abertura de claros;15/04/18
IBB318;SPC;LPA;ATR-72;Abertura de claros;15/04/18
IBB604;SPC;TFN;ATR-42/72;Abertura de claros;16/04/18
IBB606;SPC;TFN;ATR-72;Abertura de claros;16/04/18
IBB304;SPC;LPA;ATR-42/72;Abertura de claros;16/04/18
CNF413;SPC;TFN;ATR-72;Abertura de claros;16/04/18
IBB608;SPC;TFN;ATR-72;Abertura de claros;16/04/18
IBE0556;MAD;SDR;AIRBUS A319;Abertura de claros;15/04/18
VLG1590;BCN;SDR;AIRBUS A320;Nubes altas;15/04/18
IBE8878;MAD;SDR;CANADAIR CRJ-900;Abertura de claros;15/04/18
IBE0552;MAD;SDR;AIRBUS A320;Abertura de claros;16/04/18
VLG1592;BCN;SDR;AIRBUS A320;Nubes altas;16/04/18
VLG3263;PMI;SDR;AIRBUS A320;Despejado;16/04/18
IBE0554;MAD;SDR;AIRBUS A319;Abertura de claros;16/04/18
IBE8670;MAH;SDR;BOMBARDIER CRJ-1000;Despejado;16/04/18
IBE0556;MAD;SDR;AIRBUS A320;Abertura de claros;16/04/18
VLG1590;BCN;SDR;AIRBUS A320;Nubes altas;16/04/18
AEA1707;IBZ;PMI;ATR-72;Despejado;15/04/18
AEA6071;BCN;PMI;BOEING 737-800 WINGLETS;Nubes altas;15/04/18
IBK6773;MAD;PMI;BOEING 737-800 WINGLETS;Abertura de claros;15/04/18
IBS9530;VLL;PMI;AIRBUS A320;Chubascos dispersos;15/04/18
ANE8499;MAH;PMI;ATR-42/72;Despejado;17/04/18
ANE8332;OVD;PMI;CANADAIR CRJ-200;Despejado;17/04/18
VLG3865;OVD;PMI;AIRBUS A320;Lluvia;15/04/18
VLG3912;BCN;PMI;32A;Nubes altas;15/04/18
AEA4049;MAD;ALC;ATR-72;Abertura de claros;15/04/18
ANE8394;MAD;ALC;BOMBARDIER CRJ-1000;Despejado;17/04/18
QTR6880;MAD;ALC;BOMBARDIER CRJ-1000;Abertura de claros;15/04/18
RYR8539;SCQ;ALC;BOEING 737-800 WINGLETS;Lluvia débil;15/04/18
ANE8387;BIO;ALC;BOMBARDIER CRJ-1000;Despejado;17/04/18
VLG2472;BCN;ACE;32B;Nubes altas;15/04/18
IBB470;TFN;ACE;ATR-42/72;Despejado;15/04/18
IBB518;LPA;ACE;ATR-72;Abertura de claros;15/04/18
AEA9449;LPA;ACE;ATR-72;Abertura de claros;15/04/18
IBB472;TFN;ACE;ATR-72;Despejado;15/04/18
IBB456;TFN;ACE;ATR-42/72;Despejado;15/04/18
IBB522;LPA;ACE;ATR-72;Abertura de claros;15/04/18
CNF549;TFN;ACE;ATR-72;Despejado;15/04/18
IBB502;LPA;ACE;ATR-72;Abertura de claros;15/04/18
VLG3002;BCN;LPA;32B;Nubes altas;15/04/18
CNF730;ACE;LPA;ATR-72;Despejado;15/04/18
IBB511;ACE;LPA;ATR-72;Despejado;15/04/18
IBB180;TFN;LPA;ATR-42/72;Despejado;15/04/18
IBB519;ACE;LPA;ATR-42/72;Despejado;15/04/18
IBE0476;MAD;OVD;AIRBUS A320;Abertura de claros;15/04/18
VLG3864;PMI;OVD;AIRBUS A320;Despejado;15/04/18
VOE3924;AGP;OVD;BOEING 717;Despejado;15/04/18
IBE0480;MAD;OVD;AIRBUS A320;Abertura de claros;15/04/18
VOE3830;SVQ;OVD;BOEING 717;Nubosidad variable;15/04/18
IBE0482;MAD;OVD;AIRBUS A320;Abertura de claros;15/04/18
VLG1571;BCN;OVD;32A;Nubes altas;15/04/18
VLG1573;BCN;OVD;AIRBUS A320;Nubes altas;16/04/18
IBE0478;MAD;OVD;AIRBUS A321;Abertura de claros;16/04/18
IBS9500;PMI;OVD;AIRBUS A320;Despejado;16/04/18
IBE0488;MAD;OVD;AIRBUS A320;Abertura de claros;16/04/18
VLG1629;AGP;OVD;AIRBUS A320;Despejado;16/04/18
VLG1579;BCN;OVD;AIRBUS A320;Nubes altas;16/04/18
VOE3583;VLC;OVD;BOEING 717;Despejado;16/04/18
IBE8642;MAD;GRX;BOMBARDIER CRJ-1000;Abertura de claros;15/04/18
VLG2014;BCN;GRX;32A;Nubes altas;15/04/18
VLG2016;BCN;GRX;32A;Nubes altas;15/04/18
IBE8648;MAD;GRX;BOMBARDIER CRJ-1000;Abertura de claros;15/04/18
VLG2010;BCN;GRX;AIRBUS A321;Nubes altas;16/04/18
IBE8640;MAD;GRX;BOMBARDIER CRJ-1000;Abertura de claros;16/04/18
VLG2020;BCN;GRX;AIRBUS A320;Nubes altas;16/04/18
AEA5201;PMI;GRX;EMBRAER ERJ-195;Despejado;16/04/18
VLG3933;PMI;GRX;AIRBUS A320;Despejado;16/04/18
IBE8646;MAD;GRX;BOMBARDIER CRJ-1000;Abertura de claros;16/04/18
VLG3061;LPA;GRX;AIRBUS A320;Abertura de claros;16/04/18
IBE8642;MAD;GRX;BOMBARDIER CRJ-1000;Abertura de claros;16/04/18
AEA4065;MAD;VLC;ATR-72;Abertura de claros;15/04/18
IBE8972;MAD;VLC;BOMBARDIER CRJ-1000;Abertura de claros;15/04/18
AVA6177;MAD;VLC;BOMBARDIER CRJ-1000;Abertura de claros;15/04/18
VLG1314;BCN;VLC;AIRBUS A319;Nubes altas;15/04/18
VLG3964;SVQ;VLC;AIRBUS A320;Nubosidad variable;15/04/18
VLG1356;ALC;IBZ;AIRBUS A320;Nubes altas;15/04/18
RYR8841;BCN;IBZ;BOEING 737-800 WINGLETS;Nubes altas;15/04/18
IBE8124;PMI;IBZ;BOMBARDIER CRJ-1000;Despejado;17/04/18
IBE8902;MAD;IBZ;BOMBARDIER CRJ-1000;Abertura de claros;15/04/18
IBE8128;PMI;IBZ;ATR-42/72;Despejado;17/04/18
VLG3516;BCN;IBZ;32B;Nubes altas;15/04/18
IBE8906;ALC;IBZ;BOMBARDIER CRJ-1000;Despejado;17/04/18
IBE8114;PMI;IBZ;BOMBARDIER CRJ-1000;Despejado;17/04/18
VLG3965;VLC;SVQ;AIRBUS A320;Despejado;15/04/18
VLG3940;PMI;SVQ;AIRBUS A320;Despejado;15/04/18
RYR2200;VLL;SVQ;BOEING 737-800 WINGLETS;Chubascos dispersos;15/04/18
IBE8846;VLC;SVQ;ATR-72;Despejado;15/04/18
IBS3952;MAD;SVQ;AIRBUS A320;Abertura de claros;15/04/18
RYR2207;VLC;SVQ;BOEING 737-800 WINGLETS;Despejado;15/04/18
VLG3255;TFN;SVQ;AIRBUS A320;Despejado;15/04/18
VLG3942;PMI;SVQ;AIRBUS A320;Despejado;15/04/18
EVE1128;VLL;SVQ;32A;Chubascos dispersos;15/04/18
RYR5273;PMI;SVQ;BOEING 737-800 WINGLETS;Despejado;15/04/18
VLG2268;BCN;SVQ;AIRBUS A320;Nubes altas;15/04/18
IBE8932;LEI;SVQ;CANADAIR CRJ-200;Despejado;15/04/18
IBB222;LPA;FUE;ATR-72;Abertura de claros;15/04/18
IBB214;LPA;FUE;ATR-72;Abertura de claros;15/04/18
CNF849;LPA;FUE;ATR-72;Abertura de claros;15/04/18
IBB220;LPA;FUE;ATR-72;Abertura de claros;15/04/18
AEA9435;LPA;FUE;ATR-72;Abertura de claros;15/04/18
IBB420;TFN;FUE;ATR-72;Despejado;15/04/18
IBB224;LPA;FUE;ATR-72;Abertura de claros;15/04/18
IBB226;LPA;FUE;BOMBARDIER CRJ-1000;Abertura de claros;15/04/18
CNF374;TFN;FUE;ATR-42/72;Despejado;15/04/18
IBB228;LPA;FUE;ATR-72;Abertura de claros;15/04/18
IBE2222;LPA;FUE;ATR-72;Abertura de claros;15/04/18
IBB428;TFN;FUE;ATR-42/72;Despejado;15/04/18
IBB469;ACE;TFN;ATR-72;Despejado;15/04/18
IBB455;ACE;TFN;ATR-42/72;Despejado;15/04/18
IBB113;LPA;TFN;ATR-72;Abertura de claros;15/04/18
CNF653;LPA;TFN;ATR-72;Abertura de claros;15/04/18
IBB630;SPC;TFN;ATR-42/72;Abertura de claros;15/04/18
IBB417;FUE;TFN;ATR-42/72;Despejado;15/04/18
CNF453;SPC;TFN;ATR-72;Abertura de claros;15/04/18
LAV5464;VGO;TFN;BOEING 737-400;Lluvia débil;15/04/18
IBB181;LPA;TFN;ATR-72;Abertura de claros;15/04/18
AEA9405;LPA;TFN;ATR-72;Abertura de claros;15/04/18
IBB167;LPA;TFN;ATR-72;Abertura de claros;15/04/18
IBB632;SPC;TFN;ATR-42/72;Abertura de claros;15/04/18
IBB471;ACE;TFN;ATR-42/72;Despejado;15/04/18
AEA9466;SPC;TFN;ATR-72;Abertura de claros;15/04/18
AEA9048;MAD;TFN;AIRBUS A330-200;Abertura de claros;15/04/18
IBS3940;MAD;TFN;32A;Abertura de claros;15/04/18
IBB668;VDE;TFN;ATR-72;Nubes altas;15/04/18
IBB311;LPA;SPC;BOMBARDIER CRJ-1000;Abertura de claros;15/04/18
IBB631;TFN;SPC;ATR-42/72;Despejado;15/04/18
AEA9465;TFN;SPC;ATR-72;Despejado;15/04/18
IBB633;TFN;SPC;ATR-42/72;Despejado;15/04/18
IBB623;TFN;SPC;ATR-42/72;Despejado;15/04/18
IBB315;LPA;SPC;ATR-72;Abertura de claros;15/04/18
AEA9479;TFN;SPC;ATR-72;Despejado;15/04/18
IBB637;TFN;SPC;ATR-42/72;Despejado;15/04/18
IBB625;TFN;SPC;ATR-42/72;Despejado;15/04/18
IBB639;TFN;SPC;ATR-72;Despejado;15/04/18
CNF467;TFN;SPC;ATR-72;Despejado;15/04/18
IBB643;TFN;SPC;ATR-42/72;Despejado;15/04/18
AEA9467;TFN;SPC;ATR-72;Despejado;15/04/18
IBB627;TFN;SPC;ATR-72;Despejado;15/04/18
IBB317;LPA;SPC;ATR-72;Abertura de claros;15/04/18
IBB605;TFN;SPC;ATR-72;Despejado;16/04/18
IBB309;LPA;SPC;ATR-72;Abertura de claros;16/04/18
CNF412;TFN;SPC;ATR-72;Despejado;16/04/18
IBB607;TFN;SPC;ATR-72;Despejado;16/04/18
IBE8331;BJZ;MAD;BOMBARDIER CRJ-1000;Lluvia;16/04/18
RYR5538;VIT;BGY;BOEING 737-800 WINGLETS;Chubascos dispersos;15/04/18
RYR4421;VIT;CGN;BOEING 737-800 WINGLETS;Chubascos dispersos;16/04/18
RYR8088;REU;BHX;BOEING 737-800 WINGLETS;Nubes altas;15/04/18
RYR2212;REU;EIN;BOEING 737-800 WINGLETS;Nubes altas;15/04/18
RYR1115;REU;DUB;BOEING 737-800 WINGLETS;Nubes altas;16/04/18
IBB652;GMZ;TFN;ATR-42/72;Abertura de claros;15/04/18
IBB650;GMZ;TFN;ATR-72;Abertura de claros;16/04/18
IBE8330;MAD;BJZ;CANADAIR CRJ-200;Abertura de claros;16/04/18
RYR2635;ZAZ;STN;BOEING 737-800 WINGLETS;Nubes altas;15/04/18
RYR4634;ZAZ;BGY;BOEING 737-800 WINGLETS;Nubes altas;16/04/18
RYR1383;ZAZ;CRL;BOEING 737-800 WINGLETS;Nubes altas;16/04/18
VLG3979;ZAZ;PMI;AIRBUS A320;Nubes altas;16/04/18
AEA4032;ZAZ;PMI;EMBRAER ERJ-195;Nubes altas;16/04/18
HTY118;AEI;JCU;AWH;Despejado;15/04/18
HTY140;AEI;JCU;AWH;Despejado;15/04/18
HTY102;AEI;JCU;AWH;Despejado;16/04/18
HTY134;AEI;JCU;AWH;Despejado;16/04/18
HTY108;AEI;JCU;AWH;Despejado;16/04/18
EVE1128;VLL;SVQ;32A;Chubascos dispersos;15/04/18
RYR6321;VLL;BCN;BOEING 737-800 WINGLETS;Chubascos dispersos;15/04/18
VLG1585;VLL;BCN;32A;Chubascos dispersos;15/04/18
EVE7151;VLL;ACE;AIRBUS A320;Chubascos dispersos;16/04/18
VLG1585;BCN;VLL;32A;Nubes altas;15/04/18
RYR6321;VLL;BCN;BOEING 737-800 WINGLETS;Chubascos dispersos;16/04/18
AEA2650;VLL;AGP;BOEING 737-800 WINGLETS;Chubascos dispersos;16/04/18
IBE8329;EAS;MAD;ATR-72;Chubascos dispersos;15/04/18
IBE8315;EAS;MAD;ATR-72;Chubascos dispersos;15/04/18
VLG2489;EAS;BCN;AIRBUS A319;Chubascos dispersos;15/04/18
IBE8323;EAS;MAD;ATR-72;Chubascos dispersos;15/04/18
IBE8317;EAS;MAD;ATR-72;Chubascos dispersos;16/04/18
VLG2487;EAS;BCN;AIRBUS A319;Chubascos dispersos;16/04/18
IBE8327;EAS;MAD;ATR-72;Chubascos dispersos;16/04/18
IBE8321;EAS;MAD;ATR-72;Chubascos dispersos;16/04/18
IBE8319;EAS;MAD;ATR-72;Chubascos dispersos;16/04/18
AEA1509;MAD;FRA;BOEING 737-800 WINGLETS;Abertura de claros;15/04/18
AEA1083;MAD;VCE;EMBRAER ERJ-195;Abertura de claros;15/04/18
IBE8322;MAD;EAS;ATR-72;Abertura de claros;15/04/18
TAP1027;MAD;LIS;32A;Abertura de claros;15/04/18
IBK6112;MAD;CPH;BOEING 737-800 WINGLETS;Abertura de claros;15/04/18
AVA015;MAD;CLO;AIRBUS A330-300;Abertura de claros;15/04/18
RYR2053;MAD;PMI;BOEING 737-800 WINGLETS;Abertura de claros;15/04/18
VLG6128;MAD;FCO;AIRBUS A320;Abertura de claros;15/04/18
EZY6996;MAD;EDI;32A;Abertura de claros;15/04/18
IBE1630;MAD;BCN;AIRBUS A319;Abertura de claros;15/04/18
IBE6117;MAD;MIA;AIRBUS A330;Abertura de claros;15/04/18
BOV5004;MAD;BCN;AIRBUS A319;Abertura de claros;15/04/18
VLG3978;PMI;ZAZ;AIRBUS A320;Despejado;16/04/18
AEA4033;PMI;ZAZ;EMBRAER ERJ-195;Despejado;16/04/18
IBE0487;OVD;MAD;AIRBUS A320;Lluvia;15/04/18
VLG1578;OVD;BCN;AIRBUS A320;Lluvia;15/04/18
VOE3831;OVD;SVQ;BOEING 717;Lluvia;15/04/18
TAP1113;OVD;LIS;ATR-42/72;Lluvia;15/04/18
IBE0481;OVD;MAD;32A;Lluvia;15/04/18
VLG1572;OVD;BCN;32A;Lluvia;16/04/18
IBE0471;OVD;MAD;AIRBUS A321;Lluvia;16/04/18
VOE3582;OVD;VLC;BOEING 717;Lluvia;16/04/18
VLG1574;OVD;BCN;AIRBUS A320;Lluvia;16/04/18
IBE0479;OVD;MAD;AIRBUS A321;Lluvia;16/04/18
VLG8860;OVD;CDG;AIRBUS A320;Lluvia;16/04/18
IBS9501;OVD;MAH;AIRBUS A320;Lluvia;16/04/18
IBE0475;OVD;MAD;AIRBUS A320;Lluvia;16/04/18
VLG1628;OVD;AGP;AIRBUS A320;Lluvia;16/04/18
VLG3865;OVD;PMI;AIRBUS A320;Lluvia;16/04/18
VOE3831;OVD;SVQ;BOEING 717;Lluvia;16/04/18
IBB653;TFN;GMZ;ATR-42/72;Despejado;15/04/18
IBB651;TFN;GMZ;ATR-72;Despejado;16/04/18
IBB653;TFN;GMZ;ATR-72;Despejado;16/04/18
IBE2244;TFN;GMZ;ATR-72;Despejado;17/04/18
IBB668;VDE;TFN;ATR-72;Nubes altas;15/04/18
IBB366;VDE;LPA;ATR-72;Nubes altas;15/04/18
IBS2247;VDE;LPA;ATR-72;Nubes altas;15/04/18
CNF248;VDE;TFN;ATR-42/72;Nubes altas;15/04/18
IBB674;VDE;TFN;ATR-72;Nubes altas;15/04/18
IBB656;VDE;TFN;ATR-72;Nubes altas;16/04/18
IBB662;VDE;TFN;ATR-72;Nubes altas;16/04/18
IBB664;VDE;TFN;ATR-72;Nubes altas;16/04/18
IBB366;VDE;LPA;ATR-72;Nubes altas;16/04/18
CNF248;VDE;TFN;ATR-72;Nubes altas;16/04/18
IBE8525;PNA;MAD;CANADAIR CRJ-900;Nubosidad variable;15/04/18
IBE8531;PNA;MAD;BOMBARDIER CRJ-1000;Nubosidad variable;15/04/18
IBE8529;PNA;MAD;BOMBARDIER CRJ-1000;Nubosidad variable;16/04/18
IBE8533;PNA;MAD;BOMBARDIER CRJ-1000;Nubosidad variable;16/04/18
DLH1119;PNA;FRA;AIRBUS A320;Nubosidad variable;16/04/18
IBE8539;PNA;MAD;CANADAIR CRJ-200;Nubosidad variable;16/04/18
IBE8525;PNA;MAD;BOMBARDIER CRJ-1000;Nubosidad variable;16/04/18
IBE0523;LCG;MAD;AIRBUS A319;Lluvia débil;15/04/18
VLG7104;LCG;LHR;32A;Lluvia débil;15/04/18
AEA7238;LCG;MAD;EMBRAER ERJ-195;Lluvia débil;15/04/18
IBE0521;LCG;MAD;AIRBUS A320;Lluvia débil;15/04/18
VLG1291;LCG;BCN;32A;Lluvia débil;15/04/18
AEA7232;LCG;MAD;EMBRAER ERJ-195;Lluvia débil;16/04/18
IBE0511;LCG;MAD;AIRBUS A320;Lluvia débil;16/04/18
VLG1293;LCG;BCN;AIRBUS A320;Lluvia débil;16/04/18
IBE0519;LCG;MAD;AIRBUS A320;Lluvia débil;16/04/18
HTY117;JCU;AEI;AWH;Nubes altas;15/04/18
HTY139;JCU;AEI;AWH;Nubes altas;15/04/18
HTY259;JCU;AGP;AWH;Nubes altas;15/04/18
HTY101;JCU;AEI;AWH;Nubes altas;16/04/18
HTY221;JCU;AGP;AWH;Nubes altas;16/04/18
HTY133;JCU;AEI;AWH;Nubes altas;16/04/18
HTY107;JCU;AEI;AWH;Nubes altas;16/04/18
HTY227;JCU;AGP;AWH;Nubes altas;16/04/18
HTY117;JCU;AEI;AWH;Nubes altas;16/04/18
EZY6242;BIO;BRS;AIRBUS A319;Lluvia débil;15/04/18
EZY3226;BIO;STN;AIRBUS A319;Lluvia débil;15/04/18
KLM1688;BIO;AMS;BOEING 737-700 WINGLETS;Lluvia débil;15/04/18
VLG1427;BIO;BCN;AIRBUS A320;Lluvia débil;15/04/18
EZY1878;BIO;MAN;32A;Lluvia débil;15/04/18
IBE0449;BIO;MAD;AIRBUS A320;Lluvia débil;15/04/18
VOE3512;BIO;AGP;BOEING 717;Lluvia débil;15/04/18
AFR1577;BIO;CDG;EMBRAER 190;Lluvia débil;15/04/18
VLG7292;BIO;LGW;32A;Lluvia débil;15/04/18
VLG1423;BIO;BCN;AIRBUS A320;Lluvia débil;15/04/18
DLH1827;BIO;MUC;AIRBUS A319;Lluvia débil;15/04/18
DLH1145;BIO;FRA;AIRBUS A319;Lluvia débil;15/04/18
VLG3974;BIO;IBZ;AIRBUS A320;Lluvia débil;15/04/18
IBE8949;BIO;VLC;BOMBARDIER CRJ-1000;Lluvia débil;15/04/18
BAW469;BIO;LHR;AIRBUS A320;Lluvia débil;15/04/18
HTY117;JCU;AEI;AWH;Nubes altas;15/04/18
HTY139;JCU;AEI;AWH;Nubes altas;15/04/18
HTY101;JCU;AEI;AWH;Nubes altas;16/04/18
HTY133;JCU;AEI;AWH;Nubes altas;16/04/18
HTY107;JCU;AEI;AWH;Nubes altas;16/04/18
HTY117;JCU;AEI;AWH;Nubes altas;16/04/18
TAP1123;ALC;LIS;ATR-42/72;Nubes altas;15/04/18
IBK5374;ALC;CPH;BOEING 737-800 WINGLETS;Nubes altas;15/04/18
RYR9881;ALC;WRO;BOEING 737-800 WINGLETS;Nubes altas;15/04/18
AEA4027;ALC;PMI;ATR-72;Nubes altas;15/04/18
RYR2521;ALC;GLA;BOEING 737-800 WINGLETS;Nubes altas;15/04/18
EZY7416;ALC;SEN;AIRBUS A319;Nubes altas;15/04/18
VLG1332;ALC;BRU;32A;Nubes altas;15/04/18
RYR9072;ALC;MAN;BOEING 737-800 WINGLETS;Nubes altas;15/04/18
DLH1175;ALC;FRA;AIRBUS A321;Nubes altas;15/04/18
VLG1313;ALC;BCN;32A;Nubes altas;15/04/18
ANE8906;ALC;IBZ;BOMBARDIER CRJ-1000;Nubes altas;15/04/18
ANE8386;ALC;BIO;BOMBARDIER CRJ-1000;Nubes altas;15/04/18
RYR9064;ALC;BGY;BOEING 737-800 WINGLETS;Nubes altas;15/04/18
RYR2954;ALC;NQY;BOEING 737-800 WINGLETS;Nubes altas;15/04/18
RYR2153;ALC;BHX;BOEING 737-800 WINGLETS;Nubes altas;15/04/18
DAH2017;ALC;ORN;BOEING 737-800 WINGLETS;Nubes altas;15/04/18
RYR9082;ALC;BOH;BOEING 737-800 WINGLETS;Nubes altas;15/04/18
RYR9086;ALC;GOT;BOEING 737-800 WINGLETS;Nubes altas;15/04/18
RYR4130;ALC;FRA;BOEING 737-800 WINGLETS;Nubes altas;15/04/18
VLG8251;ALC;ORY;32A;Nubes altas;15/04/18
DAH2005;ALC;ALG;BOEING 737-800 WINGLETS;Nubes altas;15/04/18
AEA7317;VGO;MAD;EMBRAER ERJ-195;Lluvia débil;15/04/18
IBE0535;VGO;MAD;AIRBUS A319;Lluvia débil;15/04/18
RYR246;VGO;BCN;BOEING 737-800 WINGLETS;Lluvia débil;15/04/18
AEA7319;VGO;MAD;EMBRAER ERJ-195;Lluvia débil;15/04/18
IBE0539;VGO;MAD;AIRBUS A319;Lluvia débil;15/04/18
VLG1705;VGO;BCN;32A;Lluvia débil;15/04/18
IBE0537;VGO;MAD;AIRBUS A319;Lluvia débil;16/04/18
AEA7311;VGO;MAD;EMBRAER ERJ-195;Lluvia débil;16/04/18
IBE0531;VGO;MAD;AIRBUS A319;Lluvia débil;16/04/18
EZY8552;MJV;LGW;AIRBUS A319;Nubes altas;15/04/18
RYR1940;MJV;EIN;BOEING 737-800 WINGLETS;Nubes altas;15/04/18
RYR4117;MJV;MAN;BOEING 737-800 WINGLETS;Nubes altas;15/04/18
EXS864;MJV;MAN;BOEING 737-800;Nubes altas;15/04/18
RYR8027;MJV;STN;BOEING 737-800 WINGLETS;Nubes altas;15/04/18
RYR3453;MJV;LTN;BOEING 737-800 WINGLETS;Nubes altas;15/04/18
RYR7095;MJV;DUB;BOEING 737-800;Nubes altas;15/04/18
RYR5947;MJV;BOH;BOEING 737-800 WINGLETS;Nubes altas;16/04/18
EZY6014;MJV;BRS;AIRBUS A320;Nubes altas;16/04/18
RYR1925;MJV;EMA;BOEING 737-800 WINGLETS;Nubes altas;16/04/18
RYR8025;MJV;STN;BOEING 737-800 WINGLETS;Nubes altas;16/04/18
EXS208;MJV;LBA;BOEING 737-300 WINGLETS;Nubes altas;16/04/18
EZY8552;MJV;LGW;AIRBUS A320;Nubes altas;16/04/18
RYR6320;BCN;VLL;BOEING 737-800 WINGLETS;Nubes altas;15/04/18
VLG1584;BCN;VLL;32A;Nubes altas;15/04/18
VLG1584;BCN;VLL;AIRBUS A320;Nubes altas;16/04/18
AEA2649;AGP;VLL;BOEING 737-800 WINGLETS;Despejado;16/04/18
RYR6320;BCN;VLL;BOEING 737-800 WINGLETS;Nubes altas;16/04/18
RYR7153;SDR;DUB;BOEING 737-800 WINGLETS;Chubascos dispersos;15/04/18
IBE0557;SDR;MAD;AIRBUS A319;Chubascos dispersos;15/04/18
VLG1591;SDR;BCN;AIRBUS A320;Chubascos dispersos;15/04/18
RYR6058;SDR;CRL;BOEING 737-800 WINGLETS;Chubascos dispersos;15/04/18
RYR7366;SDR;NRN;BOEING 737-800 WINGLETS;Chubascos dispersos;15/04/18
RYR2613;SDR;STN;BOEING 737-800 WINGLETS;Chubascos dispersos;15/04/18
IBE8861;SDR;MAD;CANADAIR CRJ-900;Chubascos dispersos;16/04/18
IBE0553;SDR;MAD;AIRBUS A319;Chubascos dispersos;16/04/18
VLG1593;SDR;BCN;AIRBUS A320;Chubascos dispersos;16/04/18
RYR1779;SDR;BUD;BOEING 737-800 WINGLETS;Chubascos dispersos;16/04/18
VLG3262;SDR;PMI;AIRBUS A320;Chubascos dispersos;16/04/18
IBE0555;SDR;MAD;AIRBUS A319;Chubascos dispersos;16/04/18
IBE8671;SDR;MAH;BOMBARDIER CRJ-1000;Chubascos dispersos;16/04/18
RYR2613;SDR;STN;BOEING 737-800 WINGLETS;Chubascos dispersos;16/04/18
RYR9156;SDR;CIA;BOEING 737-800 WINGLETS;Chubascos dispersos;16/04/18
IBE0557;SDR;MAD;AIRBUS A319;Chubascos dispersos;16/04/18
VLG1591;SDR;BCN;AIRBUS A320;Chubascos dispersos;16/04/18
IBE8271;MLN;AGP;ATR-72;Despejado;15/04/18
AEA5004;MLN;AGP;ATR-72;Despejado;15/04/18
IBE8277;MLN;AGP;ATR-72;Despejado;15/04/18
IBE8261;MLN;AGP;ATR-72;Despejado;16/04/18
IBE8789;MLN;MAD;ATR-72;Despejado;16/04/18
AEA5002;MLN;AGP;ATR-72;Despejado;16/04/18
IBE8263;MLN;AGP;ATR-72;Despejado;16/04/18
IBE8791;MLN;MAD;ATR-72;Despejado;16/04/18
IBE8269;MLN;AGP;ATR-72;Despejado;16/04/18
IBE8793;MLN;MAD;ATR-72;Despejado;16/04/18
IBE8271;MLN;AGP;ATR-72;Despejado;16/04/18
AEA5004;MLN;AGP;ATR-72;Despejado;16/04/18
IBE8322;MAD;EAS;ATR-72;Abertura de claros;15/04/18
IBE8318;MAD;EAS;ATR-72;Abertura de claros;15/04/18
VLG2488;BCN;EAS;AIRBUS A319;Nubes altas;15/04/18
IBE8326;MAD;EAS;ATR-72;Abertura de claros;15/04/18
IBE8324;MAD;EAS;ATR-72;Abertura de claros;15/04/18
VLG2486;BCN;EAS;AIRBUS A319;Nubes altas;16/04/18
IBE8314;MAD;EAS;ATR-72;Abertura de claros;16/04/18
IBE8320;MAD;EAS;ATR-72;Abertura de claros;16/04/18
RYR2877;PMI;WMI;BOEING 737-800 WINGLETS;Despejado;15/04/18
IBK6672;PMI;CPH;BOEING 737-800 WINGLETS;Despejado;15/04/18
BAW451;PMI;LHR;AIRBUS A320;Despejado;15/04/18
EZY4506;PMI;SXF;AIRBUS A319;Despejado;15/04/18
ANE8488;PMI;MAH;CANADAIR CRJ-200;Despejado;15/04/18
RYR7185;PMI;HAM;BOEING 737-800 WINGLETS;Despejado;15/04/18
DLH1153;PMI;FRA;AIRBUS A320;Despejado;15/04/18
ANE8128;PMI;IBZ;ATR-42/72;Despejado;15/04/18
AEA6072;PMI;BCN;BOEING 737-800 WINGLETS;Despejado;15/04/18
JAF7230;PMI;BRU;EMBRAER 190;Despejado;15/04/18
RYR9833;PMI;HHN;BOEING 737-800 WINGLETS;Despejado;15/04/18
VLG3913;PMI;BCN;32A;Despejado;15/04/18
VLG3864;PMI;OVD;AIRBUS A320;Despejado;15/04/18
EZY2280;PMI;LTN;32A;Despejado;15/04/18
VLG3937;PMI;ALC;32A;Despejado;15/04/18
RYR8387;PMI;STN;BOEING 737-800 WINGLETS;Despejado;15/04/18
IBS3915;PMI;MAD;AIRBUS A320;Despejado;15/04/18
IBS3925;PMI;MAD;AIRBUS A320;Despejado;15/04/18
IBE8524;MAD;PNA;CANADAIR CRJ-900;Abertura de claros;15/04/18
IBE8532;MAD;PNA;BOMBARDIER CRJ-1000;Abertura de claros;15/04/18
IBE8526;MAD;PNA;BOMBARDIER CRJ-1000;Abertura de claros;15/04/18
IBE8530;MAD;PNA;BOMBARDIER CRJ-1000;Abertura de claros;16/04/18
IBE8536;MAD;PNA;CANADAIR CRJ-200;Abertura de claros;16/04/18
IBE8524;MAD;PNA;BOMBARDIER CRJ-1000;Abertura de claros;16/04/18
VLG1590;BCN;SDR;AIRBUS A320;Nubes altas;15/04/18
MSR768;BCN;CAI;BOEING 737-800 WINGLETS;Nubes altas;15/04/18
VLG2488;BCN;EAS;AIRBUS A319;Nubes altas;15/04/18
RYR3976;BCN;DUB;BOEING 737-800 WINGLETS;Nubes altas;15/04/18
LPE2431;BCN;LIM;BOEING 767-300 WINGLETS;Nubes altas;15/04/18
IBK5574;BCN;CPH;BOEING 737-800 WINGLETS;Nubes altas;15/04/18
DLH1135;BCN;FRA;32A;Nubes altas;15/04/18
RYR6881;BCN;MAH;BOEING 737-800 WINGLETS;Nubes altas;15/04/18
AVA019;BCN;BOG;BOEING 787-8;Nubes altas;15/04/18
RYR6944;BCN;WMI;BOEING 737-800 WINGLETS;Nubes altas;15/04/18
IBK5600;BCN;HAM;BOEING 737-800 WINGLETS;Nubes altas;15/04/18
AFL2515;BCN;SVO;AIRBUS A321;Nubes altas;15/04/18
VLG1701;BCN;MAD;AIRBUS A320;Nubes altas;15/04/18
VLG3516;BCN;IBZ;32B;Nubes altas;15/04/18
VLG3908;BCN;PMI;AIRBUS A320;Nubes altas;15/04/18
IBS3879;SCQ;MAD;32A;Lluvia débil;15/04/18
RYR724;SCQ;PMI;BOEING 737-800 WINGLETS;Lluvia débil;15/04/18
VLG8222;SCQ;CDG;AIRBUS A320;Lluvia débil;15/04/18
AEA2630;SCQ;BCN;BOEING 737-800 WINGLETS;Lluvia débil;15/04/18
VLG1673;SCQ;BCN;32A;Lluvia débil;15/04/18
RYR2002;SCQ;ACE;BOEING 737-800 WINGLETS;Lluvia débil;15/04/18
VLG3981;SCQ;PMI;AIRBUS A320;Lluvia débil;15/04/18
IBE8359;SCQ;BIO;CANADAIR CRJ-200;Lluvia débil;15/04/18
RYR7004;SCQ;LPA;BOEING 737-800 WINGLETS;Lluvia débil;15/04/18
RYR5318;SCQ;MAD;BOEING 737-800 WINGLETS;Lluvia débil;15/04/18
RYR6380;SCQ;BCN;BOEING 737-800 WINGLETS;Lluvia débil;15/04/18
IBS3895;SCQ;MAD;AIRBUS A320;Lluvia débil;16/04/18
RYR5316;SCQ;MAD;BOEING 737-800 WINGLETS;Lluvia débil;16/04/18
VLG8937;SCQ;BRU;AIRBUS A320;Lluvia débil;16/04/18
IBE8353;SCQ;BIO;CANADAIR CRJ-200;Lluvia débil;16/04/18
RYR7223;SCQ;VLC;BOEING 737-800 WINGLETS;Lluvia débil;16/04/18
RYR6333;SCQ;BCN;BOEING 737-800 WINGLETS;Lluvia débil;16/04/18
IBS3877;SCQ;MAD;32A;Lluvia débil;16/04/18
HTY228;AGP;JCU;AWH;Despejado;15/04/18
HTY118;AEI;JCU;AWH;Despejado;15/04/18
HTY260;AGP;JCU;AWH;Despejado;17/04/18
HTY102;AEI;JCU;AWH;Despejado;16/04/18
HTY222;AGP;JCU;AWH;Despejado;16/04/18
HTY134;AEI;JCU;AWH;Despejado;16/04/18
HTY108;AEI;JCU;AWH;Despejado;16/04/18
HTY228;AGP;JCU;AWH;Despejado;16/04/18
IBE8601;LEI;MAD;BOMBARDIER CRJ-1000;Despejado;15/04/18
AEA2648;LEI;BCN;BOEING 737-800 WINGLETS;Despejado;15/04/18
IBE8932;LEI;SVQ;CANADAIR CRJ-200;Despejado;15/04/18
IBE8930;LEI;SVQ;CANADAIR CRJ-200;Despejado;16/04/18
IBE8603;LEI;MAD;BOMBARDIER CRJ-1000;Despejado;16/04/18
RYR1259;LEI;CRL;BOEING 737-800 WINGLETS;Despejado;16/04/18
IBE8589;LEI;MAD;CANADAIR CRJ-200;Despejado;16/04/18
EZY8164;LEI;LGW;AIRBUS A320;Despejado;16/04/18
IBE8595;LEI;MAD;BOMBARDIER CRJ-1000;Despejado;16/04/18
RYR8352;LEI;STN;BOEING 737-800 WINGLETS;Despejado;16/04/18
VLG1252;LEI;BCN;AIRBUS A320;Despejado;16/04/18
IBE8601;LEI;MAD;ATR-72;Despejado;16/04/18
AEA4530;MAH;PMI;ATR-72;Despejado;15/04/18
IBE8491;MAH;PMI;CANADAIR CRJ-200;Despejado;15/04/18
IBE8493;MAH;PMI;BOMBARDIER CRJ-1000;Despejado;15/04/18
IBE8029;MAH;MAD;CANADAIR CRJ-900;Despejado;15/04/18
RYR6882;MAH;BCN;BOEING 737-800 WINGLETS;Despejado;15/04/18
VLG3709;MAH;BCN;AIRBUS A320;Despejado;15/04/18
VLG3701;MAH;BCN;32A;Despejado;15/04/18
IBE8737;MAH;VLC;ATR-72;Despejado;15/04/18
IBE8487;MAH;PMI;ATR-42/72;Despejado;15/04/18
VLG3719;MAH;BCN;32B;Despejado;15/04/18
IBE8481;MAH;PMI;BOMBARDIER CRJ-1000;Despejado;16/04/18
IBE8951;MAH;MAD;BOMBARDIER CRJ-1000;Despejado;16/04/18
AAL8615;MAH;MAD;BOMBARDIER CRJ-1000;Despejado;16/04/18
IBE8495;MAH;PMI;ATR-72;Despejado;16/04/18
VLG3713;MAH;BCN;AIRBUS A320;Despejado;16/04/18
IBE8483;MAH;PMI;BOMBARDIER CRJ-1000;Despejado;16/04/18
EZY8302;MAH;LGW;AIRBUS A320;Despejado;16/04/18
VLG3715;MAH;BCN;AIRBUS A320;Despejado;16/04/18
KLM1498;IBZ;AMS;BOEING 737-800 WINGLETS;Despejado;15/04/18
RYR8842;IBZ;BCN;BOEING 737-800 WINGLETS;Despejado;15/04/18
IBE8125;IBZ;PMI;BOMBARDIER CRJ-1000;Despejado;15/04/18
BAW8462;IBZ;LCY;EMBRAER 190;Despejado;15/04/18
DLH1819;IBZ;MUC;AIRBUS A319;Despejado;15/04/18
IBE8903;IBZ;MAD;BOMBARDIER CRJ-1000;Despejado;15/04/18
BAW8464;IBZ;LCY;EMBRAER 190;Despejado;15/04/18
EWG9541;IBZ;DUS;32A;Despejado;15/04/18
IBE8129;IBZ;PMI;ATR-42/72;Despejado;15/04/18
RYR2627;IBZ;MAN;BOEING 737-800 WINGLETS;Despejado;15/04/18
RYR4448;IBZ;MRS;BOEING 737-800 WINGLETS;Despejado;15/04/18
VLG3517;IBZ;BCN;32B;Despejado;15/04/18
IBE8905;IBZ;ALC;BOMBARDIER CRJ-1000;Despejado;15/04/18
RYR695;IBZ;PIK;BOEING 737-800 WINGLETS;Despejado;15/04/18
IBE8117;IBZ;PMI;BOMBARDIER CRJ-1000;Despejado;15/04/18
RYR6604;IBZ;EDI;BOEING 737-800 WINGLETS;Despejado;15/04/18
AEA1711;IBZ;PMI;ATR-72;Despejado;15/04/18
EDW267;IBZ;ZRH;AIRBUS A320;Despejado;15/04/18
AEA6028;IBZ;MAD;BOEING 737-800 WINGLETS;Despejado;15/04/18
VLG3975;IBZ;BIO;AIRBUS A320;Despejado;15/04/18
RYR9252;IBZ;STN;BOEING 737-800 WINGLETS;Despejado;15/04/18
RYR5122;GRO;POZ;BOEING 737-800 WINGLETS;Nubosidad variable;15/04/18
RYR9303;GRO;EDI;BOEING 737-800 WINGLETS;Nubosidad variable;15/04/18
RYR1131;GRO;EMA;BOEING 737-800 WINGLETS;Nubosidad variable;15/04/18
RYR6903;GRO;CRL;BOEING 737-800 WINGLETS;Nubosidad variable;15/04/18
RYR6391;GRO;NRN;BOEING 737-800 WINGLETS;Nubosidad variable;15/04/18
TRA5766;GRO;AMS;BOEING 737-800 WINGLETS;Nubosidad variable;15/04/18
RYR2201;GRO;KRK;BOEING 737-800 WINGLETS;Nubosidad variable;16/04/18
RYR9026;GRO;BTS;BOEING 737-800 WINGLETS;Nubosidad variable;16/04/18
RYR6901;GRO;CRL;BOEING 737-800 WINGLETS;Nubosidad variable;16/04/18
RYR4480;GRO;KUN;BOEING 737-800 WINGLETS;Nubosidad variable;16/04/18
RYR4275;GRO;FRA;BOEING 737-800 WINGLETS;Nubosidad variable;16/04/18
RYR9241;GRO;PSA;BOEING 737-800 WINGLETS;Nubosidad variable;16/04/18
RYR6391;GRO;NRN;BOEING 737-800 WINGLETS;Nubosidad variable;15/04/18
RYR8047;GRO;BHX;BOEING 737-800 WINGLETS;Nubosidad variable;16/04/18
RYR9123;GRO;EIN;BOEING 737-800 WINGLETS;Nubosidad variable;16/04/18
RYR9302;GRO;BFS;BOEING 737-800 WINGLETS;Nubosidad variable;16/04/18
RYR9107;GRO;BVA;BOEING 737-800 WINGLETS;Nubosidad variable;16/04/18
RYR9803;GRO;STN;BOEING 737-800 WINGLETS;Nubosidad variable;16/04/18
RYR2324;GRO;LBA;BOEING 737-800 WINGLETS;Nubosidad variable;16/04/18
RYR9211;GRO;FKB;BOEING 737-800 WINGLETS;Nubosidad variable;16/04/18
RYR9911;GRO;BOH;BOEING 737-800 WINGLETS;Nubosidad variable;16/04/18
RYR3769;GRO;LTN;BOEING 737-800 WINGLETS;Nubosidad variable;16/04/18
RYR7018;GRO;SKG;BOEING 737-800 WINGLETS;Nubosidad variable;16/04/18
RYR9335;GRO;BRS;BOEING 737-800 WINGLETS;Nubosidad variable;16/04/18
IBB365;LPA;VDE;ATR-72;Abertura de claros;15/04/18
CNF247;TFN;VDE;ATR-42/72;Despejado;15/04/18
IBB673;TFN;VDE;ATR-72;Despejado;15/04/18
IBS2237;TFN;VDE;ATR-72;Despejado;17/04/18
IBB655;TFN;VDE;ATR-72;Despejado;16/04/18
IBB659;TFN;VDE;ATR-72;Despejado;16/04/18
IBB663;TFN;VDE;ATR-72;Despejado;16/04/18
IBB365;LPA;VDE;ATR-72;Abertura de claros;16/04/18
CNF247;TFN;VDE;ATR-42/72;Despejado;16/04/18
IBB673;TFN;VDE;ATR-72;Despejado;16/04/18
RYR1284;XRY;BCN;BOEING 737-800 WINGLETS;Nubosidad variable;15/04/18
IBE0405;XRY;MAD;AIRBUS A319;Nubosidad variable;15/04/18
IBE0407;XRY;MAD;AIRBUS A319;Nubosidad variable;16/04/18
TUI2249;XRY;MUC;7S8;Nubosidad variable;16/04/18
IBE8511;XRY;MAD;CANADAIR CRJ-900;Nubosidad variable;16/04/18
TUI2223;XRY;STR;7S8;Nubosidad variable;16/04/18
TUI2273;XRY;FRA;7S8;Nubosidad variable;16/04/18
DE1557;XRY;DUS;32B;Nubosidad variable;16/04/18
TUI2253;XRY;DUS;7S8;Nubosidad variable;16/04/18
RYR8397;XRY;STN;BOEING 737-800 WINGLETS;Nubosidad variable;16/04/18
IBE0411;XRY;MAD;AIRBUS A319;Nubosidad variable;16/04/18
VLG2287;XRY;BCN;AIRBUS A320;Nubosidad variable;16/04/18
RYR1284;XRY;BCN;BOEING 737-800 WINGLETS;Nubosidad variable;16/04/18
IBE0405;XRY;MAD;AIRBUS A320;Nubosidad variable;16/04/18
TUI2275;XRY;HAJ;7S8;Nubosidad variable;16/04/18
IBB223;FUE;LPA;ATR-42/72;Despejado;15/04/18
EXS910;FUE;MAN;BOEING 737-800 WINGLETS;Despejado;15/04/18
IBB221;FUE;LPA;ATR-42/72;Despejado;15/04/18
CNF850;FUE;LPA;ATR-42/72;Despejado;15/04/18
IBB219;FUE;LPA;ATR-42/72;Despejado;15/04/18
ENT892;FUE;CDG;BOEING 737-800 WINGLETS;Despejado;15/04/18
RYR8807;FUE;BGY;BOEING 737-800 WINGLETS;Despejado;15/04/18
AEA9436;FUE;LPA;ATR-72;Despejado;15/04/18
IBB421;FUE;TFN;ATR-72;Despejado;15/04/18
IBB227;FUE;LPA;ATR-42/72;Despejado;15/04/18
RYR8422;FUE;EDI;BOEING 737-800 WINGLETS;Despejado;15/04/18
IBB229;FUE;LPA;BOMBARDIER CRJ-1000;Despejado;15/04/18
RYR3702;FUE;EMA;BOEING 737-800 WINGLETS;Despejado;15/04/18
CNF375;FUE;TFN;ATR-42/72;Despejado;15/04/18
TVS2403;FUE;CDG;BOEING 737-800 WINGLETS;Despejado;15/04/18
RYR4082;FUE;LPL;BOEING 737-800 WINGLETS;Despejado;15/04/18
IBB231;FUE;LPA;ATR-42/72;Despejado;15/04/18
WZZ2392;FUE;BUD;32A;Despejado;15/04/18
IBB429;FUE;TFN;ATR-42/72;Despejado;15/04/18
TVS3493;FUE;LYS;BOEING 737-800 WINGLETS;Despejado;15/04/18
OLY729;FUE;TFS;AIRBUS A321;Despejado;15/04/18
IBB425;FUE;TFN;ATR-42/72;Despejado;15/04/18
TVS3423;FUE;CDG;BOEING 737-800 WINGLETS;Despejado;15/04/18
IBB235;FUE;LPA;BOMBARDIER CRJ-1000;Despejado;15/04/18
IBE8649;GRX;MAD;BOMBARDIER CRJ-1000;Despejado;15/04/18
VLG2015;GRX;BCN;32A;Despejado;15/04/18
BAW3290;GRX;LCY;EMBRAER 190;Despejado;15/04/18
VLG2017;GRX;BCN;32A;Despejado;15/04/18
IBE8639;GRX;MAD;BOMBARDIER CRJ-1000;Despejado;16/04/18
VLG2011;GRX;BCN;AIRBUS A320;Despejado;16/04/18
IBE8641;GRX;MAD;BOMBARDIER CRJ-1000;Despejado;16/04/18
EZY1816;GRX;MAN;AIRBUS A320;Despejado;16/04/18
VLG2021;GRX;BCN;AIRBUS A320;Despejado;16/04/18
AEA5200;GRX;PMI;EMBRAER ERJ-195;Despejado;16/04/18
VLG3932;GRX;PMI;AIRBUS A320;Despejado;16/04/18
BAW3290;GRX;LCY;EMBRAER 190;Despejado;16/04/18
IBE8645;GRX;MAD;BOMBARDIER CRJ-1000;Despejado;16/04/18
VLG3062;GRX;LPA;AIRBUS A320;Despejado;16/04/18
IBE8649;GRX;MAD;BOMBARDIER CRJ-1000;Despejado;16/04/18
IBE8589;LEI;MAD;CANADAIR CRJ-200;Despejado;15/04/18
BEE4312;AGP;EXT;EMBRAER ERJ-195;Despejado;15/04/18
AEA5005;AGP;MLN;ATR-72;Despejado;15/04/18
AEA1037;AGP;CDG;BOEING 737-800 WINGLETS;Despejado;15/04/18
BEL3736;AGP;BRU;AIRBUS A320;Despejado;15/04/18
THY1304;AGP;IST;BOEING 737-800 WINGLETS;Despejado;15/04/18
EZY8608;AGP;LGW;AIRBUS A319;Despejado;15/04/18
IBK5110;AGP;DUS;BOEING 737-800 WINGLETS;Despejado;15/04/18
TRA6652;AGP;EIN;BOEING 737-800 WINGLETS;Despejado;15/04/18
VLG6210;AGP;FCO;AIRBUS A320;Despejado;15/04/18
JAF7026;AGP;CRL;BOEING 737-700 WINGLETS;Despejado;15/04/18
EZY2408;AGP;LTN;AIRBUS A320;Despejado;15/04/18
IBK5104;AGP;CGN;BOEING 737-800 WINGLETS;Despejado;15/04/18
RYR3209;AGP;MAN;BOEING 737-800 WINGLETS;Despejado;15/04/18
VLG2122;AGP;BCN;AIRBUS A320;Despejado;15/04/18
VOE3924;AGP;OVD;BOEING 717;Despejado;15/04/18
TVF3169;AGP;ORY;BOEING 737-800 WINGLETS;Despejado;15/04/18
AZA091;AGP;FCO;AIRBUS A320;Despejado;15/04/18
VLG3003;LPA;BCN;AIRBUS A321;Abertura de claros;15/04/18
IBB167;LPA;TFN;ATR-72;Abertura de claros;15/04/18
CNF849;LPA;FUE;ATR-72;Abertura de claros;15/04/18
IBB502;LPA;ACE;ATR-72;Abertura de claros;15/04/18
TUI2683;LPA;SCN;BOEING 737-700;Abertura de claros;15/04/18
SDR3107;LPA;KSF;AIRBUS A320;Abertura de claros;15/04/18
EXS144B;LPA;GLA;BOEING 737-800 WINGLETS;Abertura de claros;15/04/18
DE1519;LPA;HAM;BOEING 757-300 WINGLETS;Abertura de claros;15/04/18
RYR8177;LPA;CRL;BOEING 737-800 WINGLETS;Abertura de claros;15/04/18
GMI2225;LPA;DRS;BOEING 737-700 WINGLETS;Abertura de claros;15/04/18
IBB220;LPA;FUE;ATR-72;Abertura de claros;15/04/18
IBB169;LPA;TFN;ATR-72;Abertura de claros;15/04/18
IBB524;LPA;ACE;BOMBARDIER CRJ-1000;Abertura de claros;15/04/18
IBB315;LPA;SPC;ATR-72;Abertura de claros;15/04/18
RYR7201;LPA;VLC;BOEING 737-800 WINGLETS;Abertura de claros;15/04/18
TUI2259;LPA;FRA;7S8;Abertura de claros;15/04/18
AEA9435;LPA;FUE;ATR-72;Abertura de claros;15/04/18
TUI2115;LPA;DUS;7S8;Abertura de claros;15/04/18
DE1435;LPA;DUS;BOEING 757-300 WINGLETS;Abertura de claros;15/04/18
AEA9419;LPA;TFN;ATR-72;Abertura de claros;15/04/18
BEL3784;LPA;BRU;AIRBUS A320;Abertura de claros;15/04/18
VLG3275;LPA;BIO;AIRBUS A320;Abertura de claros;15/04/18
RYR8364;SVQ;STN;BOEING 737-800 WINGLETS;Nubosidad variable;15/04/18
IBE8847;SVQ;VLC;ATR-72;Nubosidad variable;15/04/18
VLG8832;SVQ;CDG;AIRBUS A320;Nubosidad variable;15/04/18
RYR5385;SVQ;VRN;BOEING 737-800 WINGLETS;Nubosidad variable;15/04/18
IBS3951;SVQ;MAD;AIRBUS A320;Nubosidad variable;15/04/18
RYR1186;SVQ;FEZ;BOEING 737-800 WINGLETS;Nubosidad variable;15/04/18
RYR2208;SVQ;VLC;BOEING 737-800 WINGLETS;Nubosidad variable;15/04/18
VLG3046;SVQ;LPA;AIRBUS A320;Nubosidad variable;15/04/18
VLG3943;SVQ;PMI;AIRBUS A320;Nubosidad variable;15/04/18
RYR6399;SVQ;BCN;BOEING 737-800 WINGLETS;Nubosidad variable;15/04/18
TRA5086;SVQ;EIN;BOEING 737-800 WINGLETS;Nubosidad variable;15/04/18
RYR1340;SVQ;NAP;BOEING 737-800 WINGLETS;Nubosidad variable;15/04/18
TVF3109;SVQ;ORY;AIRBUS A320;Nubosidad variable;15/04/18
BAW2799;SVQ;LGW;AIRBUS A319;Nubosidad variable;15/04/18
RYR6445;SVQ;CRL;BOEING 737-800 WINGLETS;Nubosidad variable;15/04/18
RYR5232;SVQ;IBZ;BOEING 737-800 WINGLETS;Nubosidad variable;15/04/18
VLG2269;SVQ;BCN;AIRBUS A320;Nubosidad variable;15/04/18
TRA6728;SVQ;AMS;BOEING 737-800 WINGLETS;Nubosidad variable;15/04/18
VLG1435;BIO;BCN;32A;Lluvia débil;15/04/18
IBE0438;MAD;BIO;AIRBUS A320;Abertura de claros;15/04/18
VLG1426;BCN;BIO;AIRBUS A320;Nubes altas;15/04/18
VOE3529;SVQ;BIO;BOEING 717;Nubosidad variable;15/04/18
VLG2612;AGP;BIO;AIRBUS A320;Despejado;15/04/18
VLG1434;BCN;BIO;32A;Nubes altas;15/04/18
IBE8386;ALC;BIO;BOMBARDIER CRJ-1000;Despejado;17/04/18
AEA7029;ACE;BIO;BOEING 737-800 WINGLETS;Despejado;15/04/18
VLG1177;TFS;VLC;32A;Despejado;15/04/18
DK1457;TFS;MMX;32B;Despejado;15/04/18
TCX1773;TFS;BHX;AIRBUS A320;Despejado;15/04/18
DK1213;TFS;BLL;32B;Despejado;15/04/18
JTG428;TFS;AAL;BOEING 737-700 WINGLETS;Despejado;15/04/18
EXS1664;TFS;STN;BOEING 737-800 WINGLETS;Despejado;15/04/18
DK1559;TFS;OSL;AIRBUS A330-300;Despejado;15/04/18
EXS1294;TFS;BHX;BOEING 737-800 WINGLETS;Despejado;15/04/18
GMI2991;TFS;SXF;BOEING 737-700 WINGLETS;Despejado;15/04/18
SAS7678;TFS;GOT;BOEING 737-800 WINGLETS;Despejado;15/04/18
GMI3415;TFS;DRS;BOEING 737-700;Despejado;15/04/18
DE1479;TFS;FRA;BOEING 767-300 WINGLETS;Despejado;15/04/18
NVR194;TFS;OSL;32B;Despejado;15/04/18
RYR7477;TFS;PSA;BOEING 737-800 WINGLETS;Despejado;15/04/18
DE1429;TFS;DUS;BOEING 757-200  WINGLETS;Despejado;15/04/18
PRI522;TFS;AAL;BOEING 737-800 WINGLETS;Despejado;15/04/18
DE1459;TFS;STR;AIRBUS A320;Despejado;15/04/18
TCX1913;TFS;LGW;BOEING 757-300 WINGLETS;Despejado;15/04/18
DE1487;TFS;HAJ;AIRBUS A320;Despejado;15/04/18
TOM3747;TFS;ARN;BOEING 767-300 WINGLETS;Despejado;15/04/18
GMI1321;TFS;NUE;AIRBUS A319;Despejado;15/04/18
TUI2215;TFS;BSL;BOEING 737-800 WINGLETS;Despejado;15/04/18
ENT953C;TFS;CDG;BOEING 737-800 WINGLETS;Despejado;15/04/18
RYR3153;TFS;EMA;BOEING 737-800 WINGLETS;Despejado;15/04/18
IBB312;SPC;LPA;BOMBARDIER CRJ-1000;Abertura de claros;15/04/18
DE1407;SPC;FRA;BOEING 757-300 WINGLETS;Abertura de claros;15/04/18
IBB632;SPC;TFN;ATR-42/72;Abertura de claros;15/04/18
AEA9466;SPC;TFN;ATR-72;Abertura de claros;15/04/18
IBB634;SPC;TFN;ATR-42/72;Abertura de claros;15/04/18
IBB636;SPC;TFN;ATR-42/72;Abertura de claros;15/04/18
AEA9480;SPC;TFN;ATR-72;Abertura de claros;15/04/18
IBB316;SPC;LPA;ATR-42/72;Abertura de claros;15/04/18
TFL666;SPC;TFS;BOEING 767-300 WINGLETS;Abertura de claros;15/04/18
IBB638;SPC;TFN;ATR-42/72;Abertura de claros;15/04/18
IBB626;SPC;TFN;ATR-42/72;Abertura de claros;15/04/18
IBB640;SPC;TFN;ATR-72;Abertura de claros;15/04/18
CNF468;SPC;TFN;ATR-72;Abertura de claros;15/04/18
TOM2707;SPC;MAN;BOEING 737-800 WINGLETS;Abertura de claros;15/04/18
AEA9468;SPC;TFN;ATR-72;Abertura de claros;15/04/18
IBB642;SPC;TFN;ATR-72;Abertura de claros;15/04/18
IBB318;SPC;LPA;ATR-72;Abertura de claros;15/04/18
IBB604;SPC;TFN;ATR-42/72;Abertura de claros;16/04/18
IBB606;SPC;TFN;ATR-72;Abertura de claros;16/04/18
IBB304;SPC;LPA;ATR-42/72;Abertura de claros;16/04/18
CNF413;SPC;TFN;ATR-72;Abertura de claros;16/04/18
IBB608;SPC;TFN;ATR-72;Abertura de claros;16/04/18
AEA9462;SPC;TFN;ATR-72;Abertura de claros;16/04/18
IBB612;SPC;TFN;ATR-72;Abertura de claros;16/04/18
BAW2795;VLC;LGW;AIRBUS A319;Despejado;15/04/18
KLM1504;VLC;AMS;BOEING 737-800 WINGLETS;Despejado;15/04/18
RAM969;VLC;CMN;ATR-72;Despejado;15/04/18
RYR7087;VLC;DUB;BOEING 737-800 WINGLETS;Despejado;15/04/18
THY1314;VLC;IST;BOEING 737-800 WINGLETS;Despejado;15/04/18
IBE8985;VLC;MAD;BOMBARDIER CRJ-1000;Despejado;15/04/18
AZA083;VLC;FCO;AIRBUS A320;Despejado;15/04/18
VLG1315;VLC;BCN;AIRBUS A319;Despejado;15/04/18
VLG8920;VLC;BRU;AIRBUS A320;Despejado;15/04/18
EWG9539;VLC;DUS;AIRBUS A320;Despejado;15/04/18
IBE8734;VLC;MAH;ATR-72;Despejado;15/04/18
DLH1465;VLC;FRA;32A;Despejado;15/04/18
VLG8356;VLC;AMS;AIRBUS A320;Despejado;15/04/18
AEA4060;VLC;MAD;ATR-72;Despejado;15/04/18
RYR2221;VLC;MRS;BOEING 737-800 WINGLETS;Despejado;15/04/18
SWR2147;VLC;ZRH;AIRBUS A320;Despejado;15/04/18
VLG1176;VLC;TFS;32A;Despejado;15/04/18
TAP1093;VLC;LIS;ATR-42/72;Despejado;15/04/18
VLG8154;VLC;ORY;32B;Despejado;15/04/18
TOM1741;ACE;DUB;BOEING 737-800 WINGLETS;Despejado;15/04/18
VLG2473;ACE;BCN;32B;Despejado;15/04/18
IBB519;ACE;LPA;ATR-42/72;Despejado;15/04/18
AEA9450;ACE;LPA;ATR-72;Despejado;15/04/18
EXS892;ACE;MAN;BOEING 757-200  WINGLETS;Despejado;15/04/18
EXS1422;ACE;STN;BOEING 737-800 WINGLETS;Despejado;15/04/18
IBB473;ACE;TFN;ATR-72;Despejado;15/04/18
IBB457;ACE;TFN;ATR-42/72;Despejado;15/04/18
IBB523;ACE;LPA;ATR-42/72;Despejado;15/04/18
RYR2001;ACE;SCQ;BOEING 737-800 WINGLETS;Despejado;15/04/18
TUI2187;ACE;FRA;7S8;Despejado;15/04/18
RYR2016;ACE;MAD;BOEING 737-800 WINGLETS;Despejado;15/04/18
CNF550;ACE;TFN;ATR-72;Despejado;15/04/18
IBB509;ACE;LPA;ATR-42/72;Despejado;15/04/18
RYR8175;ACE;CRL;BOEING 737-800 WINGLETS;Despejado;15/04/18
EDW229;ACE;ZRH;AIRBUS A320;Despejado;15/04/18
TCX1005;ACE;LGW;32B;Despejado;15/04/18
IBB525;ACE;LPA;BOMBARDIER CRJ-1000;Despejado;15/04/18
TUI2255;ACE;STR;BOEING 737-800 WINGLETS;Despejado;15/04/18
TCX1703;ACE;BRS;AIRBUS A321;Despejado;15/04/18
TOM4767;ACE;LGW;BOEING 757-200  WINGLETS;Despejado;15/04/18
IBE0524;MAD;LCG;AIRBUS A319;Abertura de claros;15/04/18
VLG1299;SVQ;LCG;32A;Nubosidad variable;15/04/18
AEA7237;MAD;LCG;EMBRAER ERJ-195;Abertura de claros;15/04/18
IBE0522;MAD;LCG;AIRBUS A319;Abertura de claros;15/04/18
VLG1290;BCN;LCG;32A;Nubes altas;15/04/18
AEA7231;MAD;LCG;EMBRAER ERJ-195;Abertura de claros;15/04/18
IBE0516;MAD;LCG;AIRBUS A319;Abertura de claros;15/04/18
IBE0514;MAD;LCG;AIRBUS A320;Abertura de claros;16/04/18
VLG1292;BCN;LCG;AIRBUS A320;Nubes altas;16/04/18
IBE8270;AGP;MLN;ATR-72;Despejado;15/04/18
AEA5005;AGP;MLN;ATR-72;Despejado;15/04/18
IBE8798;MAD;MLN;ATR-72;Abertura de claros;15/04/18
IBE8274;AGP;MLN;ATR-72;Despejado;15/04/18
IBE8260;AGP;MLN;ATR-72;Despejado;16/04/18
AEA5001;AGP;MLN;ATR-72;Despejado;16/04/18
IBE8262;AGP;MLN;ATR-72;Despejado;16/04/18
IBE8792;MAD;MLN;ATR-72;Abertura de claros;16/04/18
IBE8264;AGP;MLN;ATR-72;Despejado;16/04/18
IBE8790;MAD;MLN;ATR-72;Abertura de claros;16/04/18
IBE8270;AGP;MLN;ATR-72;Despejado;16/04/18
AEA5005;AGP;MLN;ATR-72;Despejado;16/04/18
IBE8798;MAD;MLN;ATR-72;Abertura de claros;16/04/18
IBE0534;MAD;VGO;AIRBUS A320;Abertura de claros;15/04/18
RYR245;BCN;VGO;BOEING 737-800 WINGLETS;Nubes altas;15/04/18
AEA7306;MAD;VGO;EMBRAER ERJ-195;Abertura de claros;15/04/18
IBE0538;MAD;VGO;AIRBUS A319;Abertura de claros;15/04/18
VLG1704;BCN;VGO;32A;Nubes altas;15/04/18
IBE0536;MAD;VGO;AIRBUS A319;Abertura de claros;15/04/18
AEA7308;MAD;VGO;EMBRAER ERJ-195;Abertura de claros;16/04/18
IBE0530;MAD;VGO;AIRBUS A320;Abertura de claros;16/04/18
VLG1702;BCN;VGO;AIRBUS A320;Nubes altas;16/04/18
IBE8962;BIO;VGO;CANADAIR CRJ-200;Lluvia débil;16/04/18
AEA7302;MAD;VGO;EMBRAER ERJ-195;Abertura de claros;16/04/18
CNF247;TFN;VDE;ATR-42/72;Despejado;15/04/18
IBB633;TFN;SPC;ATR-42/72;Despejado;15/04/18
IBK6380;TFN;MAD;BOEING 737-800 WINGLETS;Despejado;15/04/18
IBB166;TFN;LPA;ATR-42/72;Despejado;15/04/18
CNF549;TFN;ACE;ATR-72;Despejado;15/04/18
IBB673;TFN;VDE;ATR-72;Despejado;15/04/18
AEA9406;TFN;LPA;ATR-72;Despejado;15/04/18
IBB170;TFN;LPA;ATR-72;Despejado;15/04/18
IBB623;TFN;SPC;ATR-42/72;Despejado;15/04/18
IBB653;TFN;GMZ;ATR-42/72;Despejado;15/04/18
IBB420;TFN;FUE;ATR-72;Despejado;15/04/18
AEA9479;TFN;SPC;ATR-72;Despejado;15/04/18
IBS3955;TFN;MAD;32A;Despejado;15/04/18
AEA9117;TFN;MAD;AIRBUS A330-200;Despejado;15/04/18
IBB474;TFN;ACE;ATR-72;Despejado;15/04/18
IBB637;TFN;SPC;ATR-42/72;Despejado;15/04/18
CNF374;TFN;FUE;ATR-42/72;Despejado;15/04/18
AEA9420;TFN;LPA;ATR-72;Despejado;15/04/18
IBB625;TFN;SPC;ATR-42/72;Despejado;15/04/18
IBE8592;MAD;LEI;BOMBARDIER CRJ-1000;Abertura de claros;15/04/18
AEA2647;BCN;LEI;BOEING 737-800 WINGLETS;Nubes altas;15/04/18
IBE8588;MAD;LEI;CANADAIR CRJ-200;Abertura de claros;15/04/18
IBE8933;SVQ;LEI;CANADAIR CRJ-200;Nubosidad variable;15/04/18
IBE8600;MAD;LEI;BOMBARDIER CRJ-1000;Abertura de claros;15/04/18
IBE8931;SVQ;LEI;CANADAIR CRJ-200;Nubosidad variable;16/04/18
IBE8594;MAD;LEI;BOMBARDIER CRJ-1000;Abertura de claros;16/04/18
VLG1251;BCN;LEI;AIRBUS A320;Nubes altas;16/04/18
IBE8592;MAD;LEI;BOMBARDIER CRJ-1000;Abertura de claros;16/04/18
ANE8394;MAD;ALC;BOMBARDIER CRJ-1000;Despejado;17/04/18
AVA6006;MAD;ALC;BOMBARDIER CRJ-1000;Abertura de claros;15/04/18
RYR8539;SCQ;ALC;BOEING 737-800 WINGLETS;Lluvia débil;15/04/18
ANE8387;BIO;ALC;BOMBARDIER CRJ-1000;Despejado;17/04/18
VLG3937;PMI;ALC;32A;Despejado;15/04/18
ANE8905;IBZ;ALC;BOMBARDIER CRJ-1000;Despejado;17/04/18
IBE0476;MAD;OVD;AIRBUS A320;Abertura de claros;15/04/18
VLG3864;PMI;OVD;AIRBUS A320;Despejado;15/04/18
VOE3924;AGP;OVD;BOEING 717;Despejado;15/04/18
IBE0480;MAD;OVD;AIRBUS A320;Abertura de claros;15/04/18
VOE3830;SVQ;OVD;BOEING 717;Nubosidad variable;15/04/18
IBE0482;MAD;OVD;AIRBUS A320;Abertura de claros;15/04/18
VLG1571;BCN;OVD;32A;Nubes altas;15/04/18
VLG1573;BCN;OVD;AIRBUS A320;Nubes altas;16/04/18
IBE0478;MAD;OVD;AIRBUS A321;Abertura de claros;16/04/18
IBS9500;PMI;OVD;AIRBUS A320;Despejado;16/04/18
IBE0488;MAD;OVD;AIRBUS A320;Abertura de claros;16/04/18
VLG1629;AGP;OVD;AIRBUS A320;Despejado;16/04/18
VLG1579;BCN;OVD;AIRBUS A320;Nubes altas;16/04/18
VOE3583;VLC;OVD;BOEING 717;Despejado;16/04/18
IBE0556;MAD;SDR;AIRBUS A319;Abertura de claros;15/04/18
VLG1590;BCN;SDR;AIRBUS A320;Nubes altas;15/04/18
IBE8878;MAD;SDR;CANADAIR CRJ-900;Abertura de claros;15/04/18
IBE0552;MAD;SDR;AIRBUS A320;Abertura de claros;16/04/18
VLG1592;BCN;SDR;AIRBUS A320;Nubes altas;16/04/18
VLG3263;PMI;SDR;AIRBUS A320;Despejado;16/04/18
IBE0554;MAD;SDR;AIRBUS A319;Abertura de claros;16/04/18
IBE8670;MAH;SDR;BOMBARDIER CRJ-1000;Despejado;16/04/18
IBE0556;MAD;SDR;AIRBUS A320;Abertura de claros;16/04/18
VLG1590;BCN;SDR;AIRBUS A320;Nubes altas;16/04/18
IBS3878;MAD;SCQ;32A;Abertura de claros;15/04/18
VLG1676;BCN;SCQ;AIRBUS A320;Nubes altas;15/04/18
AEA2629;BCN;SCQ;BOEING 737-800 WINGLETS;Nubes altas;15/04/18
VLG1672;BCN;SCQ;32A;Nubes altas;15/04/18
RYR2001;ACE;SCQ;BOEING 737-800 WINGLETS;Despejado;15/04/18
VLG3980;PMI;SCQ;AIRBUS A320;Despejado;15/04/18
IBE8366;PMI;SCQ;CANADAIR CRJ-200;Despejado;17/04/18
RYR6381;BCN;SCQ;BOEING 737-800 WINGLETS;Nubes altas;15/04/18
RYR5317;MAD;SCQ;BOEING 737-800 WINGLETS;Abertura de claros;15/04/18
RYR7003;LPA;SCQ;BOEING 737-800 WINGLETS;Abertura de claros;15/04/18
RYR723;PMI;SCQ;BOEING 737-800 WINGLETS;Despejado;15/04/18
IBS3894;MAD;SCQ;32A;Abertura de claros;15/04/18
IBE8354;BIO;SCQ;CANADAIR CRJ-200;Lluvia débil;16/04/18
RYR7222;VLC;SCQ;BOEING 737-800 WINGLETS;Despejado;16/04/18
RYR6332;BCN;SCQ;BOEING 737-800 WINGLETS;Nubes altas;16/04/18
IBS3876;MAD;SCQ;32A;Abertura de claros;16/04/18
AEA4531;PMI;MAH;ATR-72;Despejado;15/04/18
IBE8488;PMI;MAH;CANADAIR CRJ-200;Despejado;17/04/18
IBE8024;MAD;MAH;CANADAIR CRJ-900;Abertura de claros;15/04/18
RYR6881;BCN;MAH;BOEING 737-800 WINGLETS;Nubes altas;15/04/18
VLG3716;BCN;MAH;AIRBUS A320;Nubes altas;15/04/18
VLG3700;BCN;MAH;32A;Nubes altas;15/04/18
IBE8734;VLC;MAH;ATR-72;Despejado;15/04/18
IBE8492;PMI;MAH;ATR-42/72;Despejado;17/04/18
IBE8496;PMI;MAH;BOMBARDIER CRJ-1000;Despejado;17/04/18
VLG3718;BCN;MAH;32B;Nubes altas;15/04/18
IBE8954;MAD;MAH;BOMBARDIER CRJ-1000;Abertura de claros;15/04/18
IBE8494;PMI;MAH;ATR-72;Despejado;17/04/18
VLG3712;BCN;MAH;AIRBUS A320;Nubes altas;16/04/18
IBE8480;PMI;MAH;BOMBARDIER CRJ-1000;Despejado;17/04/18
VLG3714;BCN;MAH;AIRBUS A320;Nubes altas;16/04/18
VLG3936;ALC;PMI;32A;Nubes altas;15/04/18
IBS3912;MAD;PMI;AIRBUS A320;Abertura de claros;15/04/18
RYR5272;SVQ;PMI;BOEING 737-800 WINGLETS;Nubosidad variable;15/04/18
AEA4014;VLC;PMI;ATR-72;Despejado;15/04/18
AEA7505;BIO;PMI;EMBRAER ERJ-195;Lluvia débil;15/04/18
VLG3908;BCN;PMI;AIRBUS A320;Nubes altas;15/04/18
RYR2053;MAD;PMI;BOEING 737-800 WINGLETS;Abertura de claros;15/04/18
AEA4027;ALC;PMI;ATR-72;Nubes altas;15/04/18
ANE8125;IBZ;PMI;BOMBARDIER CRJ-1000;Despejado;17/04/18
VLG2123;BCN;AGP;AIRBUS A320;Nubes altas;15/04/18
RYR5676;PMI;AGP;BOEING 737-800 WINGLETS;Despejado;15/04/18
VOE3925;OVD;AGP;BOEING 717;Lluvia;15/04/18
IBE8810;MAD;AGP;BOMBARDIER CRJ-1000;Abertura de claros;15/04/18
IBE8271;MLN;AGP;ATR-72;Despejado;15/04/18
IBE8902;MAD;IBZ;BOMBARDIER CRJ-1000;Abertura de claros;15/04/18
IBE8128;PMI;IBZ;ATR-42/72;Despejado;17/04/18
VLG3516;BCN;IBZ;32B;Nubes altas;15/04/18
IBE8906;ALC;IBZ;BOMBARDIER CRJ-1000;Despejado;17/04/18
IBE8114;PMI;IBZ;BOMBARDIER CRJ-1000;Despejado;17/04/18
AEA1710;PMI;IBZ;ATR-72;Despejado;15/04/18
AEA6027;MAD;IBZ;BOEING 737-800 WINGLETS;Abertura de claros;15/04/18
VLG3974;BIO;IBZ;AIRBUS A320;Lluvia débil;15/04/18
IBE8972;MAD;VLC;BOMBARDIER CRJ-1000;Abertura de claros;15/04/18
VLG1314;BCN;VLC;AIRBUS A319;Nubes altas;15/04/18
VLG3964;SVQ;VLC;AIRBUS A320;Nubosidad variable;15/04/18
IBE8847;SVQ;VLC;ATR-72;Nubosidad variable;15/04/18
AEA4011;PMI;VLC;ATR-72;Despejado;15/04/18
RYR2208;SVQ;VLC;BOEING 737-800 WINGLETS;Nubosidad variable;15/04/18
VLG1177;TFS;VLC;32A;Despejado;15/04/18
IBE8642;MAD;GRX;BOMBARDIER CRJ-1000;Abertura de claros;15/04/18
VLG2014;BCN;GRX;32A;Nubes altas;15/04/18
VLG2016;BCN;GRX;32A;Nubes altas;15/04/18
IBE8648;MAD;GRX;BOMBARDIER CRJ-1000;Abertura de claros;15/04/18
VLG2010;BCN;GRX;AIRBUS A321;Nubes altas;16/04/18
IBE8640;MAD;GRX;BOMBARDIER CRJ-1000;Abertura de claros;16/04/18
VLG2020;BCN;GRX;AIRBUS A320;Nubes altas;16/04/18
AEA5201;PMI;GRX;EMBRAER ERJ-195;Despejado;16/04/18
VLG3933;PMI;GRX;AIRBUS A320;Despejado;16/04/18
IBE8646;MAD;GRX;BOMBARDIER CRJ-1000;Abertura de claros;16/04/18
VLG3061;LPA;GRX;AIRBUS A320;Abertura de claros;16/04/18
IBE8642;MAD;GRX;BOMBARDIER CRJ-1000;Abertura de claros;16/04/18
VLG3288;TFS;GRX;32A;Despejado;16/04/18
IBB180;TFN;LPA;ATR-42/72;Despejado;15/04/18
IBB519;ACE;LPA;ATR-42/72;Despejado;15/04/18
IBB166;TFN;LPA;ATR-42/72;Despejado;15/04/18
IBB312;SPC;LPA;BOMBARDIER CRJ-1000;Abertura de claros;15/04/18
IBB223;FUE;LPA;ATR-42/72;Despejado;15/04/18
AEA9450;ACE;LPA;ATR-72;Despejado;15/04/18
AEA9164;MAD;LPA;BOEING 787-9;Abertura de claros;15/04/18
IBB214;LPA;FUE;ATR-72;Abertura de claros;15/04/18
CNF849;LPA;FUE;ATR-72;Abertura de claros;15/04/18
IBB220;LPA;FUE;ATR-72;Abertura de claros;15/04/18
AEA9435;LPA;FUE;ATR-72;Abertura de claros;15/04/18
IBB420;TFN;FUE;ATR-72;Despejado;15/04/18
IBB224;LPA;FUE;ATR-72;Abertura de claros;15/04/18
IBB226;LPA;FUE;BOMBARDIER CRJ-1000;Abertura de claros;15/04/18
CNF374;TFN;FUE;ATR-42/72;Despejado;15/04/18
IBB228;LPA;FUE;ATR-72;Abertura de claros;15/04/18
IBE2222;LPA;FUE;ATR-72;Abertura de claros;15/04/18
IBB428;TFN;FUE;ATR-42/72;Despejado;15/04/18
IBB424;TFN;FUE;ATR-42/72;Despejado;15/04/18
IBB234;LPA;FUE;BOMBARDIER CRJ-1000;Abertura de claros;15/04/18
RYR1283;BCN;XRY;BOEING 737-800 WINGLETS;Nubes altas;15/04/18
IBE0404;MAD;XRY;AIRBUS A319;Abertura de claros;15/04/18
IBE0406;MAD;XRY;AIRBUS A319;Abertura de claros;15/04/18
IBE8510;MAD;XRY;CANADAIR CRJ-900;Abertura de claros;16/04/18
IBE0410;MAD;XRY;AIRBUS A319;Abertura de claros;16/04/18
VLG2286;BCN;XRY;AIRBUS A320;Nubes altas;16/04/18
RYR1283;BCN;XRY;BOEING 737-800 WINGLETS;Nubes altas;16/04/18
IBE0404;MAD;XRY;AIRBUS A320;Abertura de claros;16/04/18
IBB633;TFN;SPC;ATR-42/72;Despejado;15/04/18
IBB623;TFN;SPC;ATR-42/72;Despejado;15/04/18
IBB315;LPA;SPC;ATR-72;Abertura de claros;15/04/18
AEA9479;TFN;SPC;ATR-72;Despejado;15/04/18
IBB637;TFN;SPC;ATR-42/72;Despejado;15/04/18
IBB625;TFN;SPC;ATR-42/72;Despejado;15/04/18
IBB639;TFN;SPC;ATR-72;Despejado;15/04/18
CNF467;TFN;SPC;ATR-72;Despejado;15/04/18
IBB643;TFN;SPC;ATR-42/72;Despejado;15/04/18
AEA9467;TFN;SPC;ATR-72;Despejado;15/04/18
IBB627;TFN;SPC;ATR-72;Despejado;15/04/18
IBB317;LPA;SPC;ATR-72;Abertura de claros;15/04/18
IBB605;TFN;SPC;ATR-72;Despejado;16/04/18
IBB309;LPA;SPC;ATR-72;Abertura de claros;16/04/18
CNF412;TFN;SPC;ATR-72;Despejado;16/04/18
IBB607;TFN;SPC;ATR-72;Despejado;16/04/18
AEA9461;TFN;SPC;ATR-72;Despejado;16/04/18
IBB611;TFN;SPC;ATR-72;Despejado;16/04/18
CNF418;TFN;SPC;ATR-72;Despejado;16/04/18
IBB609;TFN;SPC;ATR-72;Despejado;16/04/18
IBB617;TFN;SPC;ATR-72;Despejado;16/04/18
IBB472;TFN;ACE;ATR-72;Despejado;15/04/18
IBB456;TFN;ACE;ATR-42/72;Despejado;15/04/18
IBB522;LPA;ACE;ATR-72;Abertura de claros;15/04/18
CNF549;TFN;ACE;ATR-72;Despejado;15/04/18
IBB502;LPA;ACE;ATR-72;Abertura de claros;15/04/18
IBB524;LPA;ACE;BOMBARDIER CRJ-1000;Abertura de claros;15/04/18
IBB526;LPA;ACE;ATR-72;Abertura de claros;15/04/18
IBB474;TFN;ACE;ATR-72;Despejado;15/04/18
CNF765;LPA;ACE;ATR-72;Abertura de claros;15/04/18
IBB181;LPA;TFN;ATR-72;Abertura de claros;15/04/18
AEA9405;LPA;TFN;ATR-72;Abertura de claros;15/04/18
IBB167;LPA;TFN;ATR-72;Abertura de claros;15/04/18
IBB632;SPC;TFN;ATR-42/72;Abertura de claros;15/04/18
IBB471;ACE;TFN;ATR-42/72;Despejado;15/04/18
AEA9466;SPC;TFN;ATR-72;Abertura de claros;15/04/18
AEA9048;MAD;TFN;AIRBUS A330-200;Abertura de claros;15/04/18
IBS3940;MAD;TFN;32A;Abertura de claros;15/04/18
IBB668;VDE;TFN;ATR-72;Nubes altas;15/04/18
IBB473;ACE;TFN;ATR-72;Despejado;15/04/18
IBB634;SPC;TFN;ATR-42/72;Abertura de claros;15/04/18
IBB169;LPA;TFN;ATR-72;Abertura de claros;15/04/18
IBB457;ACE;TFN;ATR-42/72;Despejado;15/04/18
CNF248;VDE;TFN;ATR-42/72;Nubes altas;15/04/18
IBK5758;BCN;TFN;BOEING 737-800 WINGLETS;Nubes altas;15/04/18
AEA9419;LPA;TFN;ATR-72;Abertura de claros;15/04/18
RYR2200;VLL;SVQ;BOEING 737-800 WINGLETS;Chubascos dispersos;15/04/18
IBS3952;MAD;SVQ;AIRBUS A320;Abertura de claros;15/04/18
RYR2207;VLC;SVQ;BOEING 737-800 WINGLETS;Despejado;15/04/18
VLG3255;TFN;SVQ;AIRBUS A320;Despejado;15/04/18
VLG3942;PMI;SVQ;AIRBUS A320;Despejado;15/04/18
EVE1128;VLL;SVQ;32A;Chubascos dispersos;15/04/18
RYR5273;PMI;SVQ;BOEING 737-800 WINGLETS;Despejado;15/04/18
VLG2268;BCN;SVQ;AIRBUS A320;Nubes altas;15/04/18
IBS3948;MAD;SVQ;AIRBUS A320;Abertura de claros;15/04/18
IBE8932;LEI;SVQ;CANADAIR CRJ-200;Despejado;15/04/18
VLG2506;BIO;SVQ;32A;Lluvia débil;15/04/18
